3982 matches
['halomatch.py', 'Runs/', 'LCDM_vanilla', 'LCDM_DM', '64', '.5', 'match_LCDM_vanilla_LCDM_DM']
LCDM_vanilla	LCDM_DM
0	0
1	1
2	2
3	3
4	5
5	7
6	6
7	4
8	10
9	11
10	13
11	9
12	8
13	14
14	15
15	17
16	18
17	20
18	19
19	16
20	29
21	21
22	22
23	24
24	23
25	25
26	26
27	28
28	27
29	30
30	32
31	45
32	31
33	33
34	44
35	39
36	38
37	40
38	None
39	34
40	36
41	85
42	37
43	35
44	46
45	51
46	42
47	43
48	48
49	47
50	55
51	54
52	60
53	53
54	52
55	41
56	56
57	59
58	58
59	66
60	57
61	62
62	61
63	None
64	65
65	81
66	63
67	68
68	69
69	84
70	74
71	72
72	77
73	73
74	67
75	71
76	82
77	70
78	76
79	78
80	80
81	75
82	64
83	107
84	99
85	89
86	79
87	88
88	87
89	114
90	100
91	83
92	94
93	91
94	90
95	97
96	86
97	93
98	96
99	101
100	153
101	109
102	113
103	105
104	102
105	111
106	110
107	104
108	95
109	106
110	118
111	98
112	117
113	123
114	119
115	115
116	121
117	124
118	112
119	116
120	122
121	169
122	126
123	103
124	136
125	131
126	134
127	120
128	108
129	125
130	129
131	138
132	127
133	135
134	139
135	133
136	140
137	191
138	152
139	132
140	128
141	149
142	150
143	143
144	155
145	182
146	None
147	141
148	158
149	146
150	284
151	193
152	154
153	173
154	172
155	145
156	167
157	174
158	161
159	162
160	178
161	184
162	144
163	180
164	181
165	190
166	168
167	187
168	151
169	159
170	171
171	164
172	197
173	196
174	175
175	183
176	204
177	186
178	200
179	176
180	198
181	230
182	221
183	218
184	166
185	205
186	188
187	222
188	177
189	160
190	219
191	192
192	221
193	264
194	202
195	210
196	194
197	213
198	227
199	156
200	225
201	195
202	208
203	189
204	206
205	209
206	211
207	214
208	215
209	217
210	281
211	247
212	216
213	358
214	245
215	239
216	238
217	229
218	259
219	201
220	235
221	315
222	296
223	251
224	254
225	212
226	278
227	199
228	240
229	248
230	286
231	249
232	272
233	257
234	265
235	246
236	428
237	336
238	231
239	276
240	320
241	267
242	287
243	285
244	283
245	266
246	262
247	226
248	273
249	397
250	252
251	446
252	317
253	234
254	179
255	297
256	282
257	292
258	343
259	301
260	220
261	370
262	306
263	243
264	302
265	294
266	534
267	295
268	311
269	207
270	346
271	410
272	277
273	255
274	223
275	260
276	338
277	258
278	380
279	314
280	303
281	279
282	233
283	293
284	363
285	394
286	261
287	378
288	241
289	400
290	356
291	352
292	333
293	253
294	221
295	263
296	299
297	404
298	244
299	308
300	457
301	323
302	432
303	268
304	341
305	440
306	426
307	353
308	322
309	418
310	288
311	271
312	403
313	392
314	408
315	398
316	None
317	412
318	362
319	366
320	422
321	415
322	435
323	269
324	406
325	526
326	441
327	381
328	359
329	471
330	332
331	396
332	305
333	321
334	242
335	270
336	509
337	199
338	274
339	289
340	291
341	325
342	382
343	318
344	437
345	460
346	335
347	331
348	430
349	354
350	298
351	165
352	473
353	310
354	None
355	None
356	329
357	309
358	584
359	326
360	399
361	328
362	360
363	342
364	324
365	316
366	549
367	542
368	487
369	516
370	None
371	393
372	505
373	667
374	383
375	375
376	420
377	355
378	384
379	521
380	319
381	478
382	None
383	368
384	427
385	456
386	348
387	439
388	626
389	566
390	747
391	357
392	466
393	657
394	533
395	518
396	664
397	519
398	373
399	496
400	367
401	421
402	347
403	429
404	376
405	340
406	528
407	653
408	387
409	597
410	680
411	391
412	714
413	779
414	407
415	339
416	584
417	344
418	454
419	448
420	742
421	350
422	644
423	801
424	554
425	414
426	330
427	585
428	None
429	388
430	374
431	458
432	754
433	637
434	728
435	695
436	538
437	463
438	833
439	443
440	561
441	823
442	364
443	472
444	687
445	423
446	781
447	385
448	856
449	401
450	417
451	405
452	409
453	465
454	372
455	510
456	787
457	476
458	455
459	822
460	567
461	643
462	447
463	390
464	727
465	379
466	508
467	444
468	469
469	707
470	503
471	464
472	531
473	583
474	761
475	524
476	481
477	488
478	484
479	413
480	449
481	951
482	424
483	438
484	527
485	501
486	425
487	654
488	507
489	482
490	468
491	777
492	778
493	436
494	1117
495	854
496	976
497	577
498	434
499	495
500	947
501	163
502	1030
503	470
504	431
505	475
506	490
507	540
508	612
509	589
510	498
511	558
512	492
513	452
514	514
515	547
516	648
517	442
518	662
519	552
520	515
521	511
522	None
523	377
524	467
525	631
526	532
527	535
528	560
529	None
530	522
531	497
532	1249
533	485
534	550
535	725
536	500
537	579
538	617
539	541
540	802
541	570
542	553
543	573
544	None
545	622
546	575
547	998
548	593
549	715
550	718
551	613
552	504
553	587
554	502
555	568
556	459
557	499
558	619
559	523
560	638
561	594
562	529
563	543
564	479
565	625
566	655
567	639
568	494
569	595
570	598
571	477
572	530
573	656
574	489
575	546
576	632
577	486
578	670
579	551
580	555
581	562
582	609
583	688
584	681
585	629
586	563
587	474
588	564
589	596
590	647
591	None
592	682
593	453
594	569
595	582
596	792
597	591
598	580
599	571
600	601
601	652
602	661
603	576
604	600
605	708
606	565
607	520
608	1195
609	588
610	572
611	716
612	672
613	663
614	760
615	630
616	602
617	534
618	641
619	None
620	693
621	621
622	745
623	633
624	606
625	818
626	610
627	300
628	574
629	615
630	480
631	402
632	807
633	721
634	813
635	816
636	614
637	772
638	785
639	635
640	789
641	669
642	None
643	618
644	848
645	720
646	674
647	710
648	686
649	605
650	603
651	699
652	623
653	592
654	671
655	620
656	797
657	556
658	586
659	839
660	636
661	835
662	719
663	599
664	804
665	651
666	676
667	814
668	849
669	None
670	775
671	361
672	None
673	717
674	784
675	711
676	673
677	741
678	864
679	763
680	891
681	859
682	739
683	706
684	665
685	744
686	634
687	713
688	734
689	756
690	828
691	736
692	642
693	395
694	645
695	738
696	942
697	611
698	733
699	851
700	764
701	685
702	700
703	766
704	581
705	1108
706	788
707	None
708	837
709	803
710	855
711	878
712	683
713	723
714	659
715	604
716	815
717	627
718	935
719	666
720	616
721	773
722	817
723	658
724	1010
725	771
726	726
727	698
728	900
729	753
730	861
731	689
732	677
733	722
734	841
735	812
736	759
737	809
738	755
739	799
740	898
741	842
742	791
743	844
744	696
745	836
746	1405
747	902
748	752
749	865
750	873
751	847
752	825
753	796
754	608
755	783
756	888
757	920
758	913
759	834
760	974
761	679
762	1028
763	703
764	908
765	850
766	750
767	884
768	1282
769	678
770	199
771	875
772	886
773	824
774	704
775	None
776	746
777	774
778	748
779	881
780	914
781	961
782	1031
783	1143
784	819
785	743
786	1633
787	827
788	821
789	945
790	1079
791	729
792	929
793	916
794	1016
795	973
796	872
797	1051
798	1114
799	807
800	982
801	939
802	953
803	1172
804	971
805	852
806	1087
807	691
808	883
809	969
810	933
811	798
812	1124
813	740
814	1206
815	963
816	767
817	830
818	871
819	1220
820	1009
821	1384
822	1020
823	876
824	768
825	923
826	758
827	921
828	838
829	867
830	1348
831	1042
832	922
833	1008
834	1106
835	943
836	904
837	938
838	1021
839	811
840	1068
841	1095
842	1166
843	806
844	1156
845	999
846	337
847	1000
848	1182
849	1037
850	946
851	896
852	862
853	981
854	1187
855	967
856	845
857	1077
858	952
859	1052
860	1060
861	1082
862	1047
863	1602
864	1063
865	918
866	877
867	649
868	932
869	None
870	917
871	None
872	997
873	1058
874	959
875	924
876	993
877	1222
878	970
879	1043
880	1024
881	1132
882	1122
883	1061
884	988
885	1120
886	1135
887	1006
888	1032
889	1184
890	912
891	1088
892	948
893	965
894	968
895	882
896	1044
897	1232
898	892
899	1225
900	928
901	860
902	1046
903	954
904	1004
905	1033
906	985
907	709
908	1224
909	990
910	909
911	1012
912	1160
913	857
914	810
915	1136
916	1026
917	1304
918	1196
919	1072
920	1186
921	1053
922	1005
923	1281
924	894
925	899
926	978
927	887
928	724
929	1062
930	1059
931	1137
932	1057
933	930
934	940
935	931
936	955
937	1071
938	1039
939	1013
940	1027
941	1130
942	1011
943	889
944	991
945	927
946	1089
947	1023
948	1081
949	1183
950	1261
951	1118
952	None
953	1105
954	1164
955	1075
956	1246
957	1041
958	987
959	1007
960	1001
961	275
962	1428
963	936
964	1173
965	1235
966	980
967	994
968	846
969	1113
970	1065
971	1429
972	512
973	1315
974	1146
975	1155
976	1128
977	1244
978	1084
979	911
980	1278
981	831
982	1073
983	1066
984	1305
985	901
986	1274
987	949
988	1180
989	1175
990	1288
991	941
992	1116
993	1287
994	1022
995	1158
996	290
997	958
998	1102
999	1159
1000	1145
1001	1333
1002	962
1003	1144
1004	1279
1005	1208
1006	995
1007	1227
1008	983
1009	1297
1010	1119
1011	1251
1012	1185
1013	937
1014	890
1015	1216
1016	1223
1017	1133
1018	1444
1019	1083
1020	1236
1021	1048
1022	1049
1023	1093
1024	1067
1025	1457
1026	1228
1027	800
1028	None
1029	1040
1030	1205
1031	1140
1032	1204
1033	1330
1034	1401
1035	1536
1036	1110
1037	1127
1038	972
1039	732
1040	250
1041	1272
1042	1014
1043	1099
1044	1487
1045	806
1046	1126
1047	1321
1048	1355
1049	1358
1050	1290
1051	1353
1052	1268
1053	1247
1054	1365
1055	1104
1056	1283
1057	2014
1058	1284
1059	1192
1060	979
1061	1480
1062	701
1063	1218
1064	1253
1065	1078
1066	1149
1067	1486
1068	1238
1069	1017
1070	1169
1071	1070
1072	1222
1073	1291
1074	2054
1075	1009
1076	1115
1077	1096
1078	1025
1079	1171
1080	1091
1081	1324
1082	640
1083	1090
1084	1215
1085	1276
1086	1255
1087	1190
1088	1069
1089	1237
1090	1298
1091	371
1092	1265
1093	307
1094	1139
1095	1221
1096	1378
1097	1377
1098	1470
1099	1123
1100	1344
1101	1121
1102	1375
1103	2447
1104	1351
1105	1392
1106	1339
1107	1402
1108	1299
1109	1148
1110	1233
1111	1421
1112	1212
1113	1357
1114	None
1115	1054
1116	1424
1117	1295
1118	1367
1119	1018
1120	1285
1121	1275
1122	1370
1123	1257
1124	1331
1125	1200
1126	1379
1127	1588
1128	1263
1129	1319
1130	1312
1131	1165
1132	1242
1133	1411
1134	1562
1135	1101
1136	1151
1137	1436
1138	1241
1139	1342
1140	1271
1141	1273
1142	1286
1143	1076
1144	1202
1145	1472
1146	1303
1147	1161
1148	1277
1149	1890
1150	1100
1151	1307
1152	None
1153	1269
1154	1372
1155	1107
1156	1141
1157	1511
1158	1476
1159	1193
1160	1388
1161	1352
1162	1519
1163	1399
1164	1393
1165	1177
1166	1360
1167	1531
1168	1368
1169	1474
1170	1309
1171	1306
1172	1152
1173	1391
1174	1410
1175	None
1176	1515
1177	1322
1178	1456
1179	1217
1180	1176
1181	1336
1182	1349
1183	1380
1184	1485
1185	1262
1186	1201
1187	1397
1188	1323
1189	1207
1190	1407
1191	1310
1192	1586
1193	None
1194	1356
1195	1198
1196	1416
1197	1209
1198	1445
1199	1199
1200	1702
1201	1168
1202	1461
1203	1545
1204	1592
1205	1338
1206	1779
1207	1258
1208	1672
1209	1585
1210	1509
1211	1495
1212	1573
1213	1490
1214	1408
1215	1435
1216	1252
1217	1513
1218	1438
1219	None
1220	1341
1221	1578
1222	1663
1223	1527
1224	1566
1225	1254
1226	1581
1227	1478
1228	1296
1229	1467
1230	1520
1231	1194
1232	1256
1233	1641
1234	1373
1235	1571
1236	1540
1237	1452
1238	1300
1239	1400
1240	1343
1241	1266
1242	1557
1243	1395
1244	1744
1245	1620
1246	1371
1247	1386
1248	1354
1249	1460
1250	1523
1251	1292
1252	1314
1253	1369
1254	1564
1255	1497
1256	1510
1257	1432
1258	1541
1259	1498
1260	1692
1261	None
1262	2532
1263	1398
1264	769
1265	690
1266	1417
1267	1568
1268	1722
1269	1584
1270	1454
1271	None
1272	1512
1273	1404
1274	1710
1275	1381
1276	1387
1277	1567
1278	None
1279	1547
1280	1594
1281	1625
1282	1364
1283	1406
1284	1954
1285	1506
1286	1691
1287	1762
1288	1815
1289	1530
1290	1522
1291	1748
1292	1443
1293	1728
1294	1433
1295	1574
1296	1687
1297	1503
1298	1819
1299	1491
1300	1326
1301	1612
1302	1501
1303	1718
1304	1427
1305	1695
1306	1756
1307	1583
1308	1350
1309	1403
1310	1743
1311	1837
1312	1539
1313	1508
1314	1413
1315	1570
1316	1701
1317	1601
1318	1745
1319	1670
1320	1320
1321	1516
1322	1449
1323	1644
1324	1422
1325	1859
1326	1507
1327	1188
1328	None
1329	1482
1330	1726
1331	1423
1332	1807
1333	1597
1334	1240
1335	1550
1336	1719
1337	1682
1338	1534
1339	1477
1340	1642
1341	1561
1342	1464
1343	1532
1344	1740
1345	1582
1346	1415
1347	1712
1348	1500
1349	1213
1350	1473
1351	1700
1352	1580
1353	1036
1354	1494
1355	1553
1356	1681
1357	1475
1358	1593
1359	1752
1360	697
1361	1649
1362	1552
1363	660
1364	1479
1365	1588
1366	1610
1367	1450
1368	1493
1369	1637
1370	1747
1371	1894
1372	1469
1373	2521
1374	1426
1375	1210
1376	1294
1377	1630
1378	1838
1379	1489
1380	1446
1381	2659
1382	None
1383	1453
1384	1792
1385	1734
1386	1812
1387	1820
1388	1629
1389	1770
1390	1782
1391	1572
1392	1587
1393	1627
1394	1689
1395	1590
1396	1646
1397	1651
1398	1653
1399	1640
1400	1786
1401	None
1402	1698
1403	539
1404	3410
1405	1652
1406	1750
1407	1661
1408	1441
1409	1621
1410	1382
1411	1775
1412	None
1413	3367
1414	1502
1415	1713
1416	1609
1417	1736
1418	1599
1419	1798
1420	1791
1421	897
1422	1913
1423	2023
1424	1796
1425	1688
1426	1488
1427	2129
1428	1685
1429	1650
1430	1751
1431	1808
1432	2053
1433	1766
1434	1549
1435	1909
1436	1848
1437	1345
1438	1577
1439	1825
1440	1546
1441	1504
1442	1639
1443	1732
1444	1635
1445	1607
1446	1824
1447	1852
1448	1560
1449	1704
1450	1697
1451	1962
1452	1725
1453	2056
1454	None
1455	1684
1456	1721
1457	1622
1458	1930
1459	1686
1460	1944
1461	2217
1462	1800
1463	1948
1464	2007
1465	1565
1466	1739
1467	1705
1468	1844
1469	1774
1470	1055
1471	870
1472	1615
1473	1648
1474	1693
1475	1981
1476	1731
1477	1679
1478	1708
1479	1548
1480	1678
1481	735
1482	2113
1483	1742
1484	1769
1485	1926
1486	1878
1487	1802
1488	1776
1489	1918
1490	1843
1491	None
1492	1677
1493	1863
1494	1811
1495	1789
1496	1866
1497	1821
1498	1973
1499	1645
1500	None
1501	1801
1502	1942
1503	1921
1504	1746
1505	1764
1506	1655
1507	2217
1508	1939
1509	1883
1510	1773
1511	2013
1512	1707
1513	1908
1514	369
1515	None
1516	1855
1517	1902
1518	1772
1519	1337
1520	1783
1521	1980
1522	1778
1523	1797
1524	1680
1525	1831
1526	389
1527	1842
1528	1870
1529	2457
1530	1879
1531	1753
1532	1092
1533	1995
1534	1857
1535	1785
1536	4079
1537	1690
1538	1987
1539	1925
1540	1917
1541	1733
1542	2869
1543	2214
1544	2164
1545	1875
1546	1865
1547	None
1548	1919
1549	2038
1550	950
1551	None
1552	1849
1553	1992
1554	545
1555	2052
1556	1983
1557	1943
1558	1617
1559	1869
1560	1836
1561	1892
1562	1874
1563	2047
1564	2026
1565	2429
1566	491
1567	2078
1568	2917
1569	1724
1570	1877
1571	1963
1572	2098
1573	1884
1574	2724
1575	None
1576	1817
1577	705
1578	2081
1579	1899
1580	2070
1581	2125
1582	1851
1583	1984
1584	1891
1585	2156
1586	2028
1587	1882
1588	2208
1589	1809
1590	2088
1591	None
1592	2112
1593	1861
1594	2043
1595	1946
1596	1904
1597	1972
1598	1947
1599	1951
1600	1893
1601	2126
1602	None
1603	None
1604	2226
1605	2199
1606	2074
1607	2159
1608	1896
1609	2032
1610	None
1611	2011
1612	2109
1613	1154
1614	2135
1615	2057
1616	2165
1617	2105
1618	2154
1619	1967
1620	1975
1621	2075
1622	1826
1623	4267
1624	868
1625	1977
1626	2029
1627	2034
1628	2441
1629	2002
1630	2161
1631	2076
1632	1109
1633	2294
1634	2138
1635	1163
1636	2231
1637	1938
1638	2031
1639	2257
1640	386
1641	2175
1642	None
1643	1787
1644	1383
1645	2065
1646	1988
1647	964
1648	2015
1649	2100
1650	1955
1651	2116
1652	2107
1653	1949
1654	2017
1655	2743
1656	2140
1657	2172
1658	1993
1659	1111
1660	2334
1661	1910
1662	1868
1663	1959
1664	429
1665	2263
1666	None
1667	2111
1668	2045
1669	2781
1670	2225
1671	2147
1672	2218
1673	1971
1674	2095
1675	2035
1676	2061
1677	2103
1678	2018
1679	2133
1680	2169
1681	2496
1682	2144
1683	2155
1684	2230
1685	2607
1686	2102
1687	1860
1688	2247
1689	2197
1690	2036
1691	3530
1692	2238
1693	2256
1694	2091
1695	2071
1696	2060
1697	451
1698	2196
1699	2243
1700	2168
1701	2058
1702	2293
1703	None
1704	2514
1705	2157
1706	793
1707	2163
1708	2313
1709	2240
1710	2130
1711	1669
1712	2272
1713	2067
1714	4460
1715	2120
1716	2423
1717	None
1718	2459
1719	2202
1720	2187
1721	2189
1722	2410
1723	2285
1724	1230
1725	2174
1726	2216
1727	2311
1728	2395
1729	2350
1730	2171
1731	2234
1732	2110
1733	2649
1734	2258
1735	2204
1736	2520
1737	2254
1738	2460
1739	2283
1740	2429
1741	2614
1742	2082
1743	2391
1744	2255
1745	2374
1746	2742
1747	2338
1748	2092
1749	2177
1750	2563
1751	2301
1752	1576
1753	2203
1754	2654
1755	2309
1756	2253
1757	2318
1758	2281
1759	2249
1760	None
1761	2270
1762	2331
1763	2651
1764	2404
1765	2437
1766	2139
1767	1110
1768	2455
1769	2305
1770	1897
1771	2408
1772	2200
1773	2341
1774	2383
1775	2348
1776	2359
1777	2515
1778	2463
1779	2153
1780	1211
1781	2446
1782	2421
1783	2440
1784	2292
1785	2356
1786	2419
1787	2191
1788	2497
1789	None
1790	2523
1791	2354
1792	2188
1793	2322
1794	2618
1795	2297
1796	2451
1797	1328
1798	2416
1799	2353
1800	1129
1801	1956
1802	1425
1803	1153
1804	2381
1805	3642
1806	2485
1807	2556
1808	2435
1809	2407
1810	2349
1811	2477
1812	2506
1813	None
1814	2818
1815	None
1816	2268
1817	2558
1818	2531
1819	2439
1820	2494
1821	2710
1822	2417
1823	2634
1824	4747
1825	1316
1826	906
1827	2709
1828	2675
1829	2656
1830	2376
1831	2730
1832	2591
1833	1260
1834	2737
1835	2555
1836	2261
1837	2310
1838	2920
1839	2488
1840	2474
1841	2849
1842	2490
1843	2727
1844	2400
1845	2763
1846	2694
1847	2927
1848	2904
1849	1471
1850	2586
1851	2505
1852	2388
1853	1709
1854	2813
1855	2420
1856	2141
1857	2626
1858	2650
1859	2777
1860	537
1861	2500
1862	2745
1863	None
1864	2375
1865	2686
1866	2526
1867	None
1868	2536
1869	2550
1870	1259
1871	None
1872	None
1873	1418
1874	2548
1875	2450
1876	4325
1877	None
1878	1468
1879	1886
1880	2444
1881	None
1882	2215
1883	None
1884	2713
1885	2896
1886	2795
1887	2942
1888	2668
1889	2468
1890	2606
1891	1425
1892	2823
1893	2570
1894	4619
1895	517
1896	None
1897	3745
1898	1654
1899	2714
1900	2819
1901	2597
1902	2788
1903	2848
1904	2734
1905	2706
1906	1455
1907	2619
1908	2925
1909	2647
1910	3464
1911	2987
1912	2552
1913	2994
1914	1346
1915	2837
1916	2711
1917	3108
1918	2598
1919	None
1920	2836
1921	2876
1922	2691
1923	2540
1924	2725
1925	None
1926	2960
1927	2790
1928	1327
1929	2779
1930	2637
1931	2772
1932	1806
1933	2982
1934	2952
1935	2644
1936	2863
1937	2733
1938	4682
1939	934
1940	2682
1941	2912
1942	1466
1943	1715
1944	2911
1945	None
1946	2785
1947	3287
1948	1389
1949	3115
1950	3301
1951	3031
1952	3258
1953	2483
1954	3209
1955	2753
1956	2892
1957	None
1958	2934
1959	3159
1960	None
1961	1905
1962	559
1963	2941
1964	3530
1965	2853
1966	2774
1967	2935
1968	2804
1969	3207
1970	3160
1971	3006
1972	2926
1973	None
1974	2915
1975	2983
1976	2903
1977	3278
1978	3028
1979	3175
1980	2977
1981	1600
1982	None
1983	None
1984	None
1985	2996
1986	3215
1987	2978
1988	3441
1989	2829
1990	3008
1991	1856
1992	4048
1993	2034
1994	2909
1995	3067
1996	1916
1997	3261
1998	3351
1999	None
2000	3134
2001	3025
2002	1500
2003	2884
2004	3384
2005	2850
2006	1626
2007	1555
2008	3155
2009	2865
2010	1462
2011	2362
2012	3177
2013	2538
2014	915
2015	5366
2016	1717
2017	3010
2018	2573
2019	2784
2020	607
2021	2663
2022	3059
2023	3303
2024	3085
2025	3023
2026	1656
2027	1729
2028	3375
2029	3374
2030	1302
2031	1976
2032	2565
2033	None
2034	1420
2035	1431
2036	3046
2037	2945
2038	1674
2039	3211
2040	3217
2041	3058
2042	3099
2043	1603
2044	3042
2045	1556
2046	3268
2047	3407
2048	557
2049	3276
2050	2863
2051	3122
2052	3033
2053	3149
2054	1714
2055	3137
2056	1551
2057	3224
2058	1658
2059	3165
2060	None
2061	1901
2062	None
2063	3462
2064	1673
2065	3251
2066	4132
2067	3667
2068	668
2069	3208
2070	None
2071	3519
2072	2925
2073	1915
2074	3246
2075	1966
2076	3611
2077	1885
2078	3463
2079	None
2080	3620
2081	1605
2082	1703
2083	2858
2084	1619
2085	2016
2086	3317
2087	1932
2088	1900
2089	3416
2090	1755
2091	3679
2092	1931
2093	None
2094	3484
2095	3613
2096	1790
2097	1957
2098	None
2099	1816
2100	None
2101	1781
2102	2222
2103	628
2104	3493
2105	3540
2106	1887
2107	3443
2108	3559
2109	1804
2110	1895
2111	None
2112	3026
2113	3376
2114	3881
2115	1888
2116	1803
2117	1760
2118	1850
2119	1203
2120	3745
2121	3680
2122	3444
2123	2401
2124	1608
2125	1699
2126	None
2127	4713
2128	1998
2129	None
2130	3458
2131	1920
2132	3624
2133	2236
2134	2145
2135	3622
2136	None
2137	None
2138	2042
2139	1924
2140	3533
2141	2099
2142	1864
2143	1735
2144	None
2145	3591
2146	1876
2147	2024
2148	2588
2149	4033
2150	3777
2151	3716
2152	1862
2153	2030
2154	None
2155	1867
2156	1761
2157	None
2158	None
2159	3798
2160	1759
2161	None
2162	2021
2163	3914
2164	3590
2165	4426
2166	2008
2167	2152
2168	2277
2169	697
2170	1927
2171	1953
2172	3843
2173	1810
2174	4091
2175	1094
2176	1996
2177	3378
2178	2402
2179	3844
2180	3780
2181	1994
2182	2687
2183	2251
2184	1872
2185	3831
2186	2122
2187	1845
2188	1914
2189	3201
2190	3771
2191	1823
2192	1437
2193	1952
2194	2398
2195	6245
2196	4136
2197	3958
2198	2106
2199	2059
2200	1170
2201	2114
2202	3997
2203	749
2204	2149
2205	3166
2206	3836
2207	None
2208	794
2209	2062
2210	None
2211	957
2212	2198
2213	2072
2214	1982
2215	2265
2216	4670
2217	2033
2218	786
2219	1871
2220	2020
2221	4301
2222	2317
2223	2357
2224	2549
2225	2867
2226	3832
2227	866
2228	1923
2229	2224
2230	2875
2231	4180
2232	2179
2233	2160
2234	3732
2235	2522
2236	1671
2237	3344
2238	1986
2239	1034
2240	2194
2241	None
2242	1974
2243	1928
2244	3937
2245	3977
2246	None
2247	None
2248	731
2249	None
2250	1727
2251	1912
2252	None
2253	1834
2254	2079
2255	2069
2256	2181
2257	866
2258	2288
2259	1881
2260	4089
2261	1749
2262	2040
2263	2195
2264	2648
2265	2108
2266	2585
2267	2207
2268	2290
2269	1749
2270	2389
2271	1997
2272	2302
2273	3009
2274	None
2275	2134
2276	2566
2277	2151
2278	None
2279	None
2280	3168
2281	1181
2282	2491
2283	874
2284	2068
2285	2004
2286	2066
2287	3848
2288	2332
2289	2166
2290	4160
2291	2010
2292	2695
2293	2132
2294	2262
2295	2324
2296	None
2297	None
2298	3205
2299	2119
2300	2609
2301	2276
2302	2605
2303	4753
2304	2298
2305	829
2306	3515
2307	2009
2308	None
2309	None
2310	2284
2311	2572
2312	None
2313	2264
2314	2271
2315	2227
2316	2127
2317	2347
2318	1990
2319	2022
2320	2436
2321	1928
2322	4782
2323	None
2324	2287
2325	2518
2326	2048
2327	2507
2328	2328
2329	None
2330	2415
2331	1936
2332	None
2333	2027
2334	None
2335	2508
2336	1611
2337	2312
2338	2123
2339	1430
2340	4580
2341	1362
2342	2244
2343	2273
2344	None
2345	None
2346	2307
2347	2724
2348	2399
2349	2424
2350	1969
2351	2365
2352	4374
2353	2393
2354	None
2355	2340
2356	2723
2357	2840
2358	2584
2359	2327
2360	2183
2361	2453
2362	2426
2363	2266
2364	2321
2365	3697
2366	None
2367	2610
2368	None
2369	None
2370	4456
2371	5042
2372	2475
2373	2314
2374	2697
2375	2482
2376	2378
2377	1542
2378	None
2379	2364
2380	2543
2381	2845
2382	2615
2383	2498
2384	None
2385	None
2386	2834
2387	2291
2388	2315
2389	2611
2390	2449
2391	2680
2392	5266
2393	2303
2394	2289
2395	903
2396	853
2397	2636
2398	2672
2399	2442
2400	2336
2401	None
2402	2447
2403	2685
2404	2037
2405	3003
2406	2929
2407	4678
2408	2537
2409	2325
2410	4460
2411	2300
2412	2329
2413	2280
2414	3088
2415	2046
2416	2274
2417	2486
2418	2542
2419	None
2420	2211
2421	2902
2422	3993
2423	2561
2424	2396
2425	2564
2426	None
2427	3810
2428	2707
2429	8563
2430	2143
2431	907
2432	2919
2433	2295
2434	2603
2435	None
2436	None
2437	2170
2438	2005
2439	2580
2440	2534
2441	1125
2442	2245
2443	2425
2444	2237
2445	None
2446	2438
2447	2569
2448	2679
2449	2554
2450	2600
2451	2541
2452	2787
2453	5458
2454	2756
2455	2454
2456	None
2457	2768
2458	1317
2459	2342
2460	5666
2461	2683
2462	3229
2463	2206
2464	2613
2465	2369
2466	2201
2467	None
2468	3876
2469	2843
2470	4960
2471	2677
2472	2594
2473	2847
2474	2406
2475	2104
2476	3034
2477	2869
2478	3921
2479	3961
2480	2778
2481	None
2482	2137
2483	None
2484	4199
2485	2943
2486	2433
2487	2242
2488	2699
2489	2562
2490	2868
2491	None
2492	2922
2493	3208
2494	None
2495	3005
2496	2752
2497	2377
2498	2339
2499	None
2500	2940
2501	2478
2502	None
2503	2751
2504	None
2505	None
2506	2044
2507	2604
2508	1908
2509	2470
2510	2805
2511	2622
2512	2625
2513	None
2514	2758
2515	3000
2516	2180
2517	2414
2518	4609
2519	3232
2520	3117
2521	4338
2522	1569
2523	2801
2524	4190
2525	None
2526	2367
2527	2480
2528	2871
2529	4197
2530	2854
2531	None
2532	2587
2533	3133
2534	2897
2535	2432
2536	2533
2537	2972
2538	2512
2539	925
2540	3520
2541	None
2542	3017
2543	2947
2544	4261
2545	2466
2546	None
2547	2131
2548	3334
2549	2267
2550	3169
2551	4565
2552	3566
2553	2521
2554	2530
2555	2670
2556	None
2557	2910
2558	2524
2559	3503
2560	1074
2561	2501
2562	3076
2563	None
2564	2708
2565	None
2566	2826
2567	None
2568	3194
2569	2809
2570	2971
2571	None
2572	4207
2573	2717
2574	2980
2575	2760
2576	3456
2577	None
2578	2627
2579	2748
2580	None
2581	1706
2582	1019
2583	3012
2584	905
2585	2660
2586	1589
2587	2688
2588	3097
2589	2969
2590	2957
2591	2741
2592	2655
2593	4647
2594	2992
2595	2547
2596	2965
2597	3339
2598	3405
2599	3019
2600	2621
2601	2386
2602	2567
2603	1696
2604	2608
2605	2726
2606	5237
2607	3429
2608	3972
2609	2692
2610	None
2611	3564
2612	1035
2613	2502
2614	4747
2615	3527
2616	2776
2617	2816
2618	None
2619	1827
2620	1749
2621	2616
2622	3153
2623	None
2624	2808
2625	2665
2626	2669
2627	3061
2628	1080
2629	2631
2630	1665
2631	2828
2632	3529
2633	2624
2634	2821
2635	2842
2636	3289
2637	2617
2638	2905
2639	996
2640	3126
2641	2326
2642	2555
2643	3471
2644	2964
2645	5872
2646	2989
2647	2638
2648	2571
2649	4022
2650	3074
2651	2720
2652	3216
2653	None
2654	2782
2655	2872
2656	2576
2657	2746
2658	2856
2659	None
2660	2739
2661	1535
2662	3536
2663	3051
2664	3766
2665	2973
2666	3037
2667	2771
2668	None
2669	None
2670	3110
2671	2890
2672	3170
2673	2769
2674	2853
2675	3124
2676	3404
2677	3686
2678	2839
2679	None
2680	3969
2681	2855
2682	None
2683	None
2684	3603
2685	2931
2686	3195
2687	3002
2688	3235
2689	3785
2690	None
2691	4405
2692	2936
2693	2955
2694	3226
2695	2841
2696	3054
2697	3015
2698	4166
2699	3644
2700	2830
2701	2949
2702	3415
2703	3154
2704	3333
2705	2337
2706	2770
2707	3282
2708	3104
2709	2916
2710	3238
2711	2382
2712	None
2713	3389
2714	3338
2715	2798
2716	3274
2717	3202
2718	3119
2719	3057
2720	3239
2721	2988
2722	None
2723	3187
2724	2736
2725	4533
2726	2857
2727	5836
2728	2881
2729	2601
2730	2833
2731	3040
2732	4746
2733	3290
2734	3107
2735	2815
2736	3091
2737	None
2738	3452
2739	None
2740	3482
2741	1631
2742	2461
2743	3027
2744	3179
2745	3285
2746	2632
2747	2596
2748	None
2749	5502
2750	2895
2751	3084
2752	3263
2753	4016
2754	None
2755	2963
2756	3829
2757	2361
2758	3436
2759	None
2760	3233
2761	3419
2762	3041
2763	3746
2764	2689
2765	3125
2766	3230
2767	3158
2768	3004
2769	3186
2770	2602
2771	3145
2772	3146
2773	2412
2774	3496
2775	3300
2776	3007
2777	3741
2778	3648
2779	2966
2780	1559
2781	3079
2782	3222
2783	1928
2784	3298
2785	3400
2786	3052
2787	3130
2788	3391
2789	3562
2790	3157
2791	3220
2792	1234
2793	3188
2794	3388
2795	4482
2796	3035
2797	3259
2798	2757
2799	3316
2800	3582
2801	3899
2802	1097
2803	3390
2804	3113
2805	None
2806	3442
2807	3474
2808	3196
2809	3078
2810	3199
2811	2942
2812	None
2813	3151
2814	3100
2815	2472
2816	3231
2817	3178
2818	3164
2819	3396
2820	3348
2821	3349
2822	3704
2823	3687
2824	1514
2825	None
2826	None
2827	3336
2828	None
2829	None
2830	3438
2831	4325
2832	3498
2833	3065
2834	2877
2835	1167
2836	3417
2837	7478
2838	2873
2839	3640
2840	3356
2841	3245
2842	3236
2843	3325
2844	3152
2845	3675
2846	4431
2847	3345
2848	None
2849	2545
2850	3132
2851	3469
2852	3191
2853	3087
2854	3093
2855	3383
2856	3294
2857	None
2858	4130
2859	None
2860	2629
2861	2864
2862	2520
2863	3563
2864	3808
2865	6216
2866	3483
2867	None
2868	3838
2869	3366
2870	None
2871	3610
2872	3440
2873	3535
2874	3758
2875	3513
2876	2794
2877	None
2878	1074
2879	3542
2880	2990
2881	3032
2882	2786
2883	3428
2884	3647
2885	None
2886	3221
2887	3678
2888	3257
2889	3425
2890	3759
2891	1074
2892	2479
2893	3406
2894	3612
2895	3633
2896	None
2897	3254
2898	None
2899	1189
2900	3605
2901	3650
2902	None
2903	3045
2904	3404
2905	3265
2906	3434
2907	3223
2908	3683
2909	3732
2910	3976
2911	4132
2912	3437
2913	3016
2914	None
2915	3573
2916	3629
2917	3381
2918	3401
2919	None
2920	3599
2921	3600
2922	3418
2923	1847
2924	4338
2925	2891
2926	4005
2927	3787
2928	4045
2929	3804
2930	3414
2931	3646
2932	3243
2933	3448
2934	3722
2935	4017
2936	None
2937	None
2938	3545
2939	3778
2940	3907
2941	2158
2942	3851
2943	3410
2944	4109
2945	3205
2946	3556
2947	3828
2948	3858
2949	None
2950	3928
2951	3641
2952	None
2953	4621
2954	3413
2955	None
2956	4104
2957	None
2958	3673
2959	6644
2960	None
2961	3001
2962	3497
2963	1179
2964	2735
2965	3690
2966	2894
2967	3505
2968	2718
2969	3859
2970	3865
2971	3022
2972	2907
2973	4076
2974	None
2975	2084
2976	None
2977	3953
2978	4181
2979	3874
2980	3739
2981	None
2982	None
2983	3575
2984	3720
2985	3488
2986	3981
2987	4059
2988	3669
2989	4134
2990	3776
2991	1174
2992	None
2993	3736
2994	3651
2995	3614
2996	3109
2997	3583
2998	None
2999	4161
3000	3712
3001	3956
3002	3020
3003	None
3004	4249
3005	3598
3006	3701
3007	None
3008	3700
3009	None
3010	3578
3011	4109
3012	None
3013	3586
3014	3796
3015	2176
3016	3817
3017	3715
3018	4232
3019	2456
3020	3485
3021	3038
3022	3737
3023	None
3024	4241
3025	3008
3026	2852
3027	3829
3028	3757
3029	None
3030	3762
3031	3192
3032	3879
3033	4080
3034	3871
3035	None
3036	4896
3037	4081
3038	3964
3039	3148
3040	None
3041	3279
3042	3775
3043	None
3044	3857
3045	3309
3046	4502
3047	3747
3048	None
3049	3373
3050	None
3051	3163
3052	3295
3053	2985
3054	4195
3055	3280
3056	3244
3057	4339
3058	3889
3059	None
3060	3213
3061	4140
3062	None
3063	5247
3064	3954
3065	3754
3066	None
3067	3044
3068	3969
3069	4450
3070	3189
3071	4075
3072	None
3073	6462
3074	4169
3075	3241
3076	4183
3077	4612
3078	None
3079	4475
3080	3341
3081	1741
3082	3167
3083	1496
3084	3518
3085	3788
3086	3434
3087	3774
3088	2731
3089	8042
3090	None
3091	3891
3092	4193
3093	3299
3094	3319
3095	None
3096	3664
3097	4131
3098	3272
3099	3965
3100	4227
3101	3909
3102	3252
3103	4152
3104	6762
3105	3237
3106	3630
3107	3270
3108	4601
3109	3926
3110	4368
3111	None
3112	None
3113	None
3114	None
3115	3321
3116	3453
3117	2628
3118	4062
3119	3247
3120	3904
3121	1941
3122	3457
3123	4220
3124	3409
3125	3379
3126	3403
3127	4406
3128	7531
3129	4530
3130	8227
3131	1191
3132	None
3133	None
3134	3355
3135	3250
3136	4333
3137	3685
3138	3342
3139	3821
3140	4127
3141	4093
3142	None
3143	None
3144	1667
3145	4408
3146	4236
3147	3377
3148	3659
3149	1937
3150	5886
3151	4415
3152	3324
3153	3572
3154	3693
3155	6287
3156	3695
3157	4477
3158	4194
3159	4267
3160	4353
3161	None
3162	None
3163	None
3164	4031
3165	4148
3166	3262
3167	4964
3168	None
3169	3584
3170	5082
3171	4898
3172	None
3173	3450
3174	3427
3175	3558
3176	3853
3177	1214
3178	1749
3179	4576
3180	2282
3181	None
3182	3696
3183	None
3184	3357
3185	3128
3186	None
3187	3710
3188	1405
3189	None
3190	4435
3191	None
3192	3890
3193	3218
3194	4279
3195	4420
3196	3656
3197	4515
3198	4009
3199	3752
3200	None
3201	4366
3202	3730
3203	1245
3204	2959
3205	3367
3206	None
3207	4345
3208	3699
3209	3761
3210	None
3211	4543
3212	4311
3213	4643
3214	5356
3215	3815
3216	4763
3217	2552
3218	3714
3219	3917
3220	None
3221	4282
3222	5636
3223	3623
3224	3830
3225	3654
3226	3786
3227	4439
3228	None
3229	3824
3230	None
3231	4459
3232	4848
3233	3606
3234	3738
3235	3631
3236	5065
3237	3579
3238	3602
3239	3845
3240	3592
3241	5415
3242	3620
3243	4354
3244	4027
3245	None
3246	4588
3247	3655
3248	4063
3249	3822
3250	None
3251	4531
3252	3941
3253	3228
3254	4088
3255	1768
3256	None
3257	3894
3258	3876
3259	4727
3260	4665
3261	None
3262	1329
3263	4731
3264	1414
3265	4001
3266	4489
3267	3966
3268	None
3269	None
3270	4015
3271	4821
3272	4114
3273	3791
3274	1628
3275	None
3276	3746
3277	1659
3278	3691
3279	None
3280	None
3281	3816
3282	None
3283	3733
3284	7711
3285	2825
3286	3992
3287	4056
3288	None
3289	4857
3290	3949
3291	3767
3292	4522
3293	3825
3294	4110
3295	1409
3296	3903
3297	4006
3298	None
3299	3800
3300	3692
3301	3735
3302	2319
3303	4117
3304	3927
3305	3893
3306	3811
3307	3617
3308	4986
3309	4066
3310	None
3311	3807
3312	3929
3313	3784
3314	5094
3315	1922
3316	None
3317	7958
3318	3731
3319	4233
3320	4237
3321	6817
3322	None
3323	4285
3324	3554
3325	None
3326	4090
3327	3713
3328	7615
3329	None
3330	3878
3331	4276
3332	4210
3333	None
3334	2995
3335	4340
3336	4246
3337	None
3338	3803
3339	4190
3340	2409
3341	4682
3342	3576
3343	4071
3344	None
3345	None
3346	4165
3347	4146
3348	None
3349	None
3350	None
3351	None
3352	4409
3353	4524
3354	4108
3355	None
3356	4322
3357	None
3358	None
3359	5357
3360	3799
3361	None
3362	3819
3363	None
3364	None
3365	3809
3366	4240
3367	4144
3368	1347
3369	4562
3370	4133
3371	3943
3372	4162
3373	6322
3374	4142
3375	4060
3376	3868
3377	4501
3378	4382
3379	None
3380	4332
3381	2764
3382	4167
3383	7783
3384	4168
3385	4872
3386	7357
3387	2908
3388	4047
3389	3854
3390	4794
3391	4355
3392	None
3393	None
3394	4618
3395	3826
3396	None
3397	4284
3398	None
3399	None
3400	6261
3401	3397
3402	None
3403	4123
3404	4822
3405	None
3406	None
3407	4458
3408	4151
3409	None
3410	4294
3411	1805
3412	7850
3413	4121
3414	5978
3415	3973
3416	4269
3417	None
3418	4351
3419	1361
3420	4149
3421	4344
3422	None
3423	None
3424	None
3425	4554
3426	4797
3427	4054
3428	None
3429	None
3430	4266
3431	5224
3432	None
3433	None
3434	1777
3435	4306
3436	4214
3437	None
3438	4217
3439	3264
3440	4139
3441	4544
3442	None
3443	4177
3444	4255
3445	6061
3446	4512
3447	4405
3448	4642
3449	4963
3450	4379
3451	4361
3452	4371
3453	6661
3454	4653
3455	None
3456	3234
3457	1517
3458	4288
3459	4373
3460	None
3461	4624
3462	None
3463	4551
3464	4719
3465	2489
3466	4901
3467	None
3468	4584
3469	1518
3470	None
3471	None
3472	4384
3473	4073
3474	4451
3475	4363
3476	4271
3477	6604
3478	4531
3479	4257
3480	6304
3481	None
3482	1471
3483	4436
3484	None
3485	4437
3486	None
3487	1440
3488	4896
3489	1363
3490	4199
3491	3980
3492	5121
3493	4201
3494	None
3495	4425
3496	4372
3497	4691
3498	4234
3499	None
3500	3123
3501	4416
3502	4203
3503	4571
3504	4245
3505	4841
3506	None
3507	6156
3508	4454
3509	4212
3510	None
3511	4491
3512	4222
3513	5855
3514	4985
3515	4641
3516	None
3517	None
3518	None
3519	4681
3520	4533
3521	4573
3522	4444
3523	4225
3524	None
3525	None
3526	4750
3527	3557
3528	None
3529	5004
3530	4321
3531	None
3532	4314
3533	None
3534	4728
3535	4662
3536	None
3537	5181
3538	4834
3539	None
3540	None
3541	4822
3542	1505
3543	3129
3544	4781
3545	4313
3546	8198
3547	1396
3548	3916
3549	4729
3550	5648
3551	None
3552	5016
3553	4711
3554	4292
3555	4587
3556	4359
3557	4897
3558	5709
3559	5455
3560	None
3561	None
3562	None
3563	6542
3564	4802
3565	4084
3566	5053
3567	4610
3568	2593
3569	4614
3570	3888
3571	3801
3572	None
3573	None
3574	4929
3575	4476
3576	8891
3577	5022
3578	8932
3579	None
3580	None
3581	3284
3582	None
3583	None
3584	4939
3585	4803
3586	None
3587	4141
3588	3709
3589	4646
3590	4525
3591	6428
3592	None
3593	None
3594	None
3595	None
3596	None
3597	5241
3598	4884
3599	5079
3600	None
3601	5161
3602	None
3603	None
3604	None
3605	None
3606	1518
3607	4868
3608	None
3609	4840
3610	None
3611	3609
3612	None
3613	4070
3614	3538
3615	5603
3616	None
3617	None
3618	None
3619	4769
3620	4867
3621	3288
3622	None
3623	4967
3624	4499
3625	3988
3626	None
3627	None
3628	None
3629	4004
3630	3770
3631	None
3632	4721
3633	None
3634	None
3635	5192
3636	4113
3637	3835
3638	4628
3639	None
3640	None
3641	5401
3642	5410
3643	None
3644	None
3645	4880
3646	2487
3647	3945
3648	None
3649	3727
3650	None
3651	4375
3652	None
3653	None
3654	4659
3655	None
3656	None
3657	None
3658	4704
3659	3402
3660	4822
3661	None
3662	None
3663	None
3664	None
3665	None
3666	4644
3667	5185
3668	3940
3669	None
3670	3060
3671	None
3672	None
3673	None
3674	2373
3675	4605
3676	None
3677	None
3678	4387
3679	3703
3680	None
3681	None
3682	4829
3683	4866
3684	4954
3685	5140
3686	None
3687	None
3688	None
3689	None
3690	None
3691	3959
3692	3884
3693	5241
3694	None
3695	2755
3696	None
3697	None
3698	4026
3699	None
3700	None
3701	None
3702	3955
3703	None
3704	None
3705	None
3706	None
3707	None
3708	None
3709	None
3710	None
3711	None
3712	None
3713	None
3714	None
3715	4116
3716	None
3717	None
3718	None
3719	None
3720	3983
3721	None
3722	None
3723	None
3724	4010
3725	None
3726	4157
3727	1636
3728	None
3729	None
3730	None
3731	None
3732	None
3733	4038
3734	5428
3735	None
3736	None
3737	4694
3738	None
3739	4261
3740	None
3741	4296
3742	None
3743	None
3744	None
3745	4003
3746	None
3747	None
3748	4041
3749	3892
3750	None
3751	4539
3752	1659
3753	None
3754	1737
3755	None
3756	None
3757	None
3758	None
3759	None
3760	None
3761	4466
3762	None
3763	4440
3764	6381
3765	4085
3766	None
3767	None
3768	None
3769	7141
3770	8319
3771	None
3772	None
3773	None
3774	5073
3775	None
3776	None
3777	4283
3778	None
3779	3975
3780	4832
3781	None
3782	None
3783	4067
3784	None
3785	4626
3786	4509
3787	1614
3788	None
3789	None
3790	None
3791	None
3792	None
3793	None
3794	None
3795	None
3796	4039
3797	4358
3798	None
3799	5025
3800	None
3801	None
3802	None
3803	None
3804	1575
3805	4260
3806	None
3807	None
3808	None
3809	4386
3810	4429
3811	None
3812	None
3813	None
3814	None
3815	None
3816	None
3817	None
3818	8456
3819	5670
3820	None
3821	3315
3822	4224
3823	4179
3824	7650
3825	None
3826	4202
3827	None
3828	None
3829	4367
3830	None
3831	4247
3832	None
3833	4221
3834	None
3835	None
3836	4278
3837	4710
3838	4370
3839	None
3840	None
3841	None
3842	None
3843	2372
3844	4360
3845	None
3846	None
3847	7181
3848	4490
3849	2539
3850	None
3851	4469
3852	2595
3853	None
3854	5038
3855	None
3856	4138
3857	4342
3858	None
3859	6086
3860	None
3861	8022
3862	None
3863	4484
3864	5210
3865	5722
3866	None
3867	5001
3868	None
3869	4032
3870	None
3871	2944
3872	7427
3873	2220
3874	4805
3875	4636
3876	None
3877	7045
3878	None
3879	4495
3880	None
3881	None
3882	3361
3883	None
3884	4493
3885	None
3886	None
3887	None
3888	3358
3889	4823
3890	None
3891	1765
3892	1777
3893	5173
3894	None
3895	4987
3896	None
3897	None
3898	4599
3899	4770
3900	None
3901	1706
3902	None
3903	4500
3904	None
3905	5399
3906	None
3907	None
3908	None
3909	4762
3910	None
3911	None
3912	5215
3913	1788
3914	4432
3915	4586
3916	None
3917	4275
3918	4907
3919	4341
3920	4921
3921	None
3922	None
3923	None
3924	None
3925	None
3926	5069
3927	None
3928	4618
3929	5072
3930	None
3931	8602
3932	4412
3933	1628
3934	None
3935	None
3936	4676
3937	None
3938	None
3939	1723
3940	None
3941	5302
3942	None
3943	None
3944	2831
3945	None
3946	None
3947	6730
3948	None
3949	None
3950	None
3951	4697
3952	4738
3953	None
3954	None
3955	4619
3956	None
3957	4449
3958	None
3959	None
3960	None
3961	None
3962	None
3963	5300
3964	None
3965	None
3966	None
3967	None
3968	4630
3969	None
3970	2822
3971	None
3972	None
3973	7520
3974	None
3975	None
3976	None
3977	None
3978	None
3979	None
3980	None
3981	3473
3982	1623
3983	None
3984	None
3985	None
3986	None
3987	None
3988	None
3989	None
3990	None
3991	5327
3992	None
3993	None
3994	None
3995	None
3996	None
3997	None
3998	None
3999	None
4000	None
4001	1638
4002	3340
4003	4986
4004	None
4005	None
4006	None
4007	None
4008	None
4009	None
4010	None
4011	2979
4012	None
4013	None
4014	None
4015	None
4016	2674
4017	None
4018	None
4019	8084
4020	None
4021	None
4022	None
4023	1666
4024	None
4025	5001
4026	1960
4027	None
4028	None
4029	None
4030	3639
4031	None
4032	None
4033	None
4034	None
4035	4898
4036	None
4037	None
4038	None
4039	None
4040	None
4041	None
4042	None
4043	None
4044	None
4045	None
4046	None
4047	None
4048	None
4049	None
4050	None
4051	None
4052	None
4053	None
4054	None
4055	None
4056	None
4057	None
4058	None
4059	None
4060	None
4061	None
4062	None
4063	None
4064	None
4065	None
4066	None
4067	None
4068	None
4069	None
4070	None
4071	None
4072	None
4073	None
4074	None
4075	None
4076	None
4077	1738
4078	None
4079	1741
4080	None
4081	None
4082	None
4083	None
4084	None
4085	None
4086	4461
4087	None
4088	None
4089	None
4090	None
4091	None
4092	None
4093	None
4094	None
4095	None
4096	None
4097	None
4098	None
4099	None
4100	4652
4101	None
4102	None
4103	None
4104	4364
4105	None
4106	None
4107	None
4108	None
4109	None
4110	None
4111	None
4112	None
4113	None
4114	2575
4115	None
4116	None
4117	None
4118	None
4119	None
4120	None
4121	None
4122	None
4123	None
4124	None
4125	None
4126	None
4127	None
4128	None
4129	None
4130	None
4131	None
4132	None
4133	4447
4134	None
4135	None
4136	None
4137	None
4138	None
4139	None
4140	None
4141	2089
4142	None
4143	None
4144	None
4145	None
4146	None
4147	None
4148	None
4149	None
4150	None
4151	3307
4152	None
4153	None
4154	None
4155	None
4156	None
4157	None
4158	2296
4159	None
4160	None
4161	None
4162	None
4163	None
4164	None
4165	None
4166	None
4167	None
4168	None
4169	None
4170	None
4171	None
4172	None
4173	None
4174	None
4175	None
4176	1880
4177	None
4178	None
4179	None
4180	None
4181	None
4182	None
4183	None
4184	None
4185	None
4186	None
4187	None
4188	None
4189	2698
4190	None
4191	None
4192	4078
4193	None
4194	None
4195	None
4196	None
4197	None
4198	None
4199	3510
4200	None
4201	None
4202	5234
4203	None
4204	None
4205	1978
4206	None
4207	None
4208	None
4209	None
4210	None
4211	None
4212	None
4213	4743
4214	None
4215	None
4216	None
4217	None
4218	None
4219	None
4220	None
4221	None
4222	2445
4223	None
4224	None
4225	None
4226	None
4227	None
4228	None
4229	None
4230	3385
4231	None
4232	None
4233	None
4234	None
4235	None
4236	None
4237	None
4238	2759
4239	None
4240	None
4241	None
4242	None
4243	None
4244	None
4245	None
4246	None
4247	None
4248	None
4249	None
4250	None
4251	None
4252	None
4253	None
4254	None
4255	None
4256	3569
4257	None
4258	None
4259	None
4260	None
4261	None
4262	None
4263	None
4264	None
4265	None
4266	None
4267	None
4268	None
4269	2757
4270	None
4271	None
4272	None
4273	None
4274	None
4275	None
4276	2087
4277	None
4278	None
4279	None
4280	None
4281	None
4282	None
4283	None
4284	None
4285	2883
4286	None
4287	None
4288	None
4289	None
4290	None
4291	None
4292	None
4293	None
4294	1846
4295	None
4296	None
4297	None
4298	2593
4299	None
4300	4196
4301	None
4302	None
4303	None
4304	None
4305	1950
4306	None
4307	None
4308	None
4309	None
4310	2493
4311	None
4312	None
4313	None
4314	None
4315	None
4316	None
4317	None
4318	None
4319	None
4320	1937
4321	None
4322	None
4323	None
4324	None
4325	None
4326	None
4327	None
4328	None
4329	None
4330	None
4331	2493
4332	None
4333	None
4334	None
4335	None
4336	3634
4337	None
4338	2212
4339	1813
4340	None
4341	None
4342	None
4343	None
4344	None
4345	None
4346	None
4347	None
4348	None
4349	None
4350	2712
4351	None
4352	None
4353	None
4354	None
4355	None
4356	None
4357	None
4358	None
4359	None
4360	None
4361	None
4362	None
4363	1991
4364	1958
4365	2282
4366	None
4367	None
4368	None
4369	4675
4370	None
4371	None
4372	None
4373	2473
4374	None
4375	None
4376	None
4377	None
4378	None
4379	None
4380	None
4381	None
4382	None
4383	None
4384	1929
4385	None
4386	None
4387	None
4388	None
4389	None
4390	None
4391	5238
4392	None
4393	None
4394	None
4395	None
4396	None
4397	None
4398	None
4399	None
4400	4485
4401	None
4402	None
4403	None
4404	None
4405	None
4406	None
4407	None
4408	None
4409	None
4410	None
4411	None
4412	None
4413	None
4414	None
4415	3106
4416	2049
4417	None
4418	None
4419	4388
4420	None
4421	None
4422	None
4423	None
4424	None
4425	None
4426	None
4427	None
4428	None
4429	None
4430	None
4431	None
4432	None
4433	None
4434	None
4435	2012
4436	None
4437	None
4438	None
4439	None
4440	None
4441	None
4442	None
4443	None
4444	None
4445	None
4446	None
4447	None
4448	3328
4449	None
4450	None
4451	None
4452	None
4453	2681
4454	None
4455	4577
4456	None
4457	None
4458	None
4459	None
4460	None
4461	None
4462	None
4463	None
4464	None
4465	None
4466	None
4467	None
4468	None
4469	None
4470	None
4471	None
4472	None
4473	4679
4474	2192
4475	None
4476	None
4477	None
4478	None
4479	None
4480	None
4481	None
4482	None
4483	None
4484	None
4485	None
4486	None
4487	None
4488	None
4489	None
4490	None
4491	None
4492	None
4493	None
4494	None
4495	None
4496	None
4497	2319
4498	None
4499	None
4500	None
4501	None
4502	3705
4503	2456
4504	None
4505	None
4506	None
4507	None
4508	None
4509	None
4510	None
4511	None
4512	None
4513	None
4514	None
4515	None
4516	None
4517	None
4518	None
4519	None
4520	None
4521	None
4522	None
4523	None
4524	None
4525	None
4526	None
4527	None
4528	None
4529	None
4530	None
4531	None
4532	2083
4533	None
4534	None
4535	None
4536	None
4537	None
4538	None
4539	None
4540	None
4541	None
4542	None
4543	None
4544	2193
4545	None
4546	None
4547	None
4548	None
4549	None
4550	None
4551	None
4552	None
4553	None
4554	None
4555	None
4556	None
4557	None
4558	None
4559	None
4560	None
4561	None
4562	4546
4563	4549
4564	3626
4565	None
4566	None
4567	None
4568	None
4569	2802
4570	None
4571	None
4572	4913
4573	None
4574	None
4575	None
4576	None
4577	None
4578	None
4579	None
4580	None
4581	None
4582	None
4583	None
4584	None
4585	None
4586	None
4587	None
4588	None
4589	None
4590	None
4591	None
4592	None
4593	None
4594	None
4595	None
4596	None
4597	2167
4598	None
4599	None
4600	None
4601	None
4602	None
4603	None
4604	None
4605	None
4606	None
4607	2320
4608	None
4609	None
4610	None
4611	None
4612	None
4613	None
4614	None
4615	None
4616	2136
4617	None
4618	None
4619	None
4620	None
4621	None
4622	4513
4623	None
4624	None
4625	None
4626	None
4627	None
4628	3147
4629	None
4630	None
4631	None
4632	None
4633	None
4634	2221
4635	None
4636	None
4637	None
4638	4213
4639	None
4640	None
4641	None
4642	None
4643	None
4644	None
4645	None
4646	None
4647	None
4648	None
4649	None
4650	None
4651	2874
4652	None
4653	None
4654	None
4655	None
4656	None
4657	None
4658	None
4659	None
4660	None
4661	None
4662	None
4663	3143
4664	2793
4665	None
4666	None
4667	2858
4668	2553
4669	None
4670	None
4671	None
4672	None
4673	3283
4674	None
4675	None
4676	None
4677	None
4678	3967
4679	None
4680	None
4681	2351
4682	None
4683	None
4684	2793
4685	None
4686	2728
4687	None
4688	None
4689	None
4690	None
4691	None
4692	None
4693	None
4694	None
4695	None
4696	None
4697	None
4698	4273
4699	4413
4700	None
4701	None
4702	None
4703	None
4704	None
4705	None
4706	None
4707	None
4708	None
4709	None
4710	None
4711	None
4712	None
4713	None
4714	None
4715	None
4716	4238
4717	None
4718	None
4719	None
4720	None
4721	None
4722	None
4723	None
4724	None
4725	None
4726	None
4727	None
4728	None
4729	2275
4730	None
4731	None
4732	None
4733	None
4734	None
4735	None
4736	None
4737	None
4738	None
4739	2492
4740	None
4741	None
4742	None
4743	3544
4744	None
4745	None
4746	None
4747	None
4748	4749
4749	None
4750	None
4751	4629
4752	2888
4753	None
4754	None
4755	None
4756	None
4757	None
4758	None
4759	None
4760	None
4761	None
4762	None
4763	None
4764	None
4765	None
4766	2456
4767	None
4768	3328
4769	None
4770	None
4771	None
4772	None
4773	None
4774	3203
4775	None
4776	4749
4777	None
4778	None
4779	None
4780	None
4781	None
4782	None
4783	None
4784	None
4785	None
4786	None
4787	None
4788	3717
4789	None
4790	None
4791	None
4792	None
4793	2371
4794	None
4795	None
4796	None
4797	None
4798	None
4799	None
4800	None
4801	None
4802	None
4803	None
4804	None
4805	None
4806	None
4807	None
4808	None
4809	3626
4810	None
4811	None
4812	None
4813	None
4814	None
4815	None
4816	2308
4817	None
4818	None
4819	None
4820	3066
4821	None
4822	None
4823	None
4824	3011
4825	None
4826	None
4827	None
4828	None
4829	3286
4830	None
4831	None
4832	None
4833	None
4834	None
4835	None
4836	None
4837	None
4838	None
4839	None
4840	None
4841	None
4842	None
4843	None
4844	None
4845	None
4846	2465
4847	None
4848	None
4849	None
4850	None
4851	None
4852	None
4853	None
4854	None
4855	None
4856	None
4857	None
4858	2233
4859	2800
4860	None
4861	None
4862	None
4863	None
4864	None
4865	None
4866	2250
4867	None
4868	None
4869	2757
4870	None
4871	None
4872	None
4873	None
4874	None
4875	None
4876	2527
4877	4486
4878	None
4879	7638
4880	None
4881	None
4882	3083
4883	None
4884	None
4885	None
4886	None
4887	None
4888	None
4889	2899
4890	None
4891	5194
4892	2517
4893	None
4894	None
4895	None
4896	None
4897	None
4898	None
4899	None
4900	5936
4901	5076
4902	None
4903	2431
4904	None
4905	None
4906	None
4907	2814
4908	None
4909	None
4910	None
4911	2981
4912	2304
4913	None
4914	None
4915	2511
4916	None
4917	None
4918	None
4919	None
4920	None
4921	None
4922	None
4923	None
4924	None
4925	None
4926	None
4927	2235
4928	None
4929	3490
4930	3508
4931	None
4932	None
4933	3760
4934	None
4935	4163
4936	3293
4937	None
4938	None
4939	None
4940	None
4941	None
4942	None
4943	None
4944	4099
4945	3571
4946	4603
4947	None
4948	None
4949	None
4950	None
4951	None
4952	None
4953	4065
4954	2495
4955	None
4956	None
4957	3748
4958	4289
4959	None
4960	5108
4961	2443
4962	None
4963	4244
4964	2716
4965	2967
4966	None
4967	3102
4968	None
4969	None
4970	None
4971	None
4972	4479
4973	4685
4974	4012
4975	2448
4976	None
4977	None
4978	None
4979	2346
4980	5386
4981	3841
4982	None
4983	4118
4984	None
4985	2738
4986	5261
4987	2528
4988	None
4989	2646
4990	2671
4991	2368
4992	None
4993	None
4994	5348
4995	None
4996	None
4997	None
4998	4817
4999	None
5000	2933
5001	2802
5002	None
5003	3902
5004	2886
5005	2712
5006	2766
5007	2464
5008	2527
5009	None
5010	4828
5011	None
5012	None
5013	None
5014	None
5015	None
5016	2933
5017	2551
5018	2862
5019	3174
5020	5613
5021	5011
5022	None
5023	3043
5024	2701
5025	2878
5026	None
5027	None
5028	None
5029	None
5030	4211
5031	None
5032	3987
5033	None
5034	None
5035	5464
5036	None
5037	4655
5038	2882
5039	None
5040	2838
5041	7600
5042	None
5043	3131
5044	2529
5045	None
5046	2898
5047	None
5048	2666
5049	3902
5050	5800
5051	2812
5052	None
5053	3267
5054	5890
5055	None
5056	None
5057	2557
5058	2893
5059	None
5060	None
5061	None
5062	4053
5063	4603
5064	4591
5065	4025
5066	4606
5067	2704
5068	3318
5069	3308
5070	2721
5071	3608
5072	None
5073	4446
5074	None
5075	None
5076	2722
5077	4938
5078	2851
5079	None
5080	5920
5081	None
5082	None
5083	2740
5084	3395
5085	2986
5086	None
5087	None
5088	None
5089	None
5090	5388
5091	5144
5092	None
5093	4658
5094	4286
5095	None
5096	4652
5097	3050
5098	3426
5099	4043
5100	5684
5101	4812
5102	3055
5103	None
5104	None
5105	4012
5106	3330
5107	4536
5108	3721
5109	None
5110	3952
5111	4790
5112	None
5113	3060
5114	None
5115	3193
5116	3328
5117	3392
5118	4975
5119	3161
5120	2811
5121	6333
5122	None
5123	None
5124	2953
5125	4830
5126	3304
5127	2835
5128	None
5129	6215
5130	4424
5131	None
5132	5263
5133	4277
5134	5145
5135	None
5136	3454
5137	4575
5138	5400
5139	5283
5140	3173
5141	3182
5142	5795
5143	4096
5144	5653
5145	4400
5146	3589
5147	2887
5148	2900
5149	3227
5150	5283
5151	None
5152	None
5153	3938
5154	3234
5155	None
5156	6311
5157	None
5158	3657
5159	2946
5160	5096
5161	4013
5162	None
5163	8215
5164	3305
5165	4452
5166	None
5167	None
5168	None
5169	4145
5170	7289
5171	4556
5172	None
5173	4335
5174	3297
5175	3546
5176	4143
5177	None
5178	3869
5179	3068
5180	None
5181	6660
5182	3138
5183	5900
5184	4535
5185	4231
5186	3292
5187	4645
5188	4417
5189	3439
5190	4603
5191	3862
5192	4218
5193	4621
5194	None
5195	4137
5196	None
5197	5774
5198	6064
5199	3588
5200	5970
5201	5580
5202	3753
5203	3346
5204	None
5205	3273
5206	3064
5207	None
5208	6565
5209	6169
5210	3312
5211	3343
5212	3560
5213	3446
5214	6490
5215	None
5216	3521
5217	3494
5218	None
5219	None
5220	5606
5221	3489
5222	None
5223	3256
5224	None
5225	4191
5226	5052
5227	3279
5228	4623
5229	3141
5230	4807
5231	6036
5232	None
5233	3206
5234	None
5235	None
5236	4057
5237	None
5238	3504
5239	3626
5240	None
5241	4302
5242	5273
5243	4163
5244	None
5245	None
5246	4462
5247	3431
5248	None
5249	3524
5250	None
5251	5386
5252	3707
5253	None
5254	None
5255	3340
5256	None
5257	3636
5258	3206
5259	None
5260	3740
5261	None
5262	5203
5263	3616
5264	3588
5265	4399
5266	4163
5267	None
5268	4434
5269	None
5270	None
5271	6557
5272	3451
5273	3588
5274	None
5275	3489
5276	None
5277	3492
5278	3329
5279	4318
5280	5385
5281	5624
5282	None
5283	3561
5284	3392
5285	3571
5286	3618
5287	3887
5288	None
5289	3369
5290	4814
5291	7197
5292	3491
5293	None
5294	None
5295	3594
5296	None
5297	None
5298	7244
5299	3547
5300	None
5301	None
5302	3813
5303	6080
5304	None
5305	None
5306	4775
5307	None
5308	5690
5309	6496
5310	3604
5311	3635
5312	4702
5313	5283
5314	None
5315	5057
5316	None
5317	None
5318	3468
5319	5355
5320	None
5321	None
5322	None
5323	None
5324	None
5325	None
5326	5391
5327	3812
5328	3501
5329	3850
5330	None
5331	None
5332	7738
5333	None
5334	6444
5335	None
5336	4462
5337	None
5338	None
5339	3601
5340	5125
5341	3531
5342	3459
5343	4974
5344	None
5345	None
5346	3765
5347	3782
5348	4369
5349	4150
5350	None
5351	None
5352	None
5353	3565
5354	None
5355	3528
5356	None
5357	None
5358	6530
5359	6789
5360	None
5361	4938
5362	4028
5363	None
5364	None
5365	None
5366	None
5367	5757
5368	3842
5369	3682
5370	4242
5371	3663
5372	None
5373	None
5374	None
5375	None
5376	None
5377	7387
5378	6387
5379	5313
5380	4115
5381	4806
5382	4427
5383	5281
5384	None
5385	None
5386	5962
5387	None
5388	6127
5389	3661
5390	None
5391	None
5392	None
5393	None
5394	3792
5395	4891
5396	5486
5397	None
5398	6132
5399	4749
5400	6790
5401	None
5402	None
5403	None
5404	4647
5405	3668
5406	None
5407	None
5408	4390
5409	3706
5410	None
5411	None
5412	None
5413	None
5414	4316
5415	None
5416	None
5417	None
5418	None
5419	None
5420	3677
5421	6278
5422	3729
5423	None
5424	None
5425	None
5426	None
5427	None
5428	7754
5429	None
5430	None
5431	4904
5432	5135
5433	7354
5434	None
5435	5029
5436	None
5437	4655
5438	None
5439	None
5440	3918
5441	4973
5442	None
5443	None
5444	3783
5445	5176
5446	None
5447	4959
5448	7800
5449	7450
5450	None
5451	None
5452	4699
5453	None
5454	4994
5455	4438
5456	4763
5457	None
5458	None
5459	None
5460	7022
5461	None
5462	None
5463	None
5464	None
5465	None
5466	4752
5467	3877
5468	4473
5469	3898
5470	None
5471	None
5472	7028
5473	8158
5474	None
5475	None
5476	None
5477	3930
5478	None
5479	4996
5480	5104
5481	None
5482	None
5483	4367
5484	None
5485	None
5486	None
5487	4394
5488	None
5489	6009
5490	6459
5491	4310
5492	None
5493	4290
5494	None
5495	7289
5496	None
5497	None
5498	None
5499	None
5500	4535
5501	5578
5502	None
5503	None
5504	None
5505	None
5506	3931
5507	None
5508	None
5509	None
5510	4388
5511	None
5512	None
5513	6818
5514	6466
5515	None
5516	None
5517	4723
5518	None
5519	4881
5520	None
5521	5386
5522	8263
5523	3961
5524	4362
5525	3999
5526	7192
5527	None
5528	None
5529	None
5530	None
5531	None
5532	None
5533	None
5534	4094
5535	4593
5536	None
5537	None
5538	4158
5539	3990
5540	None
5541	4078
5542	8047
5543	3960
5544	8158
5545	7099
5546	8157
5547	4983
5548	None
5549	None
5550	None
5551	None
5552	None
5553	4069
5554	4845
5555	None
5556	4251
5557	None
5558	None
5559	None
5560	None
5561	None
5562	None
5563	None
5564	None
5565	None
5566	None
5567	None
5568	None
5569	4268
5570	None
5571	7820
5572	None
5573	6064
5574	None
5575	4486
5576	None
5577	6890
5578	None
5579	4716
5580	None
5581	None
5582	None
5583	None
5584	4974
5585	4895
5586	None
5587	None
5588	8158
5589	None
5590	None
5591	None
5592	4518
5593	None
5594	5506
5595	None
5596	None
5597	4228
5598	None
5599	5523
5600	4448
5601	None
5602	None
5603	None
5604	6839
5605	None
5606	None
5607	None
5608	4625
5609	None
5610	4663
5611	8031
5612	None
5613	None
5614	None
5615	None
5616	None
5617	None
5618	5283
5619	4677
5620	None
5621	None
5622	None
5623	4555
5624	None
5625	None
5626	None
5627	7075
5628	4479
5629	None
5630	5384
5631	None
5632	None
5633	4608
5634	4639
5635	None
5636	None
5637	4606
5638	None
5639	6474
5640	4578
5641	None
5642	None
5643	None
5644	None
5645	None
5646	4648
5647	None
5648	None
5649	4532
5650	5751
5651	4281
5652	4281
5653	None
5654	6025
5655	None
5656	None
5657	None
5658	None
5659	4764
5660	4323
5661	None
5662	None
5663	6023
5664	None
5665	None
5666	None
5667	None
5668	None
5669	None
5670	None
5671	None
5672	4560
5673	None
5674	4886
5675	4938
5676	5384
5677	None
5678	4635
5679	None
5680	4265
5681	5362
5682	None
5683	None
5684	None
5685	None
5686	None
5687	None
5688	None
5689	8159
5690	None
5691	None
5692	None
5693	None
5694	None
5695	None
5696	None
5697	None
5698	None
5699	None
5700	None
5701	None
5702	None
5703	None
5704	None
5705	None
5706	None
5707	None
5708	None
5709	None
5710	None
5711	None
5712	None
5713	None
5714	None
5715	None
5716	None
5717	None
5718	None
5719	None
5720	None
5721	None
5722	None
5723	None
5724	None
5725	None
5726	None
5727	None
5728	None
5729	None
5730	None
5731	None
5732	None
5733	None
5734	None
5735	None
5736	None
5737	None
5738	None
5739	None
5740	None
5741	None
5742	None
5743	None
5744	None
5745	None
5746	None
5747	None
5748	None
5749	None
5750	None
5751	None
5752	None
5753	None
5754	None
5755	None
5756	None
5757	None
5758	None
5759	None
5760	None
5761	None
5762	None
5763	None
5764	None
5765	None
5766	None
5767	None
5768	None
5769	None
5770	None
5771	None
5772	None
5773	None
5774	None
5775	None
5776	None
5777	None
5778	None
5779	None
5780	None
5781	None
5782	None
5783	None
5784	None
5785	None
5786	None
5787	None
5788	None
5789	None
5790	None
5791	None
5792	None
5793	None
5794	None
5795	None
5796	None
5797	None
5798	None
5799	None
5800	None
5801	None
5802	None
5803	None
5804	None
5805	None
5806	None
5807	None
5808	None
5809	None
5810	None
5811	None
5812	None
5813	None
5814	None
5815	None
5816	None
5817	None
5818	None
5819	None
5820	None
5821	None
5822	None
5823	None
5824	None
5825	None
5826	None
5827	None
5828	None
5829	None
5830	None
5831	None
5832	None
5833	None
5834	None
5835	None
5836	None
5837	None
5838	None
5839	None
5840	None
5841	None
5842	None
5843	None
5844	None
5845	None
5846	None
5847	None
5848	None
5849	None
5850	None
5851	None
5852	None
5853	None
5854	None
5855	None
5856	None
5857	None
5858	None
5859	None
5860	None
5861	None
5862	None
5863	None
5864	None
5865	None
5866	None
5867	None
5868	None
5869	None
5870	None
5871	None
5872	None
5873	None
5874	None
5875	None
5876	None
5877	None
5878	None
5879	None
5880	None
5881	None
5882	None
5883	None
5884	None
5885	None
5886	None
5887	None
5888	None
5889	None
5890	None
5891	None
5892	None
5893	None
5894	None
5895	None
5896	None
5897	None
5898	None
5899	None
5900	None
5901	None
5902	None
5903	None
5904	None
5905	None
5906	None
5907	None
5908	None
5909	None
5910	None
5911	None
5912	None
5913	None
5914	None
5915	None
5916	None
5917	None
5918	None
5919	None
5920	None
5921	None
5922	None
5923	None
5924	None
5925	None
5926	None
5927	None
5928	None
5929	None
5930	None
5931	None
5932	None
5933	None
5934	None
5935	None
5936	None
5937	None
5938	None
5939	None
5940	None
5941	None
5942	None
5943	None
5944	None
5945	None
5946	None
5947	None
5948	None
5949	None
5950	None
5951	None
5952	None
5953	None
5954	None
5955	None
5956	None
5957	None
5958	None
5959	None
5960	None
5961	None
5962	None
5963	None
5964	None
5965	None
5966	None
5967	None
5968	None
5969	None
5970	None
5971	None
5972	None
5973	None
5974	None
5975	None
5976	None
5977	None
5978	None
5979	None
5980	None
5981	None
5982	None
5983	None
5984	None
5985	None
5986	None
5987	None
5988	None
5989	None
5990	None
5991	None
5992	None
5993	None
5994	None
5995	None
5996	None
5997	None
5998	None
5999	None
6000	None
6001	None
6002	None
6003	None
6004	None
6005	None
6006	None
6007	None
6008	None
6009	None
6010	None
6011	None
6012	None
6013	None
6014	None
6015	None
6016	None
6017	None
6018	None
6019	None
6020	None
6021	None
6022	None
6023	None
6024	None
6025	None
6026	None
6027	None
6028	None
6029	None
6030	None
6031	None
6032	None
6033	None
6034	None
6035	None
6036	None
6037	None
6038	None
6039	None
6040	None
6041	None
6042	None
6043	None
6044	None
6045	None
6046	None
6047	None
6048	None
6049	None
6050	None
6051	None
6052	None
6053	None
6054	None
6055	None
6056	None
6057	None
6058	None
6059	None
6060	None
6061	None
6062	None
6063	None
6064	None
6065	None
6066	None
6067	None
6068	None
6069	None
6070	None
6071	None
6072	None
6073	None
6074	None
6075	None
6076	None
6077	None
6078	None
6079	None
6080	None
6081	None
6082	None
6083	None
6084	None
6085	None
6086	None
6087	None
6088	None
6089	None
6090	None
6091	None
6092	None
6093	None
6094	None
6095	None
6096	None
6097	None
6098	None
6099	None
6100	None
6101	None
6102	None
6103	None
6104	None
6105	None
6106	None
6107	None
6108	None
6109	None
6110	None
6111	None
6112	None
6113	None
6114	None
6115	None
6116	None
6117	None
6118	None
6119	None
6120	None
6121	None
6122	None
6123	None
6124	None
6125	None
6126	None
6127	None
6128	None
6129	None
6130	None
6131	None
6132	None
6133	None
6134	None
6135	None
6136	None
6137	None
6138	None
6139	None
6140	None
6141	None
6142	None
6143	None
6144	None
6145	None
6146	None
6147	None
6148	None
6149	None
6150	None
6151	None
6152	None
6153	None
6154	None
6155	None
6156	None
6157	None
6158	None
6159	None
6160	None
6161	None
6162	None
6163	None
6164	None
6165	None
6166	None
6167	None
6168	None
6169	None
6170	None
6171	None
6172	None
6173	None
6174	None
6175	None
6176	None
6177	None
6178	None
6179	None
6180	None
6181	None
6182	None
6183	None
6184	None
6185	None
6186	None
6187	None
6188	None
6189	None
6190	None
6191	None
6192	None
6193	None
6194	None
6195	None
6196	None
6197	None
6198	None
6199	None
6200	None
6201	None
6202	None
6203	None
6204	None
6205	None
6206	None
6207	None
6208	None
6209	None
6210	None
6211	None
6212	None
6213	None
6214	None
6215	None
6216	None
6217	None
6218	None
6219	None
6220	None
6221	None
6222	None
6223	None
6224	None
6225	None
6226	None
6227	None
6228	None
6229	None
6230	None
6231	None
6232	None
6233	None
6234	None
6235	None
6236	None
6237	None
6238	None
6239	None
6240	None
6241	None
6242	None
6243	None
6244	None
6245	None
6246	None
6247	None
6248	None
6249	None
6250	None
6251	None
6252	None
6253	None
6254	None
6255	None
6256	None
6257	None
6258	None
6259	None
6260	None
6261	None
6262	None
6263	None
6264	None
6265	None
6266	None
6267	None
6268	None
6269	None
6270	None
6271	None
6272	None
6273	None
6274	None
6275	None
6276	None
6277	None
6278	None
6279	None
6280	None
6281	None
6282	None
6283	None
6284	None
6285	None
6286	None
6287	None
6288	None
6289	None
6290	None
6291	None
6292	None
6293	None
6294	None
6295	None
6296	None
6297	None
6298	None
6299	None
6300	None
6301	None
6302	None
6303	None
6304	None
6305	None
6306	None
6307	None
6308	None
6309	None
6310	None
6311	None
6312	None
6313	None
6314	None
6315	None
6316	None
6317	None
6318	None
6319	None
6320	None
6321	None
6322	None
6323	None
6324	None
6325	None
6326	None
6327	None
6328	None
6329	None
6330	None
6331	None
6332	None
6333	None
6334	None
6335	None
6336	None
6337	None
6338	None
6339	None
6340	None
6341	None
6342	None
6343	None
6344	None
6345	None
6346	None
6347	None
6348	None
6349	None
6350	None
6351	None
6352	None
6353	None
6354	None
6355	None
6356	None
6357	None
6358	None
6359	None
6360	None
6361	None
6362	None
6363	None
6364	None
6365	None
6366	None
6367	None
6368	None
6369	None
6370	None
6371	None
6372	None
6373	None
6374	None
6375	None
6376	None
6377	None
6378	None
6379	None
6380	None
6381	None
6382	None
6383	None
6384	None
6385	None
6386	None
6387	None
6388	None
6389	None
6390	None
6391	None
6392	None
6393	None
6394	None
6395	None
6396	None
6397	None
6398	None
6399	None
6400	None
6401	None
6402	None
6403	None
6404	None
6405	None
6406	None
6407	None
6408	None
6409	None
6410	None
6411	None
6412	None
6413	None
6414	None
6415	None
6416	None
6417	None
6418	None
6419	None
6420	None
6421	None
6422	None
6423	None
6424	None
6425	None
6426	None
6427	None
6428	None
6429	None
6430	None
6431	None
6432	None
6433	None
6434	None
6435	None
6436	None
6437	None
6438	None
6439	None
6440	None
6441	None
6442	None
6443	None
6444	None
6445	None
6446	None
6447	None
6448	None
6449	None
6450	None
6451	None
6452	None
6453	None
6454	None
6455	None
6456	None
6457	None
6458	None
6459	None
6460	None
6461	None
6462	None
6463	None
6464	None
6465	None
6466	None
6467	None
6468	None
6469	None
6470	None
6471	None
6472	None
6473	None
6474	None
6475	None
6476	None
6477	None
6478	None
6479	None
6480	None
6481	None
6482	None
6483	None
6484	None
6485	None
6486	None
6487	None
6488	None
6489	None
6490	None
6491	None
6492	None
6493	None
6494	None
6495	None
6496	None
6497	None
6498	None
6499	None
6500	None
6501	None
6502	None
6503	None
6504	None
6505	None
6506	None
6507	None
6508	None
6509	None
6510	None
6511	None
6512	None
6513	None
6514	None
6515	None
6516	None
6517	None
6518	None
6519	None
6520	None
6521	None
6522	None
6523	None
6524	None
6525	None
6526	None
6527	None
6528	None
6529	None
6530	None
6531	None
6532	None
6533	None
6534	None
6535	None
6536	None
6537	None
6538	None
6539	None
6540	None
6541	None
6542	None
6543	None
6544	None
6545	None
6546	None
6547	None
6548	None
6549	None
6550	None
6551	None
6552	None
6553	None
6554	None
6555	None
6556	None
6557	None
6558	None
6559	None
6560	None
6561	None
6562	None
6563	None
6564	None
6565	None
6566	None
6567	None
6568	None
6569	None
6570	None
6571	None
6572	None
6573	None
6574	None
6575	None
6576	None
6577	None
6578	None
6579	None
6580	None
6581	None
6582	None
6583	None
6584	None
6585	None
6586	None
6587	None
6588	None
6589	None
6590	None
6591	None
6592	None
6593	None
6594	None
6595	None
6596	None
6597	None
6598	None
6599	None
6600	None
6601	None
6602	None
6603	None
6604	None
6605	None
6606	None
6607	None
6608	None
6609	None
6610	None
6611	None
6612	None
6613	None
6614	None
6615	None
6616	None
6617	None
6618	None
6619	None
6620	None
6621	None
6622	None
6623	None
6624	None
6625	None
6626	None
6627	None
6628	None
6629	None
6630	None
6631	None
6632	None
6633	None
6634	None
6635	None
6636	None
6637	None
6638	None
6639	None
6640	None
6641	None
6642	None
6643	None
6644	None
6645	None
6646	None
6647	None
6648	None
6649	None
6650	None
6651	None
6652	None
6653	None
6654	None
6655	None
6656	None
6657	None
6658	None
6659	None
6660	None
6661	None
6662	None
6663	None
6664	None
6665	None
6666	None
6667	None
6668	None
6669	None
6670	None
6671	None
6672	None
6673	None
6674	None
6675	None
6676	None
6677	None
6678	None
6679	None
6680	None
6681	None
6682	None
6683	None
6684	None
6685	None
6686	None
6687	None
6688	None
6689	None
6690	None
6691	None
6692	None
6693	None
6694	None
6695	None
6696	None
6697	None
6698	None
6699	None
6700	None
6701	None
6702	None
6703	None
6704	None
6705	None
6706	None
6707	None
6708	None
6709	None
6710	None
6711	None
6712	None
6713	None
6714	None
6715	None
6716	None
6717	None
6718	None
6719	None
6720	None
6721	None
6722	None
6723	None
6724	None
6725	None
6726	None
6727	None
6728	None
6729	None
6730	None
6731	None
6732	None
6733	None
6734	None
6735	None
6736	None
6737	None
6738	None
6739	None
6740	None
6741	None
6742	None
6743	None
6744	None
6745	None
6746	None
6747	None
6748	None
6749	None
6750	None
6751	None
6752	None
6753	None
6754	None
6755	None
6756	None
6757	None
6758	None
6759	None
6760	None
6761	None
6762	None
6763	None
6764	None
6765	None
6766	None
6767	None
6768	None
6769	None
6770	None
6771	None
6772	None
6773	None
6774	None
6775	None
6776	None
6777	None
6778	None
6779	None
6780	None
6781	None
6782	None
6783	None
6784	None
6785	None
6786	None
6787	None
6788	None
6789	None
6790	None
6791	None
6792	None
6793	None
6794	None
6795	None
6796	None
6797	None
6798	None
6799	None
6800	None
6801	None
6802	None
6803	None
6804	None
6805	None
6806	None
6807	None
6808	None
6809	None
6810	None
6811	None
6812	None
6813	None
6814	None
6815	None
6816	None
6817	None
6818	None
6819	None
6820	None
6821	None
6822	None
6823	None
6824	None
6825	None
6826	None
6827	None
6828	None
6829	None
6830	None
6831	None
6832	None
6833	None
6834	None
6835	None
6836	None
6837	None
6838	None
6839	None
6840	None
6841	None
6842	None
6843	None
6844	None
6845	None
6846	None
6847	None
6848	None
6849	None
6850	None
6851	None
6852	None
6853	None
6854	None
6855	None
6856	None
6857	None
6858	None
6859	None
6860	None
6861	None
6862	None
6863	None
6864	None
6865	None
6866	None
6867	None
6868	None
6869	None
6870	None
6871	None
6872	None
6873	None
6874	None
6875	None
6876	None
6877	None
6878	None
6879	None
6880	None
6881	None
6882	None
6883	None
6884	None
6885	None
6886	None
6887	None
6888	None
6889	None
6890	None
6891	None
6892	None
6893	None
6894	None
6895	None
6896	None
6897	None
6898	None
6899	None
6900	None
6901	None
6902	None
6903	None
6904	None
6905	None
6906	None
6907	None
6908	None
6909	None
6910	None
6911	None
6912	None
6913	None
6914	None
6915	None
6916	None
6917	None
6918	None
6919	None
6920	None
6921	None
6922	None
6923	None
6924	None
6925	None
6926	None
6927	None
6928	None
6929	None
6930	None
6931	None
6932	None
6933	None
6934	None
6935	None
6936	None
6937	None
6938	None
6939	None
6940	None
6941	None
6942	None
6943	None
6944	None
6945	None
6946	None
6947	None
6948	None
6949	None
6950	None
6951	None
6952	None
6953	None
6954	None
6955	None
6956	None
6957	None
6958	None
6959	None
6960	None
6961	None
6962	None
6963	None
6964	None
6965	None
6966	None
6967	None
6968	None
6969	None
6970	None
6971	None
6972	None
6973	None
6974	None
6975	None
6976	None
6977	None
6978	None
6979	None
6980	None
6981	None
6982	None
6983	None
6984	None
6985	None
6986	None
6987	None
6988	None
6989	None
6990	None
6991	None
6992	None
6993	None
6994	None
6995	None
6996	None
6997	None
6998	None
6999	None
7000	None
7001	None
7002	None
7003	None
7004	None
7005	None
7006	None
7007	None
7008	None
7009	None
7010	None
7011	None
7012	None
7013	None
7014	None
7015	None
7016	None
7017	None
7018	None
7019	None
7020	None
7021	None
7022	None
7023	None
7024	None
7025	None
7026	None
7027	None
7028	None
7029	None
7030	None
7031	None
7032	None
7033	None
7034	None
7035	None
7036	None
7037	None
7038	None
7039	None
7040	None
7041	None
7042	None
7043	None
7044	None
7045	None
7046	None
7047	None
7048	None
7049	None
7050	None
7051	None
7052	None
7053	None
7054	None
7055	None
7056	None
7057	None
7058	None
7059	None
7060	None
7061	None
7062	None
7063	None
7064	None
7065	None
7066	None
7067	None
7068	None
7069	None
7070	None
7071	None
7072	None
7073	None
7074	None
7075	None
7076	None
7077	None
7078	None
7079	None
7080	None
7081	None
7082	None
7083	None
7084	None
7085	None
7086	None
7087	None
7088	None
7089	None
7090	None
7091	None
7092	None
7093	None
7094	None
7095	None
7096	None
7097	None
7098	None
7099	None
7100	None
7101	None
7102	None
7103	None
7104	None
7105	None
7106	None
7107	None
7108	None
7109	None
7110	None
7111	None
7112	None
7113	None
7114	None
7115	None
7116	None
7117	None
7118	None
7119	None
7120	None
7121	None
7122	None
7123	None
7124	None
7125	None
7126	None
7127	None
7128	None
7129	None
7130	None
7131	None
7132	None
7133	None
7134	None
7135	None
7136	None
7137	None
7138	None
7139	None
7140	None
7141	None
7142	None
7143	None
7144	None
7145	None
7146	None
7147	None
7148	None
7149	None
7150	None
7151	None
7152	None
7153	None
7154	None
7155	None
7156	None
7157	None
7158	None
7159	None
7160	None
7161	None
7162	None
7163	None
7164	None
7165	None
7166	None
7167	None
7168	None
7169	None
7170	None
7171	None
7172	None
7173	None
7174	None
7175	None
7176	None
7177	None
7178	None
7179	None
7180	None
7181	None
7182	None
7183	None
7184	None
7185	None
7186	None
7187	None
7188	None
7189	None
7190	None
7191	None
7192	None
7193	None
7194	None
7195	None
7196	None
7197	None
7198	None
7199	None
7200	None
7201	None
7202	None
7203	None
7204	None
7205	None
7206	None
7207	None
7208	None
7209	None
7210	None
7211	None
7212	None
7213	None
7214	None
7215	None
7216	None
7217	None
7218	None
7219	None
7220	None
7221	None
7222	None
7223	None
7224	None
7225	None
7226	None
7227	None
7228	None
7229	None
7230	None
7231	None
7232	None
7233	None
7234	None
7235	None
7236	None
7237	None
7238	None
7239	None
7240	None
7241	None
7242	None
7243	None
7244	None
7245	None
7246	None
7247	None
7248	None
7249	None
7250	None
7251	None
7252	None
7253	None
7254	None
7255	None
7256	None
7257	None
7258	None
7259	None
7260	None
7261	None
7262	None
7263	None
7264	None
7265	None
7266	None
7267	None
7268	None
7269	None
7270	None
7271	None
7272	None
7273	None
7274	None
7275	None
7276	None
7277	None
7278	None
7279	None
7280	None
7281	None
7282	None
7283	None
7284	None
7285	None
7286	None
7287	None
7288	None
7289	None
7290	None
7291	None
7292	None
7293	None
7294	None
7295	None
7296	None
7297	None
7298	None
7299	None
7300	None
7301	None
7302	None
7303	None
7304	None
7305	None
7306	None
7307	None
7308	None
7309	None
7310	None
7311	None
7312	None
7313	None
7314	None
7315	None
7316	None
7317	None
7318	None
7319	None
7320	None
7321	None
7322	None
7323	None
7324	None
7325	None
7326	None
7327	None
7328	None
7329	None
7330	None
7331	None
7332	None
7333	None
7334	None
7335	None
7336	None
7337	None
7338	None
7339	None
7340	None
7341	None
7342	None
7343	None
7344	None
7345	None
7346	None
7347	None
7348	None
7349	None
7350	None
7351	None
7352	None
7353	None
7354	None
7355	None
7356	None
7357	None
7358	None
7359	None
7360	None
7361	None
7362	None
7363	None
7364	None
7365	None
7366	None
7367	None
7368	None
7369	None
7370	None
7371	None
7372	None
7373	None
7374	None
7375	None
7376	None
7377	None
7378	None
7379	None
7380	None
7381	None
7382	None
7383	None
7384	None
7385	None
7386	None
7387	None
7388	None
7389	None
7390	None
7391	None
7392	None
7393	None
7394	None
7395	None
7396	None
7397	None
7398	None
7399	None
7400	None
7401	None
7402	None
7403	None
7404	None
7405	None
7406	None
7407	None
7408	None
7409	None
7410	None
7411	None
7412	None
7413	None
7414	None
7415	None
7416	None
7417	None
7418	None
7419	None
7420	None
7421	None
7422	None
7423	None
7424	None
7425	None
7426	None
7427	None
7428	None
7429	None
7430	None
7431	None
7432	None
7433	None
7434	None
7435	None
7436	None
7437	None
7438	None
7439	None
7440	None
7441	None
7442	None
7443	None
7444	None
7445	None
7446	None
7447	None
7448	None
7449	None
7450	None
7451	None
7452	None
7453	None
7454	None
7455	None
7456	None
7457	None
7458	None
7459	None
7460	None
7461	None
7462	None
7463	None
7464	None
7465	None
7466	None
7467	None
7468	None
7469	None
7470	None
7471	None
7472	None
7473	None
7474	None
7475	None
7476	None
7477	None
7478	None
7479	None
7480	None
7481	None
7482	None
7483	None
7484	None
7485	None
7486	None
7487	None
7488	None
7489	None
7490	None
7491	None
7492	None
7493	None
7494	None
7495	None
7496	None
7497	None
7498	None
7499	None
7500	None
7501	None
7502	None
7503	None
7504	None
7505	None
7506	None
7507	None
7508	None
7509	None
7510	None
7511	None
7512	None
7513	None
7514	None
7515	None
7516	None
7517	None
7518	None
7519	None
7520	None
7521	None
7522	None
7523	None
7524	None
7525	None
7526	None
7527	None
7528	None
7529	None
7530	None
7531	None
7532	None
7533	None
7534	None
7535	None
7536	None
7537	None
7538	None
7539	None
7540	None
7541	None
7542	None
7543	None
7544	None
7545	None
7546	None
7547	None
7548	None
7549	None
7550	None
7551	None
7552	None
7553	None
7554	None
7555	None
7556	None
7557	None
7558	None
7559	None
7560	None
7561	None
7562	None
7563	None
7564	None
7565	None
7566	None
7567	None
7568	None
7569	None
7570	None
7571	None
7572	None
7573	None
7574	None
7575	None
7576	None
7577	None
7578	None
7579	None
7580	None
7581	None
7582	None
7583	None
7584	None
7585	None
7586	None
7587	None
7588	None
7589	None
7590	None
7591	None
7592	None
7593	None
7594	None
7595	None
7596	None
7597	None
7598	None
7599	None
7600	None
7601	None
7602	None
7603	None
7604	None
7605	None
7606	None
7607	None
7608	None
7609	None
7610	None
7611	None
7612	None
7613	None
7614	None
7615	None
7616	None
7617	None
7618	None
7619	None
7620	None
7621	None
7622	None
7623	None
7624	None
7625	None
7626	None
7627	None
7628	None
7629	None
7630	None
7631	None
7632	None
7633	None
7634	None
7635	None
7636	None
7637	None
7638	None
7639	None
7640	None
7641	None
7642	None
7643	None
7644	None
7645	None
7646	None
7647	None
7648	None
7649	None
7650	None
7651	None
7652	None
7653	None
7654	None
7655	None
7656	None
7657	None
7658	None
7659	None
7660	None
7661	None
7662	None
7663	None
7664	None
7665	None
7666	None
7667	None
7668	None
7669	None
7670	None
7671	None
7672	None
7673	None
7674	None
7675	None
7676	None
7677	None
7678	None
7679	None
7680	None
7681	None
7682	None
7683	None
7684	None
7685	None
7686	None
7687	None
7688	None
7689	None
7690	None
7691	None
7692	None
7693	None
7694	None
7695	None
7696	None
7697	None
7698	None
7699	None
7700	None
7701	None
7702	None
7703	None
7704	None
7705	None
7706	None
7707	None
7708	None
7709	None
7710	None
7711	None
7712	None
7713	None
7714	None
7715	None
7716	None
7717	None
7718	None
7719	None
7720	None
7721	None
7722	None
7723	None
7724	None
7725	None
7726	None
7727	None
7728	None
7729	None
7730	None
7731	None
7732	None
7733	None
7734	None
7735	None
7736	None
7737	None
7738	None
7739	None
7740	None
7741	None
7742	None
7743	None
7744	None
7745	None
7746	None
7747	None
7748	None
7749	None
7750	None
7751	None
7752	None
7753	None
7754	None
7755	None
7756	None
7757	None
7758	None
7759	None
7760	None
7761	None
7762	None
7763	None
7764	None
7765	None
7766	None
7767	None
7768	None
7769	None
7770	None
7771	None
7772	None
7773	None
7774	None
7775	None
7776	None
7777	None
7778	None
7779	None
7780	None
7781	None
7782	None
7783	None
7784	None
7785	None
7786	None
7787	None
7788	None
7789	None
7790	None
7791	None
7792	None
7793	None
7794	None
7795	None
7796	None
7797	None
7798	None
7799	None
7800	None
7801	None
7802	None
7803	None
7804	None
7805	None
7806	None
7807	None
7808	None
7809	None
7810	None
7811	None
7812	None
7813	None
7814	None
7815	None
7816	None
7817	None
7818	None
7819	None
7820	None
7821	None
7822	None
7823	None
7824	None
7825	None
7826	None
7827	None
7828	None
7829	None
7830	None
7831	None
7832	None
7833	None
7834	None
7835	None
7836	None
7837	None
7838	None
7839	None
7840	None
7841	None
7842	None
7843	None
7844	None
7845	None
7846	None
7847	None
7848	None
7849	None
7850	None
7851	None
7852	None
7853	None
7854	None
7855	None
7856	None
7857	None
7858	None
7859	None
7860	None
7861	None
7862	None
7863	None
7864	None
7865	None
7866	None
7867	None
7868	None
7869	None
7870	None
7871	None
7872	None
7873	None
7874	None
7875	None
7876	None
7877	None
7878	None
7879	None
7880	None
7881	None
7882	None
7883	None
7884	None
7885	None
7886	None
7887	None
7888	None
7889	None
7890	None
7891	None
7892	None
7893	None
7894	None
7895	None
7896	None
7897	None
7898	None
7899	None
7900	None
7901	None
7902	None
7903	None
7904	None
7905	None
7906	None
7907	None
7908	None
7909	None
7910	None
7911	None
7912	None
7913	None
7914	None
7915	None
7916	None
7917	None
7918	None
7919	None
7920	None
7921	None
7922	None
7923	None
7924	None
7925	None
7926	None
7927	None
7928	None
7929	None
7930	None
7931	None
7932	None
7933	None
7934	None
7935	None
7936	None
7937	None
7938	None
7939	None
7940	None
7941	None
7942	None
7943	None
7944	None
7945	None
7946	None
7947	None
7948	None
7949	None
7950	None
7951	None
7952	None
7953	None
7954	None
7955	None
7956	None
7957	None
7958	None
7959	None
7960	None
7961	None
7962	None
7963	None
7964	None
7965	None
7966	None
7967	None
7968	None
7969	None
7970	None
7971	None
7972	None
7973	None
7974	None
7975	None
7976	None
7977	None
7978	None
7979	None
7980	None
7981	None
7982	None
7983	None
7984	None
7985	None
7986	None
7987	None
7988	None
7989	None
7990	None
7991	None
7992	None
7993	None
7994	None
7995	None
7996	None
7997	None
7998	None
7999	None
8000	None
8001	None
8002	None
8003	None
8004	None
8005	None
8006	None
8007	None
8008	None
8009	None
8010	None
8011	None
8012	None
8013	None
8014	None
8015	None
8016	None
8017	None
8018	None
8019	None
8020	None
8021	None
8022	None
8023	None
8024	None
8025	None
8026	None
8027	None
8028	None
8029	None
8030	None
8031	None
8032	None
8033	None
8034	None
8035	None
8036	None
8037	None
8038	None
8039	None
8040	None
8041	None
8042	None
8043	None
8044	None
8045	None
8046	None
8047	None
8048	None
8049	None
8050	None
8051	None
8052	None
8053	None
8054	None
8055	None
8056	None
8057	None
8058	None
8059	None
8060	None
8061	None
8062	None
8063	None
8064	None
8065	None
8066	None
8067	None
8068	None
8069	None
8070	None
8071	None
8072	None
8073	None
8074	None
8075	None
8076	None
8077	None
8078	None
8079	None
8080	None
8081	None
8082	None
8083	None
8084	None
8085	None
8086	None
8087	None
8088	None
8089	None
8090	None
8091	None
8092	None
8093	None
8094	None
8095	None
8096	None
8097	None
8098	None
8099	None
8100	None
8101	None
8102	None
8103	None
8104	None
8105	None
8106	None
8107	None
8108	None
8109	None
8110	None
8111	None
8112	None
8113	None
8114	None
8115	None
8116	None
8117	None
8118	None
8119	None
8120	None
8121	None
8122	None
8123	None
8124	None
8125	None
8126	None
8127	None
8128	None
8129	None
8130	None
8131	None
8132	None
8133	None
8134	None
8135	None
8136	None
8137	None
8138	None
8139	None
8140	None
8141	None
8142	None
8143	None
8144	None
8145	None
8146	None
8147	None
8148	None
8149	None
8150	None
8151	None
8152	None
8153	None
8154	None
8155	None
8156	None
8157	None
8158	None
8159	None
8160	None
8161	None
8162	None
8163	None
8164	None
8165	None
8166	None
8167	None
8168	None
8169	None
8170	None
8171	None
8172	None
8173	None
8174	None
8175	None
8176	None
8177	None
8178	None
8179	None
8180	None
8181	None
8182	None
8183	None
8184	None
8185	None
8186	None
8187	None
8188	None
8189	None
8190	None
8191	None
8192	None
8193	None
8194	None
8195	None
8196	None
8197	None
8198	None
8199	None
8200	None
8201	None
8202	None
8203	None
8204	None
8205	None
8206	None
8207	None
8208	None
8209	None
8210	None
8211	None
8212	None
8213	None
8214	None
8215	None
8216	None
8217	None
8218	None
8219	None
8220	None
8221	None
8222	None
8223	None
8224	None
8225	None
8226	None
8227	None
8228	None
8229	None
8230	None
8231	None
8232	None
8233	None
8234	None
8235	None
8236	None
8237	None
8238	None
8239	None
8240	None
8241	None
8242	None
8243	None
8244	None
8245	None
8246	None
8247	None
8248	None
8249	None
8250	None
8251	None
8252	None
8253	None
8254	None
8255	None
8256	None
8257	None
8258	None
8259	None
8260	None
8261	None
8262	None
8263	None
8264	None
8265	None
8266	None
8267	None
8268	None
8269	None
8270	None
8271	None
8272	None
8273	None
8274	None
8275	None
8276	None
8277	None
8278	None
8279	None
8280	None
8281	None
8282	None
8283	None
8284	None
8285	None
8286	None
8287	None
8288	None
8289	None
8290	None
8291	None
8292	None
8293	None
8294	None
8295	None
8296	None
8297	None
8298	None
8299	None
8300	None
8301	None
8302	None
8303	None
8304	None
8305	None
8306	None
8307	None
8308	None
8309	None
8310	None
8311	None
8312	None
8313	None
8314	None
8315	None
8316	None
8317	None
8318	None
8319	None
8320	None
8321	None
8322	None
8323	None
8324	None
8325	None
8326	None
8327	None
8328	None
8329	None
8330	None
8331	None
8332	None
8333	None
8334	None
8335	None
8336	None
8337	None
8338	None
8339	None
8340	None
8341	None
8342	None
8343	None
8344	None
8345	None
8346	None
8347	None
8348	None
8349	None
8350	None
8351	None
8352	None
8353	None
8354	None
8355	None
8356	None
8357	None
8358	None
8359	None
8360	None
8361	None
8362	None
8363	None
8364	None
8365	None
8366	None
8367	None
8368	None
8369	None
8370	None
8371	None
8372	None
8373	None
8374	None
8375	None
8376	None
8377	None
8378	None
8379	None
8380	None
8381	None
8382	None
8383	None
8384	None
8385	None
8386	None
8387	None
8388	None
8389	None
8390	None
8391	None
8392	None
8393	None
8394	None
8395	None
8396	None
8397	None
8398	None
8399	None
8400	None
8401	None
8402	None
8403	None
8404	None
8405	None
8406	None
8407	None
8408	None
8409	None
8410	None
8411	None
8412	None
8413	None
8414	None
8415	None
8416	None
8417	None
8418	None
8419	None
8420	None
8421	None
8422	None
8423	None
8424	None
8425	None
8426	None
8427	None
8428	None
8429	None
8430	None
8431	None
8432	None
8433	None
8434	None
8435	None
8436	None
8437	None
8438	None
8439	None
8440	None
8441	None
8442	None
8443	None
8444	None
8445	None
8446	None
8447	None
8448	None
8449	None
8450	None
8451	None
8452	None
8453	None
8454	None
8455	None
8456	None
8457	None
8458	None
8459	None
8460	None
8461	None
8462	None
8463	None
8464	None
8465	None
8466	None
8467	None
8468	None
8469	None
8470	None
8471	None
8472	None
8473	None
8474	None
8475	None
8476	None
8477	None
8478	None
8479	None
8480	None
8481	None
8482	None
8483	None
8484	None
8485	None
8486	None
8487	None
8488	None
8489	None
8490	None
8491	None
8492	None
8493	None
8494	None
8495	None
8496	None
8497	None
8498	None
8499	None
8500	None
8501	None
8502	None
8503	None
8504	None
8505	None
8506	None
8507	None
8508	None
8509	None
8510	None
8511	None
8512	None
8513	None
8514	None
8515	None
8516	None
8517	None
8518	None
8519	None
8520	None
8521	None
8522	None
8523	None
8524	None
8525	None
8526	None
8527	None
8528	None
8529	None
8530	None
8531	None
8532	None
8533	None
8534	None
8535	None
8536	None
8537	None
8538	None
8539	None
8540	None
8541	None
8542	None
8543	None
8544	None
8545	None
8546	None
8547	None
8548	None
8549	None
8550	None
8551	None
8552	None
8553	None
8554	None
8555	None
8556	None
8557	None
8558	None
8559	None
8560	None
8561	None
8562	None
8563	None
8564	None
8565	None
8566	None
8567	None
8568	None
8569	None
8570	None
8571	None
8572	None
8573	None
8574	None
8575	None
8576	None
8577	None
8578	None
8579	None
8580	None
8581	None
8582	None
8583	None
8584	None
8585	None
8586	None
8587	None
8588	None
8589	None
8590	None
8591	None
8592	None
8593	None
8594	None
8595	None
8596	None
8597	None
8598	None
8599	None
8600	None
8601	None
8602	None
8603	None
8604	None
8605	None
8606	None
8607	None
8608	None
8609	None
8610	None
8611	None
8612	None
8613	None
8614	None
8615	None
8616	None
8617	None
8618	None
8619	None
8620	None
8621	None
8622	None
8623	None
8624	None
8625	None
8626	None
8627	None
8628	None
8629	None
8630	None
8631	None
8632	None
8633	None
8634	None
8635	None
8636	None
8637	None
8638	None
8639	None
8640	None
8641	None
8642	None
8643	None
8644	None
8645	None
8646	None
8647	None
8648	None
8649	None
8650	None
8651	None
8652	None
8653	None
8654	None
8655	None
8656	None
8657	None
8658	None
8659	None
8660	None
8661	None
8662	None
8663	None
8664	None
8665	None
8666	None
8667	None
8668	None
8669	None
8670	None
8671	None
8672	None
8673	None
8674	None
8675	None
8676	None
8677	None
8678	None
8679	None
8680	None
8681	None
8682	None
8683	None
8684	None
8685	None
8686	None
8687	None
8688	None
8689	None
8690	None
8691	None
8692	None
8693	None
8694	None
8695	None
8696	None
8697	None
8698	None
8699	None
8700	None
8701	None
8702	None
8703	None
8704	None
8705	None
8706	None
8707	None
8708	None
8709	None
8710	None
8711	None
8712	None
8713	None
8714	None
8715	None
8716	None
8717	None
8718	None
8719	None
8720	None
8721	None
8722	None
8723	None
8724	None
8725	None
8726	None
8727	None
8728	None
8729	None
8730	None
8731	None
8732	None
8733	None
8734	None
8735	None
8736	None
8737	None
8738	None
8739	None
8740	None
8741	None
8742	None
8743	None
8744	None
8745	None
8746	None
8747	None
8748	None
8749	None
8750	None
8751	None
8752	None
8753	None
8754	None
8755	None
8756	None
8757	None
8758	None
8759	None
8760	None
8761	None
8762	None
8763	None
8764	None
8765	None
8766	None
8767	None
8768	None
8769	None
8770	None
8771	None
8772	None
8773	None
8774	None
8775	None
8776	None
8777	None
8778	None
8779	None
8780	None
8781	None
8782	None
8783	None
8784	None
8785	None
