2937 matches
['halomatch.py', 'Runs/', 'LCDM_vanilla', 'SymC_cool_star_SN', '64', '.5', 'match_LCDM_vanilla_SymC_cool_star_SN']
LCDM_vanilla	SymC_cool_star_SN
0	0
1	1
2	3
3	2
4	4
5	6
6	5
7	11
8	8
9	10
10	13
11	16
12	7
13	15
14	12
15	14
16	18
17	17
18	20
19	19
20	None
21	22
22	23
23	25
24	29
25	24
26	21
27	27
28	26
29	36
30	28
31	59
32	30
33	31
34	39
35	45
36	46
37	40
38	99
39	48
40	38
41	41
42	33
43	37
44	43
45	56
46	49
47	55
48	35
49	52
50	54
51	44
52	71
53	53
54	None
55	None
56	61
57	50
58	63
59	60
60	88
61	87
62	62
63	99
64	68
65	72
66	70
67	86
68	90
69	109
70	81
71	120
72	130
73	73
74	84
75	91
76	100
77	74
78	93
79	57
80	108
81	80
82	303
83	82
84	96
85	176
86	None
87	102
88	69
89	98
90	160
91	160
92	83
93	111
94	None
95	112
96	105
97	92
98	107
99	114
100	121
101	148
102	None
103	85
104	118
105	77
106	101
107	79
108	106
109	127
110	141
111	119
112	139
113	166
114	97
115	136
116	179
117	None
118	None
119	None
120	129
121	218
122	494
123	337
124	None
125	181
126	170
127	131
128	None
129	137
130	161
131	178
132	None
133	188
134	195
135	175
136	226
137	174
138	None
139	None
140	104
141	144
142	191
143	117
144	126
145	303
146	169
147	197
148	264
149	203
150	268
151	None
152	167
153	206
154	196
155	140
156	153
157	None
158	None
159	216
160	None
161	238
162	171
163	None
164	198
165	None
166	244
167	230
168	None
169	None
170	221
171	202
172	None
173	None
174	193
175	124
176	219
177	135
178	209
179	154
180	247
181	233
182	396
183	308
184	199
185	665
186	None
187	None
188	256
189	116
190	None
191	217
192	194
193	311
194	None
195	252
196	224
197	187
198	None
199	343
200	243
201	None
202	None
203	None
204	168
205	None
206	263
207	None
208	249
209	215
210	395
211	237
212	None
213	282
214	387
215	260
216	None
217	265
218	None
219	211
220	None
221	385
222	None
223	None
224	236
225	257
226	318
227	863
228	155
229	None
230	None
231	None
232	None
233	254
234	None
235	325
236	969
237	None
238	291
239	327
240	351
241	None
242	212
243	360
244	373
245	None
246	341
247	546
248	None
249	254
250	409
251	None
252	335
253	269
254	289
255	380
256	None
257	None
258	421
259	285
260	274
261	None
262	378
263	None
264	393
265	None
266	433
267	472
268	None
269	None
270	518
271	None
272	None
273	458
274	None
275	None
276	411
277	313
278	None
279	275
280	377
281	321
282	None
283	389
284	469
285	557
286	332
287	None
288	None
289	None
290	None
291	None
292	None
293	None
294	1376
295	305
296	429
297	384
298	298
299	None
300	522
301	530
302	532
303	529
304	None
305	None
306	None
307	792
308	None
309	None
310	None
311	None
312	None
313	414
314	528
315	548
316	None
317	370
318	None
319	None
320	None
321	521
322	738
323	None
324	451
325	556
326	None
327	None
328	None
329	None
330	None
331	984
332	317
333	None
334	290
335	1269
336	1605
337	None
338	1318
339	306
340	None
341	398
342	439
343	367
344	None
345	None
346	453
347	None
348	563
349	483
350	359
351	300
352	533
353	339
354	352
355	None
356	None
357	841
358	925
359	330
360	322
361	None
362	None
363	None
364	None
365	513
366	None
367	626
368	None
369	1247
370	1346
371	564
372	553
373	None
374	None
375	None
376	986
377	None
378	589
379	None
380	None
381	974
382	1240
383	415
384	None
385	353
386	None
387	None
388	1842
389	None
390	907
391	474
392	1630
393	840
394	None
395	622
396	None
397	593
398	None
399	412
400	390
401	None
402	None
403	1030
404	None
405	None
406	None
407	None
408	775
409	None
410	None
411	None
412	None
413	None
414	789
415	None
416	925
417	None
418	None
419	635
420	1475
421	None
422	720
423	None
424	1378
425	539
426	None
427	628
428	None
429	None
430	537
431	449
432	None
433	1196
434	None
435	None
436	None
437	1720
438	1189
439	None
440	None
441	1033
442	None
443	471
444	None
445	None
446	932
447	None
448	None
449	None
450	None
451	448
452	None
453	None
454	461
455	647
456	None
457	None
458	None
459	913
460	455
461	None
462	None
463	558
464	None
465	None
466	None
467	None
468	None
469	None
470	772
471	None
472	None
473	462
474	None
475	None
476	None
477	1007
478	None
479	None
480	708
481	961
482	None
483	595
484	1639
485	None
486	None
487	547
488	None
489	None
490	None
491	865
492	1418
493	None
494	1340
495	None
496	None
497	1874
498	None
499	None
500	938
501	514
502	None
503	None
504	None
505	585
506	469
507	None
508	424
509	None
510	1269
511	596
512	571
513	496
514	None
515	650
516	1334
517	None
518	None
519	None
520	None
521	None
522	2036
523	None
524	1300
525	671
526	None
527	None
528	None
529	621
530	909
531	1639
532	1346
533	None
534	None
535	1046
536	None
537	None
538	None
539	None
540	None
541	None
542	None
543	None
544	1542
545	None
546	None
547	1151
548	None
549	None
550	None
551	None
552	844
553	None
554	None
555	613
556	655
557	None
558	None
559	597
560	None
561	None
562	None
563	None
564	None
565	None
566	858
567	None
568	977
569	None
570	1168
571	None
572	None
573	None
574	None
575	762
576	1581
577	None
578	709
579	611
580	1183
581	None
582	1404
583	783
584	None
585	964
586	None
587	1410
588	None
589	None
590	523
591	1745
592	None
593	None
594	None
595	None
596	779
597	None
598	None
599	None
600	None
601	1418
602	702
603	842
604	None
605	813
606	None
607	658
608	1323
609	None
610	None
611	None
612	None
613	1475
614	None
615	None
616	None
617	1517
618	719
619	None
620	None
621	None
622	None
623	None
624	None
625	None
626	None
627	749
628	None
629	None
630	None
631	873
632	1738
633	None
634	None
635	None
636	None
637	None
638	1897
639	849
640	904
641	None
642	None
643	1457
644	None
645	None
646	945
647	None
648	None
649	None
650	None
651	None
652	None
653	1102
654	None
655	1990
656	2213
657	882
658	None
659	None
660	None
661	788
662	None
663	1720
664	1955
665	None
666	None
667	None
668	None
669	None
670	1014
671	890
672	1846
673	None
674	None
675	None
676	None
677	None
678	1548
679	1079
680	919
681	1171
682	722
683	None
684	721
685	825
686	None
687	712
688	None
689	1442
690	1954
691	None
692	None
693	863
694	None
695	None
696	1204
697	1598
698	None
699	1073
700	None
701	None
702	1461
703	None
704	None
705	None
706	None
707	None
708	888
709	None
710	1464
711	1854
712	567
713	None
714	None
715	None
716	None
717	718
718	None
719	None
720	None
721	None
722	None
723	None
724	None
725	None
726	None
727	None
728	None
729	None
730	None
731	None
732	None
733	805
734	None
735	None
736	None
737	1959
738	None
739	None
740	None
741	807
742	None
743	None
744	1436
745	None
746	None
747	None
748	None
749	None
750	1142
751	None
752	1996
753	None
754	None
755	None
756	1703
757	1706
758	None
759	1774
760	939
761	930
762	None
763	None
764	1639
765	None
766	1031
767	None
768	None
769	1082
770	1873
771	None
772	1154
773	None
774	1439
775	None
776	843
777	None
778	None
779	1012
780	None
781	None
782	None
783	2127
784	None
785	None
786	2182
787	None
788	802
789	None
790	2011
791	None
792	1943
793	None
794	1292
795	None
796	None
797	None
798	None
799	1719
800	None
801	None
802	933
803	1148
804	None
805	None
806	1418
807	1227
808	None
809	1120
810	2117
811	1725
812	None
813	1870
814	None
815	None
816	815
817	None
818	None
819	1594
820	996
821	None
822	1605
823	None
824	947
825	None
826	809
827	983
828	936
829	704
830	1101
831	None
832	1042
833	None
834	995
835	None
836	None
837	None
838	None
839	1153
840	1139
841	None
842	None
843	None
844	1126
845	1586
846	1157
847	None
848	None
849	None
850	None
851	None
852	None
853	None
854	None
855	None
856	1070
857	None
858	None
859	None
860	1083
861	None
862	None
863	2105
864	None
865	1167
866	None
867	1280
868	None
869	None
870	1466
871	None
872	None
873	None
874	None
875	None
876	None
877	1431
878	None
879	None
880	2071
881	None
882	1911
883	None
884	1214
885	1243
886	1247
887	1076
888	None
889	None
890	None
891	1619
892	None
893	None
894	1457
895	950
896	None
897	None
898	1276
899	None
900	None
901	902
902	1297
903	None
904	1040
905	None
906	None
907	1192
908	1640
909	None
910	2367
911	None
912	None
913	None
914	None
915	None
916	1047
917	2800
918	2561
919	1286
920	None
921	None
922	None
923	2019
924	1307
925	None
926	1108
927	None
928	None
929	None
930	2021
931	1398
932	None
933	1842
934	None
935	1978
936	1990
937	None
938	1277
939	None
940	None
941	2326
942	1535
943	2079
944	2165
945	None
946	1404
947	None
948	1725
949	None
950	1344
951	2106
952	None
953	None
954	None
955	None
956	1115
957	1009
958	None
959	1561
960	1604
961	838
962	1160
963	1329
964	None
965	None
966	None
967	1389
968	None
969	None
970	1838
971	1595
972	1909
973	None
974	None
975	None
976	None
977	1781
978	None
979	None
980	None
981	None
982	1981
983	None
984	1387
985	1916
986	None
987	None
988	1119
989	None
990	1238
991	2006
992	None
993	None
994	None
995	None
996	1901
997	None
998	None
999	1672
1000	None
1001	1481
1002	1235
1003	1784
1004	2203
1005	2444
1006	None
1007	1202
1008	1686
1009	None
1010	None
1011	None
1012	None
1013	None
1014	None
1015	1264
1016	None
1017	1187
1018	1304
1019	1413
1020	None
1021	1075
1022	None
1023	1241
1024	None
1025	1982
1026	1133
1027	1104
1028	None
1029	1810
1030	1697
1031	1729
1032	None
1033	None
1034	1855
1035	2010
1036	1315
1037	None
1038	1466
1039	1016
1040	1504
1041	2707
1042	None
1043	None
1044	1687
1045	2182
1046	2301
1047	None
1048	1652
1049	None
1050	None
1051	2308
1052	None
1053	1462
1054	1774
1055	1072
1056	1662
1057	None
1058	None
1059	1319
1060	None
1061	None
1062	1140
1063	None
1064	1338
1065	2079
1066	None
1067	2865
1068	1489
1069	None
1070	None
1071	None
1072	2248
1073	None
1074	1402
1075	None
1076	1222
1077	None
1078	None
1079	1543
1080	1285
1081	1164
1082	1065
1083	None
1084	None
1085	None
1086	None
1087	1986
1088	None
1089	None
1090	1904
1091	1274
1092	None
1093	660
1094	None
1095	None
1096	None
1097	1324
1098	1843
1099	2021
1100	1336
1101	None
1102	1281
1103	None
1104	None
1105	1354
1106	2472
1107	1585
1108	None
1109	1581
1110	None
1111	None
1112	None
1113	None
1114	1750
1115	None
1116	None
1117	1287
1118	1248
1119	2375
1120	None
1121	None
1122	None
1123	2232
1124	1364
1125	1188
1126	2639
1127	2284
1128	None
1129	None
1130	None
1131	1535
1132	None
1133	None
1134	None
1135	2119
1136	None
1137	None
1138	None
1139	None
1140	None
1141	None
1142	None
1143	1507
1144	None
1145	None
1146	None
1147	None
1148	None
1149	1745
1150	2191
1151	1554
1152	1240
1153	None
1154	2092
1155	None
1156	None
1157	None
1158	None
1159	2540
1160	None
1161	1674
1162	1474
1163	None
1164	1715
1165	None
1166	1941
1167	None
1168	None
1169	2135
1170	2734
1171	1491
1172	None
1173	None
1174	None
1175	None
1176	None
1177	None
1178	1453
1179	None
1180	None
1181	1415
1182	None
1183	None
1184	1267
1185	None
1186	None
1187	1341
1188	2149
1189	1505
1190	None
1191	None
1192	None
1193	None
1194	3210
1195	None
1196	None
1197	None
1198	None
1199	1759
1200	1611
1201	2075
1202	1296
1203	1897
1204	None
1205	1228
1206	None
1207	1546
1208	2908
1209	None
1210	1771
1211	1614
1212	1836
1213	2277
1214	None
1215	1372
1216	1328
1217	None
1218	1800
1219	1837
1220	None
1221	None
1222	None
1223	2568
1224	2059
1225	None
1226	None
1227	None
1228	1417
1229	None
1230	None
1231	1177
1232	1904
1233	1958
1234	2444
1235	None
1236	None
1237	None
1238	None
1239	1331
1240	1797
1241	1733
1242	2163
1243	None
1244	1906
1245	2045
1246	1835
1247	None
1248	None
1249	3223
1250	None
1251	None
1252	2794
1253	None
1254	None
1255	1922
1256	None
1257	1374
1258	1626
1259	1309
1260	1777
1261	None
1262	1993
1263	1575
1264	None
1265	980
1266	None
1267	None
1268	1518
1269	1802
1270	None
1271	2036
1272	None
1273	None
1274	1973
1275	None
1276	None
1277	1406
1278	None
1279	1914
1280	None
1281	1956
1282	None
1283	None
1284	None
1285	1536
1286	1477
1287	2030
1288	1532
1289	1668
1290	1497
1291	1823
1292	None
1293	1452
1294	1541
1295	1907
1296	None
1297	1645
1298	2106
1299	1695
1300	None
1301	1624
1302	1391
1303	1749
1304	1165
1305	1386
1306	2074
1307	None
1308	None
1309	None
1310	1634
1311	None
1312	1643
1313	None
1314	2297
1315	1465
1316	None
1317	2142
1318	2310
1319	2171
1320	None
1321	None
1322	None
1323	1562
1324	None
1325	2032
1326	3004
1327	1285
1328	1887
1329	2652
1330	1693
1331	1610
1332	None
1333	None
1334	1520
1335	None
1336	1705
1337	2438
1338	1987
1339	None
1340	1527
1341	3239
1342	1939
1343	1559
1344	None
1345	None
1346	1965
1347	None
1348	2046
1349	2706
1350	1974
1351	2080
1352	None
1353	None
1354	1621
1355	1772
1356	1687
1357	1571
1358	None
1359	1612
1360	2131
1361	1503
1362	None
1363	924
1364	None
1365	2284
1366	2095
1367	None
1368	None
1369	None
1370	2561
1371	2779
1372	None
1373	3270
1374	2181
1375	1436
1376	1989
1377	None
1378	1748
1379	None
1380	3136
1381	2523
1382	None
1383	None
1384	None
1385	2024
1386	None
1387	2392
1388	1751
1389	None
1390	1409
1391	1237
1392	1288
1393	None
1394	None
1395	1763
1396	2136
1397	3322
1398	None
1399	None
1400	1891
1401	1818
1402	None
1403	None
1404	None
1405	1908
1406	None
1407	None
1408	1513
1409	2458
1410	2035
1411	2459
1412	None
1413	2103
1414	None
1415	1440
1416	2604
1417	None
1418	2388
1419	1573
1420	3046
1421	1587
1422	None
1423	2921
1424	None
1425	None
1426	2030
1427	2879
1428	2367
1429	None
1430	1454
1431	2479
1432	1552
1433	None
1434	None
1435	1670
1436	None
1437	1380
1438	None
1439	2984
1440	None
1441	1706
1442	None
1443	1394
1444	None
1445	None
1446	1723
1447	1447
1448	None
1449	2939
1450	None
1451	2102
1452	None
1453	3602
1454	None
1455	1912
1456	None
1457	1714
1458	1710
1459	None
1460	2276
1461	None
1462	None
1463	3241
1464	None
1465	2288
1466	1928
1467	1441
1468	3566
1469	1711
1470	1064
1471	1700
1472	2026
1473	None
1474	1893
1475	2195
1476	2622
1477	None
1478	2085
1479	2022
1480	None
1481	804
1482	2847
1483	2244
1484	1476
1485	4009
1486	1462
1487	None
1488	2201
1489	None
1490	1588
1491	2352
1492	None
1493	2145
1494	None
1495	3677
1496	None
1497	None
1498	1883
1499	None
1500	None
1501	2918
1502	2050
1503	None
1504	None
1505	1781
1506	2174
1507	None
1508	None
1509	1960
1510	2642
1511	1926
1512	None
1513	2427
1514	1931
1515	None
1516	None
1517	2429
1518	None
1519	None
1520	None
1521	2433
1522	2294
1523	None
1524	None
1525	1947
1526	923
1527	None
1528	1819
1529	None
1530	None
1531	None
1532	1098
1533	None
1534	None
1535	None
1536	2918
1537	None
1538	None
1539	2314
1540	None
1541	None
1542	3284
1543	2282
1544	None
1545	1817
1546	None
1547	3219
1548	None
1549	1833
1550	None
1551	None
1552	2073
1553	None
1554	638
1555	1736
1556	2772
1557	None
1558	2154
1559	None
1560	None
1561	None
1562	None
1563	None
1564	None
1565	2638
1566	964
1567	1757
1568	None
1569	3941
1570	None
1571	None
1572	2668
1573	None
1574	None
1575	None
1576	2598
1577	728
1578	2466
1579	2641
1580	3271
1581	3175
1582	None
1583	None
1584	None
1585	2099
1586	2522
1587	2813
1588	2963
1589	2315
1590	2467
1591	2475
1592	2345
1593	2263
1594	2328
1595	1988
1596	None
1597	3193
1598	None
1599	None
1600	2952
1601	None
1602	None
1603	None
1604	2234
1605	1921
1606	4168
1607	None
1608	None
1609	3041
1610	None
1611	None
1612	2207
1613	958
1614	3093
1615	None
1616	1832
1617	3385
1618	2285
1619	None
1620	None
1621	2349
1622	None
1623	None
1624	2086
1625	None
1626	None
1627	3508
1628	2461
1629	1849
1630	2512
1631	2590
1632	None
1633	3945
1634	None
1635	1358
1636	None
1637	2389
1638	2719
1639	4433
1640	2041
1641	None
1642	None
1643	None
1644	1991
1645	2321
1646	2591
1647	None
1648	None
1649	None
1650	3675
1651	2365
1652	3643
1653	None
1654	4198
1655	2700
1656	2188
1657	None
1658	2892
1659	1293
1660	2511
1661	2300
1662	1636
1663	None
1664	1030
1665	2420
1666	None
1667	2216
1668	1828
1669	1760
1670	2583
1671	2949
1672	2854
1673	None
1674	None
1675	None
1676	2566
1677	None
1678	2435
1679	3525
1680	2944
1681	3025
1682	2556
1683	3490
1684	2093
1685	2669
1686	2403
1687	2776
1688	2570
1689	2958
1690	None
1691	3017
1692	1690
1693	2643
1694	2399
1695	2493
1696	2261
1697	2137
1698	2852
1699	2398
1700	None
1701	None
1702	None
1703	1846
1704	None
1705	2935
1706	1209
1707	2657
1708	None
1709	2077
1710	2372
1711	2803
1712	1849
1713	2815
1714	None
1715	3192
1716	2242
1717	None
1718	None
1719	None
1720	2599
1721	None
1722	None
1723	2013
1724	1570
1725	2971
1726	2251
1727	2725
1728	None
1729	2862
1730	None
1731	2534
1732	3787
1733	None
1734	2689
1735	None
1736	None
1737	None
1738	2623
1739	2551
1740	2638
1741	3082
1742	None
1743	2173
1744	3701
1745	2663
1746	None
1747	2327
1748	None
1749	2681
1750	1913
1751	1923
1752	2400
1753	2661
1754	None
1755	2337
1756	2504
1757	2934
1758	4140
1759	None
1760	None
1761	1678
1762	3064
1763	2413
1764	2554
1765	2339
1766	2614
1767	1663
1768	2771
1769	2344
1770	None
1771	2503
1772	None
1773	3223
1774	2497
1775	2411
1776	None
1777	None
1778	4335
1779	None
1780	None
1781	None
1782	3207
1783	None
1784	None
1785	None
1786	2034
1787	None
1788	2445
1789	2231
1790	None
1791	4117
1792	None
1793	None
1794	2924
1795	2959
1796	4743
1797	1592
1798	1834
1799	2116
1800	2222
1801	1989
1802	1166
1803	None
1804	3061
1805	3156
1806	2710
1807	2728
1808	2745
1809	2506
1810	1829
1811	3243
1812	None
1813	None
1814	None
1815	3123
1816	3470
1817	2990
1818	None
1819	4409
1820	3203
1821	3137
1822	3186
1823	2575
1824	1940
1825	None
1826	1935
1827	None
1828	None
1829	2850
1830	None
1831	None
1832	2866
1833	None
1834	3971
1835	2656
1836	4373
1837	3162
1838	3033
1839	2679
1840	None
1841	3300
1842	4533
1843	None
1844	2062
1845	2761
1846	None
1847	2964
1848	2887
1849	2501
1850	2552
1851	2585
1852	2578
1853	2170
1854	4384
1855	2883
1856	2910
1857	3252
1858	3107
1859	None
1860	1382
1861	2595
1862	3178
1863	4358
1864	2838
1865	3011
1866	4054
1867	2473
1868	2658
1869	3052
1870	None
1871	None
1872	None
1873	None
1874	None
1875	2839
1876	3363
1877	2702
1878	None
1879	1998
1880	2555
1881	None
1882	2199
1883	None
1884	3105
1885	2733
1886	3262
1887	None
1888	3026
1889	3832
1890	3119
1891	2186
1892	2917
1893	2864
1894	4543
1895	1661
1896	2691
1897	None
1898	None
1899	3281
1900	3086
1901	4738
1902	2620
1903	2753
1904	3102
1905	3089
1906	None
1907	2785
1908	2370
1909	3440
1910	2455
1911	2562
1912	5088
1913	4608
1914	1748
1915	None
1916	2651
1917	2151
1918	2758
1919	None
1920	2842
1921	1770
1922	None
1923	3359
1924	2729
1925	None
1926	None
1927	3394
1928	1493
1929	3311
1930	1947
1931	None
1932	3127
1933	3436
1934	3458
1935	4558
1936	3144
1937	None
1938	4502
1939	2017
1940	2627
1941	2759
1942	2489
1943	1429
1944	3172
1945	None
1946	2666
1947	None
1948	2704
1949	3345
1950	3521
1951	3365
1952	None
1953	2361
1954	3138
1955	2648
1956	2730
1957	1816
1958	None
1959	3417
1960	None
1961	2287
1962	2222
1963	2529
1964	4638
1965	3487
1966	2863
1967	3360
1968	None
1969	3430
1970	3842
1971	3542
1972	3104
1973	1815
1974	2930
1975	3021
1976	2209
1977	None
1978	3081
1979	4445
1980	4468
1981	1529
1982	1902
1983	3272
1984	3115
1985	3114
1986	None
1987	3217
1988	3030
1989	2822
1990	None
1991	1407
1992	None
1993	1623
1994	2737
1995	3452
1996	2272
1997	2755
1998	None
1999	None
2000	3199
2001	3384
2002	None
2003	4812
2004	3201
2005	None
2006	2608
2007	1856
2008	None
2009	None
2010	2332
2011	None
2012	3586
2013	4760
2014	2484
2015	4689
2016	2279
2017	3369
2018	None
2019	None
2020	2225
2021	2563
2022	3666
2023	3802
2024	None
2025	4426
2026	None
2027	None
2028	None
2029	None
2030	2257
2031	1843
2032	None
2033	3390
2034	None
2035	2307
2036	3246
2037	3592
2038	None
2039	3493
2040	None
2041	3031
2042	3994
2043	2431
2044	3316
2045	2664
2046	3541
2047	4717
2048	1666
2049	2951
2050	3144
2051	3344
2052	None
2053	4042
2054	2064
2055	3456
2056	1870
2057	3424
2058	None
2059	None
2060	None
2061	None
2062	None
2063	None
2064	None
2065	3572
2066	4353
2067	6039
2068	1647
2069	3306
2070	5696
2071	3733
2072	2370
2073	2148
2074	3820
2075	2913
2076	4467
2077	None
2078	3318
2079	3741
2080	3620
2081	None
2082	None
2083	2263
2084	None
2085	2090
2086	None
2087	1779
2088	None
2089	3457
2090	2113
2091	4056
2092	3275
2093	None
2094	2393
2095	4652
2096	3019
2097	1850
2098	3582
2099	None
2100	None
2101	None
2102	None
2103	2215
2104	4373
2105	3585
2106	None
2107	3342
2108	4049
2109	None
2110	None
2111	3537
2112	None
2113	3684
2114	5542
2115	None
2116	None
2117	None
2118	2202
2119	None
2120	None
2121	3693
2122	3651
2123	None
2124	2245
2125	None
2126	None
2127	5271
2128	3085
2129	5288
2130	3712
2131	3798
2132	None
2133	3924
2134	2126
2135	3510
2136	None
2137	None
2138	None
2139	None
2140	4759
2141	3375
2142	None
2143	None
2144	None
2145	5269
2146	1713
2147	3386
2148	None
2149	4146
2150	4021
2151	4528
2152	3243
2153	3797
2154	None
2155	2217
2156	2089
2157	None
2158	3285
2159	5991
2160	1876
2161	None
2162	1683
2163	3526
2164	None
2165	3677
2166	None
2167	1764
2168	2253
2169	2225
2170	None
2171	None
2172	2798
2173	None
2174	4069
2175	2532
2176	2632
2177	None
2178	2923
2179	4119
2180	None
2181	2252
2182	2010
2183	2786
2184	2269
2185	4073
2186	None
2187	2256
2188	2380
2189	2581
2190	None
2191	2176
2192	1649
2193	None
2194	2239
2195	6213
2196	None
2197	None
2198	1878
2199	2814
2200	2338
2201	None
2202	4011
2203	2751
2204	None
2205	None
2206	None
2207	4280
2208	2415
2209	2441
2210	None
2211	2355
2212	2911
2213	2129
2214	2714
2215	1759
2216	3020
2217	2262
2218	2331
2219	2610
2220	2384
2221	5285
2222	2162
2223	2931
2224	3067
2225	2840
2226	3829
2227	2233
2228	4064
2229	1676
2230	3258
2231	4451
2232	None
2233	None
2234	3126
2235	2507
2236	3019
2237	None
2238	2553
2239	1806
2240	2406
2241	None
2242	2107
2243	2329
2244	6346
2245	None
2246	4432
2247	1991
2248	2226
2249	None
2250	2405
2251	2264
2252	None
2253	None
2254	None
2255	1949
2256	2872
2257	2233
2258	3157
2259	None
2260	3896
2261	2430
2262	None
2263	2698
2264	3667
2265	None
2266	2437
2267	2533
2268	2653
2269	2353
2270	3222
2271	None
2272	4601
2273	3863
2274	4138
2275	4526
2276	None
2277	None
2278	2130
2279	None
2280	4606
2281	2790
2282	3922
2283	2336
2284	2072
2285	None
2286	2649
2287	2416
2288	1828
2289	2855
2290	4078
2291	2058
2292	3233
2293	None
2294	2582
2295	None
2296	None
2297	4189
2298	2379
2299	3806
2300	None
2301	3333
2302	3197
2303	4184
2304	None
2305	1916
2306	3847
2307	None
2308	2715
2309	4398
2310	3373
2311	2364
2312	5172
2313	2481
2314	None
2315	None
2316	None
2317	None
2318	2031
2319	None
2320	2943
2321	3161
2322	5053
2323	2340
2324	None
2325	3159
2326	None
2327	4649
2328	1981
2329	None
2330	None
2331	None
2332	None
2333	None
2334	None
2335	3232
2336	2342
2337	2609
2338	2437
2339	None
2340	4830
2341	2626
2342	None
2343	None
2344	2878
2345	2680
2346	None
2347	4182
2348	3128
2349	2423
2350	2801
2351	None
2352	4677
2353	3328
2354	None
2355	2946
2356	3485
2357	3350
2358	4539
2359	2763
2360	2692
2361	2818
2362	None
2363	None
2364	2831
2365	3795
2366	None
2367	None
2368	None
2369	2836
2370	5072
2371	7019
2372	2625
2373	2055
2374	None
2375	None
2376	4708
2377	1561
2378	None
2379	2916
2380	3296
2381	4155
2382	2902
2383	3761
2384	None
2385	3043
2386	3226
2387	None
2388	None
2389	None
2390	2996
2391	2653
2392	4683
2393	None
2394	1965
2395	1410
2396	2212
2397	3633
2398	None
2399	4258
2400	None
2401	None
2402	3848
2403	2179
2404	2183
2405	2933
2406	4029
2407	4403
2408	3076
2409	2447
2410	4780
2411	3057
2412	None
2413	2724
2414	4877
2415	3012
2416	3563
2417	2227
2418	2703
2419	None
2420	3116
2421	2260
2422	None
2423	2654
2424	2516
2425	None
2426	None
2427	2695
2428	2986
2429	None
2430	2819
2431	2536
2432	None
2433	2489
2434	3380
2435	None
2436	None
2437	None
2438	2474
2439	None
2440	None
2441	2768
2442	2662
2443	None
2444	None
2445	None
2446	None
2447	None
2448	2999
2449	2957
2450	2734
2451	None
2452	3674
2453	4877
2454	3200
2455	None
2456	None
2457	3214
2458	1999
2459	None
2460	None
2461	None
2462	4086
2463	None
2464	2606
2465	1805
2466	2712
2467	None
2468	3684
2469	3062
2470	None
2471	2779
2472	None
2473	4117
2474	2306
2475	2231
2476	None
2477	3284
2478	None
2479	None
2480	2547
2481	None
2482	2061
2483	None
2484	2699
2485	2738
2486	3304
2487	None
2488	3117
2489	3496
2490	3450
2491	None
2492	None
2493	3306
2494	2538
2495	3154
2496	2407
2497	3166
2498	4523
2499	2106
2500	3111
2501	3908
2502	None
2503	None
2504	None
2505	2880
2506	2265
2507	3308
2508	2853
2509	None
2510	None
2511	2274
2512	3445
2513	None
2514	3109
2515	3840
2516	None
2517	None
2518	1831
2519	3151
2520	1889
2521	4028
2522	3056
2523	2572
2524	5552
2525	None
2526	2559
2527	2412
2528	3180
2529	4939
2530	None
2531	4653
2532	3047
2533	3092
2534	3802
2535	2718
2536	None
2537	3037
2538	None
2539	2536
2540	None
2541	None
2542	None
2543	5061
2544	3542
2545	2686
2546	None
2547	None
2548	2792
2549	None
2550	None
2551	3729
2552	3703
2553	4713
2554	4903
2555	2569
2556	None
2557	3179
2558	2888
2559	3658
2560	2586
2561	2980
2562	3312
2563	None
2564	3497
2565	None
2566	2322
2567	None
2568	3605
2569	3588
2570	3221
2571	None
2572	4572
2573	4088
2574	None
2575	2274
2576	2726
2577	None
2578	2395
2579	3286
2580	3276
2581	2442
2582	1699
2583	None
2584	1478
2585	None
2586	2784
2587	2877
2588	3443
2589	3491
2590	4159
2591	3658
2592	None
2593	3487
2594	3154
2595	None
2596	2634
2597	3881
2598	None
2599	4403
2600	3406
2601	None
2602	None
2603	2473
2604	2410
2605	1925
2606	5487
2607	3851
2608	5157
2609	2915
2610	3429
2611	3685
2612	2593
2613	None
2614	1940
2615	3976
2616	2624
2617	2194
2618	None
2619	1983
2620	2353
2621	None
2622	None
2623	None
2624	3490
2625	None
2626	3470
2627	3313
2628	2528
2629	None
2630	2385
2631	None
2632	3420
2633	3068
2634	2989
2635	5116
2636	3635
2637	None
2638	None
2639	2882
2640	3324
2641	2993
2642	None
2643	3954
2644	2317
2645	None
2646	4467
2647	None
2648	3274
2649	3935
2650	None
2651	3039
2652	2639
2653	None
2654	2998
2655	2436
2656	2676
2657	2097
2658	3562
2659	3299
2660	None
2661	2123
2662	3428
2663	4749
2664	4268
2665	None
2666	None
2667	3385
2668	None
2669	3584
2670	3449
2671	None
2672	None
2673	3215
2674	3487
2675	None
2676	None
2677	None
2678	2176
2679	None
2680	2825
2681	2829
2682	None
2683	None
2684	3133
2685	None
2686	2870
2687	None
2688	3742
2689	4203
2690	None
2691	None
2692	3362
2693	3225
2694	None
2695	5052
2696	4440
2697	3660
2698	4216
2699	3421
2700	3594
2701	3305
2702	3511
2703	3273
2704	2760
2705	None
2706	2991
2707	5401
2708	3570
2709	3427
2710	3290
2711	None
2712	None
2713	3626
2714	3466
2715	None
2716	None
2717	3358
2718	None
2719	4032
2720	3051
2721	3576
2722	None
2723	2821
2724	3303
2725	4141
2726	3489
2727	5744
2728	3295
2729	None
2730	3566
2731	3729
2732	None
2733	3522
2734	3509
2735	3352
2736	3604
2737	3355
2738	3218
2739	None
2740	3122
2741	2005
2742	3495
2743	3343
2744	3431
2745	2688
2746	2920
2747	2543
2748	3194
2749	None
2750	3261
2751	4038
2752	2585
2753	None
2754	None
2755	None
2756	3375
2757	2732
2758	None
2759	3676
2760	4657
2761	3687
2762	3063
2763	2900
2764	3038
2765	3630
2766	4208
2767	3534
2768	2527
2769	5356
2770	None
2771	None
2772	3130
2773	None
2774	None
2775	3286
2776	None
2777	5600
2778	3865
2779	3247
2780	1917
2781	None
2782	3499
2783	3161
2784	None
2785	4877
2786	2523
2787	2985
2788	2804
2789	3150
2790	2470
2791	3758
2792	2954
2793	3472
2794	3777
2795	4054
2796	5328
2797	3251
2798	2133
2799	4169
2800	3987
2801	3879
2802	2706
2803	3766
2804	3460
2805	None
2806	3893
2807	3271
2808	None
2809	None
2810	None
2811	None
2812	None
2813	3573
2814	3743
2815	None
2816	3376
2817	3701
2818	3256
2819	5205
2820	5062
2821	3520
2822	3771
2823	None
2824	2832
2825	None
2826	3249
2827	3670
2828	3867
2829	None
2830	3386
2831	3363
2832	5003
2833	2826
2834	3503
2835	1647
2836	3904
2837	4474
2838	None
2839	2969
2840	3930
2841	3298
2842	4555
2843	3545
2844	None
2845	None
2846	5687
2847	5619
2848	3209
2849	3227
2850	3371
2851	3136
2852	3793
2853	5649
2854	3552
2855	None
2856	3600
2857	None
2858	None
2859	None
2860	2163
2861	None
2862	None
2863	3527
2864	5487
2865	5785
2866	None
2867	None
2868	None
2869	3224
2870	None
2871	None
2872	3883
2873	None
2874	3974
2875	4143
2876	2970
2877	2628
2878	2519
2879	None
2880	2983
2881	3631
2882	3543
2883	4178
2884	None
2885	None
2886	None
2887	3691
2888	3568
2889	None
2890	3799
2891	2586
2892	3953
2893	3475
2894	4260
2895	3725
2896	3234
2897	3704
2898	None
2899	2709
2900	3289
2901	3577
2902	3845
2903	None
2904	None
2905	2908
2906	None
2907	3512
2908	3961
2909	4375
2910	None
2911	4353
2912	4312
2913	3480
2914	None
2915	3382
2916	None
2917	3169
2918	3437
2919	3248
2920	4075
2921	None
2922	3608
2923	2940
2924	4028
2925	3198
2926	3763
2927	3775
2928	None
2929	4788
2930	3933
2931	None
2932	6041
2933	3616
2934	4472
2935	4206
2936	3817
2937	None
2938	3917
2939	3921
2940	4014
2941	3269
2942	3625
2943	6245
2944	2180
2945	1938
2946	None
2947	4170
2948	3946
2949	4379
2950	4129
2951	None
2952	3659
2953	None
2954	5664
2955	None
2956	5957
2957	None
2958	4101
2959	None
2960	None
2961	3615
2962	3987
2963	2694
2964	3078
2965	3556
2966	3549
2967	None
2968	3171
2969	3655
2970	4640
2971	3583
2972	2740
2973	None
2974	3618
2975	3100
2976	4022
2977	3525
2978	4279
2979	6307
2980	3988
2981	5794
2982	3662
2983	3665
2984	5197
2985	3824
2986	6010
2987	4303
2988	None
2989	4339
2990	3589
2991	2464
2992	3335
2993	5922
2994	4259
2995	4092
2996	None
2997	3781
2998	3975
2999	2265
3000	3998
3001	4209
3002	3734
3003	3738
3004	None
3005	3519
3006	5595
3007	None
3008	4221
3009	4091
3010	5343
3011	None
3012	4053
3013	None
3014	5644
3015	2594
3016	2530
3017	4188
3018	4114
3019	2518
3020	None
3021	2376
3022	5712
3023	3424
3024	4757
3025	None
3026	2858
3027	3375
3028	3905
3029	None
3030	4454
3031	None
3032	4354
3033	4362
3034	3969
3035	None
3036	3590
3037	4512
3038	3787
3039	3301
3040	3550
3041	3281
3042	3989
3043	4233
3044	None
3045	5147
3046	5893
3047	3425
3048	None
3049	3636
3050	4700
3051	3322
3052	3941
3053	None
3054	6340
3055	3682
3056	3668
3057	3773
3058	5499
3059	3689
3060	3693
3061	3591
3062	None
3063	5177
3064	None
3065	3830
3066	None
3067	3523
3068	None
3069	4769
3070	2912
3071	5065
3072	None
3073	None
3074	4218
3075	3282
3076	4551
3077	5303
3078	None
3079	4529
3080	3399
3081	1761
3082	3762
3083	2936
3084	4015
3085	4971
3086	None
3087	3831
3088	2576
3089	6377
3090	3280
3091	None
3092	3786
3093	3654
3094	3405
3095	4013
3096	None
3097	None
3098	5134
3099	None
3100	5106
3101	3862
3102	4328
3103	4538
3104	None
3105	4286
3106	None
3107	3903
3108	4535
3109	None
3110	4249
3111	4464
3112	3928
3113	4297
3114	None
3115	5004
3116	3657
3117	None
3118	5176
3119	3821
3120	3997
3121	2006
3122	4371
3123	None
3124	4413
3125	None
3126	3874
3127	4330
3128	6453
3129	4072
3130	5283
3131	2565
3132	None
3133	None
3134	2390
3135	3862
3136	4516
3137	3554
3138	3524
3139	3752
3140	5101
3141	3916
3142	5295
3143	3544
3144	2756
3145	4623
3146	4301
3147	3339
3148	3515
3149	2350
3150	4548
3151	4052
3152	None
3153	5387
3154	4524
3155	6791
3156	3477
3157	None
3158	4879
3159	4350
3160	None
3161	None
3162	4192
3163	3648
3164	4363
3165	4561
3166	None
3167	None
3168	4348
3169	None
3170	4571
3171	3632
3172	None
3173	5263
3174	None
3175	3517
3176	6248
3177	2548
3178	2505
3179	4932
3180	2425
3181	None
3182	None
3183	4006
3184	3683
3185	1746
3186	None
3187	None
3188	3103
3189	None
3190	4503
3191	None
3192	4993
3193	4834
3194	7019
3195	None
3196	3937
3197	4440
3198	3792
3199	2987
3200	None
3201	4496
3202	4294
3203	2675
3204	3168
3205	3786
3206	None
3207	4884
3208	None
3209	4037
3210	4599
3211	4251
3212	3873
3213	3855
3214	4608
3215	4098
3216	3386
3217	None
3218	3912
3219	None
3220	3540
3221	None
3222	4135
3223	5500
3224	None
3225	4097
3226	3827
3227	4336
3228	6241
3229	4166
3230	None
3231	4477
3232	None
3233	3680
3234	5159
3235	2362
3236	4425
3237	None
3238	4600
3239	4058
3240	3334
3241	5615
3242	3620
3243	None
3244	5814
3245	None
3246	4351
3247	4080
3248	3813
3249	3965
3250	3478
3251	None
3252	None
3253	3531
3254	None
3255	2098
3256	3767
3257	3945
3258	3539
3259	5030
3260	4868
3261	3678
3262	2778
3263	None
3264	2790
3265	2696
3266	4271
3267	None
3268	None
3269	None
3270	4087
3271	5124
3272	4155
3273	3973
3274	2273
3275	5146
3276	2900
3277	2802
3278	4085
3279	5027
3280	None
3281	3835
3282	2828
3283	3913
3284	5100
3285	2204
3286	4282
3287	2314
3288	None
3289	5543
3290	None
3291	3850
3292	6589
3293	3838
3294	None
3295	2635
3296	3846
3297	4641
3298	None
3299	4048
3300	3876
3301	4337
3302	2675
3303	None
3304	None
3305	3714
3306	6535
3307	3674
3308	None
3309	3911
3310	4239
3311	None
3312	None
3313	None
3314	None
3315	2564
3316	3731
3317	None
3318	None
3319	4264
3320	4078
3321	4057
3322	3709
3323	3871
3324	None
3325	None
3326	4881
3327	4373
3328	3736
3329	None
3330	4391
3331	4340
3332	6666
3333	4708
3334	4615
3335	None
3336	None
3337	None
3338	3754
3339	5552
3340	3055
3341	4502
3342	3723
3343	5375
3344	3951
3345	None
3346	4305
3347	3861
3348	3980
3349	4066
3350	None
3351	None
3352	None
3353	5660
3354	6744
3355	None
3356	4263
3357	3694
3358	None
3359	4611
3360	4121
3361	4202
3362	None
3363	None
3364	None
3365	None
3366	5386
3367	4120
3368	2156
3369	5287
3370	4156
3371	5510
3372	3434
3373	5415
3374	4177
3375	None
3376	4017
3377	3932
3378	4763
3379	6117
3380	4198
3381	2278
3382	5077
3383	None
3384	4063
3385	4906
3386	4376
3387	None
3388	5836
3389	6206
3390	4746
3391	None
3392	None
3393	None
3394	None
3395	3698
3396	4210
3397	2960
3398	None
3399	None
3400	5489
3401	3719
3402	None
3403	4369
3404	4489
3405	2474
3406	5241
3407	4591
3408	4274
3409	None
3410	4275
3411	3502
3412	4749
3413	2960
3414	3910
3415	None
3416	None
3417	None
3418	7057
3419	None
3420	4292
3421	None
3422	None
3423	4077
3424	None
3425	3912
3426	5638
3427	4319
3428	None
3429	None
3430	4220
3431	4644
3432	4187
3433	4357
3434	None
3435	4492
3436	None
3437	4307
3438	4084
3439	2357
3440	4196
3441	4712
3442	4237
3443	4547
3444	4241
3445	5669
3446	4322
3447	4576
3448	4343
3449	4543
3450	6002
3451	None
3452	4179
3453	5887
3454	4429
3455	None
3456	2636
3457	2120
3458	None
3459	5654
3460	None
3461	4582
3462	4240
3463	None
3464	4645
3465	3991
3466	None
3467	None
3468	4151
3469	2764
3470	None
3471	3302
3472	4034
3473	4392
3474	4076
3475	4985
3476	4908
3477	6245
3478	None
3479	None
3480	6048
3481	2660
3482	2501
3483	4857
3484	None
3485	4941
3486	None
3487	1814
3488	4417
3489	2783
3490	4310
3491	5311
3492	6257
3493	None
3494	None
3495	4664
3496	None
3497	4944
3498	4317
3499	None
3500	5348
3501	4602
3502	6324
3503	None
3504	4370
3505	None
3506	4374
3507	7111
3508	4706
3509	4197
3510	None
3511	4293
3512	6509
3513	4933
3514	5494
3515	6292
3516	None
3517	4260
3518	None
3519	6632
3520	4141
3521	5170
3522	4838
3523	4549
3524	None
3525	4476
3526	5768
3527	None
3528	5526
3529	5103
3530	5232
3531	None
3532	None
3533	None
3534	5775
3535	4916
3536	None
3537	4580
3538	4383
3539	None
3540	None
3541	4489
3542	2650
3543	3131
3544	4799
3545	4219
3546	None
3547	2275
3548	None
3549	4548
3550	5436
3551	None
3552	5015
3553	6337
3554	4505
3555	4835
3556	4586
3557	4847
3558	5202
3559	6061
3560	None
3561	4625
3562	4412
3563	None
3564	None
3565	4108
3566	4131
3567	None
3568	1861
3569	4372
3570	4205
3571	5920
3572	4765
3573	4631
3574	None
3575	4720
3576	None
3577	5213
3578	5619
3579	None
3580	4378
3581	2387
3582	None
3583	None
3584	5603
3585	None
3586	5325
3587	3513
3588	2397
3589	4484
3590	5622
3591	4600
3592	None
3593	5408
3594	4436
3595	4509
3596	4509
3597	None
3598	5193
3599	5542
3600	None
3601	4753
3602	2747
3603	None
3604	None
3605	None
3606	2601
3607	4099
3608	None
3609	4562
3610	None
3611	2557
3612	None
3613	5188
3614	4832
3615	None
3616	None
3617	None
3618	None
3619	4849
3620	6577
3621	3522
3622	4399
3623	5000
3624	5508
3625	4470
3626	None
3627	None
3628	None
3629	4289
3630	4646
3631	None
3632	4033
3633	None
3634	4864
3635	4767
3636	5191
3637	4226
3638	None
3639	None
3640	4926
3641	5207
3642	None
3643	None
3644	None
3645	5164
3646	3235
3647	None
3648	None
3649	3833
3650	None
3651	None
3652	None
3653	None
3654	5066
3655	None
3656	None
3657	None
3658	7125
3659	3412
3660	4489
3661	None
3662	None
3663	None
3664	None
3665	None
3666	4716
3667	4860
3668	3958
3669	None
3670	2732
3671	2882
3672	None
3673	None
3674	3040
3675	4756
3676	None
3677	None
3678	4862
3679	4004
3680	None
3681	None
3682	None
3683	4342
3684	4711
3685	3018
3686	None
3687	None
3688	None
3689	None
3690	None
3691	4585
3692	3906
3693	None
3694	None
3695	2462
3696	None
3697	None
3698	4434
3699	None
3700	None
3701	None
3702	None
3703	None
3704	None
3705	None
3706	None
3707	None
3708	None
3709	None
3710	None
3711	None
3712	None
3713	None
3714	None
3715	None
3716	None
3717	None
3718	None
3719	None
3720	5317
3721	None
3722	None
3723	None
3724	None
3725	None
3726	4657
3727	1969
3728	None
3729	None
3730	None
3731	None
3732	None
3733	3852
3734	3900
3735	None
3736	None
3737	4698
3738	None
3739	None
3740	None
3741	4347
3742	None
3743	None
3744	None
3745	4612
3746	None
3747	None
3748	None
3749	None
3750	None
3751	4754
3752	2419
3753	None
3754	3396
3755	None
3756	None
3757	None
3758	None
3759	3918
3760	None
3761	4642
3762	None
3763	3983
3764	None
3765	6382
3766	None
3767	4001
3768	None
3769	5374
3770	None
3771	None
3772	None
3773	None
3774	4909
3775	None
3776	None
3777	5070
3778	None
3779	6002
3780	3869
3781	None
3782	None
3783	None
3784	None
3785	4632
3786	4686
3787	1678
3788	None
3789	None
3790	None
3791	2830
3792	None
3793	None
3794	None
3795	None
3796	None
3797	4633
3798	None
3799	5613
3800	None
3801	None
3802	None
3803	None
3804	2749
3805	4212
3806	4819
3807	None
3808	4190
3809	5344
3810	4442
3811	None
3812	None
3813	None
3814	None
3815	None
3816	None
3817	None
3818	None
3819	None
3820	None
3821	None
3822	4766
3823	None
3824	None
3825	None
3826	4845
3827	None
3828	None
3829	3661
3830	None
3831	4165
3832	None
3833	4504
3834	None
3835	None
3836	4211
3837	5828
3838	None
3839	None
3840	None
3841	None
3842	4685
3843	3027
3844	None
3845	None
3846	None
3847	None
3848	4734
3849	2243
3850	None
3851	4542
3852	None
3853	None
3854	5810
3855	None
3856	None
3857	2530
3858	4203
3859	4377
3860	None
3861	4262
3862	None
3863	4417
3864	4897
3865	5246
3866	None
3867	4090
3868	None
3869	4536
3870	None
3871	2483
3872	5850
3873	2156
3874	5788
3875	None
3876	4323
3877	6543
3878	None
3879	None
3880	None
3881	None
3882	2953
3883	None
3884	None
3885	None
3886	None
3887	4222
3888	2513
3889	5261
3890	4811
3891	2579
3892	None
3893	5017
3894	None
3895	4564
3896	None
3897	4993
3898	4573
3899	4707
3900	None
3901	3134
3902	None
3903	5345
3904	5814
3905	None
3906	None
3907	None
3908	None
3909	5570
3910	2524
3911	None
3912	4199
3913	None
3914	None
3915	None
3916	None
3917	4313
3918	4732
3919	4878
3920	5342
3921	None
3922	None
3923	None
3924	None
3925	None
3926	6072
3927	None
3928	None
3929	4390
3930	None
3931	4479
3932	None
3933	2043
3934	None
3935	None
3936	5214
3937	4783
3938	None
3939	2844
3940	None
3941	5741
3942	None
3943	None
3944	3106
3945	None
3946	None
3947	6248
3948	None
3949	None
3950	None
3951	4634
3952	None
3953	4816
3954	None
3955	4883
3956	None
3957	None
3958	6571
3959	None
3960	None
3961	None
3962	None
3963	5124
3964	None
3965	None
3966	None
3967	None
3968	5141
3969	None
3970	None
3971	None
3972	None
3973	5917
3974	None
3975	None
3976	None
3977	None
3978	None
3979	None
3980	None
3981	5882
3982	3396
3983	None
3984	None
3985	None
3986	None
3987	6587
3988	None
3989	None
3990	None
3991	6843
3992	None
3993	None
3994	None
3995	None
3996	None
3997	None
3998	None
3999	None
4000	None
4001	2797
4002	2667
4003	None
4004	None
4005	None
4006	None
4007	None
4008	None
4009	3796
4010	None
4011	2808
4012	None
4013	None
4014	None
4015	None
4016	3532
4017	None
4018	None
4019	4540
4020	None
4021	None
4022	None
4023	2841
4024	None
4025	4090
4026	2914
4027	None
4028	None
4029	None
4030	2762
4031	None
4032	None
4033	None
4034	None
4035	None
4036	None
4037	None
4038	None
4039	None
4040	None
4041	None
4042	None
4043	None
4044	None
4045	None
4046	None
4047	None
4048	None
4049	None
4050	None
4051	None
4052	None
4053	None
4054	None
4055	None
4056	None
4057	None
4058	None
4059	None
4060	None
4061	None
4062	None
4063	None
4064	None
4065	None
4066	None
4067	None
4068	None
4069	None
4070	None
4071	None
4072	None
4073	None
4074	None
4075	None
4076	None
4077	2736
4078	None
4079	3220
4080	None
4081	None
4082	None
4083	None
4084	None
4085	None
4086	6186
4087	None
4088	None
4089	None
4090	None
4091	None
4092	None
4093	None
4094	None
4095	None
4096	None
4097	None
4098	None
4099	None
4100	None
4101	None
4102	None
4103	None
4104	5520
4105	None
4106	None
4107	None
4108	None
4109	None
4110	None
4111	None
4112	None
4113	None
4114	2869
4115	None
4116	None
4117	None
4118	None
4119	None
4120	None
4121	None
4122	None
4123	None
4124	None
4125	None
4126	None
4127	None
4128	None
4129	None
4130	None
4131	None
4132	None
4133	4583
4134	None
4135	None
4136	None
4137	None
4138	None
4139	None
4140	None
4141	3310
4142	None
4143	None
4144	None
4145	None
4146	None
4147	None
4148	None
4149	None
4150	None
4151	3069
4152	None
4153	None
4154	None
4155	None
4156	None
4157	None
4158	2816
4159	None
4160	None
4161	None
4162	None
4163	None
4164	None
4165	None
4166	None
4167	None
4168	None
4169	None
4170	None
4171	None
4172	None
4173	None
4174	None
4175	None
4176	2843
4177	None
4178	None
4179	None
4180	None
4181	None
4182	None
4183	None
4184	None
4185	None
4186	None
4187	None
4188	None
4189	3368
4190	None
4191	None
4192	2874
4193	None
4194	None
4195	None
4196	None
4197	None
4198	None
4199	5774
4200	None
4201	None
4202	None
4203	None
4204	3302
4205	3815
4206	None
4207	None
4208	None
4209	None
4210	None
4211	None
4212	None
4213	3772
4214	None
4215	None
4216	None
4217	None
4218	None
4219	None
4220	None
4221	None
4222	None
4223	None
4224	None
4225	None
4226	None
4227	None
4228	None
4229	None
4230	2200
4231	None
4232	None
4233	None
4234	None
4235	None
4236	None
4237	None
4238	3002
4239	None
4240	None
4241	None
4242	None
4243	None
4244	None
4245	None
4246	None
4247	None
4248	None
4249	None
4250	None
4251	None
4252	None
4253	None
4254	None
4255	None
4256	3481
4257	None
4258	3074
4259	None
4260	None
4261	None
4262	None
4263	None
4264	None
4265	None
4266	None
4267	None
4268	None
4269	2922
4270	None
4271	None
4272	None
4273	None
4274	None
4275	None
4276	2185
4277	None
4278	None
4279	None
4280	None
4281	None
4282	None
4283	None
4284	None
4285	None
4286	None
4287	None
4288	None
4289	None
4290	None
4291	None
4292	None
4293	None
4294	3364
4295	None
4296	None
4297	None
4298	2160
4299	None
4300	4784
4301	None
4302	None
4303	None
4304	None
4305	2408
4306	None
4307	None
4308	None
4309	None
4310	3396
4311	None
4312	None
4313	None
4314	None
4315	None
4316	None
4317	None
4318	None
4319	None
4320	2350
4321	None
4322	None
4323	None
4324	None
4325	None
4326	None
4327	None
4328	None
4329	None
4330	None
4331	2884
4332	None
4333	None
4334	None
4335	None
4336	None
4337	None
4338	2601
4339	2979
4340	None
4341	None
4342	None
4343	None
4344	None
4345	None
4346	None
4347	None
4348	None
4349	None
4350	2238
4351	None
4352	None
4353	None
4354	None
4355	None
4356	None
4357	None
4358	None
4359	None
4360	None
4361	None
4362	None
4363	3050
4364	3486
4365	2956
4366	None
4367	None
4368	None
4369	2885
4370	None
4371	None
4372	None
4373	None
4374	None
4375	None
4376	None
4377	None
4378	None
4379	None
4380	None
4381	None
4382	None
4383	None
4384	None
4385	None
4386	None
4387	None
4388	None
4389	None
4390	None
4391	None
4392	None
4393	None
4394	None
4395	None
4396	None
4397	None
4398	None
4399	None
4400	None
4401	None
4402	None
4403	None
4404	None
4405	None
4406	None
4407	None
4408	None
4409	None
4410	None
4411	None
4412	None
4413	None
4414	None
4415	4065
4416	2597
4417	None
4418	None
4419	None
4420	None
4421	None
4422	None
4423	None
4424	None
4425	None
4426	None
4427	None
4428	None
4429	None
4430	None
4431	None
4432	None
4433	None
4434	None
4435	3875
4436	None
4437	None
4438	None
4439	None
4440	None
4441	None
4442	None
4443	None
4444	None
4445	3500
4446	None
4447	None
4448	None
4449	None
4450	None
4451	None
4452	None
4453	2817
4454	None
4455	4164
4456	None
4457	None
4458	None
4459	None
4460	None
4461	None
4462	None
4463	None
4464	None
4465	None
4466	None
4467	None
4468	None
4469	None
4470	None
4471	None
4472	None
4473	3447
4474	2834
4475	None
4476	None
4477	None
4478	None
4479	None
4480	None
4481	None
4482	None
4483	None
4484	None
4485	None
4486	None
4487	None
4488	None
4489	None
4490	None
4491	None
4492	None
4493	None
4494	None
4495	None
4496	None
4497	3048
4498	None
4499	None
4500	None
4501	None
4502	4978
4503	2518
4504	None
4505	None
4506	None
4507	None
4508	None
4509	None
4510	None
4511	None
4512	None
4513	None
4514	None
4515	None
4516	None
4517	None
4518	None
4519	None
4520	None
4521	None
4522	None
4523	None
4524	None
4525	None
4526	None
4527	None
4528	None
4529	None
4530	None
4531	None
4532	2942
4533	None
4534	None
4535	None
4536	None
4537	None
4538	None
4539	None
4540	None
4541	None
4542	None
4543	None
4544	3388
4545	None
4546	None
4547	None
4548	None
4549	None
4550	None
4551	None
4552	None
4553	None
4554	None
4555	None
4556	None
4557	None
4558	None
4559	None
4560	None
4561	None
4562	4713
4563	2683
4564	3779
4565	None
4566	None
4567	None
4568	None
4569	2802
4570	None
4571	None
4572	5474
4573	None
4574	None
4575	None
4576	None
4577	None
4578	None
4579	None
4580	None
4581	None
4582	None
4583	None
4584	None
4585	None
4586	None
4587	None
4588	None
4589	None
4590	None
4591	None
4592	None
4593	None
4594	None
4595	None
4596	None
4597	4578
4598	None
4599	None
4600	None
4601	None
4602	None
4603	None
4604	None
4605	None
4606	None
4607	3142
4608	None
4609	None
4610	None
4611	None
4612	None
4613	None
4614	None
4615	None
4616	3204
4617	None
4618	None
4619	None
4620	2300
4621	None
4622	2354
4623	None
4624	None
4625	None
4626	None
4627	None
4628	2500
4629	None
4630	None
4631	None
4632	None
4633	None
4634	2383
4635	None
4636	None
4637	None
4638	3073
4639	None
4640	None
4641	None
4642	None
4643	None
4644	None
4645	None
4646	None
4647	None
4648	None
4649	None
4650	None
4651	2837
4652	None
4653	None
4654	None
4655	None
4656	None
4657	None
4658	None
4659	None
4660	None
4661	None
4662	None
4663	2054
4664	4311
4665	None
4666	None
4667	2508
4668	2646
4669	None
4670	None
4671	None
4672	None
4673	None
4674	None
4675	None
4676	None
4677	4726
4678	3532
4679	None
4680	None
4681	3177
4682	None
4683	None
4684	3058
4685	None
4686	5404
4687	None
4688	None
4689	None
4690	None
4691	None
4692	None
4693	None
4694	None
4695	None
4696	None
4697	None
4698	None
4699	2444
4700	None
4701	None
4702	None
4703	None
4704	None
4705	None
4706	None
4707	None
4708	None
4709	None
4710	None
4711	None
4712	None
4713	None
4714	None
4715	None
4716	3340
4717	None
4718	None
4719	None
4720	None
4721	None
4722	None
4723	None
4724	None
4725	None
4726	None
4727	None
4728	None
4729	2881
4730	None
4731	None
4732	None
4733	None
4734	None
4735	None
4736	None
4737	None
4738	None
4739	3413
4740	None
4741	None
4742	None
4743	4917
4744	None
4745	None
4746	None
4747	None
4748	3023
4749	None
4750	None
4751	3005
4752	2837
4753	None
4754	None
4755	None
4756	None
4757	None
4758	None
4759	None
4760	None
4761	None
4762	None
4763	None
4764	None
4765	None
4766	2518
4767	None
4768	None
4769	None
4770	None
4771	None
4772	None
4773	None
4774	3854
4775	None
4776	3050
4777	None
4778	None
4779	None
4780	None
4781	None
4782	None
4783	None
4784	None
4785	None
4786	None
4787	None
4788	3628
4789	None
4790	None
4791	None
4792	None
4793	2615
4794	None
4795	None
4796	None
4797	None
4798	None
4799	None
4800	None
4801	None
4802	None
4803	None
4804	None
4805	None
4806	None
4807	None
4808	None
4809	3779
4810	None
4811	None
4812	None
4813	None
4814	None
4815	None
4816	3093
4817	None
4818	None
4819	None
4820	3708
4821	None
4822	None
4823	None
4824	1949
4825	None
4826	None
4827	None
4828	None
4829	3244
4830	None
4831	None
4832	None
4833	None
4834	None
4835	None
4836	None
4837	None
4838	None
4839	None
4840	None
4841	None
4842	None
4843	None
4844	None
4845	None
4846	2378
4847	None
4848	None
4849	None
4850	None
4851	None
4852	None
4853	None
4854	None
4855	None
4856	None
4857	None
4858	3165
4859	4109
4860	None
4861	None
4862	None
4863	None
4864	None
4865	None
4866	2903
4867	None
4868	None
4869	2922
4870	None
4871	None
4872	None
4873	None
4874	None
4875	None
4876	2210
4877	4559
4878	None
4879	None
4880	None
4881	None
4882	2665
4883	None
4884	None
4885	None
4886	None
4887	None
4888	None
4889	3599
4890	None
4891	3587
4892	3332
4893	None
4894	None
4895	None
4896	None
4897	None
4898	None
4899	None
4900	5926
4901	None
4902	None
4903	3419
4904	None
4905	None
4906	None
4907	3050
4908	None
4909	None
4910	None
4911	3461
4912	3195
4913	None
4914	None
4915	2890
4916	None
4917	None
4918	None
4919	None
4920	None
4921	None
4922	None
4923	None
4924	None
4925	None
4926	None
4927	2306
4928	None
4929	4137
4930	4113
4931	None
4932	None
4933	3880
4934	None
4935	3095
4936	3253
4937	None
4938	None
4939	None
4940	None
4941	None
4942	None
4943	None
4944	4008
4945	4820
4946	2936
4947	None
4948	None
4949	None
4950	None
4951	None
4952	None
4953	3749
4954	3404
4955	None
4956	None
4957	3979
4958	4565
4959	None
4960	3283
4961	1826
4962	None
4963	2950
4964	3002
4965	3173
4966	None
4967	None
4968	None
4969	None
4970	3447
4971	None
4972	3444
4973	3383
4974	3260
4975	2769
4976	None
4977	None
4978	None
4979	2391
4980	3354
4981	3675
4982	None
4983	4606
4984	None
4985	2894
4986	3072
4987	2101
4988	None
4989	2713
4990	None
4991	3464
4992	None
4993	None
4994	None
4995	None
4996	None
4997	None
4998	3050
4999	None
5000	2567
5001	3113
5002	None
5003	3141
5004	2973
5005	2238
5006	2350
5007	3019
5008	None
5009	None
5010	None
5011	None
5012	None
5013	None
5014	None
5015	None
5016	2834
5017	4450
5018	3892
5019	2468
5020	3027
5021	3408
5022	None
5023	4176
5024	3134
5025	2762
5026	None
5027	None
5028	None
5029	None
5030	3938
5031	None
5032	5289
5033	None
5034	None
5035	3735
5036	None
5037	4765
5038	2266
5039	5540
5040	2278
5041	5150
5042	None
5043	3464
5044	None
5045	None
5046	3462
5047	None
5048	4787
5049	3529
5050	None
5051	3453
5052	None
5053	2228
5054	5107
5055	None
5056	4300
5057	4269
5058	None
5059	None
5060	3274
5061	None
5062	3843
5063	3368
5064	5630
5065	3332
5066	4324
5067	3191
5068	3003
5069	3692
5070	3160
5071	4110
5072	None
5073	4450
5074	None
5075	None
5076	4460
5077	4318
5078	4851
5079	6319
5080	3056
5081	None
5082	None
5083	2048
5084	4195
5085	3413
5086	None
5087	None
5088	3112
5089	None
5090	4604
5091	3574
5092	None
5093	5034
5094	4325
5095	None
5096	2905
5097	1979
5098	4798
5099	None
5100	4486
5101	3922
5102	None
5103	4324
5104	None
5105	3260
5106	3944
5107	3153
5108	3103
5109	None
5110	5117
5111	None
5112	None
5113	3127
5114	None
5115	2925
5116	5080
5117	2417
5118	4245
5119	5546
5120	3323
5121	4498
5122	None
5123	4360
5124	3801
5125	3936
5126	2305
5127	5094
5128	None
5129	None
5130	None
5131	None
5132	4508
5133	4230
5134	None
5135	None
5136	3581
5137	3020
5138	2811
5139	3464
5140	3204
5141	3504
5142	4755
5143	2424
5144	4812
5145	4515
5146	2537
5147	3323
5148	4729
5149	3253
5150	4163
5151	None
5152	None
5153	3856
5154	3609
5155	None
5156	5604
5157	None
5158	4130
5159	4149
5160	None
5161	2302
5162	None
5163	None
5164	5198
5165	5820
5166	None
5167	4172
5168	None
5169	None
5170	5861
5171	3533
5172	3644
5173	5559
5174	3866
5175	3705
5176	3860
5177	None
5178	None
5179	3532
5180	4384
5181	4443
5182	5226
5183	4116
5184	4095
5185	2550
5186	3381
5187	4256
5188	5133
5189	3598
5190	5326
5191	None
5192	None
5193	None
5194	5288
5195	2690
5196	None
5197	4385
5198	3705
5199	3323
5200	4729
5201	2291
5202	4526
5203	4466
5204	None
5205	2455
5206	3553
5207	4490
5208	5488
5209	5786
5210	2118
5211	4563
5212	3765
5213	3779
5214	None
5215	None
5216	4046
5217	3465
5218	4998
5219	None
5220	4507
5221	4616
5222	3423
5223	4395
5224	None
5225	3978
5226	4758
5227	5802
5228	4888
5229	3530
5230	5518
5231	6686
5232	None
5233	4261
5234	None
5235	None
5236	3346
5237	5210
5238	4537
5239	3779
5240	None
5241	4869
5242	3505
5243	4981
5244	None
5245	None
5246	2721
5247	3854
5248	None
5249	5105
5250	2474
5251	3354
5252	3650
5253	5044
5254	None
5255	3528
5256	None
5257	4025
5258	4261
5259	None
5260	None
5261	None
5262	3388
5263	5094
5264	3323
5265	4365
5266	4981
5267	None
5268	2955
5269	None
5270	None
5271	5133
5272	3433
5273	6016
5274	None
5275	None
5276	None
5277	4255
5278	6000
5279	5026
5280	4869
5281	4931
5282	None
5283	4466
5284	None
5285	4820
5286	3611
5287	4407
5288	None
5289	4149
5290	5334
5291	5179
5292	3895
5293	None
5294	None
5295	2050
5296	None
5297	None
5298	4281
5299	4096
5300	None
5301	None
5302	4304
5303	3575
5304	None
5305	None
5306	3696
5307	None
5308	7002
5309	3857
5310	4194
5311	4724
5312	4872
5313	3464
5314	None
5315	3788
5316	4258
5317	None
5318	3649
5319	5328
5320	None
5321	None
5322	None
5323	None
5324	None
5325	None
5326	6173
5327	4513
5328	3849
5329	5425
5330	None
5331	None
5332	5934
5333	None
5334	4229
5335	None
5336	2721
5337	None
5338	4239
5339	4790
5340	4247
5341	4060
5342	4346
5343	3991
5344	None
5345	None
5346	4012
5347	3823
5348	3764
5349	2490
5350	None
5351	3837
5352	None
5353	5668
5354	None
5355	4107
5356	6291
5357	None
5358	5080
5359	6107
5360	None
5361	4318
5362	4978
5363	None
5364	3649
5365	None
5366	None
5367	4724
5368	None
5369	4929
5370	3785
5371	3895
5372	None
5373	None
5374	None
5375	None
5376	None
5377	4865
5378	3597
5379	4531
5380	5462
5381	4173
5382	4494
5383	5583
5384	None
5385	None
5386	6124
5387	None
5388	5523
5389	4405
5390	None
5391	None
5392	None
5393	None
5394	3948
5395	6124
5396	5681
5397	None
5398	4565
5399	5055
5400	4428
5401	None
5402	None
5403	None
5404	6107
5405	5430
5406	None
5407	None
5408	4191
5409	3996
5410	None
5411	None
5412	4593
5413	None
5414	2542
5415	None
5416	None
5417	None
5418	None
5419	None
5420	6217
5421	4253
5422	4965
5423	None
5424	None
5425	None
5426	None
5427	None
5428	3672
5429	None
5430	None
5431	None
5432	5245
5433	4577
5434	None
5435	4595
5436	None
5437	4765
5438	None
5439	5405
5440	None
5441	4453
5442	None
5443	None
5444	4201
5445	4593
5446	None
5447	4596
5448	4994
5449	4998
5450	None
5451	None
5452	6374
5453	None
5454	5701
5455	3944
5456	None
5457	None
5458	None
5459	None
5460	4587
5461	None
5462	None
5463	None
5464	None
5465	None
5466	4409
5467	4629
5468	2362
5469	4945
5470	None
5471	None
5472	None
5473	5009
5474	None
5475	None
5476	None
5477	6682
5478	None
5479	6146
5480	4296
5481	None
5482	None
5483	4615
5484	None
5485	None
5486	None
5487	4532
5488	None
5489	3919
5490	4012
5491	5360
5492	None
5493	4480
5494	None
5495	5120
5496	None
5497	None
5498	None
5499	None
5500	4661
5501	4382
5502	None
5503	None
5504	None
5505	None
5506	5155
5507	None
5508	None
5509	None
5510	4414
5511	None
5512	None
5513	4284
5514	4671
5515	None
5516	None
5517	7098
5518	None
5519	5163
5520	None
5521	5819
5522	None
5523	4009
5524	5648
5525	2581
5526	5049
5527	5251
5528	None
5529	None
5530	None
5531	None
5532	None
5533	None
5534	6850
5535	5808
5536	None
5537	None
5538	3858
5539	2701
5540	None
5541	6606
5542	5944
5543	3315
5544	5009
5545	4513
5546	4960
5547	5240
5548	None
5549	None
5550	None
5551	None
5552	None
5553	None
5554	5968
5555	None
5556	2513
5557	None
5558	None
5559	None
5560	4079
5561	None
5562	None
5563	None
5564	None
5565	None
5566	4856
5567	None
5568	None
5569	5218
5570	None
5571	4998
5572	None
5573	3321
5574	None
5575	4929
5576	None
5577	4200
5578	None
5579	2465
5580	None
5581	None
5582	None
5583	None
5584	3991
5585	2549
5586	None
5587	None
5588	5557
5589	None
5590	None
5591	None
5592	4901
5593	None
5594	6237
5595	None
5596	None
5597	6712
5598	None
5599	4915
5600	5640
5601	None
5602	4060
5603	None
5604	5852
5605	None
5606	None
5607	None
5608	5404
5609	None
5610	4359
5611	None
5612	None
5613	None
5614	None
5615	None
5616	None
5617	None
5618	4163
5619	4423
5620	None
5621	None
5622	None
5623	4033
5624	None
5625	None
5626	None
5627	4194
5628	4952
5629	None
5630	5169
5631	None
5632	None
5633	5299
5634	6134
5635	None
5636	None
5637	None
5638	None
5639	6187
5640	4065
5641	None
5642	None
5643	None
5644	None
5645	None
5646	6344
5647	None
5648	None
5649	4154
5650	4951
5651	5142
5652	5142
5653	None
5654	4614
5655	None
5656	None
5657	None
5658	None
5659	5482
5660	6047
5661	None
5662	None
5663	4269
5664	None
5665	None
5666	None
5667	None
5668	None
5669	None
5670	None
5671	None
5672	None
5673	None
5674	5088
5675	6911
5676	6166
5677	None
5678	4195
5679	None
5680	5076
5681	4761
5682	None
5683	None
5684	None
5685	None
5686	None
5687	None
5688	None
5689	4366
5690	None
5691	None
5692	None
5693	None
5694	None
5695	None
5696	None
5697	None
5698	None
5699	None
5700	None
5701	None
5702	None
5703	None
5704	None
5705	None
5706	None
5707	None
5708	None
5709	None
5710	None
5711	None
5712	None
5713	None
5714	None
5715	None
5716	None
5717	None
5718	None
5719	None
5720	None
5721	None
5722	None
5723	None
5724	None
5725	None
5726	None
5727	None
5728	None
5729	None
5730	None
5731	None
5732	None
5733	None
5734	None
5735	None
5736	None
5737	None
5738	None
5739	None
5740	None
5741	None
5742	None
5743	None
5744	None
5745	None
5746	None
5747	None
5748	None
5749	None
5750	None
5751	None
5752	None
5753	None
5754	None
5755	None
5756	None
5757	None
5758	None
5759	None
5760	None
5761	None
5762	None
5763	None
5764	None
5765	None
5766	None
5767	None
5768	None
5769	None
5770	None
5771	None
5772	None
5773	None
5774	None
5775	None
5776	None
5777	None
5778	None
5779	None
5780	None
5781	None
5782	None
5783	None
5784	None
5785	None
5786	None
5787	None
5788	None
5789	None
5790	None
5791	None
5792	None
5793	None
5794	None
5795	None
5796	None
5797	None
5798	None
5799	None
5800	None
5801	None
5802	None
5803	None
5804	None
5805	None
5806	None
5807	None
5808	None
5809	None
5810	None
5811	None
5812	None
5813	None
5814	None
5815	None
5816	None
5817	None
5818	None
5819	None
5820	None
5821	None
5822	None
5823	None
5824	None
5825	None
5826	None
5827	None
5828	None
5829	None
5830	None
5831	None
5832	None
5833	None
5834	None
5835	None
5836	None
5837	None
5838	None
5839	None
5840	None
5841	None
5842	None
5843	None
5844	None
5845	None
5846	None
5847	None
5848	None
5849	None
5850	None
5851	None
5852	None
5853	None
5854	None
5855	None
5856	None
5857	None
5858	None
5859	None
5860	None
5861	None
5862	None
5863	None
5864	None
5865	None
5866	None
5867	None
5868	None
5869	None
5870	None
5871	None
5872	None
5873	None
5874	None
5875	None
5876	None
5877	None
5878	None
5879	None
5880	None
5881	None
5882	None
5883	None
5884	None
5885	None
5886	None
5887	None
5888	None
5889	None
5890	None
5891	None
5892	None
5893	None
5894	None
5895	None
5896	None
5897	None
5898	None
5899	None
5900	None
5901	None
5902	None
5903	None
5904	None
5905	None
5906	None
5907	None
5908	None
5909	None
5910	None
5911	None
5912	None
5913	None
5914	None
5915	None
5916	None
5917	None
5918	None
5919	None
5920	None
5921	None
5922	None
5923	None
5924	None
5925	None
5926	None
5927	None
5928	None
5929	None
5930	None
5931	None
5932	None
5933	None
5934	None
5935	None
5936	None
5937	None
5938	None
5939	None
5940	None
5941	None
5942	None
5943	None
5944	None
5945	None
5946	None
5947	None
5948	None
5949	None
5950	None
5951	None
5952	None
5953	None
5954	None
5955	None
5956	None
5957	None
5958	None
5959	None
5960	None
5961	None
5962	None
5963	None
5964	None
5965	None
5966	None
5967	None
5968	None
5969	None
5970	None
5971	None
5972	None
5973	None
5974	None
5975	None
5976	None
5977	None
5978	None
5979	None
5980	None
5981	None
5982	None
5983	None
5984	None
5985	None
5986	None
5987	None
5988	None
5989	None
5990	None
5991	None
5992	None
5993	None
5994	None
5995	None
5996	None
5997	None
5998	None
5999	None
6000	None
6001	None
6002	None
6003	None
6004	None
6005	None
6006	None
6007	None
6008	None
6009	None
6010	None
6011	None
6012	None
6013	None
6014	None
6015	None
6016	None
6017	None
6018	None
6019	None
6020	None
6021	None
6022	None
6023	None
6024	None
6025	None
6026	None
6027	None
6028	None
6029	None
6030	None
6031	None
6032	None
6033	None
6034	None
6035	None
6036	None
6037	None
6038	None
6039	None
6040	None
6041	None
6042	None
6043	None
6044	None
6045	None
6046	None
6047	None
6048	None
6049	None
6050	None
6051	None
6052	None
6053	None
6054	None
6055	None
6056	None
6057	None
6058	None
6059	None
6060	None
6061	None
6062	None
6063	None
6064	None
6065	None
6066	None
6067	None
6068	None
6069	None
6070	None
6071	None
6072	None
6073	None
6074	None
6075	None
6076	None
6077	None
6078	None
6079	None
6080	None
6081	None
6082	None
6083	None
6084	None
6085	None
6086	None
6087	None
6088	None
6089	None
6090	None
6091	None
6092	None
6093	None
6094	None
6095	None
6096	None
6097	None
6098	None
6099	None
6100	None
6101	None
6102	None
6103	None
6104	None
6105	None
6106	None
6107	None
6108	None
6109	None
6110	None
6111	None
6112	None
6113	None
6114	None
6115	None
6116	None
6117	None
6118	None
6119	None
6120	None
6121	None
6122	None
6123	None
6124	None
6125	None
6126	None
6127	None
6128	None
6129	None
6130	None
6131	None
6132	None
6133	None
6134	None
6135	None
6136	None
6137	None
6138	None
6139	None
6140	None
6141	None
6142	None
6143	None
6144	None
6145	None
6146	None
6147	None
6148	None
6149	None
6150	None
6151	None
6152	None
6153	None
6154	None
6155	None
6156	None
6157	None
6158	None
6159	None
6160	None
6161	None
6162	None
6163	None
6164	None
6165	None
6166	None
6167	None
6168	None
6169	None
6170	None
6171	None
6172	None
6173	None
6174	None
6175	None
6176	None
6177	None
6178	None
6179	None
6180	None
6181	None
6182	None
6183	None
6184	None
6185	None
6186	None
6187	None
6188	None
6189	None
6190	None
6191	None
6192	None
6193	None
6194	None
6195	None
6196	None
6197	None
6198	None
6199	None
6200	None
6201	None
6202	None
6203	None
6204	None
6205	None
6206	None
6207	None
6208	None
6209	None
6210	None
6211	None
6212	None
6213	None
6214	None
6215	None
6216	None
6217	None
6218	None
6219	None
6220	None
6221	None
6222	None
6223	None
6224	None
6225	None
6226	None
6227	None
6228	None
6229	None
6230	None
6231	None
6232	None
6233	None
6234	None
6235	None
6236	None
6237	None
6238	None
6239	None
6240	None
6241	None
6242	None
6243	None
6244	None
6245	None
6246	None
6247	None
6248	None
6249	None
6250	None
6251	None
6252	None
6253	None
6254	None
6255	None
6256	None
6257	None
6258	None
6259	None
6260	None
6261	None
6262	None
6263	None
6264	None
6265	None
6266	None
6267	None
6268	None
6269	None
6270	None
6271	None
6272	None
6273	None
6274	None
6275	None
6276	None
6277	None
6278	None
6279	None
6280	None
6281	None
6282	None
6283	None
6284	None
6285	None
6286	None
6287	None
6288	None
6289	None
6290	None
6291	None
6292	None
6293	None
6294	None
6295	None
6296	None
6297	None
6298	None
6299	None
6300	None
6301	None
6302	None
6303	None
6304	None
6305	None
6306	None
6307	None
6308	None
6309	None
6310	None
6311	None
6312	None
6313	None
6314	None
6315	None
6316	None
6317	None
6318	None
6319	None
6320	None
6321	None
6322	None
6323	None
6324	None
6325	None
6326	None
6327	None
6328	None
6329	None
6330	None
6331	None
6332	None
6333	None
6334	None
6335	None
6336	None
6337	None
6338	None
6339	None
6340	None
6341	None
6342	None
6343	None
6344	None
6345	None
6346	None
6347	None
6348	None
6349	None
6350	None
6351	None
6352	None
6353	None
6354	None
6355	None
6356	None
6357	None
6358	None
6359	None
6360	None
6361	None
6362	None
6363	None
6364	None
6365	None
6366	None
6367	None
6368	None
6369	None
6370	None
6371	None
6372	None
6373	None
6374	None
6375	None
6376	None
6377	None
6378	None
6379	None
6380	None
6381	None
6382	None
6383	None
6384	None
6385	None
6386	None
6387	None
6388	None
6389	None
6390	None
6391	None
6392	None
6393	None
6394	None
6395	None
6396	None
6397	None
6398	None
6399	None
6400	None
6401	None
6402	None
6403	None
6404	None
6405	None
6406	None
6407	None
6408	None
6409	None
6410	None
6411	None
6412	None
6413	None
6414	None
6415	None
6416	None
6417	None
6418	None
6419	None
6420	None
6421	None
6422	None
6423	None
6424	None
6425	None
6426	None
6427	None
6428	None
6429	None
6430	None
6431	None
6432	None
6433	None
6434	None
6435	None
6436	None
6437	None
6438	None
6439	None
6440	None
6441	None
6442	None
6443	None
6444	None
6445	None
6446	None
6447	None
6448	None
6449	None
6450	None
6451	None
6452	None
6453	None
6454	None
6455	None
6456	None
6457	None
6458	None
6459	None
6460	None
6461	None
6462	None
6463	None
6464	None
6465	None
6466	None
6467	None
6468	None
6469	None
6470	None
6471	None
6472	None
6473	None
6474	None
6475	None
6476	None
6477	None
6478	None
6479	None
6480	None
6481	None
6482	None
6483	None
6484	None
6485	None
6486	None
6487	None
6488	None
6489	None
6490	None
6491	None
6492	None
6493	None
6494	None
6495	None
6496	None
6497	None
6498	None
6499	None
6500	None
6501	None
6502	None
6503	None
6504	None
6505	None
6506	None
6507	None
6508	None
6509	None
6510	None
6511	None
6512	None
6513	None
6514	None
6515	None
6516	None
6517	None
6518	None
6519	None
6520	None
6521	None
6522	None
6523	None
6524	None
6525	None
6526	None
6527	None
6528	None
6529	None
6530	None
6531	None
6532	None
6533	None
6534	None
6535	None
6536	None
6537	None
6538	None
6539	None
6540	None
6541	None
6542	None
6543	None
6544	None
6545	None
6546	None
6547	None
6548	None
6549	None
6550	None
6551	None
6552	None
6553	None
6554	None
6555	None
6556	None
6557	None
6558	None
6559	None
6560	None
6561	None
6562	None
6563	None
6564	None
6565	None
6566	None
6567	None
6568	None
6569	None
6570	None
6571	None
6572	None
6573	None
6574	None
6575	None
6576	None
6577	None
6578	None
6579	None
6580	None
6581	None
6582	None
6583	None
6584	None
6585	None
6586	None
6587	None
6588	None
6589	None
6590	None
6591	None
6592	None
6593	None
6594	None
6595	None
6596	None
6597	None
6598	None
6599	None
6600	None
6601	None
6602	None
6603	None
6604	None
6605	None
6606	None
6607	None
6608	None
6609	None
6610	None
6611	None
6612	None
6613	None
6614	None
6615	None
6616	None
6617	None
6618	None
6619	None
6620	None
6621	None
6622	None
6623	None
6624	None
6625	None
6626	None
6627	None
6628	None
6629	None
6630	None
6631	None
6632	None
6633	None
6634	None
6635	None
6636	None
6637	None
6638	None
6639	None
6640	None
6641	None
6642	None
6643	None
6644	None
6645	None
6646	None
6647	None
6648	None
6649	None
6650	None
6651	None
6652	None
6653	None
6654	None
6655	None
6656	None
6657	None
6658	None
6659	None
6660	None
6661	None
6662	None
6663	None
6664	None
6665	None
6666	None
6667	None
6668	None
6669	None
6670	None
6671	None
6672	None
6673	None
6674	None
6675	None
6676	None
6677	None
6678	None
6679	None
6680	None
6681	None
6682	None
6683	None
6684	None
6685	None
6686	None
6687	None
6688	None
6689	None
6690	None
6691	None
6692	None
6693	None
6694	None
6695	None
6696	None
6697	None
6698	None
6699	None
6700	None
6701	None
6702	None
6703	None
6704	None
6705	None
6706	None
6707	None
6708	None
6709	None
6710	None
6711	None
6712	None
6713	None
6714	None
6715	None
6716	None
6717	None
6718	None
6719	None
6720	None
6721	None
6722	None
6723	None
6724	None
6725	None
6726	None
6727	None
6728	None
6729	None
6730	None
6731	None
6732	None
6733	None
6734	None
6735	None
6736	None
6737	None
6738	None
6739	None
6740	None
6741	None
6742	None
6743	None
6744	None
6745	None
6746	None
6747	None
6748	None
6749	None
6750	None
6751	None
6752	None
6753	None
6754	None
6755	None
6756	None
6757	None
6758	None
6759	None
6760	None
6761	None
6762	None
6763	None
6764	None
6765	None
6766	None
6767	None
6768	None
6769	None
6770	None
6771	None
6772	None
6773	None
6774	None
6775	None
6776	None
6777	None
6778	None
6779	None
6780	None
6781	None
6782	None
6783	None
6784	None
6785	None
6786	None
6787	None
6788	None
6789	None
6790	None
6791	None
6792	None
6793	None
6794	None
6795	None
6796	None
6797	None
6798	None
6799	None
6800	None
6801	None
6802	None
6803	None
6804	None
6805	None
6806	None
6807	None
6808	None
6809	None
6810	None
6811	None
6812	None
6813	None
6814	None
6815	None
6816	None
6817	None
6818	None
6819	None
6820	None
6821	None
6822	None
6823	None
6824	None
6825	None
6826	None
6827	None
6828	None
6829	None
6830	None
6831	None
6832	None
6833	None
6834	None
6835	None
6836	None
6837	None
6838	None
6839	None
6840	None
6841	None
6842	None
6843	None
6844	None
6845	None
6846	None
6847	None
6848	None
6849	None
6850	None
6851	None
6852	None
6853	None
6854	None
6855	None
6856	None
6857	None
6858	None
6859	None
6860	None
6861	None
6862	None
6863	None
6864	None
6865	None
6866	None
6867	None
6868	None
6869	None
6870	None
6871	None
6872	None
6873	None
6874	None
6875	None
6876	None
6877	None
6878	None
6879	None
6880	None
6881	None
6882	None
6883	None
6884	None
6885	None
6886	None
6887	None
6888	None
6889	None
6890	None
6891	None
6892	None
6893	None
6894	None
6895	None
6896	None
6897	None
6898	None
6899	None
6900	None
6901	None
6902	None
6903	None
6904	None
6905	None
6906	None
6907	None
6908	None
6909	None
6910	None
6911	None
6912	None
6913	None
6914	None
6915	None
6916	None
6917	None
6918	None
6919	None
6920	None
6921	None
6922	None
6923	None
6924	None
6925	None
6926	None
6927	None
6928	None
6929	None
6930	None
6931	None
6932	None
6933	None
6934	None
6935	None
6936	None
6937	None
6938	None
6939	None
6940	None
6941	None
6942	None
6943	None
6944	None
6945	None
6946	None
6947	None
6948	None
6949	None
6950	None
6951	None
6952	None
6953	None
6954	None
6955	None
6956	None
6957	None
6958	None
6959	None
6960	None
6961	None
6962	None
6963	None
6964	None
6965	None
6966	None
6967	None
6968	None
6969	None
6970	None
6971	None
6972	None
6973	None
6974	None
6975	None
6976	None
6977	None
6978	None
6979	None
6980	None
6981	None
6982	None
6983	None
6984	None
6985	None
6986	None
6987	None
6988	None
6989	None
6990	None
6991	None
6992	None
6993	None
6994	None
6995	None
6996	None
6997	None
6998	None
6999	None
7000	None
7001	None
7002	None
7003	None
7004	None
7005	None
7006	None
7007	None
7008	None
7009	None
7010	None
7011	None
7012	None
7013	None
7014	None
7015	None
7016	None
7017	None
7018	None
7019	None
7020	None
7021	None
7022	None
7023	None
7024	None
7025	None
7026	None
7027	None
7028	None
7029	None
7030	None
7031	None
7032	None
7033	None
7034	None
7035	None
7036	None
7037	None
7038	None
7039	None
7040	None
7041	None
7042	None
7043	None
7044	None
7045	None
7046	None
7047	None
7048	None
7049	None
7050	None
7051	None
7052	None
7053	None
7054	None
7055	None
7056	None
7057	None
7058	None
7059	None
7060	None
7061	None
7062	None
7063	None
7064	None
7065	None
7066	None
7067	None
7068	None
7069	None
7070	None
7071	None
7072	None
7073	None
7074	None
7075	None
7076	None
7077	None
7078	None
7079	None
7080	None
7081	None
7082	None
7083	None
7084	None
7085	None
7086	None
7087	None
7088	None
7089	None
7090	None
7091	None
7092	None
7093	None
7094	None
7095	None
7096	None
7097	None
7098	None
7099	None
7100	None
7101	None
7102	None
7103	None
7104	None
7105	None
7106	None
7107	None
7108	None
7109	None
7110	None
7111	None
7112	None
7113	None
7114	None
7115	None
7116	None
7117	None
7118	None
7119	None
7120	None
7121	None
7122	None
7123	None
7124	None
7125	None
7126	None
7127	None
7128	None
7129	None
7130	None
7131	None
7132	None
7133	None
7134	None
7135	None
7136	None
7137	None
7138	None
7139	None
7140	None
7141	None
7142	None
7143	None
7144	None
7145	None
7146	None
7147	None
7148	None
7149	None
7150	None
7151	None
7152	None
7153	None
7154	None
7155	None
7156	None
7157	None
7158	None
7159	None
7160	None
7161	None
7162	None
7163	None
7164	None
7165	None
7166	None
7167	None
7168	None
7169	None
7170	None
7171	None
7172	None
7173	None
7174	None
7175	None
7176	None
7177	None
7178	None
7179	None
7180	None
7181	None
7182	None
7183	None
7184	None
7185	None
7186	None
7187	None
7188	None
7189	None
7190	None
7191	None
7192	None
7193	None
7194	None
7195	None
7196	None
7197	None
7198	None
7199	None
7200	None
7201	None
7202	None
7203	None
7204	None
7205	None
7206	None
7207	None
7208	None
7209	None
7210	None
7211	None
7212	None
7213	None
7214	None
7215	None
7216	None
7217	None
7218	None
7219	None
7220	None
7221	None
7222	None
7223	None
7224	None
7225	None
7226	None
7227	None
7228	None
7229	None
7230	None
7231	None
7232	None
7233	None
7234	None
7235	None
7236	None
7237	None
7238	None
7239	None
7240	None
7241	None
7242	None
7243	None
7244	None
7245	None
7246	None
7247	None
7248	None
7249	None
7250	None
7251	None
7252	None
7253	None
7254	None
7255	None
7256	None
7257	None
7258	None
7259	None
7260	None
7261	None
7262	None
7263	None
7264	None
7265	None
7266	None
7267	None
7268	None
7269	None
7270	None
7271	None
7272	None
7273	None
7274	None
7275	None
7276	None
7277	None
7278	None
7279	None
7280	None
7281	None
7282	None
7283	None
7284	None
7285	None
7286	None
7287	None
7288	None
7289	None
7290	None
7291	None
7292	None
7293	None
7294	None
7295	None
7296	None
7297	None
7298	None
7299	None
7300	None
7301	None
7302	None
7303	None
7304	None
7305	None
7306	None
7307	None
7308	None
7309	None
7310	None
7311	None
7312	None
7313	None
7314	None
7315	None
7316	None
7317	None
7318	None
7319	None
7320	None
7321	None
7322	None
7323	None
7324	None
7325	None
7326	None
7327	None
7328	None
7329	None
7330	None
7331	None
7332	None
7333	None
7334	None
7335	None
7336	None
7337	None
7338	None
7339	None
7340	None
7341	None
7342	None
7343	None
7344	None
7345	None
7346	None
7347	None
7348	None
7349	None
7350	None
7351	None
7352	None
7353	None
7354	None
7355	None
7356	None
7357	None
7358	None
7359	None
7360	None
7361	None
7362	None
7363	None
7364	None
7365	None
7366	None
7367	None
7368	None
7369	None
7370	None
7371	None
7372	None
7373	None
7374	None
7375	None
7376	None
7377	None
7378	None
7379	None
7380	None
7381	None
7382	None
7383	None
7384	None
7385	None
7386	None
7387	None
7388	None
7389	None
7390	None
7391	None
7392	None
7393	None
7394	None
7395	None
7396	None
7397	None
7398	None
7399	None
7400	None
7401	None
7402	None
7403	None
7404	None
7405	None
7406	None
7407	None
7408	None
7409	None
7410	None
7411	None
7412	None
7413	None
7414	None
7415	None
7416	None
7417	None
7418	None
7419	None
7420	None
7421	None
7422	None
7423	None
7424	None
7425	None
7426	None
7427	None
7428	None
7429	None
7430	None
7431	None
7432	None
7433	None
7434	None
7435	None
7436	None
7437	None
7438	None
7439	None
7440	None
7441	None
7442	None
7443	None
7444	None
7445	None
7446	None
7447	None
7448	None
7449	None
7450	None
7451	None
7452	None
7453	None
7454	None
7455	None
7456	None
7457	None
7458	None
7459	None
7460	None
7461	None
7462	None
7463	None
7464	None
7465	None
7466	None
7467	None
7468	None
7469	None
7470	None
7471	None
7472	None
7473	None
7474	None
7475	None
7476	None
7477	None
7478	None
7479	None
7480	None
7481	None
7482	None
7483	None
7484	None
7485	None
7486	None
7487	None
7488	None
7489	None
7490	None
7491	None
7492	None
7493	None
7494	None
7495	None
7496	None
7497	None
7498	None
7499	None
7500	None
7501	None
7502	None
7503	None
7504	None
7505	None
7506	None
7507	None
7508	None
7509	None
7510	None
7511	None
7512	None
7513	None
7514	None
7515	None
7516	None
7517	None
7518	None
7519	None
7520	None
7521	None
7522	None
7523	None
7524	None
7525	None
7526	None
7527	None
7528	None
7529	None
7530	None
7531	None
7532	None
7533	None
7534	None
7535	None
7536	None
7537	None
7538	None
7539	None
7540	None
7541	None
7542	None
7543	None
7544	None
7545	None
7546	None
7547	None
7548	None
7549	None
7550	None
7551	None
7552	None
7553	None
7554	None
7555	None
7556	None
7557	None
7558	None
7559	None
7560	None
7561	None
7562	None
7563	None
7564	None
7565	None
7566	None
7567	None
7568	None
7569	None
7570	None
7571	None
7572	None
7573	None
7574	None
7575	None
7576	None
7577	None
7578	None
7579	None
7580	None
7581	None
7582	None
7583	None
7584	None
7585	None
7586	None
7587	None
7588	None
7589	None
7590	None
7591	None
7592	None
7593	None
7594	None
7595	None
7596	None
7597	None
7598	None
7599	None
7600	None
7601	None
7602	None
7603	None
7604	None
7605	None
7606	None
7607	None
7608	None
7609	None
7610	None
7611	None
7612	None
7613	None
7614	None
7615	None
7616	None
7617	None
7618	None
7619	None
7620	None
7621	None
7622	None
7623	None
7624	None
7625	None
7626	None
7627	None
7628	None
7629	None
7630	None
7631	None
7632	None
7633	None
7634	None
7635	None
7636	None
7637	None
7638	None
7639	None
7640	None
7641	None
7642	None
7643	None
7644	None
7645	None
7646	None
7647	None
7648	None
7649	None
7650	None
7651	None
7652	None
7653	None
7654	None
7655	None
7656	None
7657	None
7658	None
7659	None
7660	None
7661	None
7662	None
7663	None
7664	None
7665	None
7666	None
7667	None
7668	None
7669	None
7670	None
7671	None
7672	None
7673	None
7674	None
7675	None
7676	None
7677	None
7678	None
7679	None
7680	None
7681	None
7682	None
7683	None
7684	None
7685	None
7686	None
7687	None
7688	None
7689	None
7690	None
7691	None
7692	None
7693	None
7694	None
7695	None
7696	None
7697	None
7698	None
7699	None
7700	None
7701	None
7702	None
7703	None
7704	None
7705	None
7706	None
7707	None
7708	None
7709	None
7710	None
7711	None
7712	None
7713	None
7714	None
7715	None
7716	None
7717	None
7718	None
7719	None
7720	None
7721	None
7722	None
7723	None
7724	None
7725	None
7726	None
7727	None
7728	None
7729	None
7730	None
7731	None
7732	None
7733	None
7734	None
7735	None
7736	None
7737	None
7738	None
7739	None
7740	None
7741	None
7742	None
7743	None
7744	None
7745	None
7746	None
7747	None
7748	None
7749	None
7750	None
7751	None
7752	None
7753	None
7754	None
7755	None
7756	None
7757	None
7758	None
7759	None
7760	None
7761	None
7762	None
7763	None
7764	None
7765	None
7766	None
7767	None
7768	None
7769	None
7770	None
7771	None
7772	None
7773	None
7774	None
7775	None
7776	None
7777	None
7778	None
7779	None
7780	None
7781	None
7782	None
7783	None
7784	None
7785	None
7786	None
7787	None
7788	None
7789	None
7790	None
7791	None
7792	None
7793	None
7794	None
7795	None
7796	None
7797	None
7798	None
7799	None
7800	None
7801	None
7802	None
7803	None
7804	None
7805	None
7806	None
7807	None
7808	None
7809	None
7810	None
7811	None
7812	None
7813	None
7814	None
7815	None
7816	None
7817	None
7818	None
7819	None
7820	None
7821	None
7822	None
7823	None
7824	None
7825	None
7826	None
7827	None
7828	None
7829	None
7830	None
7831	None
7832	None
7833	None
7834	None
7835	None
7836	None
7837	None
7838	None
7839	None
7840	None
7841	None
7842	None
7843	None
7844	None
7845	None
7846	None
7847	None
7848	None
7849	None
7850	None
7851	None
7852	None
7853	None
7854	None
7855	None
7856	None
7857	None
7858	None
7859	None
7860	None
7861	None
7862	None
7863	None
7864	None
7865	None
7866	None
7867	None
7868	None
7869	None
7870	None
7871	None
7872	None
7873	None
7874	None
7875	None
7876	None
7877	None
7878	None
7879	None
7880	None
7881	None
7882	None
7883	None
7884	None
7885	None
7886	None
7887	None
7888	None
7889	None
7890	None
7891	None
7892	None
7893	None
7894	None
7895	None
7896	None
7897	None
7898	None
7899	None
7900	None
7901	None
7902	None
7903	None
7904	None
7905	None
7906	None
7907	None
7908	None
7909	None
7910	None
7911	None
7912	None
7913	None
7914	None
7915	None
7916	None
7917	None
7918	None
7919	None
7920	None
7921	None
7922	None
7923	None
7924	None
7925	None
7926	None
7927	None
7928	None
7929	None
7930	None
7931	None
7932	None
7933	None
7934	None
7935	None
7936	None
7937	None
7938	None
7939	None
7940	None
7941	None
7942	None
7943	None
7944	None
7945	None
7946	None
7947	None
7948	None
7949	None
7950	None
7951	None
7952	None
7953	None
7954	None
7955	None
7956	None
7957	None
7958	None
7959	None
7960	None
7961	None
7962	None
7963	None
7964	None
7965	None
7966	None
7967	None
7968	None
7969	None
7970	None
7971	None
7972	None
7973	None
7974	None
7975	None
7976	None
7977	None
7978	None
7979	None
7980	None
7981	None
7982	None
7983	None
7984	None
7985	None
7986	None
7987	None
7988	None
7989	None
7990	None
7991	None
7992	None
7993	None
7994	None
7995	None
7996	None
7997	None
7998	None
7999	None
8000	None
8001	None
8002	None
8003	None
8004	None
8005	None
8006	None
8007	None
8008	None
8009	None
8010	None
8011	None
8012	None
8013	None
8014	None
8015	None
8016	None
8017	None
8018	None
8019	None
8020	None
8021	None
8022	None
8023	None
8024	None
8025	None
8026	None
8027	None
8028	None
8029	None
8030	None
8031	None
8032	None
8033	None
8034	None
8035	None
8036	None
8037	None
8038	None
8039	None
8040	None
8041	None
8042	None
8043	None
8044	None
8045	None
8046	None
8047	None
8048	None
8049	None
8050	None
8051	None
8052	None
8053	None
8054	None
8055	None
8056	None
8057	None
8058	None
8059	None
8060	None
8061	None
8062	None
8063	None
8064	None
8065	None
8066	None
8067	None
8068	None
8069	None
8070	None
8071	None
8072	None
8073	None
8074	None
8075	None
8076	None
8077	None
8078	None
8079	None
8080	None
8081	None
8082	None
8083	None
8084	None
8085	None
8086	None
8087	None
8088	None
8089	None
8090	None
8091	None
8092	None
8093	None
8094	None
8095	None
8096	None
8097	None
8098	None
8099	None
8100	None
8101	None
8102	None
8103	None
8104	None
8105	None
8106	None
8107	None
8108	None
8109	None
8110	None
8111	None
8112	None
8113	None
8114	None
8115	None
8116	None
8117	None
8118	None
8119	None
8120	None
8121	None
8122	None
8123	None
8124	None
8125	None
8126	None
8127	None
8128	None
8129	None
8130	None
8131	None
8132	None
8133	None
8134	None
8135	None
8136	None
8137	None
8138	None
8139	None
8140	None
8141	None
8142	None
8143	None
8144	None
8145	None
8146	None
8147	None
8148	None
8149	None
8150	None
8151	None
8152	None
8153	None
8154	None
8155	None
8156	None
8157	None
8158	None
8159	None
8160	None
8161	None
8162	None
8163	None
8164	None
8165	None
8166	None
8167	None
8168	None
8169	None
8170	None
8171	None
8172	None
8173	None
8174	None
8175	None
8176	None
8177	None
8178	None
8179	None
8180	None
8181	None
8182	None
8183	None
8184	None
8185	None
8186	None
8187	None
8188	None
8189	None
8190	None
8191	None
8192	None
8193	None
8194	None
8195	None
8196	None
8197	None
8198	None
8199	None
8200	None
8201	None
8202	None
8203	None
8204	None
8205	None
8206	None
8207	None
8208	None
8209	None
8210	None
8211	None
8212	None
8213	None
8214	None
8215	None
8216	None
8217	None
8218	None
8219	None
8220	None
8221	None
8222	None
8223	None
8224	None
8225	None
8226	None
8227	None
8228	None
8229	None
8230	None
8231	None
8232	None
8233	None
8234	None
8235	None
8236	None
8237	None
8238	None
8239	None
8240	None
8241	None
8242	None
8243	None
8244	None
8245	None
8246	None
8247	None
8248	None
8249	None
8250	None
8251	None
8252	None
8253	None
8254	None
8255	None
8256	None
8257	None
8258	None
8259	None
8260	None
8261	None
8262	None
8263	None
8264	None
8265	None
8266	None
8267	None
8268	None
8269	None
8270	None
8271	None
8272	None
8273	None
8274	None
8275	None
8276	None
8277	None
8278	None
8279	None
8280	None
8281	None
8282	None
8283	None
8284	None
8285	None
8286	None
8287	None
8288	None
8289	None
8290	None
8291	None
8292	None
8293	None
8294	None
8295	None
8296	None
8297	None
8298	None
8299	None
8300	None
8301	None
8302	None
8303	None
8304	None
8305	None
8306	None
8307	None
8308	None
8309	None
8310	None
8311	None
8312	None
8313	None
8314	None
8315	None
8316	None
8317	None
8318	None
8319	None
8320	None
8321	None
8322	None
8323	None
8324	None
8325	None
8326	None
8327	None
8328	None
8329	None
8330	None
8331	None
8332	None
8333	None
8334	None
8335	None
8336	None
8337	None
8338	None
8339	None
8340	None
8341	None
8342	None
8343	None
8344	None
8345	None
8346	None
8347	None
8348	None
8349	None
8350	None
8351	None
8352	None
8353	None
8354	None
8355	None
8356	None
8357	None
8358	None
8359	None
8360	None
8361	None
8362	None
8363	None
8364	None
8365	None
8366	None
8367	None
8368	None
8369	None
8370	None
8371	None
8372	None
8373	None
8374	None
8375	None
8376	None
8377	None
8378	None
8379	None
8380	None
8381	None
8382	None
8383	None
8384	None
8385	None
8386	None
8387	None
8388	None
8389	None
8390	None
8391	None
8392	None
8393	None
8394	None
8395	None
8396	None
8397	None
8398	None
8399	None
8400	None
8401	None
8402	None
8403	None
8404	None
8405	None
8406	None
8407	None
8408	None
8409	None
8410	None
8411	None
8412	None
8413	None
8414	None
8415	None
8416	None
8417	None
8418	None
8419	None
8420	None
8421	None
8422	None
8423	None
8424	None
8425	None
8426	None
8427	None
8428	None
8429	None
8430	None
8431	None
8432	None
8433	None
8434	None
8435	None
8436	None
8437	None
8438	None
8439	None
8440	None
8441	None
8442	None
8443	None
8444	None
8445	None
8446	None
8447	None
8448	None
8449	None
8450	None
8451	None
8452	None
8453	None
8454	None
8455	None
8456	None
8457	None
8458	None
8459	None
8460	None
8461	None
8462	None
8463	None
8464	None
8465	None
8466	None
8467	None
8468	None
8469	None
8470	None
8471	None
8472	None
8473	None
8474	None
8475	None
8476	None
8477	None
8478	None
8479	None
8480	None
8481	None
8482	None
8483	None
8484	None
8485	None
8486	None
8487	None
8488	None
8489	None
8490	None
8491	None
8492	None
8493	None
8494	None
8495	None
8496	None
8497	None
8498	None
8499	None
8500	None
8501	None
8502	None
8503	None
8504	None
8505	None
8506	None
8507	None
8508	None
8509	None
8510	None
8511	None
8512	None
8513	None
8514	None
8515	None
8516	None
8517	None
8518	None
8519	None
8520	None
8521	None
8522	None
8523	None
8524	None
8525	None
8526	None
8527	None
8528	None
8529	None
8530	None
8531	None
8532	None
8533	None
8534	None
8535	None
8536	None
8537	None
8538	None
8539	None
8540	None
8541	None
8542	None
8543	None
8544	None
8545	None
8546	None
8547	None
8548	None
8549	None
8550	None
8551	None
8552	None
8553	None
8554	None
8555	None
8556	None
8557	None
8558	None
8559	None
8560	None
8561	None
8562	None
8563	None
8564	None
8565	None
8566	None
8567	None
8568	None
8569	None
8570	None
8571	None
8572	None
8573	None
8574	None
8575	None
8576	None
8577	None
8578	None
8579	None
8580	None
8581	None
8582	None
8583	None
8584	None
8585	None
8586	None
8587	None
8588	None
8589	None
8590	None
8591	None
8592	None
8593	None
8594	None
8595	None
8596	None
8597	None
8598	None
8599	None
8600	None
8601	None
8602	None
8603	None
8604	None
8605	None
8606	None
8607	None
8608	None
8609	None
8610	None
8611	None
8612	None
8613	None
8614	None
8615	None
8616	None
8617	None
8618	None
8619	None
8620	None
8621	None
8622	None
8623	None
8624	None
8625	None
8626	None
8627	None
8628	None
8629	None
8630	None
8631	None
8632	None
8633	None
8634	None
8635	None
8636	None
8637	None
8638	None
8639	None
8640	None
8641	None
8642	None
8643	None
8644	None
8645	None
8646	None
8647	None
8648	None
8649	None
8650	None
8651	None
8652	None
8653	None
8654	None
8655	None
8656	None
8657	None
8658	None
8659	None
8660	None
8661	None
8662	None
8663	None
8664	None
8665	None
8666	None
8667	None
8668	None
8669	None
8670	None
8671	None
8672	None
8673	None
8674	None
8675	None
8676	None
8677	None
8678	None
8679	None
8680	None
8681	None
8682	None
8683	None
8684	None
8685	None
8686	None
8687	None
8688	None
8689	None
8690	None
8691	None
8692	None
8693	None
8694	None
8695	None
8696	None
8697	None
8698	None
8699	None
8700	None
8701	None
8702	None
8703	None
8704	None
8705	None
8706	None
8707	None
8708	None
8709	None
8710	None
8711	None
8712	None
8713	None
8714	None
8715	None
8716	None
8717	None
8718	None
8719	None
8720	None
8721	None
8722	None
8723	None
8724	None
8725	None
8726	None
8727	None
8728	None
8729	None
8730	None
8731	None
8732	None
8733	None
8734	None
8735	None
8736	None
8737	None
8738	None
8739	None
8740	None
8741	None
8742	None
8743	None
8744	None
8745	None
8746	None
8747	None
8748	None
8749	None
8750	None
8751	None
8752	None
8753	None
8754	None
8755	None
8756	None
8757	None
8758	None
8759	None
8760	None
8761	None
8762	None
8763	None
8764	None
8765	None
8766	None
8767	None
8768	None
8769	None
8770	None
8771	None
8772	None
8773	None
8774	None
8775	None
8776	None
8777	None
8778	None
8779	None
8780	None
8781	None
8782	None
8783	None
8784	None
8785	None
