2119 matches
['halomatch.py', 'Runs/', 'LCDM_vanilla', 'SymC_DM', '64', '.5', 'match_LCDM_vanilla_SymC_DM']
LCDM_vanilla	SymC_DM
0	0
1	1
2	3
3	2
4	5
5	6
6	7
7	4
8	11
9	13
10	10
11	9
12	8
13	15
14	12
15	16
16	18
17	19
18	17
19	20
20	32
21	21
22	22
23	24
24	26
25	25
26	None
27	30
28	27
29	28
30	34
31	90
32	29
33	31
34	44
35	42
36	43
37	52
38	None
39	37
40	33
41	60
42	36
43	50
44	55
45	53
46	46
47	48
48	47
49	49
50	58
51	54
52	69
53	51
54	None
55	None
56	63
57	56
58	64
59	62
60	61
61	79
62	57
63	158
64	65
65	118
66	59
67	66
68	70
69	85
70	76
71	88
72	83
73	74
74	73
75	72
76	91
77	67
78	78
79	89
80	87
81	77
82	None
83	112
84	173
85	147
86	None
87	110
88	81
89	246
90	None
91	None
92	107
93	98
94	None
95	108
96	86
97	None
98	93
99	103
100	200
101	122
102	None
103	106
104	101
105	111
106	109
107	105
108	94
109	96
110	115
111	99
112	117
113	None
114	116
115	149
116	126
117	None
118	None
119	None
120	133
121	164
122	171
123	135
124	None
125	149
126	140
127	119
128	None
129	114
130	None
131	148
132	None
133	132
134	139
135	131
136	197
137	187
138	129
139	None
140	124
141	161
142	137
143	143
144	138
145	None
146	165
147	145
148	455
149	141
150	318
151	None
152	136
153	181
154	None
155	130
156	None
157	160
158	None
159	174
160	None
161	194
162	411
163	None
164	183
165	176
166	245
167	None
168	None
169	None
170	169
171	None
172	None
173	None
174	236
175	175
176	339
177	188
178	214
179	180
180	201
181	225
182	191
183	237
184	163
185	353
186	None
187	None
188	351
189	154
190	395
191	None
192	191
193	272
194	None
195	226
196	None
197	None
198	None
199	204
200	273
201	None
202	None
203	None
204	232
205	None
206	230
207	None
208	None
209	205
210	336
211	290
212	None
213	328
214	284
215	None
216	None
217	251
218	None
219	217
220	None
221	None
222	None
223	None
224	627
225	None
226	None
227	202
228	410
229	None
230	None
231	274
232	None
233	584
234	None
235	None
236	1107
237	None
238	436
239	285
240	338
241	None
242	263
243	296
244	None
245	None
246	None
247	284
248	None
249	421
250	266
251	None
252	323
253	242
254	184
255	317
256	None
257	None
258	802
259	322
260	223
261	None
262	321
263	None
264	343
265	867
266	403
267	None
268	None
269	None
270	460
271	None
272	None
273	644
274	None
275	None
276	None
277	264
278	None
279	None
280	311
281	None
282	None
283	382
284	960
285	453
286	295
287	None
288	None
289	None
290	None
291	None
292	None
293	None
294	486
295	286
296	722
297	440
298	259
299	None
300	512
301	607
302	464
303	634
304	None
305	None
306	None
307	439
308	726
309	None
310	None
311	None
312	None
313	444
314	445
315	435
316	None
317	341
318	None
319	None
320	None
321	None
322	850
323	None
324	451
325	562
326	None
327	None
328	411
329	None
330	None
331	None
332	347
333	None
334	None
335	None
336	345
337	202
338	None
339	288
340	None
341	340
342	422
343	331
344	None
345	None
346	397
347	None
348	None
349	405
350	304
351	None
352	539
353	370
354	329
355	428
356	None
357	576
358	346
359	None
360	427
361	917
362	None
363	None
364	None
365	458
366	1444
367	597
368	None
369	1196
370	747
371	543
372	608
373	574
374	None
375	None
376	603
377	None
378	None
379	None
380	None
381	705
382	None
383	None
384	None
385	506
386	None
387	None
388	1308
389	None
390	975
391	389
392	917
393	799
394	None
395	621
396	None
397	586
398	None
399	714
400	401
401	None
402	None
403	618
404	None
405	None
406	1544
407	None
408	None
409	None
410	None
411	None
412	None
413	None
414	874
415	None
416	414
417	None
418	None
419	626
420	1765
421	1105
422	None
423	None
424	572
425	None
426	None
427	642
428	550
429	None
430	408
431	471
432	None
433	1255
434	None
435	None
436	None
437	1121
438	1803
439	None
440	None
441	1420
442	None
443	792
444	None
445	None
446	1993
447	None
448	2438
449	None
450	None
451	454
452	None
453	None
454	None
455	None
456	None
457	None
458	None
459	None
460	677
461	None
462	None
463	517
464	None
465	1062
466	None
467	None
468	None
469	None
470	None
471	None
472	612
473	681
474	None
475	None
476	None
477	1078
478	None
479	None
480	540
481	None
482	None
483	536
484	1166
485	None
486	1163
487	719
488	None
489	None
490	None
491	None
492	None
493	None
494	None
495	None
496	None
497	1627
498	None
499	None
500	None
501	None
502	None
503	None
504	474
505	514
506	960
507	None
508	None
509	None
510	1126
511	1359
512	516
513	None
514	None
515	606
516	1628
517	None
518	None
519	None
520	None
521	None
522	3199
523	993
524	1477
525	711
526	1705
527	None
528	None
529	696
530	1035
531	1166
532	747
533	None
534	None
535	1777
536	None
537	None
538	None
539	None
540	889
541	None
542	None
543	None
544	1620
545	None
546	None
547	None
548	577
549	None
550	None
551	None
552	902
553	None
554	None
555	664
556	838
557	None
558	1651
559	None
560	None
561	None
562	None
563	None
564	None
565	None
566	970
567	None
568	641
569	None
570	1218
571	None
572	None
573	None
574	None
575	728
576	1615
577	None
578	730
579	None
580	1269
581	None
582	1343
583	898
584	None
585	1403
586	None
587	1025
588	None
589	None
590	744
591	None
592	None
593	None
594	None
595	None
596	None
597	None
598	None
599	None
600	None
601	None
602	750
603	724
604	None
605	807
606	None
607	None
608	None
609	None
610	None
611	None
612	None
613	1765
614	None
615	None
616	None
617	1669
618	757
619	1384
620	850
621	None
622	None
623	None
624	None
625	None
626	None
627	456
628	None
629	None
630	None
631	940
632	2027
633	None
634	None
635	None
636	None
637	None
638	844
639	920
640	1285
641	None
642	None
643	1157
644	None
645	1810
646	None
647	None
648	None
649	None
650	None
651	None
652	None
653	669
654	None
655	874
656	921
657	None
658	None
659	None
660	None
661	2129
662	None
663	1121
664	1929
665	None
666	None
667	None
668	None
669	None
670	973
671	455
672	993
673	None
674	None
675	None
676	None
677	None
678	1809
679	1400
680	None
681	None
682	None
683	1694
684	793
685	None
686	None
687	818
688	None
689	1690
690	None
691	None
692	None
693	350
694	None
695	None
696	1715
697	1339
698	None
699	None
700	None
701	None
702	1584
703	None
704	None
705	672
706	None
707	None
708	None
709	None
710	1678
711	773
712	753
713	None
714	None
715	None
716	None
717	None
718	None
719	None
720	None
721	None
722	928
723	None
724	None
725	None
726	None
727	None
728	None
729	None
730	None
731	None
732	None
733	None
734	None
735	None
736	None
737	1863
738	None
739	None
740	1887
741	974
742	None
743	None
744	1387
745	None
746	1114
747	None
748	None
749	None
750	1292
751	None
752	1409
753	None
754	None
755	None
756	None
757	1676
758	None
759	1772
760	1024
761	1082
762	2435
763	None
764	1166
765	901
766	1231
767	None
768	None
769	984
770	350
771	None
772	2159
773	None
774	1377
775	None
776	966
777	None
778	None
779	None
780	None
781	None
782	None
783	1726
784	None
785	None
786	1583
787	None
788	None
789	None
790	1805
791	None
792	2058
793	None
794	1063
795	None
796	None
797	None
798	None
799	2027
800	None
801	None
802	None
803	None
804	None
805	None
806	None
807	1492
808	None
809	None
810	1258
811	1094
812	None
813	1146
814	None
815	None
816	1024
817	None
818	None
819	1535
820	2773
821	774
822	858
823	None
824	981
825	None
826	None
827	None
828	963
829	972
830	1343
831	None
832	None
833	None
834	1189
835	None
836	None
837	None
838	None
839	1898
840	2039
841	2337
842	2115
843	848
844	1244
845	1251
846	560
847	2219
848	None
849	None
850	None
851	None
852	None
853	None
854	2444
855	None
856	None
857	None
858	None
859	None
860	2301
861	None
862	None
863	1640
864	None
865	1403
866	None
867	804
868	None
869	None
870	1453
871	None
872	None
873	None
874	None
875	None
876	2189
877	None
878	None
879	None
880	2507
881	None
882	2952
883	None
884	1277
885	None
886	1550
887	None
888	None
889	None
890	None
891	1869
892	None
893	None
894	1157
895	None
896	None
897	None
898	1081
899	None
900	None
901	None
902	None
903	None
904	None
905	None
906	None
907	1442
908	2220
909	None
910	1838
911	None
912	None
913	None
914	None
915	None
916	None
917	2335
918	2516
919	1242
920	None
921	None
922	None
923	3237
924	None
925	None
926	None
927	1542
928	None
929	None
930	1423
931	1394
932	None
933	1308
934	None
935	835
936	1536
937	None
938	1305
939	None
940	None
941	2279
942	1458
943	None
944	None
945	2815
946	1343
947	None
948	None
949	None
950	None
951	2429
952	None
953	None
954	None
955	None
956	None
957	1649
958	None
959	1797
960	1609
961	381
962	1253
963	None
964	None
965	None
966	None
967	None
968	None
969	None
970	None
971	1505
972	630
973	None
974	None
975	None
976	None
977	1786
978	None
979	None
980	None
981	None
982	2950
983	None
984	3305
985	None
986	None
987	None
988	None
989	None
990	3663
991	2123
992	None
993	None
994	None
995	None
996	363
997	None
998	None
999	None
1000	None
1001	1630
1002	1128
1003	2879
1004	None
1005	2749
1006	2617
1007	None
1008	2537
1009	None
1010	None
1011	None
1012	None
1013	None
1014	None
1015	None
1016	None
1017	None
1018	None
1019	None
1020	None
1021	1482
1022	None
1023	1115
1024	1782
1025	1617
1026	None
1027	None
1028	None
1029	None
1030	None
1031	None
1032	None
1033	None
1034	2583
1035	None
1036	1351
1037	None
1038	1453
1039	None
1040	314
1041	2509
1042	None
1043	2521
1044	1832
1045	1583
1046	1562
1047	None
1048	None
1049	None
1050	None
1051	1701
1052	None
1053	2547
1054	1772
1055	None
1056	2589
1057	None
1058	None
1059	None
1060	2673
1061	None
1062	822
1063	None
1064	2118
1065	None
1066	None
1067	2558
1068	2875
1069	None
1070	None
1071	None
1072	None
1073	None
1074	1919
1075	None
1076	1296
1077	None
1078	None
1079	1347
1080	1631
1081	1755
1082	839
1083	None
1084	None
1085	2125
1086	None
1087	1705
1088	None
1089	None
1090	2025
1091	511
1092	None
1093	348
1094	None
1095	None
1096	None
1097	2160
1098	1972
1099	1423
1100	None
1101	None
1102	None
1103	None
1104	None
1105	None
1106	1844
1107	None
1108	None
1109	1615
1110	None
1111	None
1112	None
1113	None
1114	3297
1115	None
1116	None
1117	1898
1118	None
1119	1858
1120	None
1121	None
1122	None
1123	None
1124	2583
1125	None
1126	2925
1127	2444
1128	None
1129	None
1130	None
1131	1458
1132	None
1133	None
1134	None
1135	None
1136	None
1137	2633
1138	None
1139	None
1140	None
1141	None
1142	None
1143	1437
1144	None
1145	None
1146	2463
1147	None
1148	None
1149	2075
1150	1250
1151	None
1152	None
1153	None
1154	2081
1155	None
1156	None
1157	None
1158	3844
1159	1565
1160	None
1161	2020
1162	None
1163	2485
1164	2481
1165	None
1166	None
1167	3801
1168	None
1169	2436
1170	3036
1171	2200
1172	None
1173	2970
1174	None
1175	None
1176	None
1177	None
1178	None
1179	None
1180	None
1181	None
1182	None
1183	None
1184	None
1185	None
1186	None
1187	None
1188	2257
1189	1720
1190	None
1191	None
1192	None
1193	None
1194	2578
1195	None
1196	None
1197	None
1198	2990
1199	2373
1200	1872
1201	None
1202	1725
1203	None
1204	None
1205	None
1206	None
1207	1641
1208	3339
1209	None
1210	1828
1211	3863
1212	None
1213	None
1214	None
1215	1677
1216	None
1217	None
1218	2259
1219	1503
1220	None
1221	2159
1222	None
1223	2617
1224	2828
1225	None
1226	None
1227	None
1228	2386
1229	3768
1230	None
1231	2762
1232	2025
1233	None
1234	2749
1235	None
1236	None
1237	2862
1238	1542
1239	None
1240	None
1241	2786
1242	3495
1243	None
1244	None
1245	4125
1246	1891
1247	None
1248	None
1249	2977
1250	None
1251	None
1252	2268
1253	None
1254	None
1255	None
1256	3393
1257	1635
1258	None
1259	3616
1260	None
1261	None
1262	1477
1263	None
1264	None
1265	1994
1266	None
1267	None
1268	None
1269	1903
1270	3638
1271	None
1272	None
1273	None
1274	None
1275	None
1276	None
1277	None
1278	None
1279	3707
1280	None
1281	2020
1282	None
1283	None
1284	None
1285	None
1286	None
1287	None
1288	2000
1289	None
1290	None
1291	2174
1292	None
1293	None
1294	None
1295	None
1296	None
1297	1993
1298	2429
1299	2491
1300	None
1301	2996
1302	1645
1303	None
1304	None
1305	None
1306	None
1307	None
1308	None
1309	None
1310	None
1311	None
1312	1733
1313	None
1314	3083
1315	1649
1316	None
1317	None
1318	3817
1319	3537
1320	None
1321	None
1322	None
1323	1849
1324	None
1325	None
1326	3206
1327	1631
1328	None
1329	2002
1330	None
1331	None
1332	None
1333	None
1334	None
1335	3753
1336	4034
1337	1914
1338	2598
1339	3693
1340	1757
1341	3039
1342	2946
1343	None
1344	None
1345	None
1346	2381
1347	1790
1348	None
1349	1490
1350	None
1351	2535
1352	None
1353	2644
1354	None
1355	None
1356	1832
1357	2035
1358	None
1359	1980
1360	702
1361	None
1362	None
1363	784
1364	None
1365	2444
1366	None
1367	None
1368	3800
1369	None
1370	2516
1371	2761
1372	None
1373	2461
1374	1911
1375	None
1376	2009
1377	None
1378	4516
1379	3786
1380	3455
1381	2450
1382	None
1383	None
1384	None
1385	None
1386	None
1387	None
1388	1904
1389	None
1390	None
1391	None
1392	1829
1393	None
1394	None
1395	2051
1396	None
1397	3173
1398	None
1399	None
1400	2299
1401	388
1402	None
1403	496
1404	3390
1405	2822
1406	None
1407	None
1408	None
1409	1940
1410	3516
1411	2011
1412	None
1413	4495
1414	None
1415	None
1416	3804
1417	None
1418	None
1419	None
1420	2598
1421	1235
1422	None
1423	2596
1424	None
1425	None
1426	1934
1427	2302
1428	None
1429	None
1430	3282
1431	3344
1432	None
1433	4133
1434	None
1435	None
1436	None
1437	3803
1438	None
1439	4578
1440	None
1441	None
1442	None
1443	2028
1444	None
1445	None
1446	None
1447	None
1448	None
1449	3090
1450	None
1451	2593
1452	None
1453	3356
1454	None
1455	3046
1456	None
1457	2110
1458	2926
1459	None
1460	2146
1461	None
1462	None
1463	3574
1464	None
1465	None
1466	None
1467	2172
1468	3554
1469	2859
1470	1270
1471	1195
1472	2095
1473	None
1474	None
1475	None
1476	2014
1477	None
1478	2185
1479	None
1480	4432
1481	1009
1482	None
1483	None
1484	None
1485	None
1486	None
1487	None
1488	2067
1489	None
1490	2109
1491	None
1492	None
1493	None
1494	None
1495	None
1496	None
1497	None
1498	None
1499	None
1500	None
1501	None
1502	4609
1503	None
1504	None
1505	4364
1506	3833
1507	None
1508	None
1509	2134
1510	4536
1511	2311
1512	None
1513	3627
1514	676
1515	None
1516	None
1517	None
1518	None
1519	None
1520	None
1521	3689
1522	None
1523	None
1524	None
1525	2770
1526	478
1527	None
1528	None
1529	None
1530	None
1531	None
1532	1356
1533	None
1534	None
1535	None
1536	None
1537	None
1538	None
1539	4010
1540	None
1541	None
1542	None
1543	1869
1544	None
1545	None
1546	None
1547	4211
1548	None
1549	None
1550	None
1551	None
1552	None
1553	None
1554	771
1555	None
1556	2926
1557	None
1558	3324
1559	None
1560	None
1561	2545
1562	2291
1563	None
1564	None
1565	2629
1566	638
1567	None
1568	3001
1569	None
1570	None
1571	None
1572	2376
1573	None
1574	None
1575	None
1576	2730
1577	764
1578	None
1579	2446
1580	3816
1581	3096
1582	None
1583	None
1584	None
1585	None
1586	None
1587	None
1588	2580
1589	None
1590	None
1591	None
1592	2346
1593	None
1594	2316
1595	2231
1596	None
1597	2830
1598	4229
1599	4172
1600	2309
1601	None
1602	None
1603	None
1604	5137
1605	None
1606	4587
1607	None
1608	None
1609	2342
1610	None
1611	None
1612	None
1613	None
1614	2699
1615	None
1616	3609
1617	3476
1618	None
1619	4416
1620	None
1621	None
1622	None
1623	4502
1624	None
1625	None
1626	None
1627	4347
1628	None
1629	2693
1630	None
1631	None
1632	None
1633	3834
1634	None
1635	1165
1636	None
1637	None
1638	None
1639	3904
1640	500
1641	None
1642	None
1643	None
1644	2445
1645	None
1646	None
1647	None
1648	None
1649	None
1650	3434
1651	2448
1652	3046
1653	None
1654	4134
1655	2505
1656	None
1657	5408
1658	4231
1659	None
1660	None
1661	None
1662	3979
1663	3785
1664	1195
1665	2602
1666	None
1667	None
1668	3071
1669	None
1670	None
1671	None
1672	None
1673	None
1674	None
1675	None
1676	5206
1677	None
1678	None
1679	3367
1680	5170
1681	2518
1682	None
1683	3204
1684	None
1685	2889
1686	None
1687	2918
1688	4957
1689	None
1690	None
1691	4453
1692	2513
1693	2569
1694	None
1695	None
1696	None
1697	573
1698	4321
1699	None
1700	2753
1701	None
1702	None
1703	None
1704	None
1705	None
1706	1290
1707	None
1708	2753
1709	2865
1710	None
1711	None
1712	2693
1713	None
1714	None
1715	4412
1716	4060
1717	5665
1718	None
1719	None
1720	None
1721	None
1722	None
1723	None
1724	3157
1725	None
1726	None
1727	None
1728	2869
1729	None
1730	None
1731	None
1732	4063
1733	None
1734	None
1735	None
1736	None
1737	None
1738	None
1739	3520
1740	2629
1741	5403
1742	None
1743	4694
1744	3659
1745	None
1746	None
1747	5193
1748	None
1749	None
1750	2817
1751	3226
1752	2269
1753	None
1754	None
1755	None
1756	3952
1757	2695
1758	4794
1759	None
1760	None
1761	2876
1762	None
1763	None
1764	None
1765	None
1766	5684
1767	1905
1768	3641
1769	5406
1770	None
1771	None
1772	None
1773	4689
1774	None
1775	None
1776	None
1777	3701
1778	4276
1779	None
1780	None
1781	None
1782	4922
1783	None
1784	None
1785	None
1786	None
1787	None
1788	5825
1789	5683
1790	None
1791	3108
1792	None
1793	6015
1794	6209
1795	3969
1796	4777
1797	None
1798	None
1799	3777
1800	None
1801	2009
1802	1551
1803	None
1804	None
1805	3092
1806	2929
1807	None
1808	5537
1809	4923
1810	5428
1811	4616
1812	None
1813	None
1814	None
1815	None
1816	3408
1817	None
1818	6263
1819	4436
1820	None
1821	None
1822	6262
1823	2468
1824	None
1825	None
1826	1724
1827	None
1828	None
1829	None
1830	None
1831	None
1832	None
1833	None
1834	3677
1835	None
1836	2704
1837	None
1838	3227
1839	3096
1840	None
1841	3098
1842	4828
1843	3690
1844	3007
1845	None
1846	None
1847	3610
1848	4694
1849	1769
1850	None
1851	3473
1852	None
1853	3715
1854	4316
1855	None
1856	4735
1857	5569
1858	None
1859	None
1860	830
1861	None
1862	6094
1863	4371
1864	5882
1865	3918
1866	4362
1867	4556
1868	None
1869	None
1870	None
1871	None
1872	None
1873	3510
1874	4863
1875	None
1876	None
1877	None
1878	None
1879	None
1880	None
1881	None
1882	None
1883	None
1884	None
1885	6461
1886	None
1887	3906
1888	None
1889	4527
1890	None
1891	3030
1892	None
1893	None
1894	4959
1895	1195
1896	4622
1897	None
1898	4628
1899	3317
1900	None
1901	4986
1902	None
1903	4309
1904	None
1905	None
1906	None
1907	3650
1908	None
1909	5494
1910	3621
1911	None
1912	5614
1913	5005
1914	2034
1915	None
1916	None
1917	1924
1918	None
1919	2506
1920	5023
1921	5916
1922	None
1923	None
1924	None
1925	None
1926	None
1927	3284
1928	None
1929	None
1930	None
1931	None
1932	3103
1933	None
1934	4114
1935	5627
1936	3235
1937	None
1938	4956
1939	2079
1940	3930
1941	None
1942	None
1943	None
1944	None
1945	None
1946	None
1947	None
1948	1850
1949	None
1950	3504
1951	5753
1952	None
1953	2628
1954	4894
1955	None
1956	3898
1957	2623
1958	None
1959	None
1960	None
1961	2219
1962	None
1963	None
1964	4453
1965	5071
1966	4529
1967	None
1968	None
1969	None
1970	3947
1971	3822
1972	None
1973	2053
1974	None
1975	None
1976	None
1977	None
1978	None
1979	6668
1980	4053
1981	2119
1982	None
1983	None
1984	None
1985	None
1986	None
1987	None
1988	3213
1989	None
1990	None
1991	2060
1992	3962
1993	2256
1994	None
1995	None
1996	1974
1997	None
1998	None
1999	5051
2000	None
2001	None
2002	None
2003	5962
2004	None
2005	None
2006	None
2007	1730
2008	None
2009	None
2010	2915
2011	None
2012	None
2013	None
2014	1329
2015	4670
2016	None
2017	None
2018	5199
2019	None
2020	841
2021	None
2022	3565
2023	4524
2024	None
2025	4386
2026	None
2027	None
2028	7006
2029	None
2030	1263
2031	None
2032	None
2033	3248
2034	None
2035	2219
2036	4200
2037	None
2038	None
2039	None
2040	None
2041	None
2042	None
2043	None
2044	5733
2045	3649
2046	None
2047	None
2048	None
2049	None
2050	3235
2051	None
2052	None
2053	3781
2054	None
2055	None
2056	None
2057	7207
2058	None
2059	None
2060	6907
2061	None
2062	None
2063	None
2064	None
2065	None
2066	6104
2067	6094
2068	1484
2069	None
2070	5710
2071	None
2072	2893
2073	None
2074	None
2075	None
2076	5338
2077	None
2078	None
2079	4358
2080	3996
2081	None
2082	3831
2083	2821
2084	None
2085	4161
2086	None
2087	2261
2088	None
2089	None
2090	None
2091	None
2092	2195
2093	None
2094	4718
2095	5119
2096	3475
2097	None
2098	4931
2099	None
2100	None
2101	None
2102	None
2103	814
2104	7284
2105	None
2106	None
2107	None
2108	None
2109	None
2110	2685
2111	None
2112	None
2113	4611
2114	6930
2115	None
2116	3888
2117	None
2118	None
2119	3318
2120	None
2121	None
2122	5165
2123	3128
2124	None
2125	None
2126	None
2127	5572
2128	3403
2129	6239
2130	None
2131	3587
2132	None
2133	4976
2134	None
2135	5880
2136	None
2137	None
2138	1702
2139	5044
2140	5193
2141	4003
2142	None
2143	2870
2144	None
2145	5452
2146	None
2147	3086
2148	5287
2149	4383
2150	None
2151	4634
2152	2935
2153	3417
2154	None
2155	2684
2156	3445
2157	7190
2158	None
2159	6132
2160	2281
2161	1871
2162	None
2163	None
2164	7123
2165	None
2166	None
2167	3776
2168	None
2169	1295
2170	4685
2171	None
2172	6167
2173	None
2174	None
2175	1445
2176	None
2177	None
2178	None
2179	None
2180	None
2181	2162
2182	None
2183	None
2184	None
2185	None
2186	None
2187	None
2188	None
2189	7030
2190	None
2191	2787
2192	1570
2193	None
2194	5258
2195	8132
2196	8152
2197	5690
2198	None
2199	None
2200	1858
2201	None
2202	4880
2203	1866
2204	None
2205	6254
2206	None
2207	5181
2208	1320
2209	None
2210	None
2211	1324
2212	5701
2213	2315
2214	2973
2215	5173
2216	4685
2217	4692
2218	941
2219	3239
2220	None
2221	7462
2222	None
2223	None
2224	None
2225	3743
2226	2933
2227	1151
2228	3751
2229	2650
2230	3216
2231	5015
2232	4779
2233	5530
2234	4237
2235	None
2236	4439
2237	None
2238	None
2239	1544
2240	4069
2241	None
2242	None
2243	3313
2244	7292
2245	6961
2246	None
2247	2445
2248	945
2249	None
2250	3213
2251	None
2252	7250
2253	None
2254	None
2255	2857
2256	None
2257	1151
2258	2872
2259	None
2260	None
2261	1324
2262	5027
2263	2576
2264	3575
2265	None
2266	2967
2267	None
2268	3544
2269	1324
2270	None
2271	4175
2272	4445
2273	3315
2274	None
2275	4093
2276	4554
2277	None
2278	2228
2279	None
2280	3127
2281	2192
2282	3516
2283	1160
2284	None
2285	4887
2286	2604
2287	None
2288	3071
2289	None
2290	None
2291	None
2292	3062
2293	None
2294	None
2295	None
2296	None
2297	4799
2298	3077
2299	2684
2300	None
2301	3036
2302	None
2303	3858
2304	None
2305	2166
2306	None
2307	None
2308	None
2309	6207
2310	3043
2311	3932
2312	5108
2313	None
2314	None
2315	None
2316	None
2317	5663
2318	2675
2319	None
2320	None
2321	2763
2322	None
2323	None
2324	None
2325	None
2326	None
2327	4051
2328	2950
2329	None
2330	None
2331	None
2332	3001
2333	None
2334	None
2335	2890
2336	2458
2337	None
2338	2967
2339	None
2340	None
2341	3231
2342	None
2343	None
2344	5818
2345	None
2346	5917
2347	None
2348	None
2349	None
2350	None
2351	5618
2352	None
2353	2995
2354	None
2355	None
2356	3025
2357	None
2358	3357
2359	2981
2360	None
2361	None
2362	None
2363	None
2364	None
2365	None
2366	None
2367	None
2368	7991
2369	None
2370	None
2371	7738
2372	None
2373	4786
2374	None
2375	None
2376	None
2377	None
2378	8636
2379	None
2380	3022
2381	5311
2382	None
2383	4308
2384	4562
2385	None
2386	None
2387	None
2388	None
2389	None
2390	3167
2391	3544
2392	None
2393	None
2394	2588
2395	1337
2396	1134
2397	3544
2398	None
2399	5847
2400	None
2401	4178
2402	3748
2403	None
2404	4705
2405	3264
2406	3736
2407	None
2408	None
2409	3693
2410	5737
2411	2847
2412	None
2413	None
2414	4312
2415	None
2416	3057
2417	3418
2418	None
2419	None
2420	None
2421	3217
2422	None
2423	None
2424	None
2425	None
2426	None
2427	None
2428	None
2429	None
2430	5348
2431	1114
2432	None
2433	2767
2434	6007
2435	None
2436	None
2437	2862
2438	3183
2439	None
2440	None
2441	1913
2442	None
2443	None
2444	None
2445	None
2446	None
2447	None
2448	None
2449	None
2450	3036
2451	None
2452	4040
2453	4811
2454	None
2455	None
2456	None
2457	6137
2458	1594
2459	None
2460	None
2461	None
2462	3360
2463	None
2464	None
2465	None
2466	None
2467	None
2468	3873
2469	None
2470	None
2471	None
2472	None
2473	None
2474	None
2475	3401
2476	None
2477	None
2478	None
2479	3969
2480	None
2481	None
2482	None
2483	None
2484	4002
2485	None
2486	None
2487	None
2488	None
2489	3168
2490	6595
2491	None
2492	None
2493	None
2494	None
2495	None
2496	4789
2497	None
2498	4580
2499	None
2500	3478
2501	None
2502	None
2503	None
2504	5250
2505	None
2506	None
2507	None
2508	2127
2509	None
2510	None
2511	5560
2512	None
2513	None
2514	None
2515	3819
2516	None
2517	None
2518	4742
2519	None
2520	None
2521	None
2522	2631
2523	6361
2524	4921
2525	None
2526	3007
2527	None
2528	None
2529	None
2530	6634
2531	5989
2532	3526
2533	None
2534	5153
2535	None
2536	None
2537	None
2538	3363
2539	1162
2540	3841
2541	None
2542	None
2543	4093
2544	3822
2545	None
2546	None
2547	None
2548	None
2549	None
2550	None
2551	3836
2552	None
2553	4456
2554	5298
2555	None
2556	None
2557	None
2558	2975
2559	7316
2560	1789
2561	None
2562	None
2563	6257
2564	5644
2565	None
2566	5072
2567	None
2568	3533
2569	None
2570	None
2571	None
2572	6160
2573	3362
2574	None
2575	None
2576	None
2577	None
2578	3028
2579	3033
2580	None
2581	1745
2582	1288
2583	None
2584	1403
2585	3763
2586	2396
2587	None
2588	None
2589	3462
2590	3543
2591	3811
2592	None
2593	5071
2594	None
2595	None
2596	None
2597	None
2598	None
2599	4559
2600	None
2601	None
2602	None
2603	4556
2604	None
2605	5253
2606	5827
2607	3927
2608	4848
2609	None
2610	None
2611	None
2612	1295
2613	None
2614	None
2615	None
2616	None
2617	6453
2618	None
2619	1325
2620	2737
2621	None
2622	None
2623	None
2624	None
2625	None
2626	3408
2627	3171
2628	1221
2629	6452
2630	3163
2631	None
2632	None
2633	None
2634	None
2635	5424
2636	5294
2637	None
2638	5250
2639	2192
2640	None
2641	5520
2642	None
2643	None
2644	None
2645	5299
2646	3776
2647	3609
2648	3656
2649	5584
2650	4704
2651	None
2652	4530
2653	None
2654	None
2655	3488
2656	None
2657	3872
2658	4078
2659	None
2660	None
2661	2254
2662	None
2663	None
2664	4618
2665	None
2666	None
2667	3476
2668	None
2669	None
2670	None
2671	None
2672	None
2673	None
2674	3010
2675	4735
2676	None
2677	None
2678	3547
2679	None
2680	3349
2681	None
2682	6100
2683	None
2684	5181
2685	None
2686	6857
2687	None
2688	None
2689	4536
2690	None
2691	6405
2692	None
2693	None
2694	None
2695	4692
2696	4081
2697	None
2698	4574
2699	None
2700	None
2701	None
2702	None
2703	None
2704	None
2705	5130
2706	6810
2707	6297
2708	None
2709	None
2710	6749
2711	None
2712	None
2713	3756
2714	None
2715	None
2716	None
2717	7003
2718	None
2719	6231
2720	None
2721	None
2722	None
2723	5162
2724	None
2725	5345
2726	None
2727	None
2728	3472
2729	5237
2730	3554
2731	3836
2732	None
2733	4040
2734	4726
2735	None
2736	None
2737	5539
2738	None
2739	4556
2740	None
2741	2396
2742	3357
2743	None
2744	6234
2745	None
2746	None
2747	None
2748	None
2749	None
2750	None
2751	None
2752	None
2753	None
2754	None
2755	None
2756	None
2757	2818
2758	None
2759	None
2760	5202
2761	3919
2762	None
2763	4474
2764	None
2765	4524
2766	4337
2767	3680
2768	None
2769	5670
2770	None
2771	None
2772	None
2773	None
2774	None
2775	None
2776	3826
2777	5787
2778	None
2779	None
2780	2290
2781	None
2782	None
2783	3313
2784	None
2785	4811
2786	6353
2787	None
2788	None
2789	None
2790	None
2791	None
2792	1742
2793	None
2794	None
2795	4362
2796	6125
2797	4951
2798	2691
2799	4442
2800	7459
2801	4705
2802	1490
2803	None
2804	None
2805	7270
2806	4433
2807	3816
2808	None
2809	None
2810	None
2811	3906
2812	None
2813	4411
2814	5475
2815	None
2816	4369
2817	None
2818	None
2819	4307
2820	4989
2821	3963
2822	6777
2823	6695
2824	3197
2825	None
2826	5497
2827	None
2828	None
2829	None
2830	4263
2831	6724
2832	4780
2833	None
2834	None
2835	1484
2836	None
2837	None
2838	5406
2839	None
2840	None
2841	None
2842	4470
2843	None
2844	None
2845	None
2846	5487
2847	None
2848	None
2849	None
2850	None
2851	6220
2852	None
2853	6172
2854	7401
2855	None
2856	None
2857	None
2858	None
2859	None
2860	3495
2861	None
2862	None
2863	None
2864	5827
2865	6249
2866	None
2867	None
2868	None
2869	None
2870	6496
2871	None
2872	3893
2873	None
2874	None
2875	4037
2876	None
2877	3184
2878	1766
2879	None
2880	None
2881	None
2882	None
2883	4119
2884	6411
2885	None
2886	None
2887	None
2888	None
2889	None
2890	None
2891	1766
2892	4084
2893	None
2894	3961
2895	6638
2896	5854
2897	None
2898	None
2899	1625
2900	4531
2901	None
2902	None
2903	None
2904	None
2905	None
2906	None
2907	7372
2908	None
2909	4237
2910	7142
2911	6104
2912	4300
2913	3503
2914	None
2915	None
2916	None
2917	6901
2918	None
2919	None
2920	5498
2921	None
2922	None
2923	1866
2924	None
2925	None
2926	None
2927	None
2928	None
2929	6143
2930	None
2931	7552
2932	6815
2933	None
2934	None
2935	4585
2936	None
2937	None
2938	None
2939	None
2940	None
2941	4251
2942	None
2943	6144
2944	4224
2945	6187
2946	None
2947	7242
2948	6600
2949	None
2950	None
2951	None
2952	None
2953	None
2954	4702
2955	None
2956	6848
2957	None
2958	4443
2959	6611
2960	6697
2961	None
2962	5077
2963	1510
2964	None
2965	None
2966	4291
2967	None
2968	3574
2969	7651
2970	6258
2971	3508
2972	5331
2973	None
2974	None
2975	4165
2976	None
2977	6853
2978	None
2979	7058
2980	None
2981	5940
2982	None
2983	5983
2984	7664
2985	4103
2986	6299
2987	4399
2988	None
2989	4548
2990	None
2991	1559
2992	7046
2993	6420
2994	None
2995	4281
2996	None
2997	None
2998	None
2999	None
3000	None
3001	None
3002	4954
3003	None
3004	4321
3005	None
3006	5526
3007	None
3008	None
3009	None
3010	5783
3011	None
3012	4114
3013	None
3014	6526
3015	3221
3016	4335
3017	None
3018	None
3019	3097
3020	None
3021	None
3022	6593
3023	7207
3024	4558
3025	None
3026	None
3027	None
3028	4706
3029	None
3030	None
3031	5460
3032	None
3033	None
3034	None
3035	None
3036	None
3037	None
3038	None
3039	None
3040	None
3041	5576
3042	None
3043	4512
3044	None
3045	5802
3046	None
3047	4402
3048	None
3049	None
3050	None
3051	4853
3052	5268
3053	None
3054	5274
3055	None
3056	None
3057	5214
3058	5880
3059	None
3060	3938
3061	3491
3062	None
3063	5595
3064	None
3065	None
3066	None
3067	3698
3068	None
3069	7866
3070	5192
3071	None
3072	None
3073	None
3074	4625
3075	None
3076	4614
3077	5739
3078	None
3079	4803
3080	None
3081	1704
3082	None
3083	1708
3084	None
3085	5462
3086	None
3087	None
3088	None
3089	6479
3090	None
3091	None
3092	None
3093	None
3094	None
3095	None
3096	None
3097	None
3098	6971
3099	4195
3100	4761
3101	None
3102	4123
3103	None
3104	4660
3105	3940
3106	None
3107	None
3108	5184
3109	6443
3110	None
3111	None
3112	None
3113	None
3114	None
3115	None
3116	6356
3117	2421
3118	4495
3119	None
3120	4923
3121	None
3122	None
3123	None
3124	None
3125	None
3126	None
3127	None
3128	7441
3129	None
3130	4911
3131	None
3132	7591
3133	6656
3134	4753
3135	None
3136	None
3137	6401
3138	None
3139	None
3140	8190
3141	None
3142	None
3143	None
3144	2021
3145	8343
3146	None
3147	None
3148	None
3149	2800
3150	4161
3151	5472
3152	None
3153	5736
3154	4907
3155	6807
3156	None
3157	None
3158	None
3159	8408
3160	None
3161	None
3162	None
3163	None
3164	None
3165	None
3166	None
3167	6507
3168	None
3169	None
3170	5054
3171	5483
3172	None
3173	5586
3174	7318
3175	None
3176	7453
3177	None
3178	2737
3179	4835
3180	4650
3181	None
3182	None
3183	None
3184	None
3185	None
3186	8070
3187	None
3188	3245
3189	None
3190	None
3191	None
3192	4847
3193	None
3194	7738
3195	None
3196	None
3197	None
3198	4290
3199	None
3200	None
3201	9039
3202	None
3203	2059
3204	None
3205	None
3206	None
3207	5040
3208	None
3209	None
3210	None
3211	None
3212	None
3213	5708
3214	5005
3215	4432
3216	4192
3217	2700
3218	None
3219	None
3220	4462
3221	6731
3222	4578
3223	None
3224	None
3225	None
3226	None
3227	None
3228	None
3229	None
3230	None
3231	6576
3232	7710
3233	None
3234	4886
3235	None
3236	None
3237	None
3238	4505
3239	None
3240	4345
3241	5740
3242	None
3243	6341
3244	5286
3245	None
3246	None
3247	None
3248	None
3249	None
3250	None
3251	None
3252	7301
3253	None
3254	None
3255	3885
3256	7342
3257	None
3258	4611
3259	None
3260	None
3261	8086
3262	2092
3263	5587
3264	2192
3265	None
3266	None
3267	None
3268	None
3269	2154
3270	5039
3271	None
3272	None
3273	None
3274	1672
3275	None
3276	4474
3277	2314
3278	None
3279	None
3280	4993
3281	None
3282	3699
3283	None
3284	6181
3285	3655
3286	None
3287	None
3288	8156
3289	5856
3290	None
3291	None
3292	6450
3293	None
3294	6674
3295	1845
3296	None
3297	5066
3298	None
3299	None
3300	None
3301	4565
3302	3644
3303	None
3304	None
3305	None
3306	None
3307	None
3308	None
3309	None
3310	None
3311	None
3312	None
3313	None
3314	None
3315	3871
3316	None
3317	None
3318	None
3319	None
3320	None
3321	None
3322	None
3323	None
3324	None
3325	None
3326	4695
3327	7284
3328	4752
3329	None
3330	None
3331	None
3332	7156
3333	None
3334	3295
3335	None
3336	7823
3337	7327
3338	4964
3339	4921
3340	4454
3341	4956
3342	None
3343	4849
3344	None
3345	None
3346	None
3347	7607
3348	None
3349	None
3350	None
3351	None
3352	None
3353	5360
3354	6918
3355	None
3356	None
3357	None
3358	None
3359	None
3360	None
3361	None
3362	None
3363	None
3364	None
3365	7669
3366	5085
3367	5942
3368	2036
3369	5688
3370	None
3371	6431
3372	None
3373	None
3374	None
3375	None
3376	None
3377	None
3378	4869
3379	8205
3380	None
3381	1858
3382	5245
3383	None
3384	None
3385	None
3386	None
3387	None
3388	6810
3389	5142
3390	None
3391	None
3392	None
3393	None
3394	None
3395	None
3396	None
3397	None
3398	None
3399	None
3400	4901
3401	4741
3402	None
3403	7821
3404	None
3405	None
3406	None
3407	None
3408	None
3409	None
3410	7185
3411	3519
3412	None
3413	8319
3414	None
3415	None
3416	None
3417	None
3418	8774
3419	None
3420	7433
3421	None
3422	None
3423	None
3424	None
3425	8415
3426	5536
3427	None
3428	None
3429	None
3430	None
3431	5009
3432	None
3433	None
3434	3050
3435	None
3436	None
3437	None
3438	None
3439	3859
3440	None
3441	7759
3442	None
3443	None
3444	None
3445	5788
3446	None
3447	6994
3448	None
3449	7187
3450	5117
3451	None
3452	None
3453	7763
3454	None
3455	None
3456	None
3457	1769
3458	None
3459	6289
3460	None
3461	4801
3462	None
3463	None
3464	None
3465	5963
3466	5970
3467	None
3468	None
3469	3069
3470	None
3471	3631
3472	None
3473	None
3474	None
3475	5244
3476	4516
3477	8673
3478	5178
3479	None
3480	None
3481	2623
3482	1769
3483	None
3484	None
3485	5331
3486	None
3487	None
3488	None
3489	3110
3490	None
3491	4632
3492	6342
3493	None
3494	None
3495	5294
3496	None
3497	5436
3498	None
3499	None
3500	6302
3501	None
3502	6309
3503	None
3504	None
3505	8652
3506	None
3507	None
3508	None
3509	8239
3510	None
3511	None
3512	7707
3513	5449
3514	5381
3515	6497
3516	None
3517	None
3518	None
3519	7694
3520	5345
3521	None
3522	5557
3523	5558
3524	None
3525	None
3526	5513
3527	None
3528	None
3529	5366
3530	None
3531	None
3532	5550
3533	None
3534	None
3535	None
3536	None
3537	None
3538	None
3539	None
3540	None
3541	None
3542	1998
3543	4769
3544	None
3545	8563
3546	None
3547	1942
3548	None
3549	5309
3550	8358
3551	7662
3552	8937
3553	6694
3554	None
3555	5280
3556	7202
3557	7477
3558	6439
3559	5805
3560	None
3561	None
3562	None
3563	None
3564	None
3565	7600
3566	5420
3567	None
3568	2844
3569	None
3570	4935
3571	5949
3572	None
3573	None
3574	None
3575	7353
3576	7736
3577	5509
3578	None
3579	None
3580	None
3581	5099
3582	None
3583	None
3584	5621
3585	None
3586	None
3587	None
3588	5806
3589	None
3590	8345
3591	None
3592	None
3593	6115
3594	None
3595	None
3596	None
3597	4922
3598	5653
3599	6930
3600	None
3601	None
3602	4166
3603	None
3604	None
3605	None
3606	3069
3607	None
3608	None
3609	None
3610	None
3611	None
3612	None
3613	5221
3614	None
3615	6021
3616	None
3617	None
3618	None
3619	8538
3620	None
3621	4040
3622	None
3623	5308
3624	5582
3625	None
3626	None
3627	None
3628	None
3629	5065
3630	None
3631	None
3632	None
3633	None
3634	None
3635	None
3636	4677
3637	None
3638	None
3639	None
3640	None
3641	5412
3642	7490
3643	None
3644	None
3645	5648
3646	3121
3647	4943
3648	None
3649	None
3650	None
3651	None
3652	None
3653	None
3654	None
3655	None
3656	None
3657	None
3658	7378
3659	None
3660	None
3661	None
3662	None
3663	None
3664	None
3665	None
3666	None
3667	None
3668	None
3669	None
3670	2818
3671	2192
3672	None
3673	None
3674	1922
3675	None
3676	None
3677	None
3678	None
3679	None
3680	None
3681	None
3682	None
3683	9573
3684	None
3685	6136
3686	None
3687	None
3688	None
3689	None
3690	None
3691	8368
3692	5538
3693	5374
3694	None
3695	6135
3696	None
3697	None
3698	None
3699	None
3700	None
3701	None
3702	None
3703	None
3704	None
3705	None
3706	None
3707	None
3708	None
3709	None
3710	None
3711	None
3712	None
3713	None
3714	None
3715	None
3716	None
3717	None
3718	None
3719	None
3720	4762
3721	None
3722	None
3723	None
3724	6412
3725	None
3726	5202
3727	2015
3728	None
3729	None
3730	None
3731	None
3732	None
3733	None
3734	8110
3735	None
3736	None
3737	None
3738	None
3739	None
3740	None
3741	None
3742	None
3743	None
3744	None
3745	4837
3746	None
3747	None
3748	None
3749	7705
3750	None
3751	None
3752	2070
3753	None
3754	2776
3755	None
3756	None
3757	None
3758	None
3759	None
3760	None
3761	None
3762	None
3763	None
3764	5825
3765	4767
3766	None
3767	None
3768	None
3769	6098
3770	None
3771	None
3772	None
3773	None
3774	None
3775	None
3776	None
3777	5321
3778	None
3779	5117
3780	7211
3781	None
3782	None
3783	None
3784	None
3785	None
3786	8303
3787	1937
3788	None
3789	None
3790	None
3791	3006
3792	None
3793	None
3794	None
3795	None
3796	None
3797	5123
3798	None
3799	5807
3800	None
3801	None
3802	None
3803	None
3804	None
3805	4972
3806	5350
3807	None
3808	None
3809	None
3810	None
3811	None
3812	None
3813	None
3814	None
3815	None
3816	None
3817	None
3818	8450
3819	None
3820	None
3821	None
3822	None
3823	None
3824	None
3825	None
3826	None
3827	None
3828	5028
3829	3814
3830	None
3831	None
3832	None
3833	None
3834	None
3835	None
3836	None
3837	5188
3838	7223
3839	None
3840	None
3841	None
3842	None
3843	4163
3844	None
3845	None
3846	None
3847	None
3848	5194
3849	3072
3850	None
3851	None
3852	None
3853	None
3854	5650
3855	None
3856	8808
3857	None
3858	None
3859	8346
3860	None
3861	8122
3862	None
3863	7877
3864	5130
3865	5324
3866	None
3867	None
3868	None
3869	6485
3870	6796
3871	6170
3872	5979
3873	2362
3874	5733
3875	None
3876	None
3877	6945
3878	None
3879	None
3880	None
3881	None
3882	3006
3883	None
3884	None
3885	None
3886	None
3887	None
3888	4910
3889	None
3890	None
3891	2735
3892	3050
3893	5215
3894	None
3895	5772
3896	None
3897	None
3898	None
3899	None
3900	None
3901	4214
3902	None
3903	5341
3904	5286
3905	None
3906	None
3907	None
3908	4734
3909	None
3910	None
3911	8071
3912	5447
3913	3955
3914	None
3915	7706
3916	None
3917	7355
3918	8835
3919	5490
3920	None
3921	None
3922	None
3923	None
3924	None
3925	None
3926	None
3927	None
3928	None
3929	9190
3930	None
3931	8012
3932	None
3933	4027
3934	None
3935	None
3936	7754
3937	None
3938	None
3939	2303
3940	None
3941	None
3942	None
3943	None
3944	5099
3945	6474
3946	None
3947	7453
3948	None
3949	None
3950	None
3951	None
3952	7149
3953	None
3954	None
3955	6955
3956	None
3957	7468
3958	6562
3959	None
3960	None
3961	None
3962	None
3963	None
3964	None
3965	None
3966	None
3967	None
3968	None
3969	None
3970	4406
3971	None
3972	None
3973	6329
3974	None
3975	None
3976	None
3977	None
3978	None
3979	None
3980	None
3981	None
3982	3498
3983	None
3984	None
3985	None
3986	None
3987	7041
3988	None
3989	None
3990	None
3991	7393
3992	None
3993	None
3994	None
3995	None
3996	None
3997	None
3998	None
3999	None
4000	None
4001	2526
4002	3923
4003	None
4004	None
4005	None
4006	None
4007	None
4008	None
4009	None
4010	None
4011	None
4012	None
4013	None
4014	None
4015	None
4016	2888
4017	None
4018	None
4019	8405
4020	None
4021	None
4022	None
4023	2110
4024	None
4025	4319
4026	3323
4027	None
4028	None
4029	None
4030	3232
4031	None
4032	None
4033	None
4034	None
4035	4922
4036	None
4037	None
4038	None
4039	None
4040	None
4041	None
4042	None
4043	None
4044	None
4045	None
4046	None
4047	None
4048	None
4049	None
4050	None
4051	None
4052	None
4053	None
4054	None
4055	None
4056	None
4057	None
4058	None
4059	None
4060	None
4061	None
4062	None
4063	None
4064	None
4065	None
4066	None
4067	None
4068	None
4069	None
4070	None
4071	None
4072	None
4073	None
4074	None
4075	None
4076	None
4077	None
4078	None
4079	3953
4080	None
4081	None
4082	None
4083	None
4084	None
4085	None
4086	6581
4087	None
4088	None
4089	None
4090	None
4091	None
4092	None
4093	None
4094	None
4095	None
4096	None
4097	None
4098	None
4099	None
4100	None
4101	None
4102	None
4103	None
4104	6794
4105	None
4106	None
4107	None
4108	None
4109	None
4110	None
4111	None
4112	None
4113	None
4114	2836
4115	None
4116	None
4117	None
4118	None
4119	None
4120	None
4121	None
4122	None
4123	None
4124	None
4125	None
4126	None
4127	None
4128	None
4129	None
4130	None
4131	None
4132	None
4133	4283
4134	None
4135	None
4136	None
4137	None
4138	None
4139	None
4140	None
4141	None
4142	None
4143	None
4144	None
4145	None
4146	None
4147	None
4148	None
4149	None
4150	None
4151	2511
4152	None
4153	None
4154	None
4155	None
4156	None
4157	None
4158	3078
4159	None
4160	None
4161	None
4162	None
4163	None
4164	None
4165	None
4166	None
4167	None
4168	None
4169	None
4170	None
4171	None
4172	None
4173	None
4174	None
4175	None
4176	3657
4177	None
4178	None
4179	None
4180	None
4181	None
4182	None
4183	None
4184	None
4185	None
4186	None
4187	None
4188	None
4189	2254
4190	None
4191	None
4192	None
4193	None
4194	None
4195	None
4196	None
4197	None
4198	None
4199	6272
4200	None
4201	None
4202	None
4203	None
4204	3631
4205	3471
4206	None
4207	None
4208	None
4209	None
4210	None
4211	None
4212	None
4213	4858
4214	None
4215	None
4216	None
4217	None
4218	None
4219	None
4220	None
4221	None
4222	3406
4223	None
4224	None
4225	None
4226	None
4227	None
4228	None
4229	None
4230	2531
4231	None
4232	None
4233	None
4234	None
4235	None
4236	None
4237	None
4238	4074
4239	None
4240	None
4241	None
4242	None
4243	None
4244	None
4245	None
4246	None
4247	None
4248	None
4249	None
4250	None
4251	None
4252	None
4253	None
4254	None
4255	None
4256	None
4257	None
4258	None
4259	None
4260	None
4261	None
4262	None
4263	None
4264	None
4265	None
4266	None
4267	None
4268	None
4269	2859
4270	None
4271	None
4272	None
4273	None
4274	None
4275	None
4276	3138
4277	None
4278	None
4279	None
4280	None
4281	None
4282	None
4283	None
4284	None
4285	5957
4286	None
4287	None
4288	None
4289	None
4290	None
4291	None
4292	None
4293	None
4294	2794
4295	None
4296	None
4297	None
4298	2844
4299	None
4300	5712
4301	None
4302	None
4303	None
4304	None
4305	2487
4306	None
4307	None
4308	None
4309	None
4310	3498
4311	None
4312	None
4313	None
4314	None
4315	None
4316	None
4317	None
4318	None
4319	None
4320	2800
4321	None
4322	None
4323	None
4324	None
4325	None
4326	None
4327	None
4328	None
4329	None
4330	None
4331	2553
4332	None
4333	None
4334	None
4335	None
4336	6562
4337	None
4338	3069
4339	4950
4340	None
4341	None
4342	None
4343	None
4344	None
4345	None
4346	None
4347	None
4348	None
4349	None
4350	5111
4351	None
4352	None
4353	None
4354	None
4355	None
4356	None
4357	None
4358	None
4359	None
4360	None
4361	None
4362	None
4363	3995
4364	3738
4365	3959
4366	None
4367	None
4368	None
4369	None
4370	None
4371	None
4372	None
4373	3318
4374	None
4375	None
4376	None
4377	None
4378	None
4379	None
4380	None
4381	None
4382	None
4383	None
4384	4428
4385	None
4386	None
4387	None
4388	None
4389	None
4390	None
4391	None
4392	None
4393	None
4394	None
4395	None
4396	None
4397	None
4398	None
4399	None
4400	5411
4401	None
4402	None
4403	None
4404	None
4405	None
4406	None
4407	None
4408	None
4409	None
4410	None
4411	None
4412	None
4413	None
4414	None
4415	4196
4416	3994
4417	None
4418	None
4419	None
4420	None
4421	None
4422	None
4423	None
4424	None
4425	None
4426	None
4427	None
4428	None
4429	None
4430	None
4431	None
4432	None
4433	None
4434	None
4435	4107
4436	None
4437	None
4438	None
4439	None
4440	None
4441	None
4442	None
4443	None
4444	None
4445	3969
4446	None
4447	None
4448	2470
4449	None
4450	None
4451	None
4452	None
4453	2560
4454	None
4455	None
4456	None
4457	None
4458	None
4459	None
4460	None
4461	None
4462	None
4463	None
4464	None
4465	None
4466	None
4467	None
4468	None
4469	None
4470	None
4471	None
4472	None
4473	2953
4474	3774
4475	None
4476	None
4477	None
4478	None
4479	None
4480	None
4481	None
4482	None
4483	None
4484	None
4485	None
4486	None
4487	None
4488	None
4489	None
4490	None
4491	None
4492	None
4493	None
4494	None
4495	None
4496	None
4497	3463
4498	None
4499	None
4500	None
4501	None
4502	None
4503	3097
4504	None
4505	None
4506	None
4507	None
4508	None
4509	None
4510	None
4511	None
4512	None
4513	None
4514	None
4515	None
4516	None
4517	None
4518	None
4519	None
4520	None
4521	None
4522	None
4523	None
4524	None
4525	None
4526	None
4527	None
4528	None
4529	None
4530	None
4531	None
4532	4501
4533	None
4534	None
4535	None
4536	None
4537	None
4538	None
4539	None
4540	None
4541	None
4542	None
4543	None
4544	4164
4545	None
4546	None
4547	None
4548	None
4549	None
4550	None
4551	None
4552	None
4553	None
4554	None
4555	None
4556	None
4557	None
4558	None
4559	None
4560	None
4561	None
4562	4721
4563	4497
4564	4732
4565	None
4566	None
4567	None
4568	None
4569	3546
4570	None
4571	None
4572	5598
4573	None
4574	None
4575	None
4576	None
4577	None
4578	None
4579	None
4580	None
4581	None
4582	None
4583	None
4584	None
4585	None
4586	None
4587	None
4588	None
4589	None
4590	None
4591	None
4592	None
4593	None
4594	None
4595	None
4596	None
4597	5706
4598	None
4599	None
4600	None
4601	None
4602	None
4603	None
4604	None
4605	None
4606	None
4607	5187
4608	None
4609	None
4610	None
4611	None
4612	None
4613	None
4614	None
4615	None
4616	2826
4617	None
4618	None
4619	None
4620	None
4621	None
4622	None
4623	None
4624	None
4625	None
4626	None
4627	None
4628	6257
4629	None
4630	None
4631	None
4632	None
4633	None
4634	4613
4635	None
4636	None
4637	None
4638	5670
4639	None
4640	None
4641	None
4642	None
4643	None
4644	None
4645	None
4646	None
4647	None
4648	None
4649	None
4650	None
4651	3155
4652	None
4653	None
4654	None
4655	None
4656	None
4657	None
4658	None
4659	None
4660	None
4661	None
4662	None
4663	4831
4664	2777
4665	None
4666	None
4667	5789
4668	None
4669	None
4670	None
4671	None
4672	None
4673	None
4674	None
4675	None
4676	None
4677	None
4678	None
4679	None
4680	None
4681	2694
4682	None
4683	None
4684	4414
4685	None
4686	4991
4687	None
4688	None
4689	None
4690	None
4691	None
4692	None
4693	None
4694	None
4695	None
4696	None
4697	None
4698	None
4699	3917
4700	None
4701	None
4702	None
4703	None
4704	None
4705	None
4706	None
4707	None
4708	None
4709	None
4710	None
4711	None
4712	None
4713	None
4714	None
4715	None
4716	3712
4717	None
4718	None
4719	None
4720	None
4721	None
4722	None
4723	None
4724	None
4725	None
4726	None
4727	None
4728	None
4729	3015
4730	None
4731	None
4732	None
4733	None
4734	None
4735	None
4736	None
4737	None
4738	None
4739	6091
4740	None
4741	None
4742	None
4743	5403
4744	None
4745	None
4746	None
4747	None
4748	5357
4749	None
4750	None
4751	2721
4752	3409
4753	None
4754	None
4755	None
4756	None
4757	None
4758	None
4759	None
4760	None
4761	None
4762	None
4763	None
4764	None
4765	None
4766	4359
4767	None
4768	4845
4769	None
4770	None
4771	None
4772	None
4773	None
4774	3471
4775	None
4776	5357
4777	None
4778	None
4779	None
4780	None
4781	None
4782	None
4783	None
4784	None
4785	None
4786	None
4787	None
4788	5786
4789	None
4790	None
4791	None
4792	None
4793	None
4794	None
4795	None
4796	None
4797	None
4798	None
4799	None
4800	None
4801	None
4802	None
4803	None
4804	None
4805	None
4806	None
4807	None
4808	None
4809	4732
4810	None
4811	None
4812	None
4813	None
4814	None
4815	None
4816	2699
4817	None
4818	None
4819	None
4820	3126
4821	None
4822	None
4823	None
4824	2857
4825	None
4826	None
4827	None
4828	None
4829	2988
4830	None
4831	2797
4832	None
4833	None
4834	None
4835	None
4836	None
4837	None
4838	None
4839	None
4840	None
4841	None
4842	None
4843	None
4844	None
4845	None
4846	5518
4847	None
4848	None
4849	None
4850	None
4851	None
4852	None
4853	None
4854	None
4855	None
4856	None
4857	None
4858	5863
4859	None
4860	None
4861	None
4862	None
4863	None
4864	None
4865	None
4866	None
4867	None
4868	None
4869	3976
4870	None
4871	None
4872	None
4873	None
4874	None
4875	None
4876	None
4877	5063
4878	None
4879	None
4880	None
4881	None
4882	None
4883	None
4884	None
4885	None
4886	None
4887	None
4888	None
4889	3109
4890	None
4891	4567
4892	None
4893	None
4894	None
4895	None
4896	None
4897	None
4898	None
4899	None
4900	5849
4901	None
4902	None
4903	3154
4904	None
4905	None
4906	None
4907	5357
4908	None
4909	None
4910	None
4911	3465
4912	4765
4913	None
4914	None
4915	4356
4916	None
4917	None
4918	None
4919	None
4920	None
4921	None
4922	None
4923	None
4924	None
4925	None
4926	None
4927	5445
4928	None
4929	None
4930	None
4931	None
4932	None
4933	3948
4934	None
4935	3409
4936	2961
4937	None
4938	None
4939	None
4940	None
4941	None
4942	None
4943	None
4944	None
4945	3066
4946	5410
4947	None
4948	None
4949	None
4950	None
4951	None
4952	None
4953	5772
4954	3861
4955	None
4956	None
4957	7941
4958	4628
4959	None
4960	3416
4961	5853
4962	None
4963	5911
4964	4501
4965	5176
4966	None
4967	None
4968	None
4969	None
4970	5067
4971	None
4972	6066
4973	None
4974	None
4975	3073
4976	None
4977	None
4978	None
4979	4243
4980	3760
4981	7211
4982	None
4983	None
4984	None
4985	5719
4986	4246
4987	5570
4988	None
4989	3297
4990	5506
4991	5270
4992	None
4993	None
4994	5656
4995	None
4996	None
4997	None
4998	3995
4999	None
5000	3774
5001	5213
5002	None
5003	3163
5004	4380
5005	5415
5006	3348
5007	6416
5008	None
5009	None
5010	5559
5011	None
5012	None
5013	None
5014	None
5015	None
5016	None
5017	4299
5018	5567
5019	None
5020	4163
5021	3463
5022	None
5023	3294
5024	3221
5025	3232
5026	None
5027	None
5028	None
5029	None
5030	3449
5031	None
5032	5101
5033	None
5034	None
5035	5456
5036	None
5037	4635
5038	3598
5039	5313
5040	5630
5041	5806
5042	None
5043	5164
5044	None
5045	None
5046	5898
5047	None
5048	5719
5049	5589
5050	6282
5051	3296
5052	None
5053	5200
5054	5122
5055	None
5056	None
5057	5351
5058	3548
5059	None
5060	3656
5061	None
5062	None
5063	5410
5064	7718
5065	None
5066	None
5067	3353
5068	3657
5069	4100
5070	3409
5071	3269
5072	None
5073	6771
5074	None
5075	None
5076	4116
5077	4467
5078	4769
5079	None
5080	5702
5081	None
5082	None
5083	5158
5084	3939
5085	6091
5086	None
5087	None
5088	6351
5089	None
5090	4554
5091	5707
5092	None
5093	6521
5094	4664
5095	None
5096	4243
5097	None
5098	5211
5099	None
5100	5040
5101	None
5102	4664
5103	3792
5104	None
5105	None
5106	5333
5107	5019
5108	5370
5109	None
5110	5274
5111	7339
5112	None
5113	5722
5114	None
5115	4498
5116	4845
5117	5260
5118	None
5119	5752
5120	5057
5121	None
5122	None
5123	6775
5124	6066
5125	6034
5126	3683
5127	6070
5128	None
5129	6351
5130	5506
5131	None
5132	5725
5133	5795
5134	7695
5135	None
5136	6650
5137	None
5138	4404
5139	5164
5140	6662
5141	6937
5142	5059
5143	6771
5144	5692
5145	None
5146	4135
5147	None
5148	4950
5149	None
5150	5164
5151	None
5152	None
5153	None
5154	3922
5155	None
5156	4525
5157	None
5158	3723
5159	4071
5160	None
5161	4091
5162	None
5163	None
5164	4971
5165	None
5166	None
5167	None
5168	None
5169	None
5170	5922
5171	4439
5172	None
5173	5905
5174	6755
5175	3694
5176	None
5177	None
5178	None
5179	7173
5180	None
5181	5138
5182	6235
5183	5994
5184	4165
5185	5559
5186	4135
5187	None
5188	6970
5189	6888
5190	5410
5191	5671
5192	None
5193	None
5194	6239
5195	4212
5196	None
5197	None
5198	7115
5199	5057
5200	3953
5201	None
5202	6184
5203	5782
5204	None
5205	5695
5206	5997
5207	None
5208	5828
5209	6981
5210	6494
5211	5385
5212	3913
5213	4732
5214	6459
5215	None
5216	7387
5217	6372
5218	4501
5219	None
5220	4519
5221	7126
5222	None
5223	5589
5224	7594
5225	4791
5226	None
5227	5884
5228	None
5229	6393
5230	5378
5231	None
5232	None
5233	4757
5234	None
5235	None
5236	None
5237	4311
5238	8010
5239	4732
5240	None
5241	4265
5242	5407
5243	5006
5244	None
5245	None
5246	None
5247	6620
5248	None
5249	4113
5250	None
5251	6825
5252	5322
5253	5243
5254	None
5255	6197
5256	None
5257	None
5258	3980
5259	None
5260	6238
5261	None
5262	5794
5263	6789
5264	7591
5265	4183
5266	5006
5267	None
5268	6617
5269	None
5270	None
5271	7361
5272	5127
5273	7591
5274	None
5275	7126
5276	None
5277	4173
5278	6265
5279	4223
5280	4998
5281	7314
5282	None
5283	5782
5284	5260
5285	4398
5286	5064
5287	5249
5288	None
5289	5509
5290	7037
5291	None
5292	None
5293	None
5294	None
5295	4609
5296	None
5297	None
5298	7365
5299	6784
5300	None
5301	None
5302	6984
5303	7762
5304	None
5305	None
5306	5416
5307	None
5308	6232
5309	4638
5310	None
5311	4593
5312	5376
5313	5164
5314	None
5315	7692
5316	4221
5317	None
5318	None
5319	6125
5320	None
5321	None
5322	None
5323	None
5324	None
5325	None
5326	5999
5327	4382
5328	5974
5329	4561
5330	None
5331	None
5332	6932
5333	None
5334	4658
5335	None
5336	None
5337	None
5338	4390
5339	4638
5340	6157
5341	4217
5342	5985
5343	5963
5344	None
5345	None
5346	4234
5347	None
5348	4313
5349	6849
5350	None
5351	6017
5352	None
5353	5439
5354	None
5355	6729
5356	7385
5357	None
5358	7183
5359	8863
5360	None
5361	7582
5362	None
5363	None
5364	4833
5365	None
5366	None
5367	6068
5368	7677
5369	5865
5370	6318
5371	7897
5372	None
5373	None
5374	None
5375	None
5376	None
5377	5259
5378	5995
5379	6035
5380	5666
5381	6165
5382	4743
5383	5269
5384	None
5385	None
5386	7416
5387	None
5388	6221
5389	4623
5390	None
5391	None
5392	None
5393	None
5394	None
5395	4446
5396	5318
5397	None
5398	8105
5399	5357
5400	4631
5401	None
5402	None
5403	None
5404	5071
5405	5139
5406	None
5407	None
5408	None
5409	7880
5410	None
5411	None
5412	6663
5413	None
5414	6265
5415	None
5416	None
5417	None
5418	None
5419	None
5420	7867
5421	4667
5422	8177
5423	None
5424	None
5425	None
5426	None
5427	None
5428	6157
5429	None
5430	None
5431	4928
5432	5488
5433	4813
5434	None
5435	4815
5436	None
5437	5147
5438	None
5439	None
5440	None
5441	7792
5442	None
5443	None
5444	6992
5445	6663
5446	None
5447	8103
5448	5251
5449	8272
5450	None
5451	None
5452	4852
5453	None
5454	7089
5455	7839
5456	None
5457	None
5458	None
5459	None
5460	6068
5461	None
5462	None
5463	None
5464	None
5465	None
5466	8262
5467	7851
5468	6298
5469	5150
5470	None
5471	None
5472	None
5473	6315
5474	None
5475	None
5476	None
5477	5357
5478	None
5479	None
5480	None
5481	None
5482	None
5483	None
5484	None
5485	None
5486	None
5487	5826
5488	None
5489	6783
5490	7815
5491	5416
5492	None
5493	6665
5494	None
5495	9182
5496	None
5497	None
5498	None
5499	None
5500	6973
5501	7429
5502	None
5503	None
5504	None
5505	None
5506	6328
5507	None
5508	None
5509	None
5510	None
5511	None
5512	None
5513	6203
5514	5869
5515	None
5516	None
5517	6415
5518	None
5519	5954
5520	None
5521	5562
5522	6485
5523	None
5524	7682
5525	6534
5526	8553
5527	5355
5528	None
5529	None
5530	None
5531	None
5532	None
5533	None
5534	4938
5535	6773
5536	None
5537	None
5538	4805
5539	5370
5540	None
5541	7369
5542	7534
5543	7533
5544	6315
5545	7595
5546	7026
5547	5083
5548	None
5549	None
5550	None
5551	None
5552	None
5553	8347
5554	8572
5555	None
5556	7143
5557	None
5558	None
5559	None
5560	6729
5561	None
5562	None
5563	None
5564	None
5565	None
5566	None
5567	None
5568	None
5569	7908
5570	None
5571	8272
5572	None
5573	7115
5574	None
5575	7271
5576	None
5577	5063
5578	None
5579	8846
5580	None
5581	None
5582	None
5583	None
5584	5963
5585	7068
5586	None
5587	None
5588	6315
5589	None
5590	None
5591	None
5592	6362
5593	None
5594	6705
5595	None
5596	None
5597	7254
5598	None
5599	5692
5600	5963
5601	None
5602	None
5603	None
5604	5707
5605	None
5606	None
5607	None
5608	4991
5609	None
5610	None
5611	7862
5612	None
5613	None
5614	None
5615	None
5616	None
5617	None
5618	5164
5619	5454
5620	None
5621	None
5622	None
5623	None
5624	None
5625	None
5626	None
5627	6242
5628	6886
5629	None
5630	5826
5631	None
5632	None
5633	5323
5634	6578
5635	None
5636	None
5637	7761
5638	None
5639	8395
5640	7692
5641	None
5642	None
5643	None
5644	None
5645	None
5646	7395
5647	None
5648	None
5649	7785
5650	7020
5651	5020
5652	5020
5653	None
5654	9047
5655	None
5656	None
5657	None
5658	None
5659	5534
5660	8363
5661	None
5662	None
5663	5351
5664	None
5665	None
5666	None
5667	None
5668	None
5669	None
5670	None
5671	None
5672	8124
5673	8684
5674	6561
5675	7582
5676	5404
5677	None
5678	None
5679	None
5680	5508
5681	5454
5682	None
5683	None
5684	None
5685	None
5686	None
5687	None
5688	None
5689	7939
5690	None
5691	None
5692	None
5693	None
5694	None
5695	None
5696	None
5697	None
5698	None
5699	None
5700	None
5701	None
5702	None
5703	None
5704	None
5705	None
5706	None
5707	None
5708	None
5709	None
5710	None
5711	None
5712	None
5713	None
5714	None
5715	None
5716	None
5717	None
5718	None
5719	None
5720	None
5721	None
5722	None
5723	None
5724	None
5725	None
5726	None
5727	None
5728	None
5729	None
5730	None
5731	None
5732	None
5733	None
5734	None
5735	None
5736	None
5737	None
5738	None
5739	None
5740	None
5741	None
5742	None
5743	None
5744	None
5745	None
5746	None
5747	None
5748	None
5749	None
5750	None
5751	None
5752	None
5753	None
5754	None
5755	None
5756	None
5757	None
5758	None
5759	None
5760	None
5761	None
5762	None
5763	None
5764	None
5765	None
5766	None
5767	None
5768	None
5769	None
5770	None
5771	None
5772	None
5773	None
5774	None
5775	None
5776	None
5777	None
5778	None
5779	None
5780	None
5781	None
5782	None
5783	None
5784	None
5785	None
5786	None
5787	None
5788	None
5789	None
5790	None
5791	None
5792	None
5793	None
5794	None
5795	None
5796	None
5797	None
5798	None
5799	None
5800	None
5801	None
5802	None
5803	None
5804	None
5805	None
5806	None
5807	None
5808	None
5809	None
5810	None
5811	None
5812	None
5813	None
5814	None
5815	None
5816	None
5817	None
5818	None
5819	None
5820	None
5821	None
5822	None
5823	None
5824	None
5825	None
5826	None
5827	None
5828	None
5829	None
5830	None
5831	None
5832	None
5833	None
5834	None
5835	None
5836	None
5837	None
5838	None
5839	None
5840	None
5841	None
5842	None
5843	None
5844	None
5845	None
5846	None
5847	None
5848	None
5849	None
5850	None
5851	None
5852	None
5853	None
5854	None
5855	None
5856	None
5857	None
5858	None
5859	None
5860	None
5861	None
5862	None
5863	None
5864	None
5865	None
5866	None
5867	None
5868	None
5869	None
5870	None
5871	None
5872	None
5873	None
5874	None
5875	None
5876	None
5877	None
5878	None
5879	None
5880	None
5881	None
5882	None
5883	None
5884	None
5885	None
5886	None
5887	None
5888	None
5889	None
5890	None
5891	None
5892	None
5893	None
5894	None
5895	None
5896	None
5897	None
5898	None
5899	None
5900	None
5901	None
5902	None
5903	None
5904	None
5905	None
5906	None
5907	None
5908	None
5909	None
5910	None
5911	None
5912	None
5913	None
5914	None
5915	None
5916	None
5917	None
5918	None
5919	None
5920	None
5921	None
5922	None
5923	None
5924	None
5925	None
5926	None
5927	None
5928	None
5929	None
5930	None
5931	None
5932	None
5933	None
5934	None
5935	None
5936	None
5937	None
5938	None
5939	None
5940	None
5941	None
5942	None
5943	None
5944	None
5945	None
5946	None
5947	None
5948	None
5949	None
5950	None
5951	None
5952	None
5953	None
5954	None
5955	None
5956	None
5957	None
5958	None
5959	None
5960	None
5961	None
5962	None
5963	None
5964	None
5965	None
5966	None
5967	None
5968	None
5969	None
5970	None
5971	None
5972	None
5973	None
5974	None
5975	None
5976	None
5977	None
5978	None
5979	None
5980	None
5981	None
5982	None
5983	None
5984	None
5985	None
5986	None
5987	None
5988	None
5989	None
5990	None
5991	None
5992	None
5993	None
5994	None
5995	None
5996	None
5997	None
5998	None
5999	None
6000	None
6001	None
6002	None
6003	None
6004	None
6005	None
6006	None
6007	None
6008	None
6009	None
6010	None
6011	None
6012	None
6013	None
6014	None
6015	None
6016	None
6017	None
6018	None
6019	None
6020	None
6021	None
6022	None
6023	None
6024	None
6025	None
6026	None
6027	None
6028	None
6029	None
6030	None
6031	None
6032	None
6033	None
6034	None
6035	None
6036	None
6037	None
6038	None
6039	None
6040	None
6041	None
6042	None
6043	None
6044	None
6045	None
6046	None
6047	None
6048	None
6049	None
6050	None
6051	None
6052	None
6053	None
6054	None
6055	None
6056	None
6057	None
6058	None
6059	None
6060	None
6061	None
6062	None
6063	None
6064	None
6065	None
6066	None
6067	None
6068	None
6069	None
6070	None
6071	None
6072	None
6073	None
6074	None
6075	None
6076	None
6077	None
6078	None
6079	None
6080	None
6081	None
6082	None
6083	None
6084	None
6085	None
6086	None
6087	None
6088	None
6089	None
6090	None
6091	None
6092	None
6093	None
6094	None
6095	None
6096	None
6097	None
6098	None
6099	None
6100	None
6101	None
6102	None
6103	None
6104	None
6105	None
6106	None
6107	None
6108	None
6109	None
6110	None
6111	None
6112	None
6113	None
6114	None
6115	None
6116	None
6117	None
6118	None
6119	None
6120	None
6121	None
6122	None
6123	None
6124	None
6125	None
6126	None
6127	None
6128	None
6129	None
6130	None
6131	None
6132	None
6133	None
6134	None
6135	None
6136	None
6137	None
6138	None
6139	None
6140	None
6141	None
6142	None
6143	None
6144	None
6145	None
6146	None
6147	None
6148	None
6149	None
6150	None
6151	None
6152	None
6153	None
6154	None
6155	None
6156	None
6157	None
6158	None
6159	None
6160	None
6161	None
6162	None
6163	None
6164	None
6165	None
6166	None
6167	None
6168	None
6169	None
6170	None
6171	None
6172	None
6173	None
6174	None
6175	None
6176	None
6177	None
6178	None
6179	None
6180	None
6181	None
6182	None
6183	None
6184	None
6185	None
6186	None
6187	None
6188	None
6189	None
6190	None
6191	None
6192	None
6193	None
6194	None
6195	None
6196	None
6197	None
6198	None
6199	None
6200	None
6201	None
6202	None
6203	None
6204	None
6205	None
6206	None
6207	None
6208	None
6209	None
6210	None
6211	None
6212	None
6213	None
6214	None
6215	None
6216	None
6217	None
6218	None
6219	None
6220	None
6221	None
6222	None
6223	None
6224	None
6225	None
6226	None
6227	None
6228	None
6229	None
6230	None
6231	None
6232	None
6233	None
6234	None
6235	None
6236	None
6237	None
6238	None
6239	None
6240	None
6241	None
6242	None
6243	None
6244	None
6245	None
6246	None
6247	None
6248	None
6249	None
6250	None
6251	None
6252	None
6253	None
6254	None
6255	None
6256	None
6257	None
6258	None
6259	None
6260	None
6261	None
6262	None
6263	None
6264	None
6265	None
6266	None
6267	None
6268	None
6269	None
6270	None
6271	None
6272	None
6273	None
6274	None
6275	None
6276	None
6277	None
6278	None
6279	None
6280	None
6281	None
6282	None
6283	None
6284	None
6285	None
6286	None
6287	None
6288	None
6289	None
6290	None
6291	None
6292	None
6293	None
6294	None
6295	None
6296	None
6297	None
6298	None
6299	None
6300	None
6301	None
6302	None
6303	None
6304	None
6305	None
6306	None
6307	None
6308	None
6309	None
6310	None
6311	None
6312	None
6313	None
6314	None
6315	None
6316	None
6317	None
6318	None
6319	None
6320	None
6321	None
6322	None
6323	None
6324	None
6325	None
6326	None
6327	None
6328	None
6329	None
6330	None
6331	None
6332	None
6333	None
6334	None
6335	None
6336	None
6337	None
6338	None
6339	None
6340	None
6341	None
6342	None
6343	None
6344	None
6345	None
6346	None
6347	None
6348	None
6349	None
6350	None
6351	None
6352	None
6353	None
6354	None
6355	None
6356	None
6357	None
6358	None
6359	None
6360	None
6361	None
6362	None
6363	None
6364	None
6365	None
6366	None
6367	None
6368	None
6369	None
6370	None
6371	None
6372	None
6373	None
6374	None
6375	None
6376	None
6377	None
6378	None
6379	None
6380	None
6381	None
6382	None
6383	None
6384	None
6385	None
6386	None
6387	None
6388	None
6389	None
6390	None
6391	None
6392	None
6393	None
6394	None
6395	None
6396	None
6397	None
6398	None
6399	None
6400	None
6401	None
6402	None
6403	None
6404	None
6405	None
6406	None
6407	None
6408	None
6409	None
6410	None
6411	None
6412	None
6413	None
6414	None
6415	None
6416	None
6417	None
6418	None
6419	None
6420	None
6421	None
6422	None
6423	None
6424	None
6425	None
6426	None
6427	None
6428	None
6429	None
6430	None
6431	None
6432	None
6433	None
6434	None
6435	None
6436	None
6437	None
6438	None
6439	None
6440	None
6441	None
6442	None
6443	None
6444	None
6445	None
6446	None
6447	None
6448	None
6449	None
6450	None
6451	None
6452	None
6453	None
6454	None
6455	None
6456	None
6457	None
6458	None
6459	None
6460	None
6461	None
6462	None
6463	None
6464	None
6465	None
6466	None
6467	None
6468	None
6469	None
6470	None
6471	None
6472	None
6473	None
6474	None
6475	None
6476	None
6477	None
6478	None
6479	None
6480	None
6481	None
6482	None
6483	None
6484	None
6485	None
6486	None
6487	None
6488	None
6489	None
6490	None
6491	None
6492	None
6493	None
6494	None
6495	None
6496	None
6497	None
6498	None
6499	None
6500	None
6501	None
6502	None
6503	None
6504	None
6505	None
6506	None
6507	None
6508	None
6509	None
6510	None
6511	None
6512	None
6513	None
6514	None
6515	None
6516	None
6517	None
6518	None
6519	None
6520	None
6521	None
6522	None
6523	None
6524	None
6525	None
6526	None
6527	None
6528	None
6529	None
6530	None
6531	None
6532	None
6533	None
6534	None
6535	None
6536	None
6537	None
6538	None
6539	None
6540	None
6541	None
6542	None
6543	None
6544	None
6545	None
6546	None
6547	None
6548	None
6549	None
6550	None
6551	None
6552	None
6553	None
6554	None
6555	None
6556	None
6557	None
6558	None
6559	None
6560	None
6561	None
6562	None
6563	None
6564	None
6565	None
6566	None
6567	None
6568	None
6569	None
6570	None
6571	None
6572	None
6573	None
6574	None
6575	None
6576	None
6577	None
6578	None
6579	None
6580	None
6581	None
6582	None
6583	None
6584	None
6585	None
6586	None
6587	None
6588	None
6589	None
6590	None
6591	None
6592	None
6593	None
6594	None
6595	None
6596	None
6597	None
6598	None
6599	None
6600	None
6601	None
6602	None
6603	None
6604	None
6605	None
6606	None
6607	None
6608	None
6609	None
6610	None
6611	None
6612	None
6613	None
6614	None
6615	None
6616	None
6617	None
6618	None
6619	None
6620	None
6621	None
6622	None
6623	None
6624	None
6625	None
6626	None
6627	None
6628	None
6629	None
6630	None
6631	None
6632	None
6633	None
6634	None
6635	None
6636	None
6637	None
6638	None
6639	None
6640	None
6641	None
6642	None
6643	None
6644	None
6645	None
6646	None
6647	None
6648	None
6649	None
6650	None
6651	None
6652	None
6653	None
6654	None
6655	None
6656	None
6657	None
6658	None
6659	None
6660	None
6661	None
6662	None
6663	None
6664	None
6665	None
6666	None
6667	None
6668	None
6669	None
6670	None
6671	None
6672	None
6673	None
6674	None
6675	None
6676	None
6677	None
6678	None
6679	None
6680	None
6681	None
6682	None
6683	None
6684	None
6685	None
6686	None
6687	None
6688	None
6689	None
6690	None
6691	None
6692	None
6693	None
6694	None
6695	None
6696	None
6697	None
6698	None
6699	None
6700	None
6701	None
6702	None
6703	None
6704	None
6705	None
6706	None
6707	None
6708	None
6709	None
6710	None
6711	None
6712	None
6713	None
6714	None
6715	None
6716	None
6717	None
6718	None
6719	None
6720	None
6721	None
6722	None
6723	None
6724	None
6725	None
6726	None
6727	None
6728	None
6729	None
6730	None
6731	None
6732	None
6733	None
6734	None
6735	None
6736	None
6737	None
6738	None
6739	None
6740	None
6741	None
6742	None
6743	None
6744	None
6745	None
6746	None
6747	None
6748	None
6749	None
6750	None
6751	None
6752	None
6753	None
6754	None
6755	None
6756	None
6757	None
6758	None
6759	None
6760	None
6761	None
6762	None
6763	None
6764	None
6765	None
6766	None
6767	None
6768	None
6769	None
6770	None
6771	None
6772	None
6773	None
6774	None
6775	None
6776	None
6777	None
6778	None
6779	None
6780	None
6781	None
6782	None
6783	None
6784	None
6785	None
6786	None
6787	None
6788	None
6789	None
6790	None
6791	None
6792	None
6793	None
6794	None
6795	None
6796	None
6797	None
6798	None
6799	None
6800	None
6801	None
6802	None
6803	None
6804	None
6805	None
6806	None
6807	None
6808	None
6809	None
6810	None
6811	None
6812	None
6813	None
6814	None
6815	None
6816	None
6817	None
6818	None
6819	None
6820	None
6821	None
6822	None
6823	None
6824	None
6825	None
6826	None
6827	None
6828	None
6829	None
6830	None
6831	None
6832	None
6833	None
6834	None
6835	None
6836	None
6837	None
6838	None
6839	None
6840	None
6841	None
6842	None
6843	None
6844	None
6845	None
6846	None
6847	None
6848	None
6849	None
6850	None
6851	None
6852	None
6853	None
6854	None
6855	None
6856	None
6857	None
6858	None
6859	None
6860	None
6861	None
6862	None
6863	None
6864	None
6865	None
6866	None
6867	None
6868	None
6869	None
6870	None
6871	None
6872	None
6873	None
6874	None
6875	None
6876	None
6877	None
6878	None
6879	None
6880	None
6881	None
6882	None
6883	None
6884	None
6885	None
6886	None
6887	None
6888	None
6889	None
6890	None
6891	None
6892	None
6893	None
6894	None
6895	None
6896	None
6897	None
6898	None
6899	None
6900	None
6901	None
6902	None
6903	None
6904	None
6905	None
6906	None
6907	None
6908	None
6909	None
6910	None
6911	None
6912	None
6913	None
6914	None
6915	None
6916	None
6917	None
6918	None
6919	None
6920	None
6921	None
6922	None
6923	None
6924	None
6925	None
6926	None
6927	None
6928	None
6929	None
6930	None
6931	None
6932	None
6933	None
6934	None
6935	None
6936	None
6937	None
6938	None
6939	None
6940	None
6941	None
6942	None
6943	None
6944	None
6945	None
6946	None
6947	None
6948	None
6949	None
6950	None
6951	None
6952	None
6953	None
6954	None
6955	None
6956	None
6957	None
6958	None
6959	None
6960	None
6961	None
6962	None
6963	None
6964	None
6965	None
6966	None
6967	None
6968	None
6969	None
6970	None
6971	None
6972	None
6973	None
6974	None
6975	None
6976	None
6977	None
6978	None
6979	None
6980	None
6981	None
6982	None
6983	None
6984	None
6985	None
6986	None
6987	None
6988	None
6989	None
6990	None
6991	None
6992	None
6993	None
6994	None
6995	None
6996	None
6997	None
6998	None
6999	None
7000	None
7001	None
7002	None
7003	None
7004	None
7005	None
7006	None
7007	None
7008	None
7009	None
7010	None
7011	None
7012	None
7013	None
7014	None
7015	None
7016	None
7017	None
7018	None
7019	None
7020	None
7021	None
7022	None
7023	None
7024	None
7025	None
7026	None
7027	None
7028	None
7029	None
7030	None
7031	None
7032	None
7033	None
7034	None
7035	None
7036	None
7037	None
7038	None
7039	None
7040	None
7041	None
7042	None
7043	None
7044	None
7045	None
7046	None
7047	None
7048	None
7049	None
7050	None
7051	None
7052	None
7053	None
7054	None
7055	None
7056	None
7057	None
7058	None
7059	None
7060	None
7061	None
7062	None
7063	None
7064	None
7065	None
7066	None
7067	None
7068	None
7069	None
7070	None
7071	None
7072	None
7073	None
7074	None
7075	None
7076	None
7077	None
7078	None
7079	None
7080	None
7081	None
7082	None
7083	None
7084	None
7085	None
7086	None
7087	None
7088	None
7089	None
7090	None
7091	None
7092	None
7093	None
7094	None
7095	None
7096	None
7097	None
7098	None
7099	None
7100	None
7101	None
7102	None
7103	None
7104	None
7105	None
7106	None
7107	None
7108	None
7109	None
7110	None
7111	None
7112	None
7113	None
7114	None
7115	None
7116	None
7117	None
7118	None
7119	None
7120	None
7121	None
7122	None
7123	None
7124	None
7125	None
7126	None
7127	None
7128	None
7129	None
7130	None
7131	None
7132	None
7133	None
7134	None
7135	None
7136	None
7137	None
7138	None
7139	None
7140	None
7141	None
7142	None
7143	None
7144	None
7145	None
7146	None
7147	None
7148	None
7149	None
7150	None
7151	None
7152	None
7153	None
7154	None
7155	None
7156	None
7157	None
7158	None
7159	None
7160	None
7161	None
7162	None
7163	None
7164	None
7165	None
7166	None
7167	None
7168	None
7169	None
7170	None
7171	None
7172	None
7173	None
7174	None
7175	None
7176	None
7177	None
7178	None
7179	None
7180	None
7181	None
7182	None
7183	None
7184	None
7185	None
7186	None
7187	None
7188	None
7189	None
7190	None
7191	None
7192	None
7193	None
7194	None
7195	None
7196	None
7197	None
7198	None
7199	None
7200	None
7201	None
7202	None
7203	None
7204	None
7205	None
7206	None
7207	None
7208	None
7209	None
7210	None
7211	None
7212	None
7213	None
7214	None
7215	None
7216	None
7217	None
7218	None
7219	None
7220	None
7221	None
7222	None
7223	None
7224	None
7225	None
7226	None
7227	None
7228	None
7229	None
7230	None
7231	None
7232	None
7233	None
7234	None
7235	None
7236	None
7237	None
7238	None
7239	None
7240	None
7241	None
7242	None
7243	None
7244	None
7245	None
7246	None
7247	None
7248	None
7249	None
7250	None
7251	None
7252	None
7253	None
7254	None
7255	None
7256	None
7257	None
7258	None
7259	None
7260	None
7261	None
7262	None
7263	None
7264	None
7265	None
7266	None
7267	None
7268	None
7269	None
7270	None
7271	None
7272	None
7273	None
7274	None
7275	None
7276	None
7277	None
7278	None
7279	None
7280	None
7281	None
7282	None
7283	None
7284	None
7285	None
7286	None
7287	None
7288	None
7289	None
7290	None
7291	None
7292	None
7293	None
7294	None
7295	None
7296	None
7297	None
7298	None
7299	None
7300	None
7301	None
7302	None
7303	None
7304	None
7305	None
7306	None
7307	None
7308	None
7309	None
7310	None
7311	None
7312	None
7313	None
7314	None
7315	None
7316	None
7317	None
7318	None
7319	None
7320	None
7321	None
7322	None
7323	None
7324	None
7325	None
7326	None
7327	None
7328	None
7329	None
7330	None
7331	None
7332	None
7333	None
7334	None
7335	None
7336	None
7337	None
7338	None
7339	None
7340	None
7341	None
7342	None
7343	None
7344	None
7345	None
7346	None
7347	None
7348	None
7349	None
7350	None
7351	None
7352	None
7353	None
7354	None
7355	None
7356	None
7357	None
7358	None
7359	None
7360	None
7361	None
7362	None
7363	None
7364	None
7365	None
7366	None
7367	None
7368	None
7369	None
7370	None
7371	None
7372	None
7373	None
7374	None
7375	None
7376	None
7377	None
7378	None
7379	None
7380	None
7381	None
7382	None
7383	None
7384	None
7385	None
7386	None
7387	None
7388	None
7389	None
7390	None
7391	None
7392	None
7393	None
7394	None
7395	None
7396	None
7397	None
7398	None
7399	None
7400	None
7401	None
7402	None
7403	None
7404	None
7405	None
7406	None
7407	None
7408	None
7409	None
7410	None
7411	None
7412	None
7413	None
7414	None
7415	None
7416	None
7417	None
7418	None
7419	None
7420	None
7421	None
7422	None
7423	None
7424	None
7425	None
7426	None
7427	None
7428	None
7429	None
7430	None
7431	None
7432	None
7433	None
7434	None
7435	None
7436	None
7437	None
7438	None
7439	None
7440	None
7441	None
7442	None
7443	None
7444	None
7445	None
7446	None
7447	None
7448	None
7449	None
7450	None
7451	None
7452	None
7453	None
7454	None
7455	None
7456	None
7457	None
7458	None
7459	None
7460	None
7461	None
7462	None
7463	None
7464	None
7465	None
7466	None
7467	None
7468	None
7469	None
7470	None
7471	None
7472	None
7473	None
7474	None
7475	None
7476	None
7477	None
7478	None
7479	None
7480	None
7481	None
7482	None
7483	None
7484	None
7485	None
7486	None
7487	None
7488	None
7489	None
7490	None
7491	None
7492	None
7493	None
7494	None
7495	None
7496	None
7497	None
7498	None
7499	None
7500	None
7501	None
7502	None
7503	None
7504	None
7505	None
7506	None
7507	None
7508	None
7509	None
7510	None
7511	None
7512	None
7513	None
7514	None
7515	None
7516	None
7517	None
7518	None
7519	None
7520	None
7521	None
7522	None
7523	None
7524	None
7525	None
7526	None
7527	None
7528	None
7529	None
7530	None
7531	None
7532	None
7533	None
7534	None
7535	None
7536	None
7537	None
7538	None
7539	None
7540	None
7541	None
7542	None
7543	None
7544	None
7545	None
7546	None
7547	None
7548	None
7549	None
7550	None
7551	None
7552	None
7553	None
7554	None
7555	None
7556	None
7557	None
7558	None
7559	None
7560	None
7561	None
7562	None
7563	None
7564	None
7565	None
7566	None
7567	None
7568	None
7569	None
7570	None
7571	None
7572	None
7573	None
7574	None
7575	None
7576	None
7577	None
7578	None
7579	None
7580	None
7581	None
7582	None
7583	None
7584	None
7585	None
7586	None
7587	None
7588	None
7589	None
7590	None
7591	None
7592	None
7593	None
7594	None
7595	None
7596	None
7597	None
7598	None
7599	None
7600	None
7601	None
7602	None
7603	None
7604	None
7605	None
7606	None
7607	None
7608	None
7609	None
7610	None
7611	None
7612	None
7613	None
7614	None
7615	None
7616	None
7617	None
7618	None
7619	None
7620	None
7621	None
7622	None
7623	None
7624	None
7625	None
7626	None
7627	None
7628	None
7629	None
7630	None
7631	None
7632	None
7633	None
7634	None
7635	None
7636	None
7637	None
7638	None
7639	None
7640	None
7641	None
7642	None
7643	None
7644	None
7645	None
7646	None
7647	None
7648	None
7649	None
7650	None
7651	None
7652	None
7653	None
7654	None
7655	None
7656	None
7657	None
7658	None
7659	None
7660	None
7661	None
7662	None
7663	None
7664	None
7665	None
7666	None
7667	None
7668	None
7669	None
7670	None
7671	None
7672	None
7673	None
7674	None
7675	None
7676	None
7677	None
7678	None
7679	None
7680	None
7681	None
7682	None
7683	None
7684	None
7685	None
7686	None
7687	None
7688	None
7689	None
7690	None
7691	None
7692	None
7693	None
7694	None
7695	None
7696	None
7697	None
7698	None
7699	None
7700	None
7701	None
7702	None
7703	None
7704	None
7705	None
7706	None
7707	None
7708	None
7709	None
7710	None
7711	None
7712	None
7713	None
7714	None
7715	None
7716	None
7717	None
7718	None
7719	None
7720	None
7721	None
7722	None
7723	None
7724	None
7725	None
7726	None
7727	None
7728	None
7729	None
7730	None
7731	None
7732	None
7733	None
7734	None
7735	None
7736	None
7737	None
7738	None
7739	None
7740	None
7741	None
7742	None
7743	None
7744	None
7745	None
7746	None
7747	None
7748	None
7749	None
7750	None
7751	None
7752	None
7753	None
7754	None
7755	None
7756	None
7757	None
7758	None
7759	None
7760	None
7761	None
7762	None
7763	None
7764	None
7765	None
7766	None
7767	None
7768	None
7769	None
7770	None
7771	None
7772	None
7773	None
7774	None
7775	None
7776	None
7777	None
7778	None
7779	None
7780	None
7781	None
7782	None
7783	None
7784	None
7785	None
7786	None
7787	None
7788	None
7789	None
7790	None
7791	None
7792	None
7793	None
7794	None
7795	None
7796	None
7797	None
7798	None
7799	None
7800	None
7801	None
7802	None
7803	None
7804	None
7805	None
7806	None
7807	None
7808	None
7809	None
7810	None
7811	None
7812	None
7813	None
7814	None
7815	None
7816	None
7817	None
7818	None
7819	None
7820	None
7821	None
7822	None
7823	None
7824	None
7825	None
7826	None
7827	None
7828	None
7829	None
7830	None
7831	None
7832	None
7833	None
7834	None
7835	None
7836	None
7837	None
7838	None
7839	None
7840	None
7841	None
7842	None
7843	None
7844	None
7845	None
7846	None
7847	None
7848	None
7849	None
7850	None
7851	None
7852	None
7853	None
7854	None
7855	None
7856	None
7857	None
7858	None
7859	None
7860	None
7861	None
7862	None
7863	None
7864	None
7865	None
7866	None
7867	None
7868	None
7869	None
7870	None
7871	None
7872	None
7873	None
7874	None
7875	None
7876	None
7877	None
7878	None
7879	None
7880	None
7881	None
7882	None
7883	None
7884	None
7885	None
7886	None
7887	None
7888	None
7889	None
7890	None
7891	None
7892	None
7893	None
7894	None
7895	None
7896	None
7897	None
7898	None
7899	None
7900	None
7901	None
7902	None
7903	None
7904	None
7905	None
7906	None
7907	None
7908	None
7909	None
7910	None
7911	None
7912	None
7913	None
7914	None
7915	None
7916	None
7917	None
7918	None
7919	None
7920	None
7921	None
7922	None
7923	None
7924	None
7925	None
7926	None
7927	None
7928	None
7929	None
7930	None
7931	None
7932	None
7933	None
7934	None
7935	None
7936	None
7937	None
7938	None
7939	None
7940	None
7941	None
7942	None
7943	None
7944	None
7945	None
7946	None
7947	None
7948	None
7949	None
7950	None
7951	None
7952	None
7953	None
7954	None
7955	None
7956	None
7957	None
7958	None
7959	None
7960	None
7961	None
7962	None
7963	None
7964	None
7965	None
7966	None
7967	None
7968	None
7969	None
7970	None
7971	None
7972	None
7973	None
7974	None
7975	None
7976	None
7977	None
7978	None
7979	None
7980	None
7981	None
7982	None
7983	None
7984	None
7985	None
7986	None
7987	None
7988	None
7989	None
7990	None
7991	None
7992	None
7993	None
7994	None
7995	None
7996	None
7997	None
7998	None
7999	None
8000	None
8001	None
8002	None
8003	None
8004	None
8005	None
8006	None
8007	None
8008	None
8009	None
8010	None
8011	None
8012	None
8013	None
8014	None
8015	None
8016	None
8017	None
8018	None
8019	None
8020	None
8021	None
8022	None
8023	None
8024	None
8025	None
8026	None
8027	None
8028	None
8029	None
8030	None
8031	None
8032	None
8033	None
8034	None
8035	None
8036	None
8037	None
8038	None
8039	None
8040	None
8041	None
8042	None
8043	None
8044	None
8045	None
8046	None
8047	None
8048	None
8049	None
8050	None
8051	None
8052	None
8053	None
8054	None
8055	None
8056	None
8057	None
8058	None
8059	None
8060	None
8061	None
8062	None
8063	None
8064	None
8065	None
8066	None
8067	None
8068	None
8069	None
8070	None
8071	None
8072	None
8073	None
8074	None
8075	None
8076	None
8077	None
8078	None
8079	None
8080	None
8081	None
8082	None
8083	None
8084	None
8085	None
8086	None
8087	None
8088	None
8089	None
8090	None
8091	None
8092	None
8093	None
8094	None
8095	None
8096	None
8097	None
8098	None
8099	None
8100	None
8101	None
8102	None
8103	None
8104	None
8105	None
8106	None
8107	None
8108	None
8109	None
8110	None
8111	None
8112	None
8113	None
8114	None
8115	None
8116	None
8117	None
8118	None
8119	None
8120	None
8121	None
8122	None
8123	None
8124	None
8125	None
8126	None
8127	None
8128	None
8129	None
8130	None
8131	None
8132	None
8133	None
8134	None
8135	None
8136	None
8137	None
8138	None
8139	None
8140	None
8141	None
8142	None
8143	None
8144	None
8145	None
8146	None
8147	None
8148	None
8149	None
8150	None
8151	None
8152	None
8153	None
8154	None
8155	None
8156	None
8157	None
8158	None
8159	None
8160	None
8161	None
8162	None
8163	None
8164	None
8165	None
8166	None
8167	None
8168	None
8169	None
8170	None
8171	None
8172	None
8173	None
8174	None
8175	None
8176	None
8177	None
8178	None
8179	None
8180	None
8181	None
8182	None
8183	None
8184	None
8185	None
8186	None
8187	None
8188	None
8189	None
8190	None
8191	None
8192	None
8193	None
8194	None
8195	None
8196	None
8197	None
8198	None
8199	None
8200	None
8201	None
8202	None
8203	None
8204	None
8205	None
8206	None
8207	None
8208	None
8209	None
8210	None
8211	None
8212	None
8213	None
8214	None
8215	None
8216	None
8217	None
8218	None
8219	None
8220	None
8221	None
8222	None
8223	None
8224	None
8225	None
8226	None
8227	None
8228	None
8229	None
8230	None
8231	None
8232	None
8233	None
8234	None
8235	None
8236	None
8237	None
8238	None
8239	None
8240	None
8241	None
8242	None
8243	None
8244	None
8245	None
8246	None
8247	None
8248	None
8249	None
8250	None
8251	None
8252	None
8253	None
8254	None
8255	None
8256	None
8257	None
8258	None
8259	None
8260	None
8261	None
8262	None
8263	None
8264	None
8265	None
8266	None
8267	None
8268	None
8269	None
8270	None
8271	None
8272	None
8273	None
8274	None
8275	None
8276	None
8277	None
8278	None
8279	None
8280	None
8281	None
8282	None
8283	None
8284	None
8285	None
8286	None
8287	None
8288	None
8289	None
8290	None
8291	None
8292	None
8293	None
8294	None
8295	None
8296	None
8297	None
8298	None
8299	None
8300	None
8301	None
8302	None
8303	None
8304	None
8305	None
8306	None
8307	None
8308	None
8309	None
8310	None
8311	None
8312	None
8313	None
8314	None
8315	None
8316	None
8317	None
8318	None
8319	None
8320	None
8321	None
8322	None
8323	None
8324	None
8325	None
8326	None
8327	None
8328	None
8329	None
8330	None
8331	None
8332	None
8333	None
8334	None
8335	None
8336	None
8337	None
8338	None
8339	None
8340	None
8341	None
8342	None
8343	None
8344	None
8345	None
8346	None
8347	None
8348	None
8349	None
8350	None
8351	None
8352	None
8353	None
8354	None
8355	None
8356	None
8357	None
8358	None
8359	None
8360	None
8361	None
8362	None
8363	None
8364	None
8365	None
8366	None
8367	None
8368	None
8369	None
8370	None
8371	None
8372	None
8373	None
8374	None
8375	None
8376	None
8377	None
8378	None
8379	None
8380	None
8381	None
8382	None
8383	None
8384	None
8385	None
8386	None
8387	None
8388	None
8389	None
8390	None
8391	None
8392	None
8393	None
8394	None
8395	None
8396	None
8397	None
8398	None
8399	None
8400	None
8401	None
8402	None
8403	None
8404	None
8405	None
8406	None
8407	None
8408	None
8409	None
8410	None
8411	None
8412	None
8413	None
8414	None
8415	None
8416	None
8417	None
8418	None
8419	None
8420	None
8421	None
8422	None
8423	None
8424	None
8425	None
8426	None
8427	None
8428	None
8429	None
8430	None
8431	None
8432	None
8433	None
8434	None
8435	None
8436	None
8437	None
8438	None
8439	None
8440	None
8441	None
8442	None
8443	None
8444	None
8445	None
8446	None
8447	None
8448	None
8449	None
8450	None
8451	None
8452	None
8453	None
8454	None
8455	None
8456	None
8457	None
8458	None
8459	None
8460	None
8461	None
8462	None
8463	None
8464	None
8465	None
8466	None
8467	None
8468	None
8469	None
8470	None
8471	None
8472	None
8473	None
8474	None
8475	None
8476	None
8477	None
8478	None
8479	None
8480	None
8481	None
8482	None
8483	None
8484	None
8485	None
8486	None
8487	None
8488	None
8489	None
8490	None
8491	None
8492	None
8493	None
8494	None
8495	None
8496	None
8497	None
8498	None
8499	None
8500	None
8501	None
8502	None
8503	None
8504	None
8505	None
8506	None
8507	None
8508	None
8509	None
8510	None
8511	None
8512	None
8513	None
8514	None
8515	None
8516	None
8517	None
8518	None
8519	None
8520	None
8521	None
8522	None
8523	None
8524	None
8525	None
8526	None
8527	None
8528	None
8529	None
8530	None
8531	None
8532	None
8533	None
8534	None
8535	None
8536	None
8537	None
8538	None
8539	None
8540	None
8541	None
8542	None
8543	None
8544	None
8545	None
8546	None
8547	None
8548	None
8549	None
8550	None
8551	None
8552	None
8553	None
8554	None
8555	None
8556	None
8557	None
8558	None
8559	None
8560	None
8561	None
8562	None
8563	None
8564	None
8565	None
8566	None
8567	None
8568	None
8569	None
8570	None
8571	None
8572	None
8573	None
8574	None
8575	None
8576	None
8577	None
8578	None
8579	None
8580	None
8581	None
8582	None
8583	None
8584	None
8585	None
8586	None
8587	None
8588	None
8589	None
8590	None
8591	None
8592	None
8593	None
8594	None
8595	None
8596	None
8597	None
8598	None
8599	None
8600	None
8601	None
8602	None
8603	None
8604	None
8605	None
8606	None
8607	None
8608	None
8609	None
8610	None
8611	None
8612	None
8613	None
8614	None
8615	None
8616	None
8617	None
8618	None
8619	None
8620	None
8621	None
8622	None
8623	None
8624	None
8625	None
8626	None
8627	None
8628	None
8629	None
8630	None
8631	None
8632	None
8633	None
8634	None
8635	None
8636	None
8637	None
8638	None
8639	None
8640	None
8641	None
8642	None
8643	None
8644	None
8645	None
8646	None
8647	None
8648	None
8649	None
8650	None
8651	None
8652	None
8653	None
8654	None
8655	None
8656	None
8657	None
8658	None
8659	None
8660	None
8661	None
8662	None
8663	None
8664	None
8665	None
8666	None
8667	None
8668	None
8669	None
8670	None
8671	None
8672	None
8673	None
8674	None
8675	None
8676	None
8677	None
8678	None
8679	None
8680	None
8681	None
8682	None
8683	None
8684	None
8685	None
8686	None
8687	None
8688	None
8689	None
8690	None
8691	None
8692	None
8693	None
8694	None
8695	None
8696	None
8697	None
8698	None
8699	None
8700	None
8701	None
8702	None
8703	None
8704	None
8705	None
8706	None
8707	None
8708	None
8709	None
8710	None
8711	None
8712	None
8713	None
8714	None
8715	None
8716	None
8717	None
8718	None
8719	None
8720	None
8721	None
8722	None
8723	None
8724	None
8725	None
8726	None
8727	None
8728	None
8729	None
8730	None
8731	None
8732	None
8733	None
8734	None
8735	None
8736	None
8737	None
8738	None
8739	None
8740	None
8741	None
8742	None
8743	None
8744	None
8745	None
8746	None
8747	None
8748	None
8749	None
8750	None
8751	None
8752	None
8753	None
8754	None
8755	None
8756	None
8757	None
8758	None
8759	None
8760	None
8761	None
8762	None
8763	None
8764	None
8765	None
8766	None
8767	None
8768	None
8769	None
8770	None
8771	None
8772	None
8773	None
8774	None
8775	None
8776	None
8777	None
8778	None
8779	None
8780	None
8781	None
8782	None
8783	None
8784	None
8785	None
