3074 matches
['halomatch.py', 'Runs/', 'LCDM_vanilla', 'SymB_vanilla', '64', '.5', 'match_LCDM_vanilla_SymB_vanilla']
LCDM_vanilla	SymB_vanilla
0	0
1	1
2	2
3	3
4	5
5	7
6	8
7	4
8	None
9	13
10	11
11	10
12	9
13	14
14	12
15	15
16	17
17	20
18	19
19	None
20	47
21	27
22	22
23	24
24	26
25	23
26	21
27	29
28	None
29	25
30	37
31	53
32	28
33	30
34	39
35	34
36	32
37	67
38	None
39	40
40	33
41	59
42	35
43	66
44	56
45	36
46	41
47	45
48	50
49	42
50	55
51	60
52	None
53	49
54	48
55	72
56	117
57	43
58	54
59	74
60	68
61	44
62	57
63	137
64	64
65	88
66	69
67	71
68	82
69	117
70	None
71	121
72	62
73	65
74	70
75	73
76	86
77	61
78	79
79	142
80	75
81	80
82	None
83	113
84	None
85	111
86	102
87	94
88	None
89	140
90	161
91	161
92	81
93	100
94	125
95	92
96	87
97	95
98	78
99	112
100	160
101	116
102	128
103	84
104	115
105	101
106	106
107	104
108	110
109	107
110	108
111	None
112	96
113	None
114	99
115	359
116	135
117	124
118	None
119	89
120	127
121	515
122	91
123	133
124	134
125	359
126	139
127	129
128	None
129	118
130	130
131	143
132	103
133	149
134	148
135	136
136	156
137	205
138	131
139	105
140	119
141	168
142	163
143	144
144	158
145	650
146	147
147	159
148	None
149	153
150	None
151	None
152	None
153	223
154	141
155	126
156	152
157	157
158	None
159	174
160	145
161	166
162	None
163	162
164	151
165	181
166	200
167	175
168	146
169	183
170	172
171	132
172	182
173	None
174	196
175	165
176	260
177	171
178	212
179	176
180	199
181	231
182	1100
183	236
184	169
185	178
186	170
187	206
188	366
189	164
190	670
191	195
192	1100
193	311
194	273
195	761
196	189
197	186
198	210
199	202
200	235
201	179
202	194
203	154
204	246
205	191
206	249
207	192
208	216
209	None
210	276
211	284
212	222
213	None
214	350
215	184
216	None
217	247
218	218
219	207
220	233
221	328
222	None
223	257
224	344
225	217
226	288
227	1129
228	None
229	243
230	244
231	245
232	227
233	484
234	298
235	241
236	None
237	363
238	286
239	254
240	315
241	240
242	280
243	270
244	265
245	208
246	258
247	318
248	285
249	None
250	250
251	405
252	295
253	259
254	1311
255	380
256	237
257	None
258	None
259	278
260	281
261	304
262	357
263	None
264	289
265	263
266	780
267	350
268	None
269	190
270	350
271	372
272	274
273	871
274	221
275	228
276	314
277	264
278	None
279	323
280	353
281	282
282	209
283	636
284	None
285	386
286	None
287	None
288	271
289	404
290	None
291	329
292	248
293	301
294	1260
295	251
296	630
297	387
298	None
299	326
300	444
301	335
302	None
303	303
304	None
305	437
306	None
307	970
308	312
309	355
310	239
311	268
312	388
313	467
314	414
315	358
316	None
317	332
318	418
319	417
320	None
321	373
322	1105
323	308
324	1309
325	500
326	399
327	415
328	2113
329	None
330	225
331	None
332	None
333	None
334	385
335	1115
336	532
337	None
338	None
339	253
340	296
341	470
342	2060
343	345
344	403
345	338
346	365
347	None
348	402
349	361
350	272
351	662
352	478
353	317
354	339
355	834
356	381
357	342
358	279
359	316
360	667
361	None
362	None
363	None
364	287
365	780
366	None
367	439
368	None
369	None
370	None
371	600
372	502
373	429
374	448
375	400
376	None
377	313
378	696
379	None
380	None
381	None
382	None
383	None
384	None
385	521
386	None
387	337
388	626
389	589
390	773
391	343
392	None
393	None
394	466
395	1296
396	471
397	481
398	331
399	474
400	376
401	None
402	None
403	612
404	398
405	283
406	1986
407	624
408	391
409	None
410	492
411	382
412	None
413	512
414	1354
415	306
416	1299
417	334
418	534
419	592
420	None
421	None
422	547
423	None
424	2076
425	368
426	336
427	None
428	457
429	449
430	480
431	435
432	892
433	None
434	572
435	702
436	570
437	None
438	None
439	583
440	458
441	536
442	None
443	479
444	None
445	367
446	None
447	411
448	None
449	294
450	486
451	671
452	346
453	436
454	430
455	420
456	None
457	394
458	340
459	631
460	507
461	506
462	559
463	533
464	501
465	341
466	606
467	551
468	508
469	523
470	416
471	354
472	None
473	619
474	560
475	426
476	None
477	370
478	397
479	445
480	2083
481	632
482	None
483	537
484	1540
485	443
486	561
487	661
488	482
489	409
490	464
491	None
492	2691
493	None
494	None
495	2083
496	716
497	None
498	635
499	None
500	597
501	None
502	710
503	562
504	633
505	433
506	1495
507	419
508	745
509	578
510	1115
511	None
512	659
513	469
514	None
515	505
516	None
517	461
518	539
519	None
520	431
521	None
522	None
523	None
524	561
525	525
526	609
527	None
528	498
529	379
530	1438
531	1540
532	None
533	None
534	None
535	None
536	None
537	520
538	489
539	None
540	690
541	396
542	None
543	None
544	1863
545	527
546	459
547	None
548	826
549	653
550	566
551	540
552	737
553	499
554	510
555	2060
556	613
557	None
558	504
559	456
560	541
561	None
562	None
563	None
564	None
565	585
566	715
567	611
568	1899
569	None
570	473
571	425
572	401
573	524
574	None
575	921
576	None
577	406
578	679
579	None
580	863
581	513
582	1375
583	623
584	894
585	2491
586	522
587	2046
588	519
589	None
590	593
591	None
592	765
593	463
594	None
595	432
596	596
597	503
598	None
599	919
600	574
601	989
602	1258
603	1333
604	None
605	686
606	None
607	412
608	None
609	462
610	556
611	669
612	530
613	712
614	None
615	None
616	None
617	780
618	665
619	None
620	1105
621	516
622	594
623	None
624	None
625	608
626	856
627	380
628	None
629	None
630	None
631	603
632	1114
633	621
634	684
635	None
636	None
637	579
638	None
639	None
640	None
641	491
642	2000
643	None
644	829
645	None
646	697
647	None
648	None
649	776
650	None
651	576
652	607
653	1432
654	861
655	1354
656	1575
657	1036
658	549
659	651
660	546
661	None
662	656
663	2607
664	None
665	555
666	575
667	None
668	695
669	None
670	1296
671	1956
672	None
673	None
674	1044
675	617
676	None
677	642
678	598
679	980
680	610
681	None
682	571
683	None
684	1052
685	1695
686	2641
687	587
688	815
689	None
690	1019
691	850
692	655
693	1504
694	586
695	None
696	None
697	1971
698	494
699	638
700	564
701	535
702	2057
703	581
704	545
705	1529
706	944
707	None
708	645
709	None
710	568
711	1957
712	None
713	734
714	None
715	694
716	None
717	580
718	620
719	None
720	847
721	None
722	658
723	787
724	794
725	599
726	None
727	538
728	1318
729	637
730	None
731	783
732	590
733	2441
734	652
735	646
736	615
737	None
738	582
739	591
740	None
741	683
742	744
743	544
744	1076
745	727
746	None
747	1031
748	680
749	552
750	2805
751	748
752	618
753	677
754	None
755	584
756	None
757	1025
758	786
759	None
760	973
761	836
762	1438
763	896
764	1540
765	948
766	None
767	698
768	None
769	2512
770	1129
771	None
772	None
773	605
774	None
775	None
776	911
777	553
778	1017
779	2937
780	971
781	1001
782	None
783	1569
784	None
785	548
786	657
787	956
788	595
789	625
790	3352
791	None
792	823
793	None
794	1113
795	796
796	926
797	1085
798	973
799	1114
800	663
801	685
802	1109
803	831
804	735
805	None
806	None
807	None
808	None
809	1144
810	None
811	1109
812	None
813	1264
814	817
815	None
816	1892
817	None
818	None
819	1323
820	708
821	2397
822	2561
823	731
824	880
825	None
826	None
827	764
828	1143
829	634
830	None
831	703
832	774
833	None
834	722
835	None
836	706
837	666
838	2973
839	1679
840	816
841	None
842	None
843	657
844	855
845	1615
846	2192
847	None
848	1087
849	801
850	None
851	689
852	743
853	713
854	2009
855	756
856	705
857	1140
858	804
859	864
860	2799
861	649
862	986
863	3016
864	None
865	893
866	996
867	986
868	821
869	None
870	None
871	None
872	753
873	1119
874	777
875	692
876	1095
877	2540
878	1149
879	758
880	733
881	845
882	2817
883	835
884	None
885	None
886	2659
887	782
888	2367
889	None
890	None
891	1351
892	1873
893	1035
894	None
895	795
896	None
897	790
898	720
899	872
900	None
901	None
902	806
903	1056
904	784
905	729
906	None
907	None
908	809
909	746
910	768
911	None
912	811
913	None
914	None
915	None
916	721
917	3248
918	3130
919	757
920	None
921	None
922	654
923	1444
924	1545
925	968
926	741
927	2490
928	None
929	None
930	None
931	878
932	747
933	2110
934	None
935	2076
936	None
937	None
938	1722
939	None
940	None
941	1776
942	None
943	None
944	1522
945	730
946	1375
947	None
948	None
949	1073
950	843
951	1062
952	None
953	2050
954	1104
955	1123
956	936
957	1103
958	798
959	2495
960	1029
961	None
962	808
963	1292
964	851
965	2846
966	769
967	822
968	1006
969	763
970	None
971	1740
972	2449
973	883
974	867
975	838
976	1077
977	1787
978	1162
979	1102
980	812
981	957
982	None
983	None
984	1189
985	None
986	None
987	1432
988	1215
989	754
990	3265
991	None
992	None
993	None
994	None
995	819
996	1330
997	None
998	849
999	None
1000	1128
1001	None
1002	1141
1003	None
1004	2481
1005	None
1006	None
1007	810
1008	1110
1009	2564
1010	None
1011	889
1012	2787
1013	781
1014	2840
1015	None
1016	859
1017	828
1018	1195
1019	738
1020	None
1021	1226
1022	724
1023	1182
1024	None
1025	1395
1026	914
1027	2763
1028	None
1029	None
1030	925
1031	None
1032	None
1033	870
1034	2421
1035	None
1036	3328
1037	913
1038	None
1039	699
1040	1399
1041	789
1042	None
1043	None
1044	1799
1045	657
1046	1352
1047	None
1048	939
1049	881
1050	None
1051	None
1052	1207
1053	3291
1054	None
1055	899
1056	2516
1057	None
1058	None
1059	903
1060	1553
1061	902
1062	2311
1063	818
1064	1672
1065	None
1066	732
1067	None
1068	862
1069	846
1070	1163
1071	None
1072	2540
1073	1317
1074	3116
1075	None
1076	1275
1077	719
1078	None
1079	1312
1080	1849
1081	None
1082	None
1083	728
1084	1250
1085	None
1086	None
1087	3188
1088	None
1089	None
1090	3519
1091	1213
1092	None
1093	1321
1094	841
1095	None
1096	None
1097	1614
1098	884
1099	3221
1100	844
1101	None
1102	934
1103	3220
1104	980
1105	813
1106	1443
1107	None
1108	836
1109	None
1110	None
1111	None
1112	None
1113	None
1114	3356
1115	830
1116	None
1117	2418
1118	958
1119	1324
1120	863
1121	1949
1122	920
1123	931
1124	2421
1125	910
1126	1885
1127	2009
1128	1118
1129	918
1130	None
1131	None
1132	None
1133	None
1134	1345
1135	None
1136	771
1137	None
1138	725
1139	3167
1140	875
1141	None
1142	907
1143	2841
1144	None
1145	938
1146	3467
1147	None
1148	1206
1149	None
1150	2659
1151	1241
1152	None
1153	None
1154	928
1155	860
1156	None
1157	None
1158	None
1159	2854
1160	None
1161	2483
1162	None
1163	1228
1164	3696
1165	1124
1166	962
1167	None
1168	None
1169	1474
1170	None
1171	877
1172	1089
1173	None
1174	None
1175	None
1176	None
1177	923
1178	1365
1179	1197
1180	1084
1181	1244
1182	864
1183	1252
1184	959
1185	None
1186	None
1187	949
1188	1488
1189	1425
1190	1274
1191	None
1192	None
1193	None
1194	2161
1195	1165
1196	None
1197	879
1198	1166
1199	2495
1200	953
1201	None
1202	1226
1203	3412
1204	None
1205	1281
1206	None
1207	1271
1208	3143
1209	None
1210	1469
1211	1827
1212	None
1213	3016
1214	None
1215	2166
1216	1305
1217	1368
1218	None
1219	None
1220	900
1221	2494
1222	874
1223	3594
1224	1440
1225	None
1226	3047
1227	None
1228	2714
1229	2360
1230	955
1231	None
1232	3519
1233	1069
1234	2155
1235	None
1236	None
1237	3613
1238	2490
1239	1277
1240	1316
1241	2772
1242	3134
1243	None
1244	1338
1245	None
1246	None
1247	None
1248	None
1249	None
1250	2155
1251	None
1252	2234
1253	1248
1254	974
1255	1310
1256	1452
1257	2923
1258	966
1259	1266
1260	1048
1261	None
1262	1672
1263	952
1264	None
1265	None
1266	1789
1267	None
1268	993
1269	1667
1270	None
1271	None
1272	None
1273	None
1274	None
1275	None
1276	None
1277	983
1278	None
1279	None
1280	1397
1281	1335
1282	1294
1283	1233
1284	None
1285	946
1286	1041
1287	None
1288	1337
1289	1400
1290	1346
1291	1508
1292	None
1293	1020
1294	1445
1295	1013
1296	None
1297	2031
1298	3735
1299	2817
1300	None
1301	1455
1302	1633
1303	950
1304	1509
1305	1435
1306	1034
1307	None
1308	1229
1309	None
1310	990
1311	None
1312	1459
1313	None
1314	2017
1315	2557
1316	1039
1317	1063
1318	1518
1319	3849
1320	882
1321	None
1322	1774
1323	1286
1324	1023
1325	1091
1326	988
1327	1849
1328	None
1329	1521
1330	1005
1331	933
1332	972
1333	1376
1334	827
1335	None
1336	1317
1337	1054
1338	None
1339	None
1340	1364
1341	None
1342	None
1343	978
1344	1028
1345	None
1346	2312
1347	None
1348	1247
1349	2916
1350	1349
1351	3124
1352	None
1353	3400
1354	947
1355	None
1356	1799
1357	1515
1358	954
1359	1628
1360	1339
1361	960
1362	1597
1363	2180
1364	None
1365	2009
1366	1320
1367	None
1368	None
1369	None
1370	3130
1371	3513
1372	None
1373	3164
1374	None
1375	2961
1376	2510
1377	1314
1378	2505
1379	None
1380	1291
1381	None
1382	1361
1383	None
1384	1383
1385	1466
1386	1055
1387	None
1388	997
1389	1033
1390	1348
1391	991
1392	1388
1393	None
1394	None
1395	1003
1396	1027
1397	None
1398	1416
1399	None
1400	1071
1401	1609
1402	1340
1403	None
1404	None
1405	3352
1406	1096
1407	1050
1408	1513
1409	None
1410	2609
1411	1539
1412	None
1413	2091
1414	1015
1415	1074
1416	3292
1417	None
1418	1556
1419	1327
1420	3976
1421	None
1422	1014
1423	1846
1424	1064
1425	None
1426	1650
1427	1156
1428	None
1429	None
1430	1884
1431	4217
1432	1176
1433	1449
1434	1403
1435	1554
1436	None
1437	1168
1438	None
1439	3603
1440	None
1441	1025
1442	None
1443	1631
1444	None
1445	1505
1446	1061
1447	1523
1448	None
1449	4023
1450	2975
1451	None
1452	1425
1453	None
1454	None
1455	3114
1456	1476
1457	1517
1458	1632
1459	None
1460	1082
1461	None
1462	963
1463	None
1464	None
1465	1387
1466	1042
1467	None
1468	2410
1469	2450
1470	1208
1471	None
1472	1763
1473	None
1474	1016
1475	1715
1476	1702
1477	None
1478	3080
1479	None
1480	None
1481	1988
1482	1664
1483	1106
1484	1067
1485	None
1486	1980
1487	915
1488	1088
1489	1363
1490	2474
1491	1530
1492	None
1493	None
1494	1018
1495	2956
1496	1372
1497	1447
1498	1498
1499	951
1500	None
1501	None
1502	3581
1503	1097
1504	1325
1505	1787
1506	None
1507	None
1508	None
1509	1713
1510	3646
1511	1612
1512	None
1513	None
1514	2208
1515	None
1516	1012
1517	1494
1518	1038
1519	2606
1520	1450
1521	1098
1522	1092
1523	None
1524	None
1525	2246
1526	1822
1527	1047
1528	1429
1529	1832
1530	None
1531	1460
1532	1188
1533	1510
1534	1326
1535	None
1536	None
1537	None
1538	1538
1539	None
1540	1030
1541	None
1542	None
1543	None
1544	None
1545	1686
1546	None
1547	3570
1548	1379
1549	1750
1550	802
1551	None
1552	1408
1553	None
1554	2152
1555	None
1556	2356
1557	None
1558	None
1559	1422
1560	None
1561	3686
1562	1600
1563	1622
1564	1582
1565	3795
1566	893
1567	1070
1568	3774
1569	None
1570	None
1571	1594
1572	1798
1573	None
1574	None
1575	None
1576	3269
1577	2011
1578	1186
1579	2912
1580	2329
1581	None
1582	1591
1583	None
1584	None
1585	None
1586	1146
1587	1643
1588	1674
1589	None
1590	1560
1591	None
1592	1142
1593	3033
1594	1623
1595	1557
1596	1634
1597	2158
1598	1083
1599	1436
1600	None
1601	None
1602	None
1603	None
1604	None
1605	1733
1606	1094
1607	None
1608	None
1609	None
1610	None
1611	None
1612	1567
1613	1138
1614	None
1615	2527
1616	None
1617	4487
1618	None
1619	None
1620	1583
1621	1178
1622	None
1623	3394
1624	2287
1625	1102
1626	1536
1627	1670
1628	1238
1629	3721
1630	None
1631	1784
1632	869
1633	1587
1634	None
1635	2349
1636	1687
1637	1596
1638	1579
1639	4661
1640	1727
1641	1592
1642	None
1643	1483
1644	2943
1645	1685
1646	None
1647	1151
1648	None
1649	None
1650	1912
1651	1707
1652	3114
1653	None
1654	2707
1655	1772
1656	1172
1657	2658
1658	3330
1659	2428
1660	1217
1661	None
1662	1603
1663	None
1664	2041
1665	4011
1666	None
1667	1181
1668	None
1669	None
1670	None
1671	1723
1672	2068
1673	1472
1674	None
1675	None
1676	2051
1677	1531
1678	1121
1679	1782
1680	2179
1681	1658
1682	1194
1683	None
1684	1147
1685	1788
1686	1167
1687	4269
1688	None
1689	1709
1690	None
1691	3718
1692	1789
1693	1747
1694	1641
1695	1199
1696	None
1697	2117
1698	1889
1699	1155
1700	1183
1701	1099
1702	1813
1703	3120
1704	1720
1705	1293
1706	2754
1707	1203
1708	1699
1709	1220
1710	1187
1711	3232
1712	3721
1713	1620
1714	None
1715	3507
1716	4267
1717	None
1718	None
1719	1496
1720	1117
1721	None
1722	1744
1723	None
1724	1216
1725	2709
1726	1576
1727	1222
1728	None
1729	1921
1730	1688
1731	1185
1732	2424
1733	1754
1734	1693
1735	1201
1736	3080
1737	None
1738	2004
1739	4157
1740	3795
1741	4401
1742	None
1743	3038
1744	1204
1745	1278
1746	None
1747	1904
1748	3672
1749	1227
1750	1847
1751	2699
1752	2818
1753	1171
1754	None
1755	1953
1756	1876
1757	1867
1758	3706
1759	None
1760	1120
1761	1948
1762	1308
1763	4241
1764	1741
1765	None
1766	3683
1767	2778
1768	1879
1769	3488
1770	None
1771	1748
1772	None
1773	None
1774	1757
1775	1769
1776	None
1777	None
1778	None
1779	4659
1780	1108
1781	1690
1782	None
1783	None
1784	None
1785	1732
1786	1797
1787	None
1788	2416
1789	3528
1790	3729
1791	None
1792	None
1793	1270
1794	None
1795	2496
1796	2911
1797	1246
1798	1718
1799	None
1800	2287
1801	2510
1802	1306
1803	None
1804	None
1805	None
1806	None
1807	1821
1808	1234
1809	1801
1810	None
1811	3421
1812	None
1813	1212
1814	None
1815	1795
1816	1776
1817	None
1818	None
1819	4986
1820	2063
1821	2075
1822	2059
1823	3768
1824	2049
1825	1126
1826	2759
1827	1966
1828	2436
1829	1792
1830	None
1831	None
1832	2036
1833	None
1834	4415
1835	None
1836	None
1837	2291
1838	2093
1839	None
1840	None
1841	2139
1842	3673
1843	4641
1844	None
1845	1972
1846	None
1847	3079
1848	3038
1849	2927
1850	2302
1851	4330
1852	None
1853	3010
1854	None
1855	None
1856	None
1857	2261
1858	1878
1859	None
1860	1984
1861	1858
1862	4407
1863	None
1864	None
1865	2902
1866	3553
1867	2296
1868	1987
1869	None
1870	3270
1871	None
1872	None
1873	None
1874	1802
1875	None
1876	2563
1877	None
1878	None
1879	1989
1880	None
1881	None
1882	4205
1883	None
1884	2024
1885	2419
1886	2088
1887	None
1888	1407
1889	4616
1890	2173
1891	1306
1892	2233
1893	1954
1894	3533
1895	1491
1896	None
1897	None
1898	None
1899	5073
1900	2030
1901	4772
1902	1963
1903	1380
1904	3384
1905	1565
1906	None
1907	2054
1908	3184
1909	4361
1910	4040
1911	2032
1912	5295
1913	4791
1914	2505
1915	1948
1916	1808
1917	3581
1918	2067
1919	3533
1920	2344
1921	1336
1922	2131
1923	2043
1924	1394
1925	None
1926	None
1927	2231
1928	943
1929	2115
1930	2246
1931	None
1932	4265
1933	2266
1934	2735
1935	None
1936	None
1937	None
1938	5020
1939	2546
1940	2386
1941	1924
1942	None
1943	1159
1944	2012
1945	None
1946	2084
1947	None
1948	None
1949	2211
1950	2408
1951	2118
1952	2467
1953	None
1954	None
1955	1895
1956	3294
1957	2382
1958	None
1959	2303
1960	2239
1961	3648
1962	1998
1963	2374
1964	3718
1965	3737
1966	1392
1967	2159
1968	None
1969	2517
1970	2319
1971	None
1972	2593
1973	3766
1974	4030
1975	None
1976	2473
1977	2062
1978	2003
1979	5092
1980	4903
1981	1667
1982	None
1983	2665
1984	1927
1985	1406
1986	1967
1987	2119
1988	4053
1989	None
1990	None
1991	1645
1992	None
1993	1943
1994	2268
1995	2545
1996	None
1997	2243
1998	None
1999	None
2000	1786
2001	2244
2002	1766
2003	None
2004	2099
2005	2129
2006	2216
2007	1288
2008	None
2009	None
2010	None
2011	None
2012	4440
2013	1640
2014	2965
2015	5380
2016	None
2017	2151
2018	None
2019	None
2020	2273
2021	None
2022	None
2023	3984
2024	None
2025	4157
2026	1633
2027	1411
2028	3813
2029	None
2030	2177
2031	2737
2032	2116
2033	2351
2034	None
2035	3648
2036	3237
2037	2300
2038	None
2039	1842
2040	None
2041	None
2042	3034
2043	1497
2044	2193
2045	1764
2046	2536
2047	None
2048	2194
2049	4731
2050	None
2051	2250
2052	2296
2053	None
2054	1362
2055	1570
2056	1264
2057	2951
2058	1369
2059	None
2060	None
2061	None
2062	2918
2063	2136
2064	None
2065	2290
2066	None
2067	4407
2068	2182
2069	2851
2070	None
2071	2294
2072	3184
2073	1880
2074	3506
2075	None
2076	4746
2077	None
2078	None
2079	2555
2080	2964
2081	1433
2082	1488
2083	3033
2084	1458
2085	None
2086	None
2087	1619
2088	None
2089	2438
2090	1358
2091	3133
2092	1675
2093	None
2094	3544
2095	3319
2096	3373
2097	1542
2098	2352
2099	1051
2100	None
2101	None
2102	None
2103	2307
2104	5284
2105	2292
2106	None
2107	4350
2108	3228
2109	None
2110	1549
2111	None
2112	None
2113	3971
2114	4241
2115	None
2116	None
2117	None
2118	1059
2119	None
2120	None
2121	3832
2122	2595
2123	3188
2124	1350
2125	None
2126	None
2127	3742
2128	3867
2129	4320
2130	None
2131	2425
2132	2724
2133	3851
2134	None
2135	3018
2136	None
2137	None
2138	2431
2139	1647
2140	5396
2141	1467
2142	None
2143	3431
2144	None
2145	5224
2146	2310
2147	3838
2148	None
2149	2559
2150	3325
2151	2853
2152	3421
2153	1499
2154	None
2155	2486
2156	None
2157	None
2158	None
2159	3085
2160	None
2161	2710
2162	1610
2163	3413
2164	4515
2165	2956
2166	1481
2167	1978
2168	1725
2169	2668
2170	None
2171	None
2172	4280
2173	1060
2174	None
2175	2796
2176	None
2177	None
2178	1173
2179	2733
2180	None
2181	1712
2182	None
2183	1758
2184	None
2185	3144
2186	None
2187	3302
2188	1656
2189	3713
2190	4519
2191	3609
2192	3260
2193	None
2194	4316
2195	5639
2196	3511
2197	None
2198	None
2199	None
2200	2583
2201	1514
2202	4490
2203	2452
2204	None
2205	None
2206	3210
2207	5102
2208	2550
2209	1716
2210	None
2211	2457
2212	2690
2213	1673
2214	3951
2215	None
2216	5059
2217	2476
2218	2357
2219	2721
2220	1655
2221	5473
2222	None
2223	1809
2224	2103
2225	1680
2226	4275
2227	2761
2228	4138
2229	None
2230	2081
2231	None
2232	None
2233	1840
2234	2575
2235	1746
2236	4020
2237	2262
2238	None
2239	3055
2240	2315
2241	None
2242	1563
2243	2797
2244	None
2245	None
2246	4277
2247	2856
2248	2212
2249	None
2250	4053
2251	None
2252	3344
2253	None
2254	None
2255	None
2256	1803
2257	2761
2258	1910
2259	None
2260	2330
2261	3063
2262	2058
2263	1977
2264	2039
2265	None
2266	None
2267	1730
2268	2222
2269	2904
2270	2090
2271	3266
2272	4828
2273	2044
2274	3086
2275	None
2276	None
2277	1813
2278	3233
2279	None
2280	4370
2281	3155
2282	4358
2283	2598
2284	1568
2285	None
2286	1696
2287	4327
2288	3469
2289	1845
2290	3403
2291	1370
2292	2135
2293	1667
2294	None
2295	1661
2296	None
2297	1678
2298	3606
2299	3694
2300	1799
2301	None
2302	2744
2303	None
2304	1704
2305	2789
2306	2636
2307	None
2308	1648
2309	4648
2310	1875
2311	2328
2312	4107
2313	1630
2314	4120
2315	None
2316	1652
2317	None
2318	1694
2319	None
2320	1794
2321	3726
2322	4636
2323	1639
2324	None
2325	1996
2326	None
2327	1255
2328	4081
2329	None
2330	None
2331	None
2332	None
2333	None
2334	None
2335	2018
2336	2993
2337	None
2338	None
2339	2979
2340	7224
2341	None
2342	None
2343	None
2344	None
2345	None
2346	3484
2347	None
2348	1870
2349	1760
2350	1765
2351	None
2352	3192
2353	2001
2354	None
2355	1738
2356	2037
2357	None
2358	3705
2359	3945
2360	1232
2361	1280
2362	None
2363	None
2364	1890
2365	None
2366	None
2367	None
2368	6283
2369	4615
2370	2995
2371	7139
2372	None
2373	None
2374	None
2375	1773
2376	None
2377	2495
2378	7062
2379	None
2380	1950
2381	2914
2382	None
2383	3845
2384	None
2385	1928
2386	1993
2387	3555
2388	None
2389	None
2390	None
2391	3326
2392	5052
2393	None
2394	2312
2395	2890
2396	2542
2397	3326
2398	5137
2399	None
2400	None
2401	None
2402	3220
2403	None
2404	1616
2405	2029
2406	2541
2407	3773
2408	1833
2409	None
2410	None
2411	3722
2412	None
2413	None
2414	None
2415	1653
2416	2228
2417	2655
2418	1901
2419	None
2420	2240
2421	2326
2422	4266
2423	1810
2424	1749
2425	None
2426	None
2427	2919
2428	1933
2429	None
2430	1911
2431	2469
2432	None
2433	2805
2434	4088
2435	None
2436	None
2437	3613
2438	2603
2439	2772
2440	None
2441	2083
2442	1835
2443	None
2444	None
2445	None
2446	None
2447	1881
2448	1841
2449	None
2450	4664
2451	2790
2452	5319
2453	None
2454	2206
2455	None
2456	None
2457	3826
2458	None
2459	1698
2460	None
2461	None
2462	2403
2463	None
2464	None
2465	1683
2466	1888
2467	None
2468	4158
2469	2020
2470	None
2471	3513
2472	1259
2473	None
2474	2551
2475	3528
2476	None
2477	None
2478	None
2479	1951
2480	3813
2481	None
2482	2423
2483	None
2484	1253
2485	1825
2486	1868
2487	None
2488	None
2489	2670
2490	2102
2491	None
2492	None
2493	2851
2494	1728
2495	3122
2496	5377
2497	1955
2498	3541
2499	3735
2500	2730
2501	2246
2502	None
2503	None
2504	1897
2505	2171
2506	2915
2507	2725
2508	3597
2509	None
2510	3813
2511	1838
2512	2472
2513	None
2514	3216
2515	2354
2516	None
2517	None
2518	4005
2519	None
2520	None
2521	1974
2522	3002
2523	2565
2524	5013
2525	None
2526	None
2527	1781
2528	2186
2529	None
2530	2912
2531	None
2532	1882
2533	4155
2534	3984
2535	1341
2536	1761
2537	1994
2538	3805
2539	2827
2540	None
2541	None
2542	None
2543	3988
2544	4065
2545	1836
2546	None
2547	3417
2548	None
2549	None
2550	None
2551	4182
2552	None
2553	3275
2554	None
2555	2543
2556	None
2557	1983
2558	1930
2559	4311
2560	3207
2561	1929
2562	2143
2563	None
2564	None
2565	None
2566	1866
2567	None
2568	2104
2569	2185
2570	3147
2571	None
2572	3358
2573	2751
2574	None
2575	2107
2576	3955
2577	None
2578	None
2579	2571
2580	1891
2581	2884
2582	2469
2583	None
2584	2491
2585	None
2586	3401
2587	1919
2588	2232
2589	2215
2590	2932
2591	2516
2592	3500
2593	4331
2594	3122
2595	None
2596	2172
2597	2704
2598	None
2599	3773
2600	2073
2601	None
2602	3674
2603	3115
2604	2065
2605	2677
2606	3973
2607	2264
2608	4470
2609	None
2610	4895
2611	2399
2612	2731
2613	None
2614	2049
2615	2600
2616	2145
2617	3098
2618	None
2619	2802
2620	2734
2621	None
2622	None
2623	None
2624	None
2625	1887
2626	None
2627	2082
2628	2626
2629	None
2630	4106
2631	None
2632	None
2633	1973
2634	2040
2635	2739
2636	2370
2637	None
2638	1897
2639	3155
2640	None
2641	2865
2642	None
2643	3009
2644	2007
2645	None
2646	1978
2647	None
2648	3698
2649	2406
2650	None
2651	4242
2652	4424
2653	None
2654	None
2655	2821
2656	3569
2657	4059
2658	2223
2659	None
2660	None
2661	3395
2662	2252
2663	4214
2664	3522
2665	None
2666	2486
2667	4487
2668	None
2669	1831
2670	1313
2671	None
2672	None
2673	2147
2674	4331
2675	None
2676	None
2677	None
2678	3609
2679	None
2680	None
2681	2157
2682	None
2683	4181
2684	5102
2685	2021
2686	None
2687	2257
2688	2730
2689	3646
2690	None
2691	None
2692	2072
2693	2889
2694	None
2695	3408
2696	2429
2697	2149
2698	2784
2699	None
2700	2098
2701	2241
2702	2197
2703	2288
2704	2122
2705	None
2706	None
2707	None
2708	2351
2709	1537
2710	3038
2711	None
2712	None
2713	2316
2714	2462
2715	None
2716	None
2717	2393
2718	None
2719	None
2720	None
2721	2391
2722	None
2723	1985
2724	4605
2725	3662
2726	2376
2727	None
2728	3875
2729	5370
2730	5317
2731	4182
2732	None
2733	5319
2734	2520
2735	2523
2736	2712
2737	2138
2738	2165
2739	2296
2740	2121
2741	3401
2742	3705
2743	2132
2744	3849
2745	None
2746	None
2747	4784
2748	2034
2749	None
2750	2002
2751	2378
2752	None
2753	3117
2754	None
2755	None
2756	4124
2757	2533
2758	2299
2759	None
2760	4338
2761	3893
2762	1669
2763	None
2764	None
2765	None
2766	5027
2767	2363
2768	2475
2769	None
2770	None
2771	None
2772	4311
2773	None
2774	None
2775	3859
2776	4512
2777	5529
2778	2575
2779	None
2780	2631
2781	None
2782	2248
2783	3726
2784	None
2785	5622
2786	3965
2787	2260
2788	2204
2789	2162
2790	4735
2791	2148
2792	2927
2793	2218
2794	4189
2795	5824
2796	5954
2797	4816
2798	3328
2799	3981
2800	None
2801	2738
2802	2916
2803	2279
2804	2339
2805	5886
2806	2322
2807	3914
2808	None
2809	None
2810	2721
2811	None
2812	None
2813	None
2814	4789
2815	None
2816	2074
2817	2250
2818	2022
2819	None
2820	3118
2821	3804
2822	2221
2823	None
2824	3552
2825	None
2826	None
2827	2125
2828	None
2829	None
2830	3838
2831	2563
2832	3547
2833	3303
2834	None
2835	3004
2836	None
2837	3636
2838	3619
2839	2350
2840	2313
2841	2209
2842	3202
2843	None
2844	6045
2845	None
2846	4218
2847	None
2848	None
2849	2499
2850	2070
2851	3286
2852	2267
2853	2123
2854	2873
2855	None
2856	2198
2857	None
2858	None
2859	None
2860	3134
2861	1893
2862	3080
2863	2184
2864	3973
2865	4564
2866	None
2867	None
2868	None
2869	2381
2870	None
2871	None
2872	2764
2873	None
2874	2618
2875	3549
2876	None
2877	2624
2878	None
2879	2699
2880	1976
2881	2026
2882	2529
2883	None
2884	None
2885	2156
2886	None
2887	2955
2888	2820
2889	None
2890	None
2891	2668
2892	4569
2893	None
2894	2987
2895	2247
2896	2217
2897	3504
2898	None
2899	2946
2900	2229
2901	2280
2902	3067
2903	None
2904	None
2905	3143
2906	None
2907	None
2908	2608
2909	5329
2910	2938
2911	None
2912	2539
2913	None
2914	None
2915	None
2916	2412
2917	None
2918	2277
2919	2183
2920	None
2921	None
2922	None
2923	2842
2924	None
2925	1970
2926	2242
2927	2380
2928	None
2929	None
2930	2460
2931	4025
2932	4428
2933	None
2934	3840
2935	3264
2936	2901
2937	None
2938	2384
2939	2269
2940	2781
2941	3727
2942	2387
2943	6269
2944	4293
2945	3606
2946	2621
2947	2948
2948	4014
2949	2662
2950	None
2951	None
2952	2355
2953	6175
2954	3906
2955	None
2956	4137
2957	None
2958	4114
2959	2502
2960	None
2961	2358
2962	2689
2963	2757
2964	None
2965	None
2966	4497
2967	2687
2968	None
2969	4826
2970	4031
2971	None
2972	3969
2973	None
2974	3577
2975	4215
2976	3057
2977	None
2978	3177
2979	2790
2980	2580
2981	5800
2982	2392
2983	2596
2984	6560
2985	2667
2986	None
2987	2644
2988	5095
2989	2762
2990	2365
2991	2640
2992	2388
2993	3019
2994	3176
2995	2835
2996	None
2997	None
2998	2314
2999	4266
3000	None
3001	4179
3002	2304
3003	2432
3004	3755
3005	2169
3006	4113
3007	None
3008	3574
3009	None
3010	6641
3011	4293
3012	3535
3013	None
3014	5107
3015	2884
3016	5835
3017	2642
3018	3039
3019	2546
3020	None
3021	2675
3022	None
3023	2951
3024	2728
3025	None
3026	None
3027	4124
3028	3045
3029	None
3030	2939
3031	2989
3032	None
3033	2411
3034	2862
3035	None
3036	2801
3037	None
3038	2424
3039	2027
3040	None
3041	2875
3042	3262
3043	None
3044	5441
3045	5589
3046	3738
3047	2703
3048	3052
3049	None
3050	3602
3051	5643
3052	None
3053	None
3054	4282
3055	2683
3056	2870
3057	4186
3058	4718
3059	None
3060	4073
3061	4462
3062	None
3063	5751
3064	None
3065	3320
3066	None
3067	4679
3068	None
3069	None
3070	2042
3071	2723
3072	None
3073	None
3074	3112
3075	2464
3076	2726
3077	4998
3078	5095
3079	3028
3080	2225
3081	2920
3082	2170
3083	3455
3084	2646
3085	None
3086	None
3087	2447
3088	None
3089	5976
3090	None
3091	None
3092	2417
3093	2284
3094	None
3095	None
3096	None
3097	3475
3098	3256
3099	None
3100	4389
3101	None
3102	2895
3103	3556
3104	5413
3105	2488
3106	2620
3107	2224
3108	4600
3109	6395
3110	2318
3111	3389
3112	None
3113	None
3114	None
3115	4850
3116	2552
3117	4452
3118	5378
3119	2245
3120	None
3121	4000
3122	5170
3123	None
3124	3189
3125	None
3126	2615
3127	4841
3128	7234
3129	2440
3130	None
3131	2917
3132	4023
3133	None
3134	5123
3135	None
3136	2969
3137	2558
3138	2199
3139	2773
3140	4917
3141	None
3142	None
3143	2489
3144	3327
3145	4654
3146	4664
3147	4614
3148	None
3149	2684
3150	4103
3151	5265
3152	None
3153	3201
3154	3056
3155	6304
3156	4303
3157	None
3158	4290
3159	6543
3160	None
3161	None
3162	3972
3163	None
3164	3554
3165	2708
3166	4486
3167	None
3168	5076
3169	None
3170	3806
3171	5216
3172	None
3173	4583
3174	5483
3175	None
3176	6094
3177	2756
3178	2904
3179	3977
3180	3588
3181	None
3182	3951
3183	6283
3184	None
3185	2035
3186	5708
3187	4933
3188	None
3189	None
3190	2798
3191	4486
3192	None
3193	4375
3194	7139
3195	None
3196	2891
3197	None
3198	2522
3199	None
3200	None
3201	3404
3202	3424
3203	3525
3204	None
3205	2417
3206	None
3207	5490
3208	None
3209	2589
3210	4737
3211	None
3212	2298
3213	None
3214	4791
3215	None
3216	3838
3217	None
3218	4362
3219	3113
3220	2331
3221	3589
3222	5895
3223	None
3224	4135
3225	None
3226	2395
3227	2810
3228	None
3229	3203
3230	4181
3231	2942
3232	None
3233	4795
3234	4284
3235	None
3236	None
3237	3723
3238	4202
3239	None
3240	4730
3241	3677
3242	None
3243	None
3244	5587
3245	None
3246	None
3247	3351
3248	2275
3249	2332
3250	None
3251	None
3252	5406
3253	2321
3254	None
3255	4238
3256	2437
3257	None
3258	4158
3259	4169
3260	None
3261	2813
3262	2965
3263	None
3264	3155
3265	4679
3266	3435
3267	2347
3268	None
3269	3708
3270	4577
3271	3970
3272	None
3273	2716
3274	3037
3275	4832
3276	6119
3277	2940
3278	2359
3279	3517
3280	None
3281	None
3282	None
3283	None
3284	4260
3285	4178
3286	2553
3287	3410
3288	2605
3289	4922
3290	None
3291	None
3292	5255
3293	2651
3294	None
3295	3153
3296	2413
3297	5625
3298	None
3299	2471
3300	None
3301	4283
3302	2861
3303	2769
3304	None
3305	None
3306	None
3307	5319
3308	2760
3309	2663
3310	None
3311	2521
3312	2524
3313	None
3314	None
3315	2768
3316	None
3317	None
3318	None
3319	3788
3320	3403
3321	2629
3322	2587
3323	None
3324	None
3325	None
3326	3688
3327	5284
3328	5783
3329	None
3330	3161
3331	2880
3332	6565
3333	None
3334	4706
3335	4858
3336	None
3337	6300
3338	4917
3339	5013
3340	None
3341	5020
3342	5259
3343	3634
3344	None
3345	None
3346	2535
3347	4341
3348	2531
3349	None
3350	None
3351	None
3352	4670
3353	5235
3354	3353
3355	None
3356	2530
3357	None
3358	None
3359	None
3360	2814
3361	3156
3362	None
3363	2999
3364	None
3365	4042
3366	2997
3367	None
3368	2874
3369	2935
3370	2838
3371	4022
3372	2821
3373	None
3374	2590
3375	None
3376	2577
3377	None
3378	None
3379	5242
3380	2707
3381	3866
3382	None
3383	None
3384	2368
3385	3243
3386	6047
3387	2588
3388	None
3389	3259
3390	2899
3391	None
3392	None
3393	None
3394	None
3395	None
3396	None
3397	4451
3398	None
3399	None
3400	3675
3401	2477
3402	None
3403	4697
3404	None
3405	2603
3406	None
3407	None
3408	None
3409	None
3410	2681
3411	4156
3412	None
3413	3872
3414	None
3415	2342
3416	None
3417	None
3418	3289
3419	2832
3420	None
3421	None
3422	None
3423	None
3424	None
3425	4362
3426	None
3427	3402
3428	None
3429	None
3430	2705
3431	2569
3432	None
3433	None
3434	4198
3435	4764
3436	None
3437	5427
3438	None
3439	4248
3440	None
3441	3263
3442	3457
3443	3242
3444	5047
3445	5100
3446	None
3447	4958
3448	2674
3449	7165
3450	None
3451	None
3452	2953
3453	2566
3454	3044
3455	None
3456	None
3457	2927
3458	None
3459	5752
3460	None
3461	2308
3462	5177
3463	None
3464	2808
3465	3731
3466	4876
3467	None
3468	2837
3469	3911
3470	None
3471	3030
3472	3937
3473	4943
3474	None
3475	None
3476	2906
3477	4607
3478	4713
3479	None
3480	None
3481	2382
3482	2927
3483	3700
3484	2686
3485	3969
3486	None
3487	3151
3488	3800
3489	3361
3490	3498
3491	5261
3492	5471
3493	None
3494	None
3495	2907
3496	None
3497	4721
3498	3246
3499	None
3500	5178
3501	3029
3502	None
3503	None
3504	None
3505	None
3506	3562
3507	6748
3508	3181
3509	4647
3510	None
3511	4939
3512	None
3513	3834
3514	4077
3515	4484
3516	None
3517	None
3518	None
3519	5229
3520	3662
3521	4692
3522	3025
3523	3420
3524	None
3525	None
3526	5434
3527	None
3528	4496
3529	2487
3530	3907
3531	None
3532	3334
3533	None
3534	None
3535	3538
3536	6835
3537	3249
3538	3792
3539	None
3540	None
3541	None
3542	3851
3543	4603
3544	2456
3545	2742
3546	None
3547	3297
3548	None
3549	5470
3550	4021
3551	6472
3552	None
3553	7486
3554	4757
3555	2771
3556	3463
3557	3807
3558	3783
3559	4465
3560	None
3561	3104
3562	3582
3563	5581
3564	None
3565	3110
3566	4932
3567	None
3568	3551
3569	3450
3570	4057
3571	3296
3572	4712
3573	None
3574	None
3575	6915
3576	6474
3577	5116
3578	None
3579	None
3580	3006
3581	None
3582	None
3583	None
3584	4977
3585	None
3586	5057
3587	3473
3588	5750
3589	4942
3590	6589
3591	4747
3592	None
3593	6022
3594	None
3595	4477
3596	4477
3597	5216
3598	3196
3599	6605
3600	None
3601	None
3602	None
3603	None
3604	None
3605	None
3606	3911
3607	3992
3608	None
3609	None
3610	None
3611	4261
3612	3370
3613	3398
3614	3753
3615	5202
3616	None
3617	None
3618	None
3619	5108
3620	4543
3621	4646
3622	None
3623	3453
3624	None
3625	3307
3626	None
3627	None
3628	None
3629	4219
3630	3198
3631	None
3632	4734
3633	None
3634	None
3635	7386
3636	6184
3637	None
3638	None
3639	None
3640	None
3641	2806
3642	None
3643	None
3644	None
3645	4500
3646	4582
3647	None
3648	None
3649	None
3650	None
3651	None
3652	None
3653	None
3654	4527
3655	None
3656	None
3657	None
3658	5348
3659	4090
3660	None
3661	None
3662	None
3663	None
3664	None
3665	None
3666	3887
3667	5842
3668	2328
3669	None
3670	3679
3671	3155
3672	None
3673	None
3674	3287
3675	2985
3676	None
3677	None
3678	None
3679	None
3680	None
3681	None
3682	None
3683	3178
3684	2696
3685	7291
3686	None
3687	None
3688	None
3689	None
3690	None
3691	3510
3692	5820
3693	5216
3694	None
3695	4019
3696	None
3697	None
3698	5293
3699	None
3700	None
3701	None
3702	4552
3703	None
3704	None
3705	None
3706	None
3707	None
3708	None
3709	None
3710	None
3711	None
3712	None
3713	None
3714	None
3715	None
3716	None
3717	None
3718	None
3719	None
3720	2982
3721	None
3722	None
3723	None
3724	None
3725	None
3726	4338
3727	3170
3728	None
3729	None
3730	None
3731	None
3732	None
3733	None
3734	None
3735	None
3736	None
3737	None
3738	None
3739	None
3740	None
3741	2560
3742	None
3743	None
3744	None
3745	None
3746	None
3747	None
3748	None
3749	5657
3750	None
3751	3066
3752	2940
3753	None
3754	3159
3755	None
3756	None
3757	None
3758	None
3759	None
3760	None
3761	2852
3762	None
3763	4303
3764	5667
3765	6081
3766	None
3767	3821
3768	None
3769	4537
3770	None
3771	None
3772	None
3773	None
3774	4417
3775	None
3776	None
3777	4728
3778	None
3779	None
3780	4513
3781	None
3782	None
3783	None
3784	None
3785	3280
3786	4297
3787	1948
3788	None
3789	None
3790	None
3791	3207
3792	None
3793	None
3794	None
3795	None
3796	None
3797	3451
3798	None
3799	3654
3800	None
3801	None
3802	None
3803	None
3804	None
3805	4072
3806	3146
3807	None
3808	None
3809	4902
3810	2807
3811	None
3812	None
3813	None
3814	None
3815	None
3816	None
3817	None
3818	5669
3819	None
3820	None
3821	None
3822	4539
3823	None
3824	None
3825	None
3826	3194
3827	None
3828	3749
3829	3779
3830	None
3831	None
3832	None
3833	None
3834	None
3835	None
3836	3163
3837	None
3838	3438
3839	None
3840	None
3841	None
3842	3831
3843	4041
3844	3991
3845	None
3846	None
3847	None
3848	2585
3849	3295
3850	None
3851	4001
3852	None
3853	None
3854	4974
3855	None
3856	4127
3857	None
3858	None
3859	5074
3860	None
3861	3240
3862	None
3863	5182
3864	None
3865	5543
3866	None
3867	4710
3868	None
3869	4629
3870	None
3871	3473
3872	None
3873	3584
3874	4480
3875	None
3876	None
3877	6944
3878	None
3879	None
3880	None
3881	None
3882	2941
3883	None
3884	None
3885	None
3886	None
3887	None
3888	5333
3889	3225
3890	3060
3891	3315
3892	2945
3893	5713
3894	None
3895	3215
3896	None
3897	None
3898	2960
3899	3870
3900	None
3901	3471
3902	None
3903	5263
3904	5587
3905	None
3906	None
3907	None
3908	None
3909	4508
3910	None
3911	None
3912	3392
3913	2990
3914	None
3915	None
3916	None
3917	6515
3918	3072
3919	4435
3920	None
3921	None
3922	None
3923	None
3924	None
3925	None
3926	4201
3927	None
3928	None
3929	5126
3930	None
3931	6767
3932	None
3933	2945
3934	None
3935	None
3936	4328
3937	None
3938	None
3939	3315
3940	None
3941	None
3942	None
3943	None
3944	5367
3945	3069
3946	None
3947	6094
3948	None
3949	None
3950	None
3951	None
3952	5642
3953	3916
3954	None
3955	None
3956	None
3957	None
3958	None
3959	None
3960	None
3961	None
3962	None
3963	None
3964	None
3965	None
3966	None
3967	None
3968	4279
3969	None
3970	None
3971	None
3972	None
3973	4342
3974	None
3975	None
3976	None
3977	None
3978	None
3979	None
3980	None
3981	4008
3982	3159
3983	None
3984	None
3985	None
3986	None
3987	6833
3988	None
3989	None
3990	None
3991	5463
3992	None
3993	None
3994	None
3995	None
3996	None
3997	None
3998	None
3999	None
4000	None
4001	None
4002	3585
4003	None
4004	None
4005	None
4006	None
4007	None
4008	None
4009	None
4010	None
4011	2717
4012	None
4013	None
4014	None
4015	None
4016	None
4017	None
4018	None
4019	3474
4020	None
4021	None
4022	None
4023	3135
4024	None
4025	4710
4026	3524
4027	None
4028	None
4029	None
4030	4680
4031	None
4032	None
4033	None
4034	None
4035	5216
4036	None
4037	None
4038	None
4039	None
4040	None
4041	None
4042	None
4043	None
4044	None
4045	None
4046	None
4047	None
4048	None
4049	None
4050	None
4051	None
4052	None
4053	None
4054	None
4055	None
4056	None
4057	None
4058	None
4059	None
4060	None
4061	None
4062	None
4063	None
4064	None
4065	None
4066	None
4067	None
4068	None
4069	None
4070	None
4071	None
4072	None
4073	None
4074	None
4075	None
4076	None
4077	3519
4078	None
4079	4206
4080	None
4081	None
4082	None
4083	None
4084	None
4085	None
4086	6675
4087	None
4088	None
4089	None
4090	None
4091	None
4092	None
4093	None
4094	None
4095	None
4096	None
4097	None
4098	None
4099	None
4100	None
4101	None
4102	None
4103	None
4104	6941
4105	None
4106	None
4107	None
4108	None
4109	None
4110	None
4111	None
4112	None
4113	None
4114	4139
4115	None
4116	None
4117	None
4118	None
4119	None
4120	None
4121	None
4122	None
4123	None
4124	None
4125	None
4126	None
4127	None
4128	None
4129	None
4130	None
4131	None
4132	None
4133	5314
4134	None
4135	None
4136	None
4137	None
4138	None
4139	None
4140	None
4141	3534
4142	None
4143	None
4144	None
4145	None
4146	None
4147	None
4148	None
4149	None
4150	None
4151	3437
4152	None
4153	None
4154	None
4155	None
4156	None
4157	None
4158	3040
4159	None
4160	None
4161	None
4162	None
4163	None
4164	None
4165	None
4166	None
4167	None
4168	None
4169	None
4170	None
4171	None
4172	None
4173	None
4174	None
4175	None
4176	3814
4177	None
4178	None
4179	None
4180	None
4181	None
4182	None
4183	None
4184	None
4185	None
4186	None
4187	None
4188	None
4189	4087
4190	None
4191	None
4192	3778
4193	None
4194	None
4195	None
4196	None
4197	None
4198	None
4199	5815
4200	None
4201	None
4202	None
4203	None
4204	None
4205	4329
4206	None
4207	None
4208	None
4209	None
4210	None
4211	None
4212	None
4213	5417
4214	None
4215	None
4216	None
4217	None
4218	None
4219	None
4220	None
4221	None
4222	4522
4223	None
4224	None
4225	None
4226	None
4227	None
4228	None
4229	None
4230	3695
4231	None
4232	None
4233	None
4234	None
4235	None
4236	None
4237	None
4238	3652
4239	None
4240	None
4241	None
4242	None
4243	None
4244	None
4245	None
4246	None
4247	None
4248	None
4249	None
4250	None
4251	None
4252	None
4253	None
4254	None
4255	None
4256	4432
4257	None
4258	3274
4259	None
4260	None
4261	None
4262	None
4263	None
4264	None
4265	None
4266	None
4267	None
4268	None
4269	3810
4270	None
4271	None
4272	None
4273	None
4274	None
4275	None
4276	3942
4277	None
4278	None
4279	None
4280	None
4281	None
4282	None
4283	None
4284	None
4285	None
4286	None
4287	None
4288	None
4289	None
4290	None
4291	None
4292	None
4293	None
4294	3798
4295	None
4296	None
4297	None
4298	3551
4299	None
4300	5839
4301	None
4302	None
4303	None
4304	None
4305	None
4306	None
4307	None
4308	None
4309	None
4310	3140
4311	None
4312	None
4313	None
4314	None
4315	None
4316	None
4317	None
4318	None
4319	None
4320	3284
4321	None
4322	None
4323	None
4324	None
4325	None
4326	None
4327	None
4328	None
4329	None
4330	None
4331	4499
4332	None
4333	None
4334	None
4335	None
4336	None
4337	None
4338	3911
4339	3692
4340	None
4341	None
4342	None
4343	None
4344	None
4345	None
4346	None
4347	None
4348	None
4349	None
4350	3851
4351	None
4352	None
4353	None
4354	None
4355	None
4356	None
4357	None
4358	None
4359	None
4360	None
4361	None
4362	None
4363	3625
4364	3605
4365	3728
4366	None
4367	None
4368	None
4369	5168
4370	None
4371	None
4372	None
4373	3587
4374	None
4375	None
4376	None
4377	None
4378	None
4379	None
4380	None
4381	None
4382	None
4383	None
4384	3231
4385	None
4386	None
4387	None
4388	None
4389	None
4390	None
4391	None
4392	None
4393	None
4394	None
4395	None
4396	None
4397	None
4398	None
4399	None
4400	4532
4401	None
4402	None
4403	None
4404	None
4405	None
4406	None
4407	None
4408	None
4409	None
4410	None
4411	None
4412	None
4413	None
4414	None
4415	4881
4416	4131
4417	None
4418	None
4419	None
4420	None
4421	None
4422	None
4423	None
4424	None
4425	None
4426	None
4427	None
4428	None
4429	None
4430	None
4431	None
4432	None
4433	None
4434	None
4435	4131
4436	None
4437	None
4438	None
4439	None
4440	None
4441	None
4442	None
4443	None
4444	None
4445	None
4446	None
4447	None
4448	None
4449	None
4450	None
4451	None
4452	None
4453	4463
4454	None
4455	None
4456	None
4457	None
4458	None
4459	None
4460	None
4461	None
4462	None
4463	None
4464	None
4465	None
4466	None
4467	None
4468	None
4469	None
4470	None
4471	None
4472	None
4473	4572
4474	3293
4475	None
4476	None
4477	None
4478	None
4479	None
4480	None
4481	None
4482	None
4483	None
4484	None
4485	None
4486	None
4487	None
4488	None
4489	None
4490	None
4491	None
4492	None
4493	None
4494	None
4495	None
4496	None
4497	3525
4498	None
4499	None
4500	None
4501	None
4502	None
4503	4380
4504	None
4505	None
4506	None
4507	None
4508	None
4509	None
4510	None
4511	None
4512	None
4513	None
4514	None
4515	None
4516	None
4517	None
4518	None
4519	None
4520	None
4521	None
4522	None
4523	None
4524	None
4525	None
4526	None
4527	None
4528	None
4529	None
4530	None
4531	None
4532	3709
4533	None
4534	None
4535	None
4536	None
4537	None
4538	None
4539	None
4540	None
4541	None
4542	None
4543	None
4544	3441
4545	None
4546	None
4547	None
4548	None
4549	None
4550	None
4551	None
4552	None
4553	None
4554	None
4555	None
4556	None
4557	None
4558	None
4559	None
4560	None
4561	None
4562	6166
4563	4354
4564	4425
4565	None
4566	None
4567	None
4568	None
4569	4567
4570	None
4571	None
4572	None
4573	None
4574	None
4575	None
4576	None
4577	None
4578	None
4579	None
4580	None
4581	None
4582	None
4583	None
4584	None
4585	None
4586	None
4587	None
4588	None
4589	None
4590	None
4591	None
4592	None
4593	None
4594	None
4595	None
4596	None
4597	3466
4598	None
4599	None
4600	None
4601	None
4602	None
4603	None
4604	None
4605	None
4606	None
4607	3668
4608	None
4609	None
4610	None
4611	None
4612	None
4613	None
4614	None
4615	None
4616	None
4617	None
4618	None
4619	None
4620	None
4621	None
4622	None
4623	None
4624	None
4625	None
4626	None
4627	None
4628	None
4629	None
4630	None
4631	None
4632	None
4633	None
4634	None
4635	None
4636	None
4637	None
4638	5375
4639	None
4640	None
4641	None
4642	None
4643	None
4644	None
4645	None
4646	None
4647	None
4648	None
4649	None
4650	None
4651	4392
4652	None
4653	None
4654	None
4655	None
4656	None
4657	None
4658	None
4659	None
4660	None
4661	None
4662	None
4663	3416
4664	4002
4665	None
4666	None
4667	None
4668	2537
4669	None
4670	None
4671	None
4672	None
4673	None
4674	None
4675	None
4676	None
4677	None
4678	None
4679	None
4680	None
4681	3563
4682	None
4683	None
4684	4002
4685	None
4686	None
4687	None
4688	None
4689	None
4690	None
4691	None
4692	None
4693	None
4694	None
4695	None
4696	None
4697	None
4698	None
4699	3877
4700	None
4701	None
4702	None
4703	None
4704	None
4705	None
4706	None
4707	None
4708	None
4709	None
4710	None
4711	None
4712	None
4713	None
4714	None
4715	None
4716	3400
4717	None
4718	None
4719	None
4720	None
4721	None
4722	None
4723	None
4724	None
4725	None
4726	None
4727	None
4728	None
4729	3313
4730	None
4731	None
4732	None
4733	None
4734	None
4735	None
4736	None
4737	None
4738	None
4739	None
4740	None
4741	None
4742	None
4743	4401
4744	None
4745	None
4746	None
4747	None
4748	3967
4749	None
4750	None
4751	3771
4752	4392
4753	None
4754	None
4755	None
4756	None
4757	None
4758	None
4759	None
4760	None
4761	None
4762	None
4763	None
4764	None
4765	None
4766	4380
4767	None
4768	3393
4769	None
4770	None
4771	None
4772	None
4773	None
4774	4329
4775	None
4776	3967
4777	None
4778	None
4779	None
4780	None
4781	None
4782	None
4783	None
4784	None
4785	None
4786	None
4787	None
4788	4399
4789	None
4790	None
4791	None
4792	None
4793	2717
4794	None
4795	None
4796	None
4797	None
4798	None
4799	None
4800	None
4801	None
4802	None
4803	None
4804	None
4805	None
4806	None
4807	None
4808	None
4809	4425
4810	None
4811	None
4812	None
4813	None
4814	None
4815	None
4816	4901
4817	None
4818	None
4819	None
4820	3765
4821	None
4822	None
4823	None
4824	3456
4825	None
4826	None
4827	None
4828	None
4829	4308
4830	None
4831	4245
4832	None
4833	None
4834	None
4835	None
4836	None
4837	None
4838	None
4839	None
4840	None
4841	None
4842	None
4843	None
4844	None
4845	None
4846	4456
4847	None
4848	None
4849	None
4850	None
4851	None
4852	None
4853	None
4854	None
4855	None
4856	None
4857	None
4858	3659
4859	3682
4860	None
4861	None
4862	None
4863	None
4864	None
4865	None
4866	3380
4867	None
4868	None
4869	3810
4870	None
4871	None
4872	None
4873	None
4874	None
4875	None
4876	3341
4877	3692
4878	None
4879	5816
4880	None
4881	None
4882	3070
4883	None
4884	None
4885	None
4886	None
4887	None
4888	None
4889	4096
4890	None
4891	5584
4892	4105
4893	None
4894	None
4895	None
4896	None
4897	None
4898	None
4899	None
4900	5495
4901	None
4902	None
4903	3901
4904	None
4905	None
4906	None
4907	3967
4908	None
4909	None
4910	None
4911	4347
4912	3595
4913	None
4914	None
4915	4597
4916	None
4917	None
4918	None
4919	None
4920	None
4921	None
4922	None
4923	None
4924	None
4925	None
4926	None
4927	None
4928	None
4929	2897
4930	None
4931	None
4932	None
4933	4173
4934	None
4935	4392
4936	3786
4937	None
4938	None
4939	None
4940	None
4941	None
4942	None
4943	None
4944	3022
4945	3717
4946	4066
4947	None
4948	None
4949	None
4950	None
4951	None
4952	None
4953	4412
4954	3946
4955	None
4956	None
4957	2235
4958	None
4959	None
4960	3796
4961	3329
4962	None
4963	4767
4964	3652
4965	3584
4966	None
4967	4727
4968	None
4969	None
4970	4572
4971	None
4972	4116
4973	3656
4974	3708
4975	4505
4976	None
4977	None
4978	None
4979	3754
4980	3985
4981	3733
4982	None
4983	None
4984	None
4985	3898
4986	4148
4987	3719
4988	None
4989	4594
4990	3801
4991	4650
4992	None
4993	None
4994	None
4995	None
4996	None
4997	None
4998	3625
4999	None
5000	5125
5001	4044
5002	None
5003	3650
5004	3595
5005	3851
5006	3854
5007	5002
5008	None
5009	None
5010	4905
5011	None
5012	None
5013	None
5014	None
5015	None
5016	5125
5017	4868
5018	3772
5019	4798
5020	4542
5021	3685
5022	None
5023	3785
5024	4164
5025	4680
5026	None
5027	None
5028	None
5029	None
5030	5421
5031	None
5032	3989
5033	None
5034	None
5035	3462
5036	None
5037	4333
5038	3752
5039	4172
5040	4300
5041	5750
5042	None
5043	3794
5044	3540
5045	None
5046	3998
5047	None
5048	4499
5049	3650
5050	None
5051	3593
5052	None
5053	3857
5054	5266
5055	None
5056	3017
5057	4546
5058	4983
5059	None
5060	3698
5061	None
5062	3039
5063	4630
5064	4003
5065	4660
5066	3660
5067	4024
5068	3814
5069	3704
5070	3564
5071	3603
5072	None
5073	4868
5074	None
5075	None
5076	4392
5077	4613
5078	4603
5079	7042
5080	3617
5081	None
5082	None
5083	5301
5084	3869
5085	5436
5086	None
5087	None
5088	3938
5089	3590
5090	3553
5091	3936
5092	None
5093	5266
5094	4099
5095	None
5096	3754
5097	2930
5098	4534
5099	4822
5100	4771
5101	4358
5102	3682
5103	3660
5104	None
5105	3708
5106	4505
5107	4907
5108	5531
5109	None
5110	4282
5111	None
5112	None
5113	3679
5114	None
5115	4503
5116	5598
5117	4062
5118	7325
5119	4174
5120	5705
5121	3880
5122	None
5123	4562
5124	4116
5125	4542
5126	3622
5127	3739
5128	None
5129	5104
5130	3801
5131	None
5132	5877
5133	6151
5134	4838
5135	None
5136	4369
5137	5059
5138	3544
5139	4650
5140	None
5141	3909
5142	None
5143	None
5144	5268
5145	None
5146	4232
5147	4118
5148	3692
5149	3954
5150	4861
5151	None
5152	None
5153	4343
5154	3823
5155	None
5156	5448
5157	None
5158	4066
5159	4818
5160	None
5161	4709
5162	None
5163	None
5164	5448
5165	3348
5166	None
5167	None
5168	None
5169	None
5170	6262
5171	4020
5172	None
5173	3392
5174	5077
5175	5054
5176	4568
5177	None
5178	3253
5179	4913
5180	None
5181	5719
5182	3757
5183	None
5184	4215
5185	4905
5186	5109
5187	3148
5188	5531
5189	5342
5190	4016
5191	None
5192	None
5193	6175
5194	None
5195	4629
5196	None
5197	6633
5198	4234
5199	5705
5200	4206
5201	None
5202	4964
5203	None
5204	None
5205	3799
5206	4195
5207	None
5208	6076
5209	5673
5210	4187
5211	4717
5212	4622
5213	4425
5214	5493
5215	None
5216	4593
5217	4467
5218	5550
5219	None
5220	5384
5221	4767
5222	None
5223	4740
5224	None
5225	4326
5226	3278
5227	5286
5228	None
5229	4142
5230	5161
5231	None
5232	None
5233	5787
5234	None
5235	None
5236	4084
5237	None
5238	4055
5239	4425
5240	None
5241	5447
5242	5058
5243	4392
5244	None
5245	None
5246	4257
5247	6002
5248	None
5249	3877
5250	2603
5251	4429
5252	None
5253	5591
5254	None
5255	4325
5256	None
5257	4197
5258	4625
5259	None
5260	6274
5261	None
5262	4739
5263	4094
5264	4118
5265	4555
5266	3910
5267	None
5268	5254
5269	None
5270	None
5271	5053
5272	5973
5273	4118
5274	None
5275	None
5276	None
5277	4914
5278	4783
5279	5093
5280	4644
5281	None
5282	None
5283	None
5284	3748
5285	4979
5286	5514
5287	5064
5288	None
5289	5833
5290	4492
5291	5310
5292	3942
5293	None
5294	None
5295	4744
5296	None
5297	None
5298	4174
5299	4563
5300	None
5301	None
5302	5109
5303	6404
5304	None
5305	None
5306	4300
5307	None
5308	6971
5309	5335
5310	4379
5311	5508
5312	5248
5313	4650
5314	None
5315	4351
5316	5330
5317	None
5318	4309
5319	6396
5320	None
5321	None
5322	None
5323	None
5324	None
5325	None
5326	4106
5327	5374
5328	5990
5329	4008
5330	None
5331	None
5332	4947
5333	None
5334	4215
5335	None
5336	4350
5337	None
5338	None
5339	4559
5340	4478
5341	4434
5342	4156
5343	4992
5344	None
5345	None
5346	4164
5347	4136
5348	4068
5349	5836
5350	None
5351	5687
5352	None
5353	4973
5354	None
5355	4448
5356	None
5357	None
5358	5961
5359	None
5360	None
5361	4613
5362	4774
5363	None
5364	4309
5365	None
5366	None
5367	4347
5368	None
5369	5888
5370	4098
5371	6679
5372	None
5373	None
5374	None
5375	None
5376	None
5377	7316
5378	6149
5379	5054
5380	6285
5381	None
5382	5425
5383	6827
5384	None
5385	None
5386	5506
5387	None
5388	4651
5389	4797
5390	None
5391	None
5392	None
5393	None
5394	None
5395	4775
5396	6077
5397	None
5398	None
5399	4961
5400	5600
5401	None
5402	None
5403	None
5404	4331
5405	4375
5406	None
5407	None
5408	3643
5409	4853
5410	None
5411	None
5412	6257
5413	None
5414	4783
5415	None
5416	None
5417	None
5418	None
5419	None
5420	6422
5421	6127
5422	4360
5423	None
5424	None
5425	None
5426	None
5427	None
5428	5036
5429	None
5430	None
5431	None
5432	4525
5433	4549
5434	None
5435	4893
5436	None
5437	4712
5438	None
5439	None
5440	None
5441	None
5442	None
5443	None
5444	5251
5445	6257
5446	None
5447	5069
5448	4576
5449	5550
5450	None
5451	None
5452	5054
5453	None
5454	4503
5455	7075
5456	None
5457	None
5458	None
5459	None
5460	6426
5461	None
5462	None
5463	None
5464	None
5465	None
5466	4986
5467	6644
5468	4398
5469	4658
5470	None
5471	None
5472	4431
5473	6758
5474	None
5475	None
5476	None
5477	5257
5478	None
5479	6212
5480	5236
5481	None
5482	None
5483	4424
5484	None
5485	None
5486	None
5487	4788
5488	None
5489	4851
5490	6760
5491	5324
5492	None
5493	None
5494	None
5495	5903
5496	None
5497	None
5498	None
5499	None
5500	None
5501	4979
5502	None
5503	None
5504	None
5505	None
5506	7073
5507	None
5508	None
5509	None
5510	4377
5511	None
5512	None
5513	6664
5514	6574
5515	None
5516	None
5517	4744
5518	None
5519	5584
5520	None
5521	5735
5522	4751
5523	4715
5524	None
5525	7150
5526	4452
5527	6447
5528	None
5529	None
5530	None
5531	None
5532	None
5533	None
5534	None
5535	6185
5536	None
5537	None
5538	5531
5539	5389
5540	None
5541	None
5542	5037
5543	6390
5544	7146
5545	6342
5546	6242
5547	5674
5548	None
5549	None
5550	None
5551	None
5552	None
5553	4641
5554	4894
5555	None
5556	4365
5557	None
5558	None
5559	None
5560	None
5561	None
5562	None
5563	None
5564	None
5565	None
5566	4962
5567	None
5568	None
5569	6406
5570	None
5571	7078
5572	None
5573	6473
5574	None
5575	5415
5576	None
5577	4533
5578	None
5579	4837
5580	None
5581	None
5582	None
5583	None
5584	4992
5585	5533
5586	None
5587	None
5588	5415
5589	None
5590	None
5591	None
5592	5252
5593	None
5594	6090
5595	None
5596	None
5597	7251
5598	None
5599	6380
5600	5501
5601	None
5602	None
5603	None
5604	6679
5605	None
5606	None
5607	None
5608	6973
5609	None
5610	5445
5611	4562
5612	None
5613	None
5614	None
5615	None
5616	None
5617	None
5618	4650
5619	5996
5620	None
5621	None
5622	None
5623	4734
5624	None
5625	None
5626	None
5627	4379
5628	5908
5629	None
5630	6334
5631	None
5632	None
5633	5061
5634	5891
5635	None
5636	None
5637	None
5638	None
5639	4780
5640	None
5641	None
5642	None
5643	None
5644	None
5645	None
5646	4865
5647	None
5648	None
5649	4582
5650	7186
5651	5215
5652	5215
5653	None
5654	5713
5655	None
5656	None
5657	None
5658	None
5659	6378
5660	None
5661	None
5662	None
5663	6243
5664	None
5665	None
5666	None
5667	None
5668	None
5669	None
5670	None
5671	None
5672	None
5673	None
5674	5611
5675	None
5676	6334
5677	None
5678	4566
5679	None
5680	5167
5681	5188
5682	None
5683	None
5684	None
5685	None
5686	None
5687	None
5688	None
5689	5280
5690	None
5691	None
5692	None
5693	None
5694	None
5695	None
5696	None
5697	None
5698	None
5699	None
5700	None
5701	None
5702	None
5703	None
5704	None
5705	None
5706	None
5707	None
5708	None
5709	None
5710	None
5711	None
5712	None
5713	None
5714	None
5715	None
5716	None
5717	None
5718	None
5719	None
5720	None
5721	None
5722	None
5723	None
5724	None
5725	None
5726	None
5727	None
5728	None
5729	None
5730	None
5731	None
5732	None
5733	None
5734	None
5735	None
5736	None
5737	None
5738	None
5739	None
5740	None
5741	None
5742	None
5743	None
5744	None
5745	None
5746	None
5747	None
5748	None
5749	None
5750	None
5751	None
5752	None
5753	None
5754	None
5755	None
5756	None
5757	None
5758	None
5759	None
5760	None
5761	None
5762	None
5763	None
5764	None
5765	None
5766	None
5767	None
5768	None
5769	None
5770	None
5771	None
5772	None
5773	None
5774	None
5775	None
5776	None
5777	None
5778	None
5779	None
5780	None
5781	None
5782	None
5783	None
5784	None
5785	None
5786	None
5787	None
5788	None
5789	None
5790	None
5791	None
5792	None
5793	None
5794	None
5795	None
5796	None
5797	None
5798	None
5799	None
5800	None
5801	None
5802	None
5803	None
5804	None
5805	None
5806	None
5807	None
5808	None
5809	None
5810	None
5811	None
5812	None
5813	None
5814	None
5815	None
5816	None
5817	None
5818	None
5819	None
5820	None
5821	None
5822	None
5823	None
5824	None
5825	None
5826	None
5827	None
5828	None
5829	None
5830	None
5831	None
5832	None
5833	None
5834	None
5835	None
5836	None
5837	None
5838	None
5839	None
5840	None
5841	None
5842	None
5843	None
5844	None
5845	None
5846	None
5847	None
5848	None
5849	None
5850	None
5851	None
5852	None
5853	None
5854	None
5855	None
5856	None
5857	None
5858	None
5859	None
5860	None
5861	None
5862	None
5863	None
5864	None
5865	None
5866	None
5867	None
5868	None
5869	None
5870	None
5871	None
5872	None
5873	None
5874	None
5875	None
5876	None
5877	None
5878	None
5879	None
5880	None
5881	None
5882	None
5883	None
5884	None
5885	None
5886	None
5887	None
5888	None
5889	None
5890	None
5891	None
5892	None
5893	None
5894	None
5895	None
5896	None
5897	None
5898	None
5899	None
5900	None
5901	None
5902	None
5903	None
5904	None
5905	None
5906	None
5907	None
5908	None
5909	None
5910	None
5911	None
5912	None
5913	None
5914	None
5915	None
5916	None
5917	None
5918	None
5919	None
5920	None
5921	None
5922	None
5923	None
5924	None
5925	None
5926	None
5927	None
5928	None
5929	None
5930	None
5931	None
5932	None
5933	None
5934	None
5935	None
5936	None
5937	None
5938	None
5939	None
5940	None
5941	None
5942	None
5943	None
5944	None
5945	None
5946	None
5947	None
5948	None
5949	None
5950	None
5951	None
5952	None
5953	None
5954	None
5955	None
5956	None
5957	None
5958	None
5959	None
5960	None
5961	None
5962	None
5963	None
5964	None
5965	None
5966	None
5967	None
5968	None
5969	None
5970	None
5971	None
5972	None
5973	None
5974	None
5975	None
5976	None
5977	None
5978	None
5979	None
5980	None
5981	None
5982	None
5983	None
5984	None
5985	None
5986	None
5987	None
5988	None
5989	None
5990	None
5991	None
5992	None
5993	None
5994	None
5995	None
5996	None
5997	None
5998	None
5999	None
6000	None
6001	None
6002	None
6003	None
6004	None
6005	None
6006	None
6007	None
6008	None
6009	None
6010	None
6011	None
6012	None
6013	None
6014	None
6015	None
6016	None
6017	None
6018	None
6019	None
6020	None
6021	None
6022	None
6023	None
6024	None
6025	None
6026	None
6027	None
6028	None
6029	None
6030	None
6031	None
6032	None
6033	None
6034	None
6035	None
6036	None
6037	None
6038	None
6039	None
6040	None
6041	None
6042	None
6043	None
6044	None
6045	None
6046	None
6047	None
6048	None
6049	None
6050	None
6051	None
6052	None
6053	None
6054	None
6055	None
6056	None
6057	None
6058	None
6059	None
6060	None
6061	None
6062	None
6063	None
6064	None
6065	None
6066	None
6067	None
6068	None
6069	None
6070	None
6071	None
6072	None
6073	None
6074	None
6075	None
6076	None
6077	None
6078	None
6079	None
6080	None
6081	None
6082	None
6083	None
6084	None
6085	None
6086	None
6087	None
6088	None
6089	None
6090	None
6091	None
6092	None
6093	None
6094	None
6095	None
6096	None
6097	None
6098	None
6099	None
6100	None
6101	None
6102	None
6103	None
6104	None
6105	None
6106	None
6107	None
6108	None
6109	None
6110	None
6111	None
6112	None
6113	None
6114	None
6115	None
6116	None
6117	None
6118	None
6119	None
6120	None
6121	None
6122	None
6123	None
6124	None
6125	None
6126	None
6127	None
6128	None
6129	None
6130	None
6131	None
6132	None
6133	None
6134	None
6135	None
6136	None
6137	None
6138	None
6139	None
6140	None
6141	None
6142	None
6143	None
6144	None
6145	None
6146	None
6147	None
6148	None
6149	None
6150	None
6151	None
6152	None
6153	None
6154	None
6155	None
6156	None
6157	None
6158	None
6159	None
6160	None
6161	None
6162	None
6163	None
6164	None
6165	None
6166	None
6167	None
6168	None
6169	None
6170	None
6171	None
6172	None
6173	None
6174	None
6175	None
6176	None
6177	None
6178	None
6179	None
6180	None
6181	None
6182	None
6183	None
6184	None
6185	None
6186	None
6187	None
6188	None
6189	None
6190	None
6191	None
6192	None
6193	None
6194	None
6195	None
6196	None
6197	None
6198	None
6199	None
6200	None
6201	None
6202	None
6203	None
6204	None
6205	None
6206	None
6207	None
6208	None
6209	None
6210	None
6211	None
6212	None
6213	None
6214	None
6215	None
6216	None
6217	None
6218	None
6219	None
6220	None
6221	None
6222	None
6223	None
6224	None
6225	None
6226	None
6227	None
6228	None
6229	None
6230	None
6231	None
6232	None
6233	None
6234	None
6235	None
6236	None
6237	None
6238	None
6239	None
6240	None
6241	None
6242	None
6243	None
6244	None
6245	None
6246	None
6247	None
6248	None
6249	None
6250	None
6251	None
6252	None
6253	None
6254	None
6255	None
6256	None
6257	None
6258	None
6259	None
6260	None
6261	None
6262	None
6263	None
6264	None
6265	None
6266	None
6267	None
6268	None
6269	None
6270	None
6271	None
6272	None
6273	None
6274	None
6275	None
6276	None
6277	None
6278	None
6279	None
6280	None
6281	None
6282	None
6283	None
6284	None
6285	None
6286	None
6287	None
6288	None
6289	None
6290	None
6291	None
6292	None
6293	None
6294	None
6295	None
6296	None
6297	None
6298	None
6299	None
6300	None
6301	None
6302	None
6303	None
6304	None
6305	None
6306	None
6307	None
6308	None
6309	None
6310	None
6311	None
6312	None
6313	None
6314	None
6315	None
6316	None
6317	None
6318	None
6319	None
6320	None
6321	None
6322	None
6323	None
6324	None
6325	None
6326	None
6327	None
6328	None
6329	None
6330	None
6331	None
6332	None
6333	None
6334	None
6335	None
6336	None
6337	None
6338	None
6339	None
6340	None
6341	None
6342	None
6343	None
6344	None
6345	None
6346	None
6347	None
6348	None
6349	None
6350	None
6351	None
6352	None
6353	None
6354	None
6355	None
6356	None
6357	None
6358	None
6359	None
6360	None
6361	None
6362	None
6363	None
6364	None
6365	None
6366	None
6367	None
6368	None
6369	None
6370	None
6371	None
6372	None
6373	None
6374	None
6375	None
6376	None
6377	None
6378	None
6379	None
6380	None
6381	None
6382	None
6383	None
6384	None
6385	None
6386	None
6387	None
6388	None
6389	None
6390	None
6391	None
6392	None
6393	None
6394	None
6395	None
6396	None
6397	None
6398	None
6399	None
6400	None
6401	None
6402	None
6403	None
6404	None
6405	None
6406	None
6407	None
6408	None
6409	None
6410	None
6411	None
6412	None
6413	None
6414	None
6415	None
6416	None
6417	None
6418	None
6419	None
6420	None
6421	None
6422	None
6423	None
6424	None
6425	None
6426	None
6427	None
6428	None
6429	None
6430	None
6431	None
6432	None
6433	None
6434	None
6435	None
6436	None
6437	None
6438	None
6439	None
6440	None
6441	None
6442	None
6443	None
6444	None
6445	None
6446	None
6447	None
6448	None
6449	None
6450	None
6451	None
6452	None
6453	None
6454	None
6455	None
6456	None
6457	None
6458	None
6459	None
6460	None
6461	None
6462	None
6463	None
6464	None
6465	None
6466	None
6467	None
6468	None
6469	None
6470	None
6471	None
6472	None
6473	None
6474	None
6475	None
6476	None
6477	None
6478	None
6479	None
6480	None
6481	None
6482	None
6483	None
6484	None
6485	None
6486	None
6487	None
6488	None
6489	None
6490	None
6491	None
6492	None
6493	None
6494	None
6495	None
6496	None
6497	None
6498	None
6499	None
6500	None
6501	None
6502	None
6503	None
6504	None
6505	None
6506	None
6507	None
6508	None
6509	None
6510	None
6511	None
6512	None
6513	None
6514	None
6515	None
6516	None
6517	None
6518	None
6519	None
6520	None
6521	None
6522	None
6523	None
6524	None
6525	None
6526	None
6527	None
6528	None
6529	None
6530	None
6531	None
6532	None
6533	None
6534	None
6535	None
6536	None
6537	None
6538	None
6539	None
6540	None
6541	None
6542	None
6543	None
6544	None
6545	None
6546	None
6547	None
6548	None
6549	None
6550	None
6551	None
6552	None
6553	None
6554	None
6555	None
6556	None
6557	None
6558	None
6559	None
6560	None
6561	None
6562	None
6563	None
6564	None
6565	None
6566	None
6567	None
6568	None
6569	None
6570	None
6571	None
6572	None
6573	None
6574	None
6575	None
6576	None
6577	None
6578	None
6579	None
6580	None
6581	None
6582	None
6583	None
6584	None
6585	None
6586	None
6587	None
6588	None
6589	None
6590	None
6591	None
6592	None
6593	None
6594	None
6595	None
6596	None
6597	None
6598	None
6599	None
6600	None
6601	None
6602	None
6603	None
6604	None
6605	None
6606	None
6607	None
6608	None
6609	None
6610	None
6611	None
6612	None
6613	None
6614	None
6615	None
6616	None
6617	None
6618	None
6619	None
6620	None
6621	None
6622	None
6623	None
6624	None
6625	None
6626	None
6627	None
6628	None
6629	None
6630	None
6631	None
6632	None
6633	None
6634	None
6635	None
6636	None
6637	None
6638	None
6639	None
6640	None
6641	None
6642	None
6643	None
6644	None
6645	None
6646	None
6647	None
6648	None
6649	None
6650	None
6651	None
6652	None
6653	None
6654	None
6655	None
6656	None
6657	None
6658	None
6659	None
6660	None
6661	None
6662	None
6663	None
6664	None
6665	None
6666	None
6667	None
6668	None
6669	None
6670	None
6671	None
6672	None
6673	None
6674	None
6675	None
6676	None
6677	None
6678	None
6679	None
6680	None
6681	None
6682	None
6683	None
6684	None
6685	None
6686	None
6687	None
6688	None
6689	None
6690	None
6691	None
6692	None
6693	None
6694	None
6695	None
6696	None
6697	None
6698	None
6699	None
6700	None
6701	None
6702	None
6703	None
6704	None
6705	None
6706	None
6707	None
6708	None
6709	None
6710	None
6711	None
6712	None
6713	None
6714	None
6715	None
6716	None
6717	None
6718	None
6719	None
6720	None
6721	None
6722	None
6723	None
6724	None
6725	None
6726	None
6727	None
6728	None
6729	None
6730	None
6731	None
6732	None
6733	None
6734	None
6735	None
6736	None
6737	None
6738	None
6739	None
6740	None
6741	None
6742	None
6743	None
6744	None
6745	None
6746	None
6747	None
6748	None
6749	None
6750	None
6751	None
6752	None
6753	None
6754	None
6755	None
6756	None
6757	None
6758	None
6759	None
6760	None
6761	None
6762	None
6763	None
6764	None
6765	None
6766	None
6767	None
6768	None
6769	None
6770	None
6771	None
6772	None
6773	None
6774	None
6775	None
6776	None
6777	None
6778	None
6779	None
6780	None
6781	None
6782	None
6783	None
6784	None
6785	None
6786	None
6787	None
6788	None
6789	None
6790	None
6791	None
6792	None
6793	None
6794	None
6795	None
6796	None
6797	None
6798	None
6799	None
6800	None
6801	None
6802	None
6803	None
6804	None
6805	None
6806	None
6807	None
6808	None
6809	None
6810	None
6811	None
6812	None
6813	None
6814	None
6815	None
6816	None
6817	None
6818	None
6819	None
6820	None
6821	None
6822	None
6823	None
6824	None
6825	None
6826	None
6827	None
6828	None
6829	None
6830	None
6831	None
6832	None
6833	None
6834	None
6835	None
6836	None
6837	None
6838	None
6839	None
6840	None
6841	None
6842	None
6843	None
6844	None
6845	None
6846	None
6847	None
6848	None
6849	None
6850	None
6851	None
6852	None
6853	None
6854	None
6855	None
6856	None
6857	None
6858	None
6859	None
6860	None
6861	None
6862	None
6863	None
6864	None
6865	None
6866	None
6867	None
6868	None
6869	None
6870	None
6871	None
6872	None
6873	None
6874	None
6875	None
6876	None
6877	None
6878	None
6879	None
6880	None
6881	None
6882	None
6883	None
6884	None
6885	None
6886	None
6887	None
6888	None
6889	None
6890	None
6891	None
6892	None
6893	None
6894	None
6895	None
6896	None
6897	None
6898	None
6899	None
6900	None
6901	None
6902	None
6903	None
6904	None
6905	None
6906	None
6907	None
6908	None
6909	None
6910	None
6911	None
6912	None
6913	None
6914	None
6915	None
6916	None
6917	None
6918	None
6919	None
6920	None
6921	None
6922	None
6923	None
6924	None
6925	None
6926	None
6927	None
6928	None
6929	None
6930	None
6931	None
6932	None
6933	None
6934	None
6935	None
6936	None
6937	None
6938	None
6939	None
6940	None
6941	None
6942	None
6943	None
6944	None
6945	None
6946	None
6947	None
6948	None
6949	None
6950	None
6951	None
6952	None
6953	None
6954	None
6955	None
6956	None
6957	None
6958	None
6959	None
6960	None
6961	None
6962	None
6963	None
6964	None
6965	None
6966	None
6967	None
6968	None
6969	None
6970	None
6971	None
6972	None
6973	None
6974	None
6975	None
6976	None
6977	None
6978	None
6979	None
6980	None
6981	None
6982	None
6983	None
6984	None
6985	None
6986	None
6987	None
6988	None
6989	None
6990	None
6991	None
6992	None
6993	None
6994	None
6995	None
6996	None
6997	None
6998	None
6999	None
7000	None
7001	None
7002	None
7003	None
7004	None
7005	None
7006	None
7007	None
7008	None
7009	None
7010	None
7011	None
7012	None
7013	None
7014	None
7015	None
7016	None
7017	None
7018	None
7019	None
7020	None
7021	None
7022	None
7023	None
7024	None
7025	None
7026	None
7027	None
7028	None
7029	None
7030	None
7031	None
7032	None
7033	None
7034	None
7035	None
7036	None
7037	None
7038	None
7039	None
7040	None
7041	None
7042	None
7043	None
7044	None
7045	None
7046	None
7047	None
7048	None
7049	None
7050	None
7051	None
7052	None
7053	None
7054	None
7055	None
7056	None
7057	None
7058	None
7059	None
7060	None
7061	None
7062	None
7063	None
7064	None
7065	None
7066	None
7067	None
7068	None
7069	None
7070	None
7071	None
7072	None
7073	None
7074	None
7075	None
7076	None
7077	None
7078	None
7079	None
7080	None
7081	None
7082	None
7083	None
7084	None
7085	None
7086	None
7087	None
7088	None
7089	None
7090	None
7091	None
7092	None
7093	None
7094	None
7095	None
7096	None
7097	None
7098	None
7099	None
7100	None
7101	None
7102	None
7103	None
7104	None
7105	None
7106	None
7107	None
7108	None
7109	None
7110	None
7111	None
7112	None
7113	None
7114	None
7115	None
7116	None
7117	None
7118	None
7119	None
7120	None
7121	None
7122	None
7123	None
7124	None
7125	None
7126	None
7127	None
7128	None
7129	None
7130	None
7131	None
7132	None
7133	None
7134	None
7135	None
7136	None
7137	None
7138	None
7139	None
7140	None
7141	None
7142	None
7143	None
7144	None
7145	None
7146	None
7147	None
7148	None
7149	None
7150	None
7151	None
7152	None
7153	None
7154	None
7155	None
7156	None
7157	None
7158	None
7159	None
7160	None
7161	None
7162	None
7163	None
7164	None
7165	None
7166	None
7167	None
7168	None
7169	None
7170	None
7171	None
7172	None
7173	None
7174	None
7175	None
7176	None
7177	None
7178	None
7179	None
7180	None
7181	None
7182	None
7183	None
7184	None
7185	None
7186	None
7187	None
7188	None
7189	None
7190	None
7191	None
7192	None
7193	None
7194	None
7195	None
7196	None
7197	None
7198	None
7199	None
7200	None
7201	None
7202	None
7203	None
7204	None
7205	None
7206	None
7207	None
7208	None
7209	None
7210	None
7211	None
7212	None
7213	None
7214	None
7215	None
7216	None
7217	None
7218	None
7219	None
7220	None
7221	None
7222	None
7223	None
7224	None
7225	None
7226	None
7227	None
7228	None
7229	None
7230	None
7231	None
7232	None
7233	None
7234	None
7235	None
7236	None
7237	None
7238	None
7239	None
7240	None
7241	None
7242	None
7243	None
7244	None
7245	None
7246	None
7247	None
7248	None
7249	None
7250	None
7251	None
7252	None
7253	None
7254	None
7255	None
7256	None
7257	None
7258	None
7259	None
7260	None
7261	None
7262	None
7263	None
7264	None
7265	None
7266	None
7267	None
7268	None
7269	None
7270	None
7271	None
7272	None
7273	None
7274	None
7275	None
7276	None
7277	None
7278	None
7279	None
7280	None
7281	None
7282	None
7283	None
7284	None
7285	None
7286	None
7287	None
7288	None
7289	None
7290	None
7291	None
7292	None
7293	None
7294	None
7295	None
7296	None
7297	None
7298	None
7299	None
7300	None
7301	None
7302	None
7303	None
7304	None
7305	None
7306	None
7307	None
7308	None
7309	None
7310	None
7311	None
7312	None
7313	None
7314	None
7315	None
7316	None
7317	None
7318	None
7319	None
7320	None
7321	None
7322	None
7323	None
7324	None
7325	None
7326	None
7327	None
7328	None
7329	None
7330	None
7331	None
7332	None
7333	None
7334	None
7335	None
7336	None
7337	None
7338	None
7339	None
7340	None
7341	None
7342	None
7343	None
7344	None
7345	None
7346	None
7347	None
7348	None
7349	None
7350	None
7351	None
7352	None
7353	None
7354	None
7355	None
7356	None
7357	None
7358	None
7359	None
7360	None
7361	None
7362	None
7363	None
7364	None
7365	None
7366	None
7367	None
7368	None
7369	None
7370	None
7371	None
7372	None
7373	None
7374	None
7375	None
7376	None
7377	None
7378	None
7379	None
7380	None
7381	None
7382	None
7383	None
7384	None
7385	None
7386	None
7387	None
7388	None
7389	None
7390	None
7391	None
7392	None
7393	None
7394	None
7395	None
7396	None
7397	None
7398	None
7399	None
7400	None
7401	None
7402	None
7403	None
7404	None
7405	None
7406	None
7407	None
7408	None
7409	None
7410	None
7411	None
7412	None
7413	None
7414	None
7415	None
7416	None
7417	None
7418	None
7419	None
7420	None
7421	None
7422	None
7423	None
7424	None
7425	None
7426	None
7427	None
7428	None
7429	None
7430	None
7431	None
7432	None
7433	None
7434	None
7435	None
7436	None
7437	None
7438	None
7439	None
7440	None
7441	None
7442	None
7443	None
7444	None
7445	None
7446	None
7447	None
7448	None
7449	None
7450	None
7451	None
7452	None
7453	None
7454	None
7455	None
7456	None
7457	None
7458	None
7459	None
7460	None
7461	None
7462	None
7463	None
7464	None
7465	None
7466	None
7467	None
7468	None
7469	None
7470	None
7471	None
7472	None
7473	None
7474	None
7475	None
7476	None
7477	None
7478	None
7479	None
7480	None
7481	None
7482	None
7483	None
7484	None
7485	None
7486	None
7487	None
7488	None
7489	None
7490	None
7491	None
7492	None
7493	None
7494	None
7495	None
7496	None
7497	None
7498	None
7499	None
7500	None
7501	None
7502	None
7503	None
7504	None
7505	None
7506	None
7507	None
7508	None
7509	None
7510	None
7511	None
7512	None
7513	None
7514	None
7515	None
7516	None
7517	None
7518	None
7519	None
7520	None
7521	None
7522	None
7523	None
7524	None
7525	None
7526	None
7527	None
7528	None
7529	None
7530	None
7531	None
7532	None
7533	None
7534	None
7535	None
7536	None
7537	None
7538	None
7539	None
7540	None
7541	None
7542	None
7543	None
7544	None
7545	None
7546	None
7547	None
7548	None
7549	None
7550	None
7551	None
7552	None
7553	None
7554	None
7555	None
7556	None
7557	None
7558	None
7559	None
7560	None
7561	None
7562	None
7563	None
7564	None
7565	None
7566	None
7567	None
7568	None
7569	None
7570	None
7571	None
7572	None
7573	None
7574	None
7575	None
7576	None
7577	None
7578	None
7579	None
7580	None
7581	None
7582	None
7583	None
7584	None
7585	None
7586	None
7587	None
7588	None
7589	None
7590	None
7591	None
7592	None
7593	None
7594	None
7595	None
7596	None
7597	None
7598	None
7599	None
7600	None
7601	None
7602	None
7603	None
7604	None
7605	None
7606	None
7607	None
7608	None
7609	None
7610	None
7611	None
7612	None
7613	None
7614	None
7615	None
7616	None
7617	None
7618	None
7619	None
7620	None
7621	None
7622	None
7623	None
7624	None
7625	None
7626	None
7627	None
7628	None
7629	None
7630	None
7631	None
7632	None
7633	None
7634	None
7635	None
7636	None
7637	None
7638	None
7639	None
7640	None
7641	None
7642	None
7643	None
7644	None
7645	None
7646	None
7647	None
7648	None
7649	None
7650	None
7651	None
7652	None
7653	None
7654	None
7655	None
7656	None
7657	None
7658	None
7659	None
7660	None
7661	None
7662	None
7663	None
7664	None
7665	None
7666	None
7667	None
7668	None
7669	None
7670	None
7671	None
7672	None
7673	None
7674	None
7675	None
7676	None
7677	None
7678	None
7679	None
7680	None
7681	None
7682	None
7683	None
7684	None
7685	None
7686	None
7687	None
7688	None
7689	None
7690	None
7691	None
7692	None
7693	None
7694	None
7695	None
7696	None
7697	None
7698	None
7699	None
7700	None
7701	None
7702	None
7703	None
7704	None
7705	None
7706	None
7707	None
7708	None
7709	None
7710	None
7711	None
7712	None
7713	None
7714	None
7715	None
7716	None
7717	None
7718	None
7719	None
7720	None
7721	None
7722	None
7723	None
7724	None
7725	None
7726	None
7727	None
7728	None
7729	None
7730	None
7731	None
7732	None
7733	None
7734	None
7735	None
7736	None
7737	None
7738	None
7739	None
7740	None
7741	None
7742	None
7743	None
7744	None
7745	None
7746	None
7747	None
7748	None
7749	None
7750	None
7751	None
7752	None
7753	None
7754	None
7755	None
7756	None
7757	None
7758	None
7759	None
7760	None
7761	None
7762	None
7763	None
7764	None
7765	None
7766	None
7767	None
7768	None
7769	None
7770	None
7771	None
7772	None
7773	None
7774	None
7775	None
7776	None
7777	None
7778	None
7779	None
7780	None
7781	None
7782	None
7783	None
7784	None
7785	None
7786	None
7787	None
7788	None
7789	None
7790	None
7791	None
7792	None
7793	None
7794	None
7795	None
7796	None
7797	None
7798	None
7799	None
7800	None
7801	None
7802	None
7803	None
7804	None
7805	None
7806	None
7807	None
7808	None
7809	None
7810	None
7811	None
7812	None
7813	None
7814	None
7815	None
7816	None
7817	None
7818	None
7819	None
7820	None
7821	None
7822	None
7823	None
7824	None
7825	None
7826	None
7827	None
7828	None
7829	None
7830	None
7831	None
7832	None
7833	None
7834	None
7835	None
7836	None
7837	None
7838	None
7839	None
7840	None
7841	None
7842	None
7843	None
7844	None
7845	None
7846	None
7847	None
7848	None
7849	None
7850	None
7851	None
7852	None
7853	None
7854	None
7855	None
7856	None
7857	None
7858	None
7859	None
7860	None
7861	None
7862	None
7863	None
7864	None
7865	None
7866	None
7867	None
7868	None
7869	None
7870	None
7871	None
7872	None
7873	None
7874	None
7875	None
7876	None
7877	None
7878	None
7879	None
7880	None
7881	None
7882	None
7883	None
7884	None
7885	None
7886	None
7887	None
7888	None
7889	None
7890	None
7891	None
7892	None
7893	None
7894	None
7895	None
7896	None
7897	None
7898	None
7899	None
7900	None
7901	None
7902	None
7903	None
7904	None
7905	None
7906	None
7907	None
7908	None
7909	None
7910	None
7911	None
7912	None
7913	None
7914	None
7915	None
7916	None
7917	None
7918	None
7919	None
7920	None
7921	None
7922	None
7923	None
7924	None
7925	None
7926	None
7927	None
7928	None
7929	None
7930	None
7931	None
7932	None
7933	None
7934	None
7935	None
7936	None
7937	None
7938	None
7939	None
7940	None
7941	None
7942	None
7943	None
7944	None
7945	None
7946	None
7947	None
7948	None
7949	None
7950	None
7951	None
7952	None
7953	None
7954	None
7955	None
7956	None
7957	None
7958	None
7959	None
7960	None
7961	None
7962	None
7963	None
7964	None
7965	None
7966	None
7967	None
7968	None
7969	None
7970	None
7971	None
7972	None
7973	None
7974	None
7975	None
7976	None
7977	None
7978	None
7979	None
7980	None
7981	None
7982	None
7983	None
7984	None
7985	None
7986	None
7987	None
7988	None
7989	None
7990	None
7991	None
7992	None
7993	None
7994	None
7995	None
7996	None
7997	None
7998	None
7999	None
8000	None
8001	None
8002	None
8003	None
8004	None
8005	None
8006	None
8007	None
8008	None
8009	None
8010	None
8011	None
8012	None
8013	None
8014	None
8015	None
8016	None
8017	None
8018	None
8019	None
8020	None
8021	None
8022	None
8023	None
8024	None
8025	None
8026	None
8027	None
8028	None
8029	None
8030	None
8031	None
8032	None
8033	None
8034	None
8035	None
8036	None
8037	None
8038	None
8039	None
8040	None
8041	None
8042	None
8043	None
8044	None
8045	None
8046	None
8047	None
8048	None
8049	None
8050	None
8051	None
8052	None
8053	None
8054	None
8055	None
8056	None
8057	None
8058	None
8059	None
8060	None
8061	None
8062	None
8063	None
8064	None
8065	None
8066	None
8067	None
8068	None
8069	None
8070	None
8071	None
8072	None
8073	None
8074	None
8075	None
8076	None
8077	None
8078	None
8079	None
8080	None
8081	None
8082	None
8083	None
8084	None
8085	None
8086	None
8087	None
8088	None
8089	None
8090	None
8091	None
8092	None
8093	None
8094	None
8095	None
8096	None
8097	None
8098	None
8099	None
8100	None
8101	None
8102	None
8103	None
8104	None
8105	None
8106	None
8107	None
8108	None
8109	None
8110	None
8111	None
8112	None
8113	None
8114	None
8115	None
8116	None
8117	None
8118	None
8119	None
8120	None
8121	None
8122	None
8123	None
8124	None
8125	None
8126	None
8127	None
8128	None
8129	None
8130	None
8131	None
8132	None
8133	None
8134	None
8135	None
8136	None
8137	None
8138	None
8139	None
8140	None
8141	None
8142	None
8143	None
8144	None
8145	None
8146	None
8147	None
8148	None
8149	None
8150	None
8151	None
8152	None
8153	None
8154	None
8155	None
8156	None
8157	None
8158	None
8159	None
8160	None
8161	None
8162	None
8163	None
8164	None
8165	None
8166	None
8167	None
8168	None
8169	None
8170	None
8171	None
8172	None
8173	None
8174	None
8175	None
8176	None
8177	None
8178	None
8179	None
8180	None
8181	None
8182	None
8183	None
8184	None
8185	None
8186	None
8187	None
8188	None
8189	None
8190	None
8191	None
8192	None
8193	None
8194	None
8195	None
8196	None
8197	None
8198	None
8199	None
8200	None
8201	None
8202	None
8203	None
8204	None
8205	None
8206	None
8207	None
8208	None
8209	None
8210	None
8211	None
8212	None
8213	None
8214	None
8215	None
8216	None
8217	None
8218	None
8219	None
8220	None
8221	None
8222	None
8223	None
8224	None
8225	None
8226	None
8227	None
8228	None
8229	None
8230	None
8231	None
8232	None
8233	None
8234	None
8235	None
8236	None
8237	None
8238	None
8239	None
8240	None
8241	None
8242	None
8243	None
8244	None
8245	None
8246	None
8247	None
8248	None
8249	None
8250	None
8251	None
8252	None
8253	None
8254	None
8255	None
8256	None
8257	None
8258	None
8259	None
8260	None
8261	None
8262	None
8263	None
8264	None
8265	None
8266	None
8267	None
8268	None
8269	None
8270	None
8271	None
8272	None
8273	None
8274	None
8275	None
8276	None
8277	None
8278	None
8279	None
8280	None
8281	None
8282	None
8283	None
8284	None
8285	None
8286	None
8287	None
8288	None
8289	None
8290	None
8291	None
8292	None
8293	None
8294	None
8295	None
8296	None
8297	None
8298	None
8299	None
8300	None
8301	None
8302	None
8303	None
8304	None
8305	None
8306	None
8307	None
8308	None
8309	None
8310	None
8311	None
8312	None
8313	None
8314	None
8315	None
8316	None
8317	None
8318	None
8319	None
8320	None
8321	None
8322	None
8323	None
8324	None
8325	None
8326	None
8327	None
8328	None
8329	None
8330	None
8331	None
8332	None
8333	None
8334	None
8335	None
8336	None
8337	None
8338	None
8339	None
8340	None
8341	None
8342	None
8343	None
8344	None
8345	None
8346	None
8347	None
8348	None
8349	None
8350	None
8351	None
8352	None
8353	None
8354	None
8355	None
8356	None
8357	None
8358	None
8359	None
8360	None
8361	None
8362	None
8363	None
8364	None
8365	None
8366	None
8367	None
8368	None
8369	None
8370	None
8371	None
8372	None
8373	None
8374	None
8375	None
8376	None
8377	None
8378	None
8379	None
8380	None
8381	None
8382	None
8383	None
8384	None
8385	None
8386	None
8387	None
8388	None
8389	None
8390	None
8391	None
8392	None
8393	None
8394	None
8395	None
8396	None
8397	None
8398	None
8399	None
8400	None
8401	None
8402	None
8403	None
8404	None
8405	None
8406	None
8407	None
8408	None
8409	None
8410	None
8411	None
8412	None
8413	None
8414	None
8415	None
8416	None
8417	None
8418	None
8419	None
8420	None
8421	None
8422	None
8423	None
8424	None
8425	None
8426	None
8427	None
8428	None
8429	None
8430	None
8431	None
8432	None
8433	None
8434	None
8435	None
8436	None
8437	None
8438	None
8439	None
8440	None
8441	None
8442	None
8443	None
8444	None
8445	None
8446	None
8447	None
8448	None
8449	None
8450	None
8451	None
8452	None
8453	None
8454	None
8455	None
8456	None
8457	None
8458	None
8459	None
8460	None
8461	None
8462	None
8463	None
8464	None
8465	None
8466	None
8467	None
8468	None
8469	None
8470	None
8471	None
8472	None
8473	None
8474	None
8475	None
8476	None
8477	None
8478	None
8479	None
8480	None
8481	None
8482	None
8483	None
8484	None
8485	None
8486	None
8487	None
8488	None
8489	None
8490	None
8491	None
8492	None
8493	None
8494	None
8495	None
8496	None
8497	None
8498	None
8499	None
8500	None
8501	None
8502	None
8503	None
8504	None
8505	None
8506	None
8507	None
8508	None
8509	None
8510	None
8511	None
8512	None
8513	None
8514	None
8515	None
8516	None
8517	None
8518	None
8519	None
8520	None
8521	None
8522	None
8523	None
8524	None
8525	None
8526	None
8527	None
8528	None
8529	None
8530	None
8531	None
8532	None
8533	None
8534	None
8535	None
8536	None
8537	None
8538	None
8539	None
8540	None
8541	None
8542	None
8543	None
8544	None
8545	None
8546	None
8547	None
8548	None
8549	None
8550	None
8551	None
8552	None
8553	None
8554	None
8555	None
8556	None
8557	None
8558	None
8559	None
8560	None
8561	None
8562	None
8563	None
8564	None
8565	None
8566	None
8567	None
8568	None
8569	None
8570	None
8571	None
8572	None
8573	None
8574	None
8575	None
8576	None
8577	None
8578	None
8579	None
8580	None
8581	None
8582	None
8583	None
8584	None
8585	None
8586	None
8587	None
8588	None
8589	None
8590	None
8591	None
8592	None
8593	None
8594	None
8595	None
8596	None
8597	None
8598	None
8599	None
8600	None
8601	None
8602	None
8603	None
8604	None
8605	None
8606	None
8607	None
8608	None
8609	None
8610	None
8611	None
8612	None
8613	None
8614	None
8615	None
8616	None
8617	None
8618	None
8619	None
8620	None
8621	None
8622	None
8623	None
8624	None
8625	None
8626	None
8627	None
8628	None
8629	None
8630	None
8631	None
8632	None
8633	None
8634	None
8635	None
8636	None
8637	None
8638	None
8639	None
8640	None
8641	None
8642	None
8643	None
8644	None
8645	None
8646	None
8647	None
8648	None
8649	None
8650	None
8651	None
8652	None
8653	None
8654	None
8655	None
8656	None
8657	None
8658	None
8659	None
8660	None
8661	None
8662	None
8663	None
8664	None
8665	None
8666	None
8667	None
8668	None
8669	None
8670	None
8671	None
8672	None
8673	None
8674	None
8675	None
8676	None
8677	None
8678	None
8679	None
8680	None
8681	None
8682	None
8683	None
8684	None
8685	None
8686	None
8687	None
8688	None
8689	None
8690	None
8691	None
8692	None
8693	None
8694	None
8695	None
8696	None
8697	None
8698	None
8699	None
8700	None
8701	None
8702	None
8703	None
8704	None
8705	None
8706	None
8707	None
8708	None
8709	None
8710	None
8711	None
8712	None
8713	None
8714	None
8715	None
8716	None
8717	None
8718	None
8719	None
8720	None
8721	None
8722	None
8723	None
8724	None
8725	None
8726	None
8727	None
8728	None
8729	None
8730	None
8731	None
8732	None
8733	None
8734	None
8735	None
8736	None
8737	None
8738	None
8739	None
8740	None
8741	None
8742	None
8743	None
8744	None
8745	None
8746	None
8747	None
8748	None
8749	None
8750	None
8751	None
8752	None
8753	None
8754	None
8755	None
8756	None
8757	None
8758	None
8759	None
8760	None
8761	None
8762	None
8763	None
8764	None
8765	None
8766	None
8767	None
8768	None
8769	None
8770	None
8771	None
8772	None
8773	None
8774	None
8775	None
8776	None
8777	None
8778	None
8779	None
8780	None
8781	None
8782	None
8783	None
8784	None
8785	None
