2950 matches
['halomatch.py', 'Runs/', 'LCDM_vanilla', 'SymC_cool_star', '64', '.5', 'match_LCDM_vanilla_SymC_cool_star']
LCDM_vanilla	SymC_cool_star
0	0
1	1
2	2
3	3
4	4
5	7
6	6
7	23
8	9
9	11
10	23
11	45
12	8
13	13
14	12
15	14
16	16
17	15
18	19
19	17
20	18
21	20
22	22
23	26
24	28
25	24
26	21
27	27
28	25
29	34
30	29
31	None
32	30
33	31
34	40
35	44
36	50
37	38
38	111
39	42
40	41
41	39
42	32
43	37
44	43
45	55
46	48
47	58
48	36
49	51
50	57
51	46
52	74
53	54
54	None
55	None
56	61
57	49
58	66
59	62
60	84
61	92
62	64
63	111
64	68
65	78
66	70
67	82
68	83
69	113
70	79
71	91
72	133
73	75
74	85
75	87
76	106
77	76
78	98
79	59
80	105
81	72
82	None
83	69
84	None
85	172
86	None
87	102
88	65
89	103
90	187
91	187
92	89
93	112
94	None
95	107
96	97
97	88
98	101
99	114
100	129
101	146
102	None
103	81
104	120
105	86
106	99
107	93
108	115
109	127
110	145
111	125
112	136
113	165
114	100
115	122
116	164
117	None
118	116
119	None
120	143
121	199
122	None
123	234
124	117
125	196
126	176
127	128
128	None
129	137
130	156
131	195
132	None
133	193
134	174
135	149
136	201
137	181
138	None
139	None
140	108
141	204
142	189
143	132
144	131
145	302
146	163
147	192
148	290
149	194
150	279
151	643
152	160
153	219
154	179
155	109
156	162
157	144
158	None
159	224
160	None
161	217
162	188
163	None
164	186
165	None
166	244
167	230
168	None
169	185
170	220
171	191
172	None
173	None
174	231
175	130
176	223
177	141
178	238
179	154
180	248
181	197
182	435
183	288
184	210
185	635
186	None
187	None
188	269
189	124
190	None
191	242
192	173
193	390
194	None
195	278
196	205
197	None
198	None
199	317
200	252
201	None
202	None
203	None
204	180
205	None
206	293
207	None
208	262
209	213
210	357
211	304
212	None
213	500
214	675
215	268
216	None
217	265
218	None
219	200
220	None
221	391
222	None
223	None
224	171
225	264
226	329
227	724
228	167
229	None
230	None
231	161
232	None
233	236
234	None
235	310
236	922
237	None
238	295
239	346
240	394
241	None
242	225
243	374
244	354
245	None
246	333
247	318
248	None
249	236
250	463
251	595
252	320
253	None
254	289
255	227
256	None
257	None
258	800
259	240
260	296
261	None
262	434
263	None
264	432
265	None
266	402
267	433
268	337
269	None
270	575
271	None
272	None
273	476
274	None
275	None
276	412
277	305
278	None
279	260
280	373
281	334
282	None
283	443
284	466
285	560
286	375
287	None
288	None
289	None
290	None
291	None
292	None
293	None
294	None
295	257
296	427
297	387
298	273
299	None
300	526
301	297
302	501
303	565
304	None
305	436
306	None
307	775
308	None
309	None
310	None
311	None
312	None
313	420
314	518
315	488
316	None
317	364
318	477
319	None
320	None
321	504
322	1110
323	None
324	505
325	629
326	None
327	None
328	None
329	None
330	None
331	1276
332	306
333	None
334	281
335	1162
336	1783
337	None
338	1202
339	339
340	None
341	393
342	469
343	343
344	None
345	None
346	459
347	None
348	568
349	448
350	353
351	316
352	542
353	440
354	369
355	None
356	None
357	688
358	831
359	322
360	381
361	1490
362	None
363	None
364	None
365	524
366	None
367	570
368	None
369	1237
370	1228
371	548
372	678
373	None
374	None
375	None
376	1020
377	None
378	617
379	None
380	None
381	None
382	461
383	377
384	None
385	358
386	None
387	None
388	1841
389	None
390	1083
391	380
392	1490
393	642
394	None
395	615
396	None
397	580
398	None
399	431
400	365
401	None
402	None
403	332
404	None
405	None
406	2524
407	None
408	736
409	None
410	None
411	None
412	None
413	None
414	811
415	None
416	831
417	None
418	None
419	462
420	1622
421	834
422	752
423	None
424	1500
425	494
426	None
427	631
428	None
429	None
430	506
431	439
432	None
433	1657
434	None
435	None
436	None
437	1608
438	1255
439	None
440	None
441	1122
442	None
443	521
444	None
445	None
446	1001
447	None
448	None
449	None
450	None
451	514
452	None
453	None
454	None
455	640
456	None
457	None
458	None
459	982
460	547
461	None
462	None
463	503
464	None
465	None
466	None
467	None
468	None
469	None
470	859
471	None
472	None
473	397
474	None
475	None
476	None
477	1130
478	None
479	None
480	695
481	901
482	None
483	634
484	1679
485	None
486	None
487	559
488	None
489	None
490	None
491	None
492	1301
493	None
494	1244
495	None
496	None
497	1872
498	None
499	None
500	1052
501	534
502	None
503	None
504	None
505	577
506	466
507	None
508	430
509	None
510	1162
511	712
512	522
513	None
514	None
515	624
516	1335
517	None
518	None
519	None
520	None
521	None
522	2288
523	None
524	1294
525	539
526	None
527	None
528	None
529	605
530	858
531	1679
532	1228
533	None
534	None
535	1071
536	None
537	None
538	None
539	None
540	None
541	None
542	None
543	None
544	1584
545	None
546	None
547	1254
548	None
549	532
550	None
551	None
552	870
553	None
554	None
555	664
556	849
557	None
558	None
559	None
560	None
561	None
562	None
563	None
564	None
565	None
566	861
567	None
568	929
569	None
570	1124
571	None
572	None
573	None
574	None
575	926
576	1287
577	None
578	591
579	597
580	975
581	None
582	1283
583	830
584	None
585	932
586	None
587	1441
588	None
589	None
590	740
591	1659
592	None
593	None
594	None
595	None
596	777
597	None
598	None
599	None
600	None
601	1301
602	728
603	776
604	None
605	725
606	None
607	587
608	1232
609	None
610	None
611	None
612	None
613	1622
614	None
615	None
616	None
617	1567
618	802
619	None
620	1110
621	None
622	None
623	None
624	None
625	None
626	None
627	782
628	None
629	None
630	None
631	968
632	1541
633	None
634	None
635	None
636	None
637	None
638	2131
639	749
640	1163
641	None
642	None
643	1326
644	None
645	702
646	None
647	None
648	None
649	None
650	None
651	None
652	None
653	715
654	None
655	1980
656	2274
657	892
658	None
659	None
660	None
661	720
662	None
663	1608
664	1769
665	None
666	None
667	None
668	None
669	None
670	994
671	805
672	1744
673	None
674	None
675	None
676	None
677	None
678	745
679	None
680	1025
681	1038
682	None
683	None
684	788
685	None
686	None
687	765
688	None
689	1357
690	1977
691	None
692	None
693	724
694	None
695	None
696	1167
697	1416
698	None
699	1111
700	None
701	None
702	1276
703	None
704	None
705	None
706	None
707	None
708	817
709	None
710	1359
711	1915
712	663
713	None
714	None
715	None
716	None
717	704
718	None
719	None
720	None
721	None
722	None
723	None
724	None
725	None
726	None
727	None
728	None
729	None
730	None
731	None
732	None
733	None
734	None
735	None
736	None
737	1935
738	None
739	None
740	None
741	844
742	None
743	None
744	1590
745	None
746	2341
747	None
748	None
749	878
750	1176
751	None
752	1692
753	None
754	None
755	None
756	1423
757	1752
758	None
759	1861
760	959
761	796
762	None
763	None
764	1679
765	None
766	1144
767	None
768	None
769	1041
770	1961
771	None
772	1803
773	None
774	1613
775	None
776	866
777	None
778	None
779	919
780	None
781	None
782	None
783	1274
784	None
785	None
786	2157
787	None
788	819
789	None
790	1951
791	None
792	None
793	None
794	1116
795	None
796	None
797	None
798	None
799	856
800	None
801	None
802	766
803	1168
804	None
805	None
806	None
807	1229
808	None
809	1112
810	1799
811	1724
812	None
813	2009
814	980
815	None
816	860
817	None
818	None
819	1712
820	1132
821	None
822	1783
823	None
824	855
825	None
826	898
827	937
828	908
829	751
830	1218
831	None
832	None
833	None
834	1072
835	None
836	None
837	None
838	None
839	1627
840	1292
841	1737
842	2390
843	None
844	1181
845	1509
846	1391
847	None
848	None
849	None
850	None
851	None
852	None
853	None
854	None
855	None
856	986
857	None
858	None
859	None
860	1103
861	None
862	None
863	2182
864	None
865	1226
866	None
867	1370
868	None
869	None
870	1665
871	None
872	None
873	None
874	None
875	None
876	None
877	1430
878	None
879	None
880	1742
881	None
882	1954
883	None
884	1017
885	1328
886	1237
887	1125
888	None
889	2200
890	None
891	1843
892	None
893	None
894	1326
895	888
896	None
897	None
898	1240
899	None
900	None
901	None
902	1265
903	None
904	1024
905	None
906	None
907	1345
908	1626
909	None
910	2429
911	None
912	None
913	None
914	None
915	None
916	1180
917	2351
918	2081
919	1234
920	None
921	None
922	None
923	1995
924	1377
925	None
926	1036
927	None
928	None
929	None
930	2046
931	1380
932	None
933	1841
934	None
935	2022
936	1980
937	None
938	1413
939	None
940	None
941	2050
942	1890
943	2034
944	2123
945	None
946	1218
947	None
948	1724
949	None
950	1340
951	1369
952	None
953	None
954	None
955	None
956	1170
957	1150
958	None
959	1687
960	1539
961	746
962	1152
963	1350
964	None
965	None
966	None
967	1426
968	None
969	None
970	1797
971	1686
972	1857
973	None
974	2158
975	None
976	None
977	1782
978	None
979	None
980	None
981	None
982	1931
983	None
984	1448
985	1827
986	None
987	None
988	1222
989	None
990	None
991	2085
992	None
993	None
994	None
995	None
996	1976
997	None
998	None
999	1505
1000	None
1001	None
1002	1159
1003	1873
1004	2204
1005	2270
1006	None
1007	1126
1008	1595
1009	None
1010	None
1011	None
1012	None
1013	None
1014	None
1015	1204
1016	None
1017	1066
1018	1258
1019	1201
1020	None
1021	1148
1022	None
1023	954
1024	None
1025	1575
1026	1173
1027	1060
1028	None
1029	1586
1030	None
1031	1905
1032	None
1033	None
1034	1946
1035	None
1036	1484
1037	None
1038	1665
1039	1087
1040	1495
1041	2640
1042	None
1043	None
1044	1697
1045	2157
1046	2359
1047	None
1048	1533
1049	None
1050	None
1051	2169
1052	None
1053	1305
1054	1861
1055	971
1056	1785
1057	None
1058	None
1059	1285
1060	None
1061	None
1062	1172
1063	None
1064	1494
1065	2034
1066	None
1067	2964
1068	1604
1069	None
1070	None
1071	None
1072	2298
1073	None
1074	1453
1075	None
1076	1225
1077	None
1078	None
1079	1583
1080	1366
1081	1186
1082	1086
1083	None
1084	None
1085	None
1086	None
1087	2025
1088	None
1089	None
1090	2008
1091	1213
1092	None
1093	636
1094	None
1095	None
1096	None
1097	1362
1098	1746
1099	2046
1100	None
1101	None
1102	None
1103	None
1104	None
1105	1381
1106	2492
1107	1440
1108	None
1109	1287
1110	None
1111	None
1112	None
1113	None
1114	1891
1115	None
1116	None
1117	1627
1118	1241
1119	2430
1120	None
1121	None
1122	None
1123	2054
1124	1471
1125	1263
1126	2745
1127	2379
1128	None
1129	None
1130	None
1131	1890
1132	None
1133	None
1134	None
1135	2432
1136	None
1137	None
1138	None
1139	None
1140	None
1141	None
1142	None
1143	1937
1144	None
1145	None
1146	None
1147	None
1148	None
1149	1659
1150	1237
1151	1542
1152	1275
1153	None
1154	1998
1155	None
1156	None
1157	None
1158	None
1159	2483
1160	None
1161	1647
1162	None
1163	3067
1164	1741
1165	None
1166	1930
1167	None
1168	None
1169	2165
1170	2112
1171	1507
1172	None
1173	2462
1174	None
1175	None
1176	None
1177	None
1178	1412
1179	None
1180	None
1181	1524
1182	None
1183	None
1184	1191
1185	None
1186	None
1187	1347
1188	2155
1189	1360
1190	None
1191	None
1192	None
1193	None
1194	3214
1195	None
1196	None
1197	None
1198	None
1199	1688
1200	1646
1201	2137
1202	1299
1203	None
1204	2200
1205	1296
1206	3398
1207	1551
1208	3379
1209	None
1210	1642
1211	1585
1212	None
1213	2338
1214	None
1215	1318
1216	1270
1217	None
1218	1715
1219	1924
1220	None
1221	None
1222	None
1223	2611
1224	1759
1225	None
1226	None
1227	None
1228	1791
1229	None
1230	None
1231	1207
1232	2008
1233	1807
1234	2270
1235	None
1236	None
1237	None
1238	None
1239	1343
1240	1903
1241	1596
1242	2235
1243	None
1244	1892
1245	2103
1246	1914
1247	None
1248	None
1249	3212
1250	2645
1251	None
1252	2925
1253	None
1254	None
1255	1988
1256	None
1257	1376
1258	1668
1259	1315
1260	1810
1261	None
1262	2017
1263	1508
1264	None
1265	1010
1266	None
1267	None
1268	1502
1269	1849
1270	None
1271	2288
1272	None
1273	None
1274	1956
1275	None
1276	None
1277	None
1278	None
1279	1942
1280	None
1281	1871
1282	None
1283	None
1284	None
1285	1522
1286	1499
1287	2271
1288	1773
1289	1767
1290	1497
1291	1666
1292	None
1293	1422
1294	1537
1295	1788
1296	None
1297	1661
1298	2173
1299	1743
1300	None
1301	1311
1302	1257
1303	None
1304	1333
1305	1395
1306	2221
1307	None
1308	None
1309	None
1310	1526
1311	None
1312	1545
1313	None
1314	2440
1315	1543
1316	None
1317	2096
1318	1883
1319	2665
1320	None
1321	None
1322	1153
1323	1729
1324	None
1325	2099
1326	None
1327	1366
1328	2036
1329	2801
1330	1628
1331	1609
1332	None
1333	None
1334	1534
1335	None
1336	1629
1337	2527
1338	1987
1339	None
1340	1564
1341	3326
1342	1779
1343	1538
1344	None
1345	None
1346	2015
1347	None
1348	1852
1349	2701
1350	2126
1351	2104
1352	None
1353	None
1354	1515
1355	None
1356	1697
1357	2753
1358	None
1359	1623
1360	2193
1361	1467
1362	None
1363	903
1364	None
1365	2379
1366	2062
1367	None
1368	None
1369	None
1370	2081
1371	2820
1372	None
1373	3307
1374	2192
1375	1590
1376	2032
1377	None
1378	1766
1379	None
1380	None
1381	2623
1382	None
1383	None
1384	None
1385	2141
1386	None
1387	2346
1388	1636
1389	1398
1390	None
1391	1466
1392	1399
1393	None
1394	None
1395	1733
1396	2223
1397	3298
1398	None
1399	None
1400	1716
1401	None
1402	None
1403	None
1404	None
1405	2012
1406	None
1407	None
1408	1813
1409	2580
1410	2078
1411	2118
1412	None
1413	2134
1414	None
1415	1392
1416	2670
1417	None
1418	2595
1419	1581
1420	2755
1421	1662
1422	None
1423	2983
1424	None
1425	None
1426	2271
1427	2761
1428	2429
1429	None
1430	1447
1431	2561
1432	1420
1433	1894
1434	None
1435	1424
1436	None
1437	1364
1438	None
1439	3201
1440	None
1441	1752
1442	None
1443	1425
1444	None
1445	None
1446	1625
1447	1342
1448	None
1449	2997
1450	None
1451	2317
1452	None
1453	3015
1454	None
1455	3615
1456	None
1457	2029
1458	1682
1459	None
1460	3844
1461	2900
1462	None
1463	3108
1464	None
1465	2465
1466	1925
1467	1588
1468	2206
1469	1740
1470	996
1471	1572
1472	2333
1473	None
1474	1968
1475	None
1476	2668
1477	None
1478	1808
1479	2286
1480	None
1481	None
1482	2635
1483	2295
1484	None
1485	4072
1486	None
1487	None
1488	2035
1489	None
1490	1600
1491	2463
1492	None
1493	2371
1494	None
1495	3423
1496	None
1497	None
1498	1967
1499	None
1500	None
1501	3028
1502	2113
1503	None
1504	None
1505	1782
1506	2205
1507	2900
1508	None
1509	1887
1510	2723
1511	2027
1512	None
1513	2929
1514	1991
1515	None
1516	None
1517	2361
1518	None
1519	None
1520	None
1521	2491
1522	2319
1523	None
1524	None
1525	2059
1526	842
1527	None
1528	None
1529	None
1530	None
1531	None
1532	1175
1533	None
1534	None
1535	None
1536	3028
1537	None
1538	None
1539	2237
1540	None
1541	None
1542	None
1543	2407
1544	None
1545	1730
1546	None
1547	3300
1548	None
1549	1837
1550	None
1551	None
1552	None
1553	None
1554	841
1555	1702
1556	2806
1557	None
1558	1972
1559	None
1560	None
1561	None
1562	2748
1563	None
1564	None
1565	2650
1566	932
1567	1650
1568	3103
1569	3822
1570	None
1571	2496
1572	2234
1573	None
1574	None
1575	None
1576	2732
1577	735
1578	2354
1579	2687
1580	3308
1581	3279
1582	None
1583	None
1584	None
1585	2060
1586	2330
1587	2799
1588	2749
1589	2431
1590	2356
1591	2566
1592	2508
1593	2382
1594	2241
1595	1960
1596	None
1597	3314
1598	None
1599	4201
1600	3015
1601	2698
1602	None
1603	None
1604	2230
1605	2073
1606	None
1607	None
1608	None
1609	3068
1610	None
1611	None
1612	1940
1613	None
1614	3134
1615	None
1616	1603
1617	3321
1618	2129
1619	None
1620	2122
1621	2342
1622	None
1623	None
1624	1725
1625	None
1626	None
1627	2844
1628	2631
1629	1898
1630	2642
1631	2581
1632	None
1633	3817
1634	None
1635	1614
1636	None
1637	2482
1638	2956
1639	2209
1640	2069
1641	None
1642	None
1643	None
1644	2074
1645	2435
1646	2571
1647	None
1648	None
1649	None
1650	2423
1651	2282
1652	3615
1653	None
1654	4073
1655	2367
1656	2175
1657	None
1658	2963
1659	1261
1660	2643
1661	2487
1662	1656
1663	None
1664	1070
1665	2488
1666	None
1667	2101
1668	1792
1669	1747
1670	2550
1671	2781
1672	2928
1673	None
1674	None
1675	None
1676	2475
1677	None
1678	2242
1679	3622
1680	3008
1681	3065
1682	2637
1683	2919
1684	2111
1685	2678
1686	2530
1687	2263
1688	2917
1689	2877
1690	None
1691	2692
1692	1649
1693	2603
1694	2294
1695	2679
1696	2262
1697	2228
1698	2949
1699	2627
1700	None
1701	2776
1702	1902
1703	1744
1704	None
1705	2942
1706	1300
1707	2792
1708	None
1709	1922
1710	2369
1711	2843
1712	1898
1713	2841
1714	None
1715	3191
1716	2582
1717	None
1718	None
1719	1835
1720	2663
1721	None
1722	None
1723	None
1724	1472
1725	2988
1726	2109
1727	2632
1728	None
1729	2802
1730	None
1731	2622
1732	3997
1733	None
1734	2626
1735	None
1736	None
1737	None
1738	2724
1739	3626
1740	2650
1741	3274
1742	None
1743	2105
1744	None
1745	2654
1746	None
1747	2443
1748	None
1749	2717
1750	2005
1751	1989
1752	2344
1753	2397
1754	None
1755	2159
1756	2535
1757	2974
1758	3634
1759	None
1760	None
1761	1770
1762	3078
1763	2640
1764	2579
1765	2071
1766	2339
1767	1579
1768	2797
1769	2466
1770	None
1771	2686
1772	None
1773	3212
1774	None
1775	2414
1776	None
1777	4230
1778	3979
1779	None
1780	None
1781	None
1782	3086
1783	None
1784	None
1785	2312
1786	2213
1787	None
1788	2246
1789	2207
1790	None
1791	3799
1792	2920
1793	None
1794	2849
1795	3009
1796	4597
1797	1570
1798	1876
1799	2171
1800	2265
1801	2032
1802	1268
1803	None
1804	3171
1805	3223
1806	2721
1807	2656
1808	2639
1809	2322
1810	1750
1811	5126
1812	None
1813	None
1814	None
1815	3033
1816	None
1817	3049
1818	None
1819	4751
1820	3219
1821	3255
1822	2832
1823	2704
1824	2383
1825	None
1826	1660
1827	None
1828	None
1829	3053
1830	None
1831	None
1832	2984
1833	None
1834	4727
1835	2615
1836	4424
1837	3254
1838	2945
1839	2577
1840	None
1841	3319
1842	4736
1843	None
1844	2304
1845	2708
1846	None
1847	3362
1848	None
1849	2575
1850	2254
1851	2790
1852	2376
1853	2390
1854	4272
1855	2714
1856	2889
1857	3188
1858	3205
1859	None
1860	1391
1861	2415
1862	2471
1863	4209
1864	3054
1865	3145
1866	3440
1867	2599
1868	2655
1869	3163
1870	None
1871	None
1872	None
1873	None
1874	None
1875	2999
1876	3390
1877	2762
1878	None
1879	1550
1880	2551
1881	None
1882	1918
1883	None
1884	3182
1885	2710
1886	3354
1887	None
1888	2892
1889	3834
1890	3224
1891	2179
1892	3027
1893	2664
1894	4824
1895	1572
1896	2545
1897	None
1898	None
1899	3272
1900	3184
1901	4988
1902	2591
1903	2860
1904	3270
1905	3126
1906	None
1907	2856
1908	2842
1909	3341
1910	2458
1911	2391
1912	4095
1913	4257
1914	1766
1915	None
1916	2459
1917	2127
1918	2785
1919	None
1920	2865
1921	1877
1922	None
1923	3296
1924	2702
1925	3080
1926	None
1927	3468
1928	1566
1929	3358
1930	2059
1931	None
1932	3263
1933	3488
1934	3367
1935	4341
1936	3277
1937	None
1938	4618
1939	2154
1940	2479
1941	2812
1942	3076
1943	None
1944	3302
1945	None
1946	2666
1947	None
1948	2914
1949	3410
1950	3690
1951	3406
1952	None
1953	2500
1954	3376
1955	2641
1956	2788
1957	1801
1958	None
1959	3577
1960	None
1961	2441
1962	2265
1963	2754
1964	None
1965	4391
1966	3025
1967	3388
1968	None
1969	3505
1970	3745
1971	3989
1972	2940
1973	1859
1974	3029
1975	None
1976	2444
1977	None
1978	3310
1979	4621
1980	3734
1981	1546
1982	None
1983	3291
1984	3220
1985	3276
1986	None
1987	3294
1988	2272
1989	None
1990	None
1991	1474
1992	None
1993	1580
1994	2918
1995	3383
1996	2273
1997	2782
1998	None
1999	5665
2000	3240
2001	3357
2002	1852
2003	4832
2004	3001
2005	None
2006	2848
2007	1896
2008	None
2009	None
2010	None
2011	None
2012	3765
2013	4747
2014	2548
2015	4593
2016	2244
2017	3519
2018	5037
2019	3137
2020	2276
2021	3117
2022	3559
2023	3924
2024	3516
2025	4352
2026	2043
2027	None
2028	None
2029	None
2030	2296
2031	1746
2032	None
2033	3396
2034	None
2035	2353
2036	3301
2037	3539
2038	None
2039	3500
2040	None
2041	3168
2042	4013
2043	None
2044	3344
2045	1840
2046	3543
2047	5111
2048	1678
2049	2978
2050	3277
2051	3322
2052	None
2053	3907
2054	None
2055	3509
2056	2009
2057	3411
2058	None
2059	None
2060	None
2061	None
2062	None
2063	None
2064	None
2065	3492
2066	4356
2067	6192
2068	1749
2069	None
2070	5762
2071	3644
2072	2842
2073	2451
2074	3941
2075	2970
2076	4463
2077	None
2078	None
2079	3847
2080	3551
2081	None
2082	None
2083	2382
2084	None
2085	2150
2086	None
2087	1761
2088	None
2089	None
2090	2418
2091	4050
2092	3229
2093	None
2094	4181
2095	4928
2096	2343
2097	1921
2098	3729
2099	1341
2100	None
2101	None
2102	None
2103	2266
2104	4424
2105	3529
2106	None
2107	2935
2108	4123
2109	None
2110	None
2111	3680
2112	None
2113	4729
2114	5642
2115	None
2116	None
2117	None
2118	2163
2119	3052
2120	None
2121	4029
2122	3166
2123	3117
2124	2033
2125	None
2126	None
2127	5557
2128	3192
2129	5475
2130	3596
2131	3809
2132	3965
2133	3946
2134	2120
2135	3377
2136	None
2137	None
2138	None
2139	None
2140	4920
2141	3717
2142	None
2143	None
2144	None
2145	5585
2146	2040
2147	3430
2148	5124
2149	4325
2150	3879
2151	4295
2152	3280
2153	3844
2154	None
2155	2534
2156	2110
2157	None
2158	4599
2159	5688
2160	1904
2161	None
2162	1577
2163	4063
2164	None
2165	3423
2166	None
2167	1638
2168	1912
2169	2276
2170	None
2171	2088
2172	2960
2173	None
2174	4294
2175	2596
2176	2839
2177	None
2178	2751
2179	4085
2180	None
2181	1605
2182	2147
2183	2771
2184	2375
2185	4333
2186	None
2187	2297
2188	2424
2189	2660
2190	None
2191	3678
2192	1695
2193	None
2194	2293
2195	5951
2196	None
2197	4007
2198	1867
2199	None
2200	2425
2201	None
2202	3992
2203	2506
2204	None
2205	None
2206	3936
2207	4430
2208	2433
2209	2557
2210	None
2211	2428
2212	3034
2213	1986
2214	2542
2215	1688
2216	3709
2217	2975
2218	2389
2219	2327
2220	2588
2221	5411
2222	2125
2223	3011
2224	3306
2225	2697
2226	4107
2227	2243
2228	3655
2229	1751
2230	3063
2231	4469
2232	None
2233	None
2234	3213
2235	2543
2236	1506
2237	3042
2238	None
2239	2524
2240	2219
2241	None
2242	2167
2243	2421
2244	5144
2245	None
2246	4175
2247	2074
2248	2287
2249	None
2250	2258
2251	2260
2252	None
2253	None
2254	None
2255	2567
2256	2924
2257	2243
2258	3418
2259	None
2260	4061
2261	2480
2262	None
2263	3044
2264	3771
2265	None
2266	2515
2267	2358
2268	2835
2269	2537
2270	3392
2271	None
2272	4604
2273	1765
2274	4218
2275	4314
2276	None
2277	1902
2278	2196
2279	None
2280	3097
2281	2827
2282	4016
2283	2422
2284	2726
2285	None
2286	2568
2287	2555
2288	None
2289	3040
2290	4070
2291	1780
2292	3311
2293	None
2294	2574
2295	None
2296	None
2297	4143
2298	2332
2299	3119
2300	None
2301	3083
2302	3199
2303	4187
2304	2057
2305	1827
2306	3906
2307	None
2308	3022
2309	4487
2310	3158
2311	2174
2312	5488
2313	2478
2314	None
2315	None
2316	None
2317	None
2318	1876
2319	None
2320	3006
2321	3174
2322	4939
2323	2464
2324	2657
2325	3258
2326	None
2327	4426
2328	None
2329	None
2330	None
2331	None
2332	None
2333	None
2334	2823
2335	3262
2336	2399
2337	2681
2338	2515
2339	1720
2340	4619
2341	2669
2342	None
2343	None
2344	3845
2345	2690
2346	None
2347	None
2348	3101
2349	2481
2350	2814
2351	None
2352	4822
2353	3316
2354	None
2355	2804
2356	3361
2357	3278
2358	4676
2359	2645
2360	2658
2361	2735
2362	None
2363	None
2364	2718
2365	3843
2366	None
2367	None
2368	4738
2369	3181
2370	4815
2371	4536
2372	None
2373	2079
2374	None
2375	None
2376	3356
2377	1687
2378	None
2379	None
2380	3589
2381	3136
2382	2468
2383	4241
2384	None
2385	3057
2386	3343
2387	None
2388	None
2389	None
2390	2779
2391	4071
2392	4712
2393	None
2394	2015
2395	1441
2396	2162
2397	3515
2398	None
2399	4273
2400	None
2401	None
2402	3897
2403	2211
2404	None
2405	2883
2406	4229
2407	4644
2408	3152
2409	2544
2410	4816
2411	3084
2412	None
2413	2709
2414	3369
2415	3082
2416	3721
2417	2199
2418	2746
2419	None
2420	3146
2421	3759
2422	None
2423	2604
2424	2608
2425	None
2426	None
2427	2387
2428	2789
2429	None
2430	2531
2431	2341
2432	None
2433	2212
2434	2408
2435	None
2436	None
2437	3585
2438	2286
2439	None
2440	None
2441	2719
2442	2612
2443	None
2444	None
2445	None
2446	None
2447	None
2448	2876
2449	3031
2450	2742
2451	None
2452	3618
2453	5024
2454	3124
2455	None
2456	None
2457	4059
2458	2245
2459	None
2460	None
2461	None
2462	4188
2463	None
2464	2533
2465	1648
2466	2760
2467	None
2468	3248
2469	3106
2470	2991
2471	2820
2472	None
2473	4685
2474	2290
2475	2207
2476	None
2477	None
2478	None
2479	None
2480	2795
2481	None
2482	1909
2483	None
2484	2810
2485	2821
2486	3445
2487	None
2488	3161
2489	3639
2490	3614
2491	None
2492	None
2493	3250
2494	2882
2495	2937
2496	5022
2497	3186
2498	4592
2499	2173
2500	3400
2501	3441
2502	None
2503	None
2504	5141
2505	2857
2506	2386
2507	3408
2508	2929
2509	None
2510	None
2511	2486
2512	3251
2513	None
2514	2822
2515	3703
2516	None
2517	None
2518	1938
2519	2966
2520	None
2521	3241
2522	3118
2523	2576
2524	None
2525	None
2526	2090
2527	2517
2528	3249
2529	4204
2530	None
2531	4578
2532	2791
2533	None
2534	3924
2535	2736
2536	None
2537	3002
2538	None
2539	2570
2540	None
2541	None
2542	None
2543	5469
2544	2941
2545	2713
2546	None
2547	None
2548	2794
2549	None
2550	None
2551	4254
2552	3579
2553	4674
2554	None
2555	2855
2556	None
2557	3147
2558	2871
2559	4227
2560	2605
2561	2993
2562	3359
2563	None
2564	3398
2565	None
2566	4531
2567	None
2568	3495
2569	3604
2570	3325
2571	None
2572	4503
2573	4042
2574	None
2575	2486
2576	2311
2577	None
2578	2558
2579	3461
2580	3295
2581	2675
2582	1815
2583	None
2584	1378
2585	None
2586	2813
2587	None
2588	3148
2589	3498
2590	4238
2591	4227
2592	2317
2593	3475
2594	2937
2595	2594
2596	2922
2597	3737
2598	None
2599	4644
2600	3478
2601	3067
2602	3165
2603	2599
2604	1863
2605	2261
2606	5550
2607	3929
2608	5352
2609	2676
2610	3470
2611	3764
2612	2597
2613	None
2614	2383
2615	4083
2616	2729
2617	2299
2618	None
2619	2068
2620	2537
2621	None
2622	None
2623	None
2624	4581
2625	None
2626	None
2627	3266
2628	2569
2629	None
2630	2873
2631	None
2632	None
2633	3091
2634	2981
2635	3760
2636	3881
2637	None
2638	5141
2639	2872
2640	3460
2641	2752
2642	None
2643	4023
2644	2362
2645	None
2646	None
2647	2058
2648	3284
2649	4005
2650	None
2651	2852
2652	2745
2653	None
2654	2846
2655	3062
2656	2653
2657	2227
2658	3720
2659	3465
2660	None
2661	2498
2662	3436
2663	4682
2664	4844
2665	None
2666	None
2667	3321
2668	None
2669	3474
2670	3353
2671	None
2672	None
2673	3104
2674	2393
2675	None
2676	None
2677	None
2678	2203
2679	None
2680	None
2681	2609
2682	None
2683	None
2684	4430
2685	2452
2686	2778
2687	3511
2688	3788
2689	None
2690	None
2691	None
2692	3532
2693	3290
2694	None
2695	5028
2696	4340
2697	3712
2698	4744
2699	None
2700	3404
2701	3512
2702	3659
2703	3225
2704	2759
2705	4863
2706	2862
2707	None
2708	3235
2709	3685
2710	2793
2711	None
2712	None
2713	3731
2714	3578
2715	3142
2716	None
2717	3435
2718	None
2719	4369
2720	None
2721	3558
2722	None
2723	5319
2724	3374
2725	3878
2726	3521
2727	None
2728	3340
2729	None
2730	3913
2731	3256
2732	None
2733	4239
2734	3469
2735	3425
2736	3668
2737	3304
2738	3548
2739	5049
2740	3131
2741	2063
2742	3527
2743	3347
2744	3718
2745	2565
2746	2933
2747	2598
2748	3439
2749	None
2750	3247
2751	3944
2752	2790
2753	None
2754	None
2755	None
2756	3717
2757	2957
2758	2858
2759	3632
2760	4907
2761	3778
2762	3123
2763	2385
2764	3019
2765	3642
2766	2552
2767	3561
2768	2695
2769	5374
2770	None
2771	3327
2772	3175
2773	None
2774	None
2775	3461
2776	None
2777	5840
2778	3785
2779	3243
2780	1955
2781	None
2782	None
2783	3174
2784	3454
2785	5024
2786	2623
2787	2667
2788	3546
2789	3038
2790	2340
2791	3797
2792	2953
2793	3556
2794	3710
2795	5811
2796	5851
2797	3043
2798	1856
2799	3004
2800	None
2801	4108
2802	2701
2803	3857
2804	3497
2805	None
2806	3812
2807	3308
2808	None
2809	None
2810	None
2811	None
2812	None
2813	3595
2814	2800
2815	None
2816	3209
2817	3808
2818	3382
2819	4977
2820	None
2821	None
2822	3533
2823	4056
2824	2926
2825	None
2826	3429
2827	3602
2828	4091
2829	None
2830	3430
2831	3390
2832	5514
2833	2671
2834	None
2835	1749
2836	3830
2837	4027
2838	3141
2839	3338
2840	3742
2841	3675
2842	4718
2843	3466
2844	None
2845	None
2846	5214
2847	5696
2848	3443
2849	3187
2850	3373
2851	3064
2852	3768
2853	5885
2854	3586
2855	3442
2856	3758
2857	None
2858	None
2859	None
2860	2235
2861	None
2862	None
2863	3244
2864	5550
2865	5671
2866	None
2867	None
2868	None
2869	3350
2870	2523
2871	3453
2872	3991
2873	None
2874	3923
2875	4298
2876	2881
2877	2677
2878	2590
2879	6154
2880	3159
2881	3608
2882	3572
2883	4345
2884	None
2885	None
2886	None
2887	3864
2888	3865
2889	None
2890	3651
2891	2605
2892	4019
2893	3635
2894	4375
2895	3520
2896	3232
2897	3606
2898	None
2899	None
2900	4289
2901	3754
2902	4051
2903	None
2904	None
2905	3379
2906	None
2907	3523
2908	4133
2909	4410
2910	4142
2911	4356
2912	4395
2913	3215
2914	None
2915	3345
2916	3471
2917	3502
2918	3575
2919	3335
2920	4532
2921	None
2922	3484
2923	2903
2924	None
2925	3242
2926	3824
2927	None
2928	None
2929	4705
2930	4162
2931	None
2932	5939
2933	3673
2934	4299
2935	4372
2936	3688
2937	None
2938	None
2939	4147
2940	3775
2941	3122
2942	3793
2943	3966
2944	2264
2945	1952
2946	None
2947	4025
2948	5544
2949	4628
2950	4054
2951	None
2952	3637
2953	6064
2954	4756
2955	None
2956	5759
2957	None
2958	4598
2959	3581
2960	None
2961	3531
2962	3953
2963	2712
2964	None
2965	3481
2966	3081
2967	None
2968	3477
2969	5603
2970	3555
2971	3593
2972	4576
2973	4858
2974	3714
2975	3940
2976	4180
2977	3622
2978	4221
2979	3704
2980	3985
2981	None
2982	3697
2983	3625
2984	6419
2985	4148
2986	6073
2987	4449
2988	3828
2989	4518
2990	3738
2991	2536
2992	3309
2993	5571
2994	4373
2995	4265
2996	None
2997	3846
2998	3862
2999	None
3000	4185
3001	4354
3002	3594
3003	3874
3004	4498
3005	3428
3006	5441
3007	None
3008	4392
3009	3901
3010	4706
3011	None
3012	4144
3013	None
3014	6134
3015	2675
3016	4921
3017	4191
3018	4379
3019	2154
3020	None
3021	2495
3022	6406
3023	3411
3024	4791
3025	None
3026	2706
3027	3717
3028	4093
3029	None
3030	4179
3031	None
3032	4482
3033	4320
3034	4117
3035	None
3036	3630
3037	4385
3038	3997
3039	3200
3040	3624
3041	None
3042	4082
3043	4494
3044	None
3045	5192
3046	6582
3047	3633
3048	None
3049	3666
3050	4483
3051	3298
3052	3822
3053	None
3054	6435
3055	3701
3056	3952
3057	3917
3058	5567
3059	None
3060	4029
3061	3749
3062	None
3063	4112
3064	None
3065	3859
3066	None
3067	3524
3068	None
3069	4713
3070	2836
3071	4881
3072	None
3073	None
3074	4329
3075	3397
3076	4520
3077	5562
3078	None
3079	4654
3080	3405
3081	1828
3082	3820
3083	2716
3084	3898
3085	4942
3086	None
3087	3735
3088	2503
3089	6502
3090	3339
3091	None
3092	3351
3093	3707
3094	3455
3095	None
3096	None
3097	4026
3098	5449
3099	None
3100	4991
3101	3839
3102	5692
3103	4723
3104	None
3105	4486
3106	3588
3107	3875
3108	4585
3109	2601
3110	4474
3111	4695
3112	4021
3113	3981
3114	None
3115	5256
3116	3631
3117	2277
3118	4981
3119	3942
3120	4030
3121	2085
3122	4590
3123	None
3124	4374
3125	None
3126	3699
3127	4114
3128	6402
3129	4278
3130	4107
3131	2562
3132	None
3133	None
3134	2504
3135	3413
3136	4433
3137	3592
3138	3554
3139	4000
3140	5222
3141	None
3142	4404
3143	3654
3144	2939
3145	4550
3146	4383
3147	3085
3148	3557
3149	2355
3150	4625
3151	4601
3152	None
3153	5424
3154	5351
3155	6959
3156	3638
3157	4094
3158	4771
3159	4276
3160	None
3161	None
3162	4266
3163	3661
3164	4401
3165	4478
3166	None
3167	None
3168	4171
3169	None
3170	4737
3171	3800
3172	5506
3173	5516
3174	None
3175	None
3176	6196
3177	2589
3178	2716
3179	4938
3180	2477
3181	None
3182	None
3183	4738
3184	3640
3185	1957
3186	None
3187	None
3188	3137
3189	None
3190	4455
3191	None
3192	4170
3193	None
3194	4536
3195	None
3196	3927
3197	4340
3198	3183
3199	2998
3200	None
3201	4566
3202	4348
3203	2727
3204	3246
3205	3351
3206	None
3207	4987
3208	3858
3209	4049
3210	4335
3211	4363
3212	3784
3213	3840
3214	4257
3215	4344
3216	4118
3217	None
3218	3584
3219	4046
3220	3496
3221	None
3222	3978
3223	None
3224	None
3225	4128
3226	3827
3227	4353
3228	5937
3229	4062
3230	None
3231	4420
3232	None
3233	3759
3234	5276
3235	None
3236	4457
3237	None
3238	4580
3239	None
3240	4570
3241	5461
3242	None
3243	None
3244	5123
3245	4212
3246	4515
3247	4131
3248	3752
3249	4077
3250	3646
3251	5181
3252	None
3253	None
3254	None
3255	2161
3256	6531
3257	3817
3258	3921
3259	4877
3260	4760
3261	3837
3262	2932
3263	None
3264	2827
3265	2410
3266	None
3267	3813
3268	None
3269	None
3270	4125
3271	4945
3272	4413
3273	3922
3274	1718
3275	4999
3276	4843
3277	2986
3278	4219
3279	4826
3280	None
3281	3883
3282	2720
3283	None
3284	5034
3285	4041
3286	4445
3287	3747
3288	None
3289	3605
3290	None
3291	3995
3292	None
3293	3762
3294	None
3295	2725
3296	4052
3297	4389
3298	None
3299	3932
3300	3769
3301	4825
3302	2727
3303	None
3304	4765
3305	3743
3306	None
3307	4239
3308	4328
3309	3919
3310	3934
3311	4109
3312	None
3313	4892
3314	None
3315	2648
3316	None
3317	None
3318	None
3319	4194
3320	4070
3321	4146
3322	3904
3323	4018
3324	None
3325	None
3326	4798
3327	4024
3328	4460
3329	3803
3330	4731
3331	4164
3332	6604
3333	3356
3334	4475
3335	None
3336	None
3337	4924
3338	4172
3339	None
3340	3177
3341	4618
3342	3599
3343	5440
3344	3895
3345	None
3346	4198
3347	3804
3348	4200
3349	4022
3350	None
3351	None
3352	None
3353	5864
3354	3669
3355	None
3356	4499
3357	3662
3358	None
3359	4668
3360	4137
3361	4365
3362	None
3363	None
3364	None
3365	6746
3366	5396
3367	3960
3368	2194
3369	5096
3370	4235
3371	6037
3372	3747
3373	5647
3374	4055
3375	None
3376	4039
3377	None
3378	4725
3379	None
3380	4073
3381	2803
3382	None
3383	None
3384	4151
3385	4926
3386	4351
3387	None
3388	6275
3389	6117
3390	4559
3391	None
3392	None
3393	None
3394	None
3395	3777
3396	4441
3397	3916
3398	None
3399	None
3400	5163
3401	3757
3402	3996
3403	4435
3404	4905
3405	None
3406	None
3407	4587
3408	4513
3409	None
3410	4087
3411	3544
3412	4682
3413	3916
3414	3884
3415	4040
3416	None
3417	None
3418	6687
3419	None
3420	4261
3421	4274
3422	None
3423	4535
3424	None
3425	3584
3426	5745
3427	4683
3428	None
3429	None
3430	4122
3431	4496
3432	3967
3433	4357
3434	None
3435	4842
3436	None
3437	4270
3438	4794
3439	2384
3440	None
3441	4796
3442	4160
3443	None
3444	4336
3445	6127
3446	4225
3447	4260
3448	4512
3449	4824
3450	6437
3451	None
3452	4408
3453	5590
3454	4805
3455	None
3456	2638
3457	2197
3458	None
3459	5652
3460	None
3461	4465
3462	4234
3463	None
3464	4594
3465	3902
3466	5615
3467	None
3468	4331
3469	2989
3470	None
3471	3288
3472	4595
3473	4707
3474	4211
3475	5194
3476	5405
3477	6440
3478	5181
3479	None
3480	6449
3481	1801
3482	2575
3483	4961
3484	4105
3485	4576
3486	None
3487	1985
3488	4402
3489	2819
3490	4173
3491	5596
3492	6367
3493	None
3494	None
3495	4361
3496	5692
3497	5332
3498	4338
3499	4190
3500	2740
3501	4759
3502	6250
3503	None
3504	4150
3505	None
3506	4350
3507	6975
3508	4485
3509	4166
3510	None
3511	4748
3512	None
3513	4891
3514	5559
3515	6016
3516	None
3517	4375
3518	None
3519	4772
3520	3878
3521	5673
3522	4989
3523	4709
3524	None
3525	4450
3526	6019
3527	None
3528	5296
3529	5252
3530	4947
3531	None
3532	5432
3533	None
3534	4279
3535	4783
3536	None
3537	None
3538	4488
3539	None
3540	None
3541	4905
3542	2518
3543	2861
3544	4495
3545	4271
3546	None
3547	2314
3548	3601
3549	4625
3550	5121
3551	7304
3552	4288
3553	5321
3554	5110
3555	4804
3556	4605
3557	4788
3558	4840
3559	6012
3560	None
3561	4753
3562	4754
3563	None
3564	None
3565	4169
3566	3236
3567	None
3568	1806
3569	None
3570	4368
3571	5981
3572	4650
3573	4466
3574	None
3575	4782
3576	None
3577	5560
3578	5696
3579	None
3580	4277
3581	2396
3582	None
3583	None
3584	5478
3585	None
3586	7455
3587	3766
3588	2438
3589	6840
3590	5534
3591	4580
3592	None
3593	5477
3594	4253
3595	4522
3596	4522
3597	4888
3598	5515
3599	5642
3600	None
3601	4716
3602	2796
3603	3421
3604	None
3605	None
3606	2584
3607	4567
3608	None
3609	4671
3610	None
3611	2868
3612	None
3613	4459
3614	3613
3615	5802
3616	None
3617	None
3618	None
3619	4953
3620	6294
3621	4239
3622	4508
3623	5145
3624	5408
3625	4415
3626	None
3627	None
3628	None
3629	4308
3630	4438
3631	None
3632	3856
3633	None
3634	4708
3635	4931
3636	4600
3637	4163
3638	4519
3639	None
3640	4685
3641	5105
3642	6758
3643	None
3644	None
3645	5306
3646	3330
3647	5782
3648	None
3649	3801
3650	None
3651	None
3652	None
3653	None
3654	5308
3655	None
3656	None
3657	None
3658	4637
3659	3525
3660	4905
3661	None
3662	None
3663	None
3664	None
3665	None
3666	5325
3667	5329
3668	4089
3669	None
3670	2905
3671	2872
3672	None
3673	None
3674	2980
3675	4916
3676	None
3677	None
3678	None
3679	4882
3680	None
3681	None
3682	None
3683	4386
3684	4645
3685	3503
3686	None
3687	None
3688	None
3689	None
3690	None
3691	4224
3692	4012
3693	4888
3694	None
3695	2520
3696	None
3697	None
3698	4833
3699	None
3700	None
3701	None
3702	None
3703	None
3704	None
3705	None
3706	None
3707	None
3708	None
3709	None
3710	None
3711	None
3712	None
3713	None
3714	None
3715	None
3716	None
3717	None
3718	None
3719	None
3720	4656
3721	None
3722	None
3723	None
3724	None
3725	None
3726	4907
3727	1993
3728	None
3729	None
3730	None
3731	None
3732	None
3733	None
3734	5113
3735	None
3736	None
3737	4297
3738	None
3739	None
3740	None
3741	4554
3742	None
3743	None
3744	None
3745	4588
3746	None
3747	None
3748	3909
3749	6485
3750	None
3751	4632
3752	2768
3753	None
3754	3375
3755	None
3756	None
3757	None
3758	None
3759	4010
3760	None
3761	4795
3762	None
3763	4275
3764	None
3765	3975
3766	None
3767	4205
3768	None
3769	4044
3770	None
3771	None
3772	None
3773	None
3774	4728
3775	None
3776	None
3777	4635
3778	None
3779	6437
3780	4196
3781	None
3782	None
3783	4124
3784	None
3785	4517
3786	4785
3787	1770
3788	None
3789	None
3790	None
3791	2878
3792	None
3793	None
3794	None
3795	None
3796	None
3797	4948
3798	None
3799	6392
3800	None
3801	None
3802	None
3803	None
3804	2765
3805	4283
3806	5048
3807	None
3808	4161
3809	5094
3810	5002
3811	None
3812	None
3813	None
3814	None
3815	None
3816	None
3817	None
3818	None
3819	5852
3820	None
3821	None
3822	4732
3823	None
3824	None
3825	None
3826	4711
3827	None
3828	5921
3829	3899
3830	None
3831	None
3832	None
3833	4549
3834	None
3835	None
3836	4399
3837	None
3838	7003
3839	None
3840	None
3841	None
3842	4630
3843	3036
3844	5044
3845	None
3846	None
3847	None
3848	4672
3849	2133
3850	None
3851	None
3852	None
3853	None
3854	6034
3855	None
3856	None
3857	4921
3858	None
3859	4001
3860	None
3861	4377
3862	None
3863	6651
3864	4863
3865	5342
3866	None
3867	None
3868	None
3869	4740
3870	None
3871	2462
3872	5586
3873	2194
3874	6047
3875	None
3876	4543
3877	6713
3878	None
3879	None
3880	None
3881	None
3882	3023
3883	None
3884	None
3885	None
3886	None
3887	4427
3888	3641
3889	5947
3890	5041
3891	2618
3892	None
3893	5003
3894	None
3895	4617
3896	None
3897	4293
3898	5018
3899	4790
3900	None
3901	2675
3902	None
3903	5118
3904	5123
3905	None
3906	None
3907	None
3908	None
3909	5742
3910	None
3911	4256
3912	4489
3913	None
3914	None
3915	None
3916	None
3917	4337
3918	4870
3919	5025
3920	5594
3921	None
3922	None
3923	None
3924	None
3925	None
3926	5114
3927	None
3928	None
3929	5988
3930	None
3931	4477
3932	None
3933	None
3934	None
3935	None
3936	4957
3937	5381
3938	None
3939	2880
3940	None
3941	5507
3942	None
3943	None
3944	3179
3945	None
3946	None
3947	6196
3948	None
3949	None
3950	None
3951	4534
3952	None
3953	4447
3954	None
3955	4983
3956	None
3957	6596
3958	6419
3959	None
3960	None
3961	None
3962	None
3963	4945
3964	None
3965	None
3966	None
3967	None
3968	5364
3969	None
3970	None
3971	None
3972	None
3973	None
3974	None
3975	None
3976	None
3977	None
3978	None
3979	None
3980	None
3981	5896
3982	3375
3983	None
3984	None
3985	None
3986	None
3987	6832
3988	None
3989	None
3990	None
3991	7338
3992	None
3993	None
3994	None
3995	None
3996	None
3997	None
3998	None
3999	None
4000	None
4001	2853
4002	2711
4003	4366
4004	None
4005	None
4006	None
4007	None
4008	None
4009	3426
4010	None
4011	2890
4012	None
4013	None
4014	None
4015	None
4016	3094
4017	None
4018	None
4019	7409
4020	None
4021	None
4022	None
4023	2891
4024	None
4025	4079
4026	3048
4027	None
4028	None
4029	None
4030	2845
4031	None
4032	None
4033	None
4034	None
4035	4888
4036	None
4037	None
4038	None
4039	None
4040	None
4041	None
4042	None
4043	None
4044	None
4045	None
4046	None
4047	None
4048	None
4049	None
4050	None
4051	None
4052	None
4053	None
4054	None
4055	None
4056	None
4057	None
4058	None
4059	None
4060	None
4061	None
4062	None
4063	None
4064	None
4065	None
4066	None
4067	None
4068	None
4069	None
4070	None
4071	None
4072	None
4073	None
4074	None
4075	None
4076	None
4077	2786
4078	None
4079	3285
4080	None
4081	None
4082	None
4083	None
4084	None
4085	None
4086	6055
4087	None
4088	None
4089	None
4090	None
4091	None
4092	None
4093	None
4094	None
4095	None
4096	None
4097	None
4098	None
4099	None
4100	None
4101	None
4102	None
4103	None
4104	4287
4105	None
4106	None
4107	None
4108	None
4109	None
4110	None
4111	None
4112	None
4113	None
4114	2948
4115	None
4116	None
4117	None
4118	None
4119	None
4120	None
4121	None
4122	None
4123	None
4124	None
4125	None
4126	None
4127	None
4128	None
4129	None
4130	None
4131	None
4132	None
4133	4317
4134	None
4135	None
4136	None
4137	None
4138	None
4139	None
4140	None
4141	None
4142	None
4143	None
4144	None
4145	None
4146	None
4147	None
4148	None
4149	None
4150	None
4151	3257
4152	None
4153	None
4154	None
4155	None
4156	None
4157	None
4158	2854
4159	None
4160	None
4161	None
4162	None
4163	None
4164	None
4165	None
4166	None
4167	None
4168	None
4169	None
4170	None
4171	None
4172	None
4173	None
4174	None
4175	None
4176	3647
4177	None
4178	None
4179	None
4180	None
4181	None
4182	None
4183	None
4184	None
4185	None
4186	None
4187	None
4188	None
4189	2979
4190	None
4191	None
4192	2899
4193	None
4194	None
4195	None
4196	None
4197	None
4198	None
4199	5738
4200	None
4201	None
4202	None
4203	None
4204	3288
4205	3753
4206	None
4207	None
4208	None
4209	None
4210	None
4211	None
4212	None
4213	5050
4214	None
4215	None
4216	None
4217	None
4218	None
4219	None
4220	None
4221	None
4222	None
4223	None
4224	None
4225	None
4226	None
4227	None
4228	None
4229	None
4230	2507
4231	None
4232	None
4233	None
4234	None
4235	None
4236	None
4237	None
4238	3157
4239	None
4240	None
4241	None
4242	None
4243	None
4244	None
4245	None
4246	None
4247	None
4248	None
4249	None
4250	None
4251	None
4252	None
4253	None
4254	None
4255	None
4256	3459
4257	None
4258	3116
4259	None
4260	None
4261	None
4262	None
4263	None
4264	None
4265	None
4266	None
4267	None
4268	None
4269	3582
4270	None
4271	None
4272	None
4273	None
4274	None
4275	None
4276	2493
4277	None
4278	None
4279	None
4280	None
4281	None
4282	None
4283	None
4284	None
4285	None
4286	None
4287	None
4288	None
4289	None
4290	None
4291	None
4292	None
4293	None
4294	3473
4295	None
4296	None
4297	None
4298	2189
4299	None
4300	4874
4301	None
4302	None
4303	None
4304	None
4305	2403
4306	None
4307	None
4308	None
4309	None
4310	3375
4311	None
4312	None
4313	None
4314	None
4315	None
4316	None
4317	None
4318	None
4319	None
4320	2355
4321	None
4322	None
4323	None
4324	None
4325	None
4326	None
4327	None
4328	None
4329	None
4330	None
4331	2874
4332	None
4333	None
4334	None
4335	None
4336	None
4337	None
4338	2989
4339	3013
4340	None
4341	None
4342	None
4343	None
4344	None
4345	None
4346	None
4347	None
4348	None
4349	None
4350	2215
4351	None
4352	None
4353	None
4354	None
4355	None
4356	None
4357	None
4358	None
4359	None
4360	None
4361	None
4362	None
4363	2969
4364	3415
4365	3061
4366	None
4367	None
4368	None
4369	3805
4370	None
4371	None
4372	None
4373	2404
4374	None
4375	None
4376	None
4377	None
4378	None
4379	None
4380	None
4381	None
4382	None
4383	None
4384	None
4385	None
4386	None
4387	None
4388	None
4389	None
4390	None
4391	None
4392	None
4393	None
4394	None
4395	None
4396	None
4397	None
4398	None
4399	None
4400	5133
4401	None
4402	None
4403	None
4404	None
4405	None
4406	None
4407	None
4408	None
4409	None
4410	None
4411	None
4412	None
4413	None
4414	None
4415	4138
4416	3918
4417	None
4418	None
4419	None
4420	None
4421	None
4422	None
4423	None
4424	None
4425	None
4426	None
4427	None
4428	None
4429	None
4430	None
4431	None
4432	None
4433	None
4434	None
4435	3999
4436	None
4437	None
4438	None
4439	None
4440	None
4441	None
4442	None
4443	None
4444	None
4445	3550
4446	None
4447	None
4448	2932
4449	None
4450	None
4451	None
4452	None
4453	2885
4454	None
4455	4346
4456	None
4457	None
4458	None
4459	None
4460	None
4461	None
4462	None
4463	None
4464	None
4465	None
4466	None
4467	None
4468	None
4469	None
4470	None
4471	None
4472	None
4473	3665
4474	2539
4475	None
4476	None
4477	None
4478	None
4479	None
4480	None
4481	None
4482	None
4483	None
4484	None
4485	None
4486	None
4487	None
4488	None
4489	None
4490	None
4491	None
4492	None
4493	None
4494	None
4495	None
4496	None
4497	2973
4498	None
4499	None
4500	None
4501	None
4502	4358
4503	2525
4504	None
4505	None
4506	None
4507	None
4508	None
4509	None
4510	None
4511	None
4512	None
4513	None
4514	None
4515	None
4516	None
4517	None
4518	None
4519	None
4520	None
4521	None
4522	None
4523	None
4524	None
4525	None
4526	None
4527	None
4528	None
4529	None
4530	None
4531	None
4532	2951
4533	None
4534	None
4535	None
4536	None
4537	None
4538	None
4539	None
4540	None
4541	None
4542	None
4543	None
4544	3616
4545	None
4546	None
4547	None
4548	None
4549	None
4550	None
4551	None
4552	None
4553	None
4554	None
4555	None
4556	None
4557	None
4558	None
4559	None
4560	None
4561	None
4562	4674
4563	2647
4564	3795
4565	None
4566	None
4567	None
4568	None
4569	2986
4570	None
4571	None
4572	5380
4573	None
4574	None
4575	None
4576	None
4577	None
4578	None
4579	None
4580	None
4581	None
4582	None
4583	None
4584	None
4585	None
4586	None
4587	None
4588	None
4589	None
4590	None
4591	None
4592	None
4593	None
4594	None
4595	None
4596	None
4597	4646
4598	None
4599	None
4600	None
4601	None
4602	None
4603	None
4604	None
4605	None
4606	None
4607	3305
4608	None
4609	None
4610	None
4611	None
4612	None
4613	None
4614	None
4615	None
4616	3227
4617	None
4618	None
4619	None
4620	2487
4621	None
4622	2420
4623	None
4624	None
4625	None
4626	None
4627	None
4628	3783
4629	None
4630	None
4631	None
4632	None
4633	None
4634	2600
4635	None
4636	None
4637	None
4638	5374
4639	None
4640	None
4641	None
4642	None
4643	None
4644	None
4645	None
4646	None
4647	None
4648	None
4649	None
4650	None
4651	3162
4652	None
4653	None
4654	None
4655	None
4656	None
4657	None
4658	None
4659	None
4660	None
4661	None
4662	None
4663	2149
4664	3066
4665	None
4666	None
4667	2547
4668	2747
4669	None
4670	None
4671	None
4672	None
4673	None
4674	None
4675	None
4676	None
4677	4739
4678	3094
4679	None
4680	None
4681	4064
4682	None
4683	None
4684	3066
4685	None
4686	4971
4687	None
4688	None
4689	None
4690	None
4691	None
4692	None
4693	None
4694	None
4695	None
4696	None
4697	None
4698	None
4699	2649
4700	None
4701	None
4702	None
4703	None
4704	None
4705	None
4706	None
4707	None
4708	None
4709	None
4710	None
4711	None
4712	None
4713	None
4714	None
4715	None
4716	3245
4717	None
4718	None
4719	None
4720	None
4721	None
4722	None
4723	None
4724	None
4725	None
4726	None
4727	None
4728	None
4729	2927
4730	None
4731	None
4732	None
4733	None
4734	None
4735	None
4736	None
4737	None
4738	None
4739	3437
4740	None
4741	None
4742	None
4743	4533
4744	None
4745	None
4746	None
4747	None
4748	3424
4749	None
4750	None
4751	3149
4752	4121
4753	None
4754	None
4755	None
4756	None
4757	None
4758	None
4759	None
4760	None
4761	None
4762	None
4763	None
4764	None
4765	None
4766	2525
4767	None
4768	2932
4769	None
4770	None
4771	None
4772	None
4773	None
4774	4186
4775	None
4776	2969
4777	None
4778	None
4779	None
4780	None
4781	None
4782	None
4783	None
4784	None
4785	None
4786	None
4787	None
4788	3135
4789	None
4790	None
4791	None
4792	None
4793	2703
4794	None
4795	None
4796	None
4797	None
4798	None
4799	None
4800	None
4801	None
4802	None
4803	None
4804	None
4805	None
4806	None
4807	None
4808	None
4809	3795
4810	None
4811	None
4812	None
4813	None
4814	None
4815	None
4816	3134
4817	None
4818	None
4819	None
4820	3915
4821	None
4822	None
4823	None
4824	1847
4825	None
4826	None
4827	None
4828	None
4829	3880
4830	None
4831	None
4832	None
4833	None
4834	None
4835	None
4836	None
4837	None
4838	None
4839	None
4840	None
4841	None
4842	None
4843	None
4844	None
4845	None
4846	3796
4847	None
4848	None
4849	None
4850	None
4851	None
4852	None
4853	None
4854	None
4855	None
4856	None
4857	None
4858	3348
4859	None
4860	None
4861	None
4862	None
4863	None
4864	None
4865	None
4866	2958
4867	None
4868	None
4869	3582
4870	None
4871	None
4872	None
4873	None
4874	None
4875	None
4876	1979
4877	4362
4878	None
4879	None
4880	None
4881	None
4882	2734
4883	None
4884	None
4885	None
4886	None
4887	None
4888	None
4889	3973
4890	None
4891	3706
4892	3185
4893	None
4894	None
4895	None
4896	None
4897	None
4898	None
4899	None
4900	5536
4901	None
4902	None
4903	3402
4904	None
4905	None
4906	None
4907	3424
4908	None
4909	None
4910	None
4911	3431
4912	3216
4913	None
4914	None
4915	2982
4916	None
4917	None
4918	None
4919	None
4920	None
4921	None
4922	None
4923	None
4924	None
4925	None
4926	None
4927	2290
4928	None
4929	4153
4930	None
4931	None
4932	None
4933	3332
4934	None
4935	4121
4936	3260
4937	None
4938	None
4939	None
4940	None
4941	None
4942	None
4943	None
4944	3903
4945	4015
4946	2979
4947	None
4948	None
4949	None
4950	None
4951	None
4952	None
4953	3700
4954	3674
4955	None
4956	None
4957	3782
4958	4572
4959	None
4960	3127
4961	1870
4962	None
4963	3838
4964	2951
4965	None
4966	None
4967	None
4968	None
4969	None
4970	3665
4971	None
4972	3779
4973	3167
4974	3482
4975	3144
4976	None
4977	None
4978	None
4979	2532
4980	3401
4981	3574
4982	None
4983	4544
4984	None
4985	2738
4986	3076
4987	2164
4988	None
4989	2685
4990	None
4991	3370
4992	None
4993	None
4994	None
4995	None
4996	None
4997	None
4998	4231
4999	None
5000	2775
5001	3169
5002	None
5003	3150
5004	3039
5005	2215
5006	2355
5007	2343
5008	None
5009	None
5010	None
5011	None
5012	None
5013	None
5014	None
5015	None
5016	2539
5017	4560
5018	2629
5019	2680
5020	3036
5021	3534
5022	None
5023	2913
5024	3132
5025	2845
5026	None
5027	None
5028	None
5029	None
5030	4258
5031	None
5032	5335
5033	None
5034	None
5035	5216
5036	None
5037	4650
5038	2345
5039	None
5040	2586
5041	4615
5042	None
5043	3370
5044	None
5045	None
5046	3507
5047	None
5048	5200
5049	3739
5050	None
5051	3962
5052	None
5053	5305
5054	3035
5055	None
5056	4397
5057	4690
5058	None
5059	None
5060	4439
5061	None
5062	3818
5063	4864
5064	5510
5065	3394
5066	None
5067	3371
5068	3647
5069	3990
5070	3197
5071	4104
5072	None
5073	3650
5074	None
5075	None
5076	3695
5077	4606
5078	4613
5079	6416
5080	3118
5081	None
5082	None
5083	2086
5084	4214
5085	3437
5086	None
5087	None
5088	3180
5089	None
5090	4631
5091	3403
5092	None
5093	4908
5094	4643
5095	None
5096	2961
5097	2335
5098	4743
5099	5500
5100	4678
5101	4016
5102	None
5103	4306
5104	None
5105	3482
5106	4078
5107	4838
5108	3137
5109	None
5110	5175
5111	None
5112	None
5113	3263
5114	None
5115	3071
5116	5242
5117	2324
5118	4339
5119	5311
5120	3173
5121	4451
5122	None
5123	4442
5124	3787
5125	3798
5126	2004
5127	3151
5128	None
5129	3206
5130	5375
5131	None
5132	4378
5133	4267
5134	None
5135	None
5136	3517
5137	3709
5138	2879
5139	3370
5140	3227
5141	3693
5142	4541
5143	2587
5144	4832
5145	4689
5146	2556
5147	3173
5148	4611
5149	3260
5150	4184
5151	None
5152	None
5153	3949
5154	3590
5155	None
5156	5158
5157	None
5158	5677
5159	4364
5160	None
5161	2301
5162	None
5163	None
5164	4084
5165	5187
5166	None
5167	3943
5168	None
5169	None
5170	5387
5171	3452
5172	3463
5173	4489
5174	5795
5175	4300
5176	3823
5177	None
5178	None
5179	3871
5180	4272
5181	4060
5182	3293
5183	5448
5184	3940
5185	2614
5186	3835
5187	4291
5188	5283
5189	3653
5190	5677
5191	None
5192	None
5193	6064
5194	5475
5195	2887
5196	None
5197	4675
5198	4300
5199	None
5200	4611
5201	2373
5202	4314
5203	None
5204	None
5205	2458
5206	3571
5207	4484
5208	4472
5209	5960
5210	2156
5211	4591
5212	3886
5213	3732
5214	3647
5215	None
5216	2013
5217	2906
5218	3681
5219	None
5220	4281
5221	3237
5222	3522
5223	4384
5224	None
5225	5458
5226	4917
5227	2345
5228	4901
5229	3458
5230	5785
5231	6625
5232	None
5233	4970
5234	None
5235	None
5236	2909
5237	5818
5238	4269
5239	3795
5240	None
5241	5582
5242	3573
5243	6008
5244	None
5245	None
5246	2837
5247	4186
5248	None
5249	3672
5250	None
5251	3401
5252	3682
5253	5055
5254	None
5255	3514
5256	None
5257	3850
5258	4233
5259	None
5260	6124
5261	None
5262	5481
5263	5670
5264	2997
5265	3694
5266	6008
5267	None
5268	4493
5269	None
5270	None
5271	4734
5272	3535
5273	5918
5274	None
5275	3237
5276	None
5277	5791
5278	2521
5279	3981
5280	4934
5281	5421
5282	None
5283	None
5284	3179
5285	3412
5286	4019
5287	4436
5288	None
5289	4364
5290	5399
5291	None
5292	3873
5293	None
5294	None
5295	6191
5296	None
5297	None
5298	4382
5299	4178
5300	None
5301	None
5302	4101
5303	3686
5304	None
5305	None
5306	3836
5307	None
5308	5573
5309	3553
5310	3988
5311	4951
5312	4563
5313	4184
5314	None
5315	5344
5316	4273
5317	None
5318	3726
5319	5553
5320	None
5321	None
5322	None
5323	None
5324	None
5325	None
5326	4255
5327	5786
5328	3993
5329	4959
5330	None
5331	None
5332	6128
5333	None
5334	4810
5335	None
5336	2837
5337	None
5338	3934
5339	4757
5340	4213
5341	3976
5342	4157
5343	3902
5344	None
5345	None
5346	3869
5347	3781
5348	4086
5349	3930
5350	None
5351	3761
5352	None
5353	5604
5354	None
5355	4130
5356	5627
5357	None
5358	5242
5359	4391
5360	None
5361	4606
5362	4358
5363	None
5364	3726
5365	None
5366	None
5367	4951
5368	None
5369	4362
5370	3609
5371	3873
5372	None
5373	None
5374	None
5375	None
5376	None
5377	4781
5378	3892
5379	4837
5380	5781
5381	6424
5382	4421
5383	6349
5384	None
5385	None
5386	3196
5387	None
5388	5460
5389	4367
5390	None
5391	None
5392	None
5393	None
5394	3937
5395	3196
5396	4862
5397	None
5398	4572
5399	5732
5400	4189
5401	None
5402	None
5403	None
5404	4391
5405	4003
5406	None
5407	None
5408	4127
5409	4132
5410	None
5411	None
5412	4139
5413	None
5414	2521
5415	None
5416	None
5417	None
5418	None
5419	None
5420	4319
5421	4895
5422	5217
5423	None
5424	None
5425	None
5426	None
5427	None
5428	3660
5429	None
5430	None
5431	3750
5432	4847
5433	4422
5434	None
5435	4292
5436	None
5437	4650
5438	None
5439	5512
5440	None
5441	None
5442	None
5443	None
5444	6306
5445	4139
5446	None
5447	5246
5448	4774
5449	4159
5450	None
5451	None
5452	6086
5453	None
5454	6671
5455	5466
5456	None
5457	None
5458	None
5459	None
5460	4686
5461	None
5462	None
5463	None
5464	None
5465	None
5466	4751
5467	4649
5468	None
5469	5151
5470	None
5471	None
5472	3925
5473	3915
5474	None
5475	None
5476	None
5477	5792
5478	None
5479	3482
5480	4370
5481	None
5482	None
5483	4327
5484	None
5485	None
5486	None
5487	4735
5488	None
5489	4661
5490	3869
5491	5290
5492	None
5493	4423
5494	None
5495	5112
5496	None
5497	None
5498	None
5499	None
5500	4607
5501	4741
5502	None
5503	None
5504	None
5505	None
5506	5219
5507	None
5508	None
5509	None
5510	None
5511	None
5512	None
5513	4284
5514	5492
5515	None
5516	None
5517	7061
5518	None
5519	4334
5520	None
5521	5846
5522	3972
5523	4072
5524	5648
5525	2660
5526	4746
5527	5565
5528	None
5529	None
5530	None
5531	None
5532	None
5533	None
5534	6533
5535	6203
5536	None
5537	None
5538	4444
5539	2758
5540	None
5541	5912
5542	4303
5543	3114
5544	5522
5545	4634
5546	4978
5547	5212
5548	None
5549	None
5550	None
5551	None
5552	None
5553	None
5554	5199
5555	None
5556	6445
5557	None
5558	None
5559	None
5560	4110
5561	None
5562	None
5563	None
5564	None
5565	None
5566	4940
5567	None
5568	None
5569	5982
5570	None
5571	4159
5572	None
5573	6421
5574	None
5575	5212
5576	None
5577	4226
5578	None
5579	2013
5580	None
5581	None
5582	None
5583	None
5584	5667
5585	2519
5586	None
5587	None
5588	5212
5589	None
5590	None
5591	None
5592	6892
5593	None
5594	5274
5595	None
5596	None
5597	6447
5598	None
5599	3968
5600	5667
5601	None
5602	4589
5603	None
5604	5196
5605	None
5606	None
5607	None
5608	4971
5609	None
5610	4222
5611	3954
5612	None
5613	None
5614	None
5615	None
5616	None
5617	None
5618	4184
5619	4310
5620	None
5621	None
5622	None
5623	3856
5624	None
5625	None
5626	None
5627	6645
5628	3779
5629	None
5630	5186
5631	None
5632	None
5633	5213
5634	6011
5635	None
5636	None
5637	None
5638	None
5639	4216
5640	4138
5641	None
5642	None
5643	None
5644	None
5645	None
5646	5901
5647	None
5648	None
5649	6690
5650	4992
5651	5453
5652	5453
5653	None
5654	4793
5655	None
5656	None
5657	None
5658	None
5659	4092
5660	6242
5661	None
5662	None
5663	4690
5664	None
5665	None
5666	None
5667	None
5668	None
5669	None
5670	None
5671	None
5672	None
5673	None
5674	5581
5675	4606
5676	6592
5677	None
5678	4214
5679	None
5680	5293
5681	5138
5682	None
5683	None
5684	None
5685	None
5686	None
5687	None
5688	None
5689	4387
5690	None
5691	None
5692	None
5693	None
5694	None
5695	None
5696	None
5697	None
5698	None
5699	None
5700	None
5701	None
5702	None
5703	None
5704	None
5705	None
5706	None
5707	None
5708	None
5709	None
5710	None
5711	None
5712	None
5713	None
5714	None
5715	None
5716	None
5717	None
5718	None
5719	None
5720	None
5721	None
5722	None
5723	None
5724	None
5725	None
5726	None
5727	None
5728	None
5729	None
5730	None
5731	None
5732	None
5733	None
5734	None
5735	None
5736	None
5737	None
5738	None
5739	None
5740	None
5741	None
5742	None
5743	None
5744	None
5745	None
5746	None
5747	None
5748	None
5749	None
5750	None
5751	None
5752	None
5753	None
5754	None
5755	None
5756	None
5757	None
5758	None
5759	None
5760	None
5761	None
5762	None
5763	None
5764	None
5765	None
5766	None
5767	None
5768	None
5769	None
5770	None
5771	None
5772	None
5773	None
5774	None
5775	None
5776	None
5777	None
5778	None
5779	None
5780	None
5781	None
5782	None
5783	None
5784	None
5785	None
5786	None
5787	None
5788	None
5789	None
5790	None
5791	None
5792	None
5793	None
5794	None
5795	None
5796	None
5797	None
5798	None
5799	None
5800	None
5801	None
5802	None
5803	None
5804	None
5805	None
5806	None
5807	None
5808	None
5809	None
5810	None
5811	None
5812	None
5813	None
5814	None
5815	None
5816	None
5817	None
5818	None
5819	None
5820	None
5821	None
5822	None
5823	None
5824	None
5825	None
5826	None
5827	None
5828	None
5829	None
5830	None
5831	None
5832	None
5833	None
5834	None
5835	None
5836	None
5837	None
5838	None
5839	None
5840	None
5841	None
5842	None
5843	None
5844	None
5845	None
5846	None
5847	None
5848	None
5849	None
5850	None
5851	None
5852	None
5853	None
5854	None
5855	None
5856	None
5857	None
5858	None
5859	None
5860	None
5861	None
5862	None
5863	None
5864	None
5865	None
5866	None
5867	None
5868	None
5869	None
5870	None
5871	None
5872	None
5873	None
5874	None
5875	None
5876	None
5877	None
5878	None
5879	None
5880	None
5881	None
5882	None
5883	None
5884	None
5885	None
5886	None
5887	None
5888	None
5889	None
5890	None
5891	None
5892	None
5893	None
5894	None
5895	None
5896	None
5897	None
5898	None
5899	None
5900	None
5901	None
5902	None
5903	None
5904	None
5905	None
5906	None
5907	None
5908	None
5909	None
5910	None
5911	None
5912	None
5913	None
5914	None
5915	None
5916	None
5917	None
5918	None
5919	None
5920	None
5921	None
5922	None
5923	None
5924	None
5925	None
5926	None
5927	None
5928	None
5929	None
5930	None
5931	None
5932	None
5933	None
5934	None
5935	None
5936	None
5937	None
5938	None
5939	None
5940	None
5941	None
5942	None
5943	None
5944	None
5945	None
5946	None
5947	None
5948	None
5949	None
5950	None
5951	None
5952	None
5953	None
5954	None
5955	None
5956	None
5957	None
5958	None
5959	None
5960	None
5961	None
5962	None
5963	None
5964	None
5965	None
5966	None
5967	None
5968	None
5969	None
5970	None
5971	None
5972	None
5973	None
5974	None
5975	None
5976	None
5977	None
5978	None
5979	None
5980	None
5981	None
5982	None
5983	None
5984	None
5985	None
5986	None
5987	None
5988	None
5989	None
5990	None
5991	None
5992	None
5993	None
5994	None
5995	None
5996	None
5997	None
5998	None
5999	None
6000	None
6001	None
6002	None
6003	None
6004	None
6005	None
6006	None
6007	None
6008	None
6009	None
6010	None
6011	None
6012	None
6013	None
6014	None
6015	None
6016	None
6017	None
6018	None
6019	None
6020	None
6021	None
6022	None
6023	None
6024	None
6025	None
6026	None
6027	None
6028	None
6029	None
6030	None
6031	None
6032	None
6033	None
6034	None
6035	None
6036	None
6037	None
6038	None
6039	None
6040	None
6041	None
6042	None
6043	None
6044	None
6045	None
6046	None
6047	None
6048	None
6049	None
6050	None
6051	None
6052	None
6053	None
6054	None
6055	None
6056	None
6057	None
6058	None
6059	None
6060	None
6061	None
6062	None
6063	None
6064	None
6065	None
6066	None
6067	None
6068	None
6069	None
6070	None
6071	None
6072	None
6073	None
6074	None
6075	None
6076	None
6077	None
6078	None
6079	None
6080	None
6081	None
6082	None
6083	None
6084	None
6085	None
6086	None
6087	None
6088	None
6089	None
6090	None
6091	None
6092	None
6093	None
6094	None
6095	None
6096	None
6097	None
6098	None
6099	None
6100	None
6101	None
6102	None
6103	None
6104	None
6105	None
6106	None
6107	None
6108	None
6109	None
6110	None
6111	None
6112	None
6113	None
6114	None
6115	None
6116	None
6117	None
6118	None
6119	None
6120	None
6121	None
6122	None
6123	None
6124	None
6125	None
6126	None
6127	None
6128	None
6129	None
6130	None
6131	None
6132	None
6133	None
6134	None
6135	None
6136	None
6137	None
6138	None
6139	None
6140	None
6141	None
6142	None
6143	None
6144	None
6145	None
6146	None
6147	None
6148	None
6149	None
6150	None
6151	None
6152	None
6153	None
6154	None
6155	None
6156	None
6157	None
6158	None
6159	None
6160	None
6161	None
6162	None
6163	None
6164	None
6165	None
6166	None
6167	None
6168	None
6169	None
6170	None
6171	None
6172	None
6173	None
6174	None
6175	None
6176	None
6177	None
6178	None
6179	None
6180	None
6181	None
6182	None
6183	None
6184	None
6185	None
6186	None
6187	None
6188	None
6189	None
6190	None
6191	None
6192	None
6193	None
6194	None
6195	None
6196	None
6197	None
6198	None
6199	None
6200	None
6201	None
6202	None
6203	None
6204	None
6205	None
6206	None
6207	None
6208	None
6209	None
6210	None
6211	None
6212	None
6213	None
6214	None
6215	None
6216	None
6217	None
6218	None
6219	None
6220	None
6221	None
6222	None
6223	None
6224	None
6225	None
6226	None
6227	None
6228	None
6229	None
6230	None
6231	None
6232	None
6233	None
6234	None
6235	None
6236	None
6237	None
6238	None
6239	None
6240	None
6241	None
6242	None
6243	None
6244	None
6245	None
6246	None
6247	None
6248	None
6249	None
6250	None
6251	None
6252	None
6253	None
6254	None
6255	None
6256	None
6257	None
6258	None
6259	None
6260	None
6261	None
6262	None
6263	None
6264	None
6265	None
6266	None
6267	None
6268	None
6269	None
6270	None
6271	None
6272	None
6273	None
6274	None
6275	None
6276	None
6277	None
6278	None
6279	None
6280	None
6281	None
6282	None
6283	None
6284	None
6285	None
6286	None
6287	None
6288	None
6289	None
6290	None
6291	None
6292	None
6293	None
6294	None
6295	None
6296	None
6297	None
6298	None
6299	None
6300	None
6301	None
6302	None
6303	None
6304	None
6305	None
6306	None
6307	None
6308	None
6309	None
6310	None
6311	None
6312	None
6313	None
6314	None
6315	None
6316	None
6317	None
6318	None
6319	None
6320	None
6321	None
6322	None
6323	None
6324	None
6325	None
6326	None
6327	None
6328	None
6329	None
6330	None
6331	None
6332	None
6333	None
6334	None
6335	None
6336	None
6337	None
6338	None
6339	None
6340	None
6341	None
6342	None
6343	None
6344	None
6345	None
6346	None
6347	None
6348	None
6349	None
6350	None
6351	None
6352	None
6353	None
6354	None
6355	None
6356	None
6357	None
6358	None
6359	None
6360	None
6361	None
6362	None
6363	None
6364	None
6365	None
6366	None
6367	None
6368	None
6369	None
6370	None
6371	None
6372	None
6373	None
6374	None
6375	None
6376	None
6377	None
6378	None
6379	None
6380	None
6381	None
6382	None
6383	None
6384	None
6385	None
6386	None
6387	None
6388	None
6389	None
6390	None
6391	None
6392	None
6393	None
6394	None
6395	None
6396	None
6397	None
6398	None
6399	None
6400	None
6401	None
6402	None
6403	None
6404	None
6405	None
6406	None
6407	None
6408	None
6409	None
6410	None
6411	None
6412	None
6413	None
6414	None
6415	None
6416	None
6417	None
6418	None
6419	None
6420	None
6421	None
6422	None
6423	None
6424	None
6425	None
6426	None
6427	None
6428	None
6429	None
6430	None
6431	None
6432	None
6433	None
6434	None
6435	None
6436	None
6437	None
6438	None
6439	None
6440	None
6441	None
6442	None
6443	None
6444	None
6445	None
6446	None
6447	None
6448	None
6449	None
6450	None
6451	None
6452	None
6453	None
6454	None
6455	None
6456	None
6457	None
6458	None
6459	None
6460	None
6461	None
6462	None
6463	None
6464	None
6465	None
6466	None
6467	None
6468	None
6469	None
6470	None
6471	None
6472	None
6473	None
6474	None
6475	None
6476	None
6477	None
6478	None
6479	None
6480	None
6481	None
6482	None
6483	None
6484	None
6485	None
6486	None
6487	None
6488	None
6489	None
6490	None
6491	None
6492	None
6493	None
6494	None
6495	None
6496	None
6497	None
6498	None
6499	None
6500	None
6501	None
6502	None
6503	None
6504	None
6505	None
6506	None
6507	None
6508	None
6509	None
6510	None
6511	None
6512	None
6513	None
6514	None
6515	None
6516	None
6517	None
6518	None
6519	None
6520	None
6521	None
6522	None
6523	None
6524	None
6525	None
6526	None
6527	None
6528	None
6529	None
6530	None
6531	None
6532	None
6533	None
6534	None
6535	None
6536	None
6537	None
6538	None
6539	None
6540	None
6541	None
6542	None
6543	None
6544	None
6545	None
6546	None
6547	None
6548	None
6549	None
6550	None
6551	None
6552	None
6553	None
6554	None
6555	None
6556	None
6557	None
6558	None
6559	None
6560	None
6561	None
6562	None
6563	None
6564	None
6565	None
6566	None
6567	None
6568	None
6569	None
6570	None
6571	None
6572	None
6573	None
6574	None
6575	None
6576	None
6577	None
6578	None
6579	None
6580	None
6581	None
6582	None
6583	None
6584	None
6585	None
6586	None
6587	None
6588	None
6589	None
6590	None
6591	None
6592	None
6593	None
6594	None
6595	None
6596	None
6597	None
6598	None
6599	None
6600	None
6601	None
6602	None
6603	None
6604	None
6605	None
6606	None
6607	None
6608	None
6609	None
6610	None
6611	None
6612	None
6613	None
6614	None
6615	None
6616	None
6617	None
6618	None
6619	None
6620	None
6621	None
6622	None
6623	None
6624	None
6625	None
6626	None
6627	None
6628	None
6629	None
6630	None
6631	None
6632	None
6633	None
6634	None
6635	None
6636	None
6637	None
6638	None
6639	None
6640	None
6641	None
6642	None
6643	None
6644	None
6645	None
6646	None
6647	None
6648	None
6649	None
6650	None
6651	None
6652	None
6653	None
6654	None
6655	None
6656	None
6657	None
6658	None
6659	None
6660	None
6661	None
6662	None
6663	None
6664	None
6665	None
6666	None
6667	None
6668	None
6669	None
6670	None
6671	None
6672	None
6673	None
6674	None
6675	None
6676	None
6677	None
6678	None
6679	None
6680	None
6681	None
6682	None
6683	None
6684	None
6685	None
6686	None
6687	None
6688	None
6689	None
6690	None
6691	None
6692	None
6693	None
6694	None
6695	None
6696	None
6697	None
6698	None
6699	None
6700	None
6701	None
6702	None
6703	None
6704	None
6705	None
6706	None
6707	None
6708	None
6709	None
6710	None
6711	None
6712	None
6713	None
6714	None
6715	None
6716	None
6717	None
6718	None
6719	None
6720	None
6721	None
6722	None
6723	None
6724	None
6725	None
6726	None
6727	None
6728	None
6729	None
6730	None
6731	None
6732	None
6733	None
6734	None
6735	None
6736	None
6737	None
6738	None
6739	None
6740	None
6741	None
6742	None
6743	None
6744	None
6745	None
6746	None
6747	None
6748	None
6749	None
6750	None
6751	None
6752	None
6753	None
6754	None
6755	None
6756	None
6757	None
6758	None
6759	None
6760	None
6761	None
6762	None
6763	None
6764	None
6765	None
6766	None
6767	None
6768	None
6769	None
6770	None
6771	None
6772	None
6773	None
6774	None
6775	None
6776	None
6777	None
6778	None
6779	None
6780	None
6781	None
6782	None
6783	None
6784	None
6785	None
6786	None
6787	None
6788	None
6789	None
6790	None
6791	None
6792	None
6793	None
6794	None
6795	None
6796	None
6797	None
6798	None
6799	None
6800	None
6801	None
6802	None
6803	None
6804	None
6805	None
6806	None
6807	None
6808	None
6809	None
6810	None
6811	None
6812	None
6813	None
6814	None
6815	None
6816	None
6817	None
6818	None
6819	None
6820	None
6821	None
6822	None
6823	None
6824	None
6825	None
6826	None
6827	None
6828	None
6829	None
6830	None
6831	None
6832	None
6833	None
6834	None
6835	None
6836	None
6837	None
6838	None
6839	None
6840	None
6841	None
6842	None
6843	None
6844	None
6845	None
6846	None
6847	None
6848	None
6849	None
6850	None
6851	None
6852	None
6853	None
6854	None
6855	None
6856	None
6857	None
6858	None
6859	None
6860	None
6861	None
6862	None
6863	None
6864	None
6865	None
6866	None
6867	None
6868	None
6869	None
6870	None
6871	None
6872	None
6873	None
6874	None
6875	None
6876	None
6877	None
6878	None
6879	None
6880	None
6881	None
6882	None
6883	None
6884	None
6885	None
6886	None
6887	None
6888	None
6889	None
6890	None
6891	None
6892	None
6893	None
6894	None
6895	None
6896	None
6897	None
6898	None
6899	None
6900	None
6901	None
6902	None
6903	None
6904	None
6905	None
6906	None
6907	None
6908	None
6909	None
6910	None
6911	None
6912	None
6913	None
6914	None
6915	None
6916	None
6917	None
6918	None
6919	None
6920	None
6921	None
6922	None
6923	None
6924	None
6925	None
6926	None
6927	None
6928	None
6929	None
6930	None
6931	None
6932	None
6933	None
6934	None
6935	None
6936	None
6937	None
6938	None
6939	None
6940	None
6941	None
6942	None
6943	None
6944	None
6945	None
6946	None
6947	None
6948	None
6949	None
6950	None
6951	None
6952	None
6953	None
6954	None
6955	None
6956	None
6957	None
6958	None
6959	None
6960	None
6961	None
6962	None
6963	None
6964	None
6965	None
6966	None
6967	None
6968	None
6969	None
6970	None
6971	None
6972	None
6973	None
6974	None
6975	None
6976	None
6977	None
6978	None
6979	None
6980	None
6981	None
6982	None
6983	None
6984	None
6985	None
6986	None
6987	None
6988	None
6989	None
6990	None
6991	None
6992	None
6993	None
6994	None
6995	None
6996	None
6997	None
6998	None
6999	None
7000	None
7001	None
7002	None
7003	None
7004	None
7005	None
7006	None
7007	None
7008	None
7009	None
7010	None
7011	None
7012	None
7013	None
7014	None
7015	None
7016	None
7017	None
7018	None
7019	None
7020	None
7021	None
7022	None
7023	None
7024	None
7025	None
7026	None
7027	None
7028	None
7029	None
7030	None
7031	None
7032	None
7033	None
7034	None
7035	None
7036	None
7037	None
7038	None
7039	None
7040	None
7041	None
7042	None
7043	None
7044	None
7045	None
7046	None
7047	None
7048	None
7049	None
7050	None
7051	None
7052	None
7053	None
7054	None
7055	None
7056	None
7057	None
7058	None
7059	None
7060	None
7061	None
7062	None
7063	None
7064	None
7065	None
7066	None
7067	None
7068	None
7069	None
7070	None
7071	None
7072	None
7073	None
7074	None
7075	None
7076	None
7077	None
7078	None
7079	None
7080	None
7081	None
7082	None
7083	None
7084	None
7085	None
7086	None
7087	None
7088	None
7089	None
7090	None
7091	None
7092	None
7093	None
7094	None
7095	None
7096	None
7097	None
7098	None
7099	None
7100	None
7101	None
7102	None
7103	None
7104	None
7105	None
7106	None
7107	None
7108	None
7109	None
7110	None
7111	None
7112	None
7113	None
7114	None
7115	None
7116	None
7117	None
7118	None
7119	None
7120	None
7121	None
7122	None
7123	None
7124	None
7125	None
7126	None
7127	None
7128	None
7129	None
7130	None
7131	None
7132	None
7133	None
7134	None
7135	None
7136	None
7137	None
7138	None
7139	None
7140	None
7141	None
7142	None
7143	None
7144	None
7145	None
7146	None
7147	None
7148	None
7149	None
7150	None
7151	None
7152	None
7153	None
7154	None
7155	None
7156	None
7157	None
7158	None
7159	None
7160	None
7161	None
7162	None
7163	None
7164	None
7165	None
7166	None
7167	None
7168	None
7169	None
7170	None
7171	None
7172	None
7173	None
7174	None
7175	None
7176	None
7177	None
7178	None
7179	None
7180	None
7181	None
7182	None
7183	None
7184	None
7185	None
7186	None
7187	None
7188	None
7189	None
7190	None
7191	None
7192	None
7193	None
7194	None
7195	None
7196	None
7197	None
7198	None
7199	None
7200	None
7201	None
7202	None
7203	None
7204	None
7205	None
7206	None
7207	None
7208	None
7209	None
7210	None
7211	None
7212	None
7213	None
7214	None
7215	None
7216	None
7217	None
7218	None
7219	None
7220	None
7221	None
7222	None
7223	None
7224	None
7225	None
7226	None
7227	None
7228	None
7229	None
7230	None
7231	None
7232	None
7233	None
7234	None
7235	None
7236	None
7237	None
7238	None
7239	None
7240	None
7241	None
7242	None
7243	None
7244	None
7245	None
7246	None
7247	None
7248	None
7249	None
7250	None
7251	None
7252	None
7253	None
7254	None
7255	None
7256	None
7257	None
7258	None
7259	None
7260	None
7261	None
7262	None
7263	None
7264	None
7265	None
7266	None
7267	None
7268	None
7269	None
7270	None
7271	None
7272	None
7273	None
7274	None
7275	None
7276	None
7277	None
7278	None
7279	None
7280	None
7281	None
7282	None
7283	None
7284	None
7285	None
7286	None
7287	None
7288	None
7289	None
7290	None
7291	None
7292	None
7293	None
7294	None
7295	None
7296	None
7297	None
7298	None
7299	None
7300	None
7301	None
7302	None
7303	None
7304	None
7305	None
7306	None
7307	None
7308	None
7309	None
7310	None
7311	None
7312	None
7313	None
7314	None
7315	None
7316	None
7317	None
7318	None
7319	None
7320	None
7321	None
7322	None
7323	None
7324	None
7325	None
7326	None
7327	None
7328	None
7329	None
7330	None
7331	None
7332	None
7333	None
7334	None
7335	None
7336	None
7337	None
7338	None
7339	None
7340	None
7341	None
7342	None
7343	None
7344	None
7345	None
7346	None
7347	None
7348	None
7349	None
7350	None
7351	None
7352	None
7353	None
7354	None
7355	None
7356	None
7357	None
7358	None
7359	None
7360	None
7361	None
7362	None
7363	None
7364	None
7365	None
7366	None
7367	None
7368	None
7369	None
7370	None
7371	None
7372	None
7373	None
7374	None
7375	None
7376	None
7377	None
7378	None
7379	None
7380	None
7381	None
7382	None
7383	None
7384	None
7385	None
7386	None
7387	None
7388	None
7389	None
7390	None
7391	None
7392	None
7393	None
7394	None
7395	None
7396	None
7397	None
7398	None
7399	None
7400	None
7401	None
7402	None
7403	None
7404	None
7405	None
7406	None
7407	None
7408	None
7409	None
7410	None
7411	None
7412	None
7413	None
7414	None
7415	None
7416	None
7417	None
7418	None
7419	None
7420	None
7421	None
7422	None
7423	None
7424	None
7425	None
7426	None
7427	None
7428	None
7429	None
7430	None
7431	None
7432	None
7433	None
7434	None
7435	None
7436	None
7437	None
7438	None
7439	None
7440	None
7441	None
7442	None
7443	None
7444	None
7445	None
7446	None
7447	None
7448	None
7449	None
7450	None
7451	None
7452	None
7453	None
7454	None
7455	None
7456	None
7457	None
7458	None
7459	None
7460	None
7461	None
7462	None
7463	None
7464	None
7465	None
7466	None
7467	None
7468	None
7469	None
7470	None
7471	None
7472	None
7473	None
7474	None
7475	None
7476	None
7477	None
7478	None
7479	None
7480	None
7481	None
7482	None
7483	None
7484	None
7485	None
7486	None
7487	None
7488	None
7489	None
7490	None
7491	None
7492	None
7493	None
7494	None
7495	None
7496	None
7497	None
7498	None
7499	None
7500	None
7501	None
7502	None
7503	None
7504	None
7505	None
7506	None
7507	None
7508	None
7509	None
7510	None
7511	None
7512	None
7513	None
7514	None
7515	None
7516	None
7517	None
7518	None
7519	None
7520	None
7521	None
7522	None
7523	None
7524	None
7525	None
7526	None
7527	None
7528	None
7529	None
7530	None
7531	None
7532	None
7533	None
7534	None
7535	None
7536	None
7537	None
7538	None
7539	None
7540	None
7541	None
7542	None
7543	None
7544	None
7545	None
7546	None
7547	None
7548	None
7549	None
7550	None
7551	None
7552	None
7553	None
7554	None
7555	None
7556	None
7557	None
7558	None
7559	None
7560	None
7561	None
7562	None
7563	None
7564	None
7565	None
7566	None
7567	None
7568	None
7569	None
7570	None
7571	None
7572	None
7573	None
7574	None
7575	None
7576	None
7577	None
7578	None
7579	None
7580	None
7581	None
7582	None
7583	None
7584	None
7585	None
7586	None
7587	None
7588	None
7589	None
7590	None
7591	None
7592	None
7593	None
7594	None
7595	None
7596	None
7597	None
7598	None
7599	None
7600	None
7601	None
7602	None
7603	None
7604	None
7605	None
7606	None
7607	None
7608	None
7609	None
7610	None
7611	None
7612	None
7613	None
7614	None
7615	None
7616	None
7617	None
7618	None
7619	None
7620	None
7621	None
7622	None
7623	None
7624	None
7625	None
7626	None
7627	None
7628	None
7629	None
7630	None
7631	None
7632	None
7633	None
7634	None
7635	None
7636	None
7637	None
7638	None
7639	None
7640	None
7641	None
7642	None
7643	None
7644	None
7645	None
7646	None
7647	None
7648	None
7649	None
7650	None
7651	None
7652	None
7653	None
7654	None
7655	None
7656	None
7657	None
7658	None
7659	None
7660	None
7661	None
7662	None
7663	None
7664	None
7665	None
7666	None
7667	None
7668	None
7669	None
7670	None
7671	None
7672	None
7673	None
7674	None
7675	None
7676	None
7677	None
7678	None
7679	None
7680	None
7681	None
7682	None
7683	None
7684	None
7685	None
7686	None
7687	None
7688	None
7689	None
7690	None
7691	None
7692	None
7693	None
7694	None
7695	None
7696	None
7697	None
7698	None
7699	None
7700	None
7701	None
7702	None
7703	None
7704	None
7705	None
7706	None
7707	None
7708	None
7709	None
7710	None
7711	None
7712	None
7713	None
7714	None
7715	None
7716	None
7717	None
7718	None
7719	None
7720	None
7721	None
7722	None
7723	None
7724	None
7725	None
7726	None
7727	None
7728	None
7729	None
7730	None
7731	None
7732	None
7733	None
7734	None
7735	None
7736	None
7737	None
7738	None
7739	None
7740	None
7741	None
7742	None
7743	None
7744	None
7745	None
7746	None
7747	None
7748	None
7749	None
7750	None
7751	None
7752	None
7753	None
7754	None
7755	None
7756	None
7757	None
7758	None
7759	None
7760	None
7761	None
7762	None
7763	None
7764	None
7765	None
7766	None
7767	None
7768	None
7769	None
7770	None
7771	None
7772	None
7773	None
7774	None
7775	None
7776	None
7777	None
7778	None
7779	None
7780	None
7781	None
7782	None
7783	None
7784	None
7785	None
7786	None
7787	None
7788	None
7789	None
7790	None
7791	None
7792	None
7793	None
7794	None
7795	None
7796	None
7797	None
7798	None
7799	None
7800	None
7801	None
7802	None
7803	None
7804	None
7805	None
7806	None
7807	None
7808	None
7809	None
7810	None
7811	None
7812	None
7813	None
7814	None
7815	None
7816	None
7817	None
7818	None
7819	None
7820	None
7821	None
7822	None
7823	None
7824	None
7825	None
7826	None
7827	None
7828	None
7829	None
7830	None
7831	None
7832	None
7833	None
7834	None
7835	None
7836	None
7837	None
7838	None
7839	None
7840	None
7841	None
7842	None
7843	None
7844	None
7845	None
7846	None
7847	None
7848	None
7849	None
7850	None
7851	None
7852	None
7853	None
7854	None
7855	None
7856	None
7857	None
7858	None
7859	None
7860	None
7861	None
7862	None
7863	None
7864	None
7865	None
7866	None
7867	None
7868	None
7869	None
7870	None
7871	None
7872	None
7873	None
7874	None
7875	None
7876	None
7877	None
7878	None
7879	None
7880	None
7881	None
7882	None
7883	None
7884	None
7885	None
7886	None
7887	None
7888	None
7889	None
7890	None
7891	None
7892	None
7893	None
7894	None
7895	None
7896	None
7897	None
7898	None
7899	None
7900	None
7901	None
7902	None
7903	None
7904	None
7905	None
7906	None
7907	None
7908	None
7909	None
7910	None
7911	None
7912	None
7913	None
7914	None
7915	None
7916	None
7917	None
7918	None
7919	None
7920	None
7921	None
7922	None
7923	None
7924	None
7925	None
7926	None
7927	None
7928	None
7929	None
7930	None
7931	None
7932	None
7933	None
7934	None
7935	None
7936	None
7937	None
7938	None
7939	None
7940	None
7941	None
7942	None
7943	None
7944	None
7945	None
7946	None
7947	None
7948	None
7949	None
7950	None
7951	None
7952	None
7953	None
7954	None
7955	None
7956	None
7957	None
7958	None
7959	None
7960	None
7961	None
7962	None
7963	None
7964	None
7965	None
7966	None
7967	None
7968	None
7969	None
7970	None
7971	None
7972	None
7973	None
7974	None
7975	None
7976	None
7977	None
7978	None
7979	None
7980	None
7981	None
7982	None
7983	None
7984	None
7985	None
7986	None
7987	None
7988	None
7989	None
7990	None
7991	None
7992	None
7993	None
7994	None
7995	None
7996	None
7997	None
7998	None
7999	None
8000	None
8001	None
8002	None
8003	None
8004	None
8005	None
8006	None
8007	None
8008	None
8009	None
8010	None
8011	None
8012	None
8013	None
8014	None
8015	None
8016	None
8017	None
8018	None
8019	None
8020	None
8021	None
8022	None
8023	None
8024	None
8025	None
8026	None
8027	None
8028	None
8029	None
8030	None
8031	None
8032	None
8033	None
8034	None
8035	None
8036	None
8037	None
8038	None
8039	None
8040	None
8041	None
8042	None
8043	None
8044	None
8045	None
8046	None
8047	None
8048	None
8049	None
8050	None
8051	None
8052	None
8053	None
8054	None
8055	None
8056	None
8057	None
8058	None
8059	None
8060	None
8061	None
8062	None
8063	None
8064	None
8065	None
8066	None
8067	None
8068	None
8069	None
8070	None
8071	None
8072	None
8073	None
8074	None
8075	None
8076	None
8077	None
8078	None
8079	None
8080	None
8081	None
8082	None
8083	None
8084	None
8085	None
8086	None
8087	None
8088	None
8089	None
8090	None
8091	None
8092	None
8093	None
8094	None
8095	None
8096	None
8097	None
8098	None
8099	None
8100	None
8101	None
8102	None
8103	None
8104	None
8105	None
8106	None
8107	None
8108	None
8109	None
8110	None
8111	None
8112	None
8113	None
8114	None
8115	None
8116	None
8117	None
8118	None
8119	None
8120	None
8121	None
8122	None
8123	None
8124	None
8125	None
8126	None
8127	None
8128	None
8129	None
8130	None
8131	None
8132	None
8133	None
8134	None
8135	None
8136	None
8137	None
8138	None
8139	None
8140	None
8141	None
8142	None
8143	None
8144	None
8145	None
8146	None
8147	None
8148	None
8149	None
8150	None
8151	None
8152	None
8153	None
8154	None
8155	None
8156	None
8157	None
8158	None
8159	None
8160	None
8161	None
8162	None
8163	None
8164	None
8165	None
8166	None
8167	None
8168	None
8169	None
8170	None
8171	None
8172	None
8173	None
8174	None
8175	None
8176	None
8177	None
8178	None
8179	None
8180	None
8181	None
8182	None
8183	None
8184	None
8185	None
8186	None
8187	None
8188	None
8189	None
8190	None
8191	None
8192	None
8193	None
8194	None
8195	None
8196	None
8197	None
8198	None
8199	None
8200	None
8201	None
8202	None
8203	None
8204	None
8205	None
8206	None
8207	None
8208	None
8209	None
8210	None
8211	None
8212	None
8213	None
8214	None
8215	None
8216	None
8217	None
8218	None
8219	None
8220	None
8221	None
8222	None
8223	None
8224	None
8225	None
8226	None
8227	None
8228	None
8229	None
8230	None
8231	None
8232	None
8233	None
8234	None
8235	None
8236	None
8237	None
8238	None
8239	None
8240	None
8241	None
8242	None
8243	None
8244	None
8245	None
8246	None
8247	None
8248	None
8249	None
8250	None
8251	None
8252	None
8253	None
8254	None
8255	None
8256	None
8257	None
8258	None
8259	None
8260	None
8261	None
8262	None
8263	None
8264	None
8265	None
8266	None
8267	None
8268	None
8269	None
8270	None
8271	None
8272	None
8273	None
8274	None
8275	None
8276	None
8277	None
8278	None
8279	None
8280	None
8281	None
8282	None
8283	None
8284	None
8285	None
8286	None
8287	None
8288	None
8289	None
8290	None
8291	None
8292	None
8293	None
8294	None
8295	None
8296	None
8297	None
8298	None
8299	None
8300	None
8301	None
8302	None
8303	None
8304	None
8305	None
8306	None
8307	None
8308	None
8309	None
8310	None
8311	None
8312	None
8313	None
8314	None
8315	None
8316	None
8317	None
8318	None
8319	None
8320	None
8321	None
8322	None
8323	None
8324	None
8325	None
8326	None
8327	None
8328	None
8329	None
8330	None
8331	None
8332	None
8333	None
8334	None
8335	None
8336	None
8337	None
8338	None
8339	None
8340	None
8341	None
8342	None
8343	None
8344	None
8345	None
8346	None
8347	None
8348	None
8349	None
8350	None
8351	None
8352	None
8353	None
8354	None
8355	None
8356	None
8357	None
8358	None
8359	None
8360	None
8361	None
8362	None
8363	None
8364	None
8365	None
8366	None
8367	None
8368	None
8369	None
8370	None
8371	None
8372	None
8373	None
8374	None
8375	None
8376	None
8377	None
8378	None
8379	None
8380	None
8381	None
8382	None
8383	None
8384	None
8385	None
8386	None
8387	None
8388	None
8389	None
8390	None
8391	None
8392	None
8393	None
8394	None
8395	None
8396	None
8397	None
8398	None
8399	None
8400	None
8401	None
8402	None
8403	None
8404	None
8405	None
8406	None
8407	None
8408	None
8409	None
8410	None
8411	None
8412	None
8413	None
8414	None
8415	None
8416	None
8417	None
8418	None
8419	None
8420	None
8421	None
8422	None
8423	None
8424	None
8425	None
8426	None
8427	None
8428	None
8429	None
8430	None
8431	None
8432	None
8433	None
8434	None
8435	None
8436	None
8437	None
8438	None
8439	None
8440	None
8441	None
8442	None
8443	None
8444	None
8445	None
8446	None
8447	None
8448	None
8449	None
8450	None
8451	None
8452	None
8453	None
8454	None
8455	None
8456	None
8457	None
8458	None
8459	None
8460	None
8461	None
8462	None
8463	None
8464	None
8465	None
8466	None
8467	None
8468	None
8469	None
8470	None
8471	None
8472	None
8473	None
8474	None
8475	None
8476	None
8477	None
8478	None
8479	None
8480	None
8481	None
8482	None
8483	None
8484	None
8485	None
8486	None
8487	None
8488	None
8489	None
8490	None
8491	None
8492	None
8493	None
8494	None
8495	None
8496	None
8497	None
8498	None
8499	None
8500	None
8501	None
8502	None
8503	None
8504	None
8505	None
8506	None
8507	None
8508	None
8509	None
8510	None
8511	None
8512	None
8513	None
8514	None
8515	None
8516	None
8517	None
8518	None
8519	None
8520	None
8521	None
8522	None
8523	None
8524	None
8525	None
8526	None
8527	None
8528	None
8529	None
8530	None
8531	None
8532	None
8533	None
8534	None
8535	None
8536	None
8537	None
8538	None
8539	None
8540	None
8541	None
8542	None
8543	None
8544	None
8545	None
8546	None
8547	None
8548	None
8549	None
8550	None
8551	None
8552	None
8553	None
8554	None
8555	None
8556	None
8557	None
8558	None
8559	None
8560	None
8561	None
8562	None
8563	None
8564	None
8565	None
8566	None
8567	None
8568	None
8569	None
8570	None
8571	None
8572	None
8573	None
8574	None
8575	None
8576	None
8577	None
8578	None
8579	None
8580	None
8581	None
8582	None
8583	None
8584	None
8585	None
8586	None
8587	None
8588	None
8589	None
8590	None
8591	None
8592	None
8593	None
8594	None
8595	None
8596	None
8597	None
8598	None
8599	None
8600	None
8601	None
8602	None
8603	None
8604	None
8605	None
8606	None
8607	None
8608	None
8609	None
8610	None
8611	None
8612	None
8613	None
8614	None
8615	None
8616	None
8617	None
8618	None
8619	None
8620	None
8621	None
8622	None
8623	None
8624	None
8625	None
8626	None
8627	None
8628	None
8629	None
8630	None
8631	None
8632	None
8633	None
8634	None
8635	None
8636	None
8637	None
8638	None
8639	None
8640	None
8641	None
8642	None
8643	None
8644	None
8645	None
8646	None
8647	None
8648	None
8649	None
8650	None
8651	None
8652	None
8653	None
8654	None
8655	None
8656	None
8657	None
8658	None
8659	None
8660	None
8661	None
8662	None
8663	None
8664	None
8665	None
8666	None
8667	None
8668	None
8669	None
8670	None
8671	None
8672	None
8673	None
8674	None
8675	None
8676	None
8677	None
8678	None
8679	None
8680	None
8681	None
8682	None
8683	None
8684	None
8685	None
8686	None
8687	None
8688	None
8689	None
8690	None
8691	None
8692	None
8693	None
8694	None
8695	None
8696	None
8697	None
8698	None
8699	None
8700	None
8701	None
8702	None
8703	None
8704	None
8705	None
8706	None
8707	None
8708	None
8709	None
8710	None
8711	None
8712	None
8713	None
8714	None
8715	None
8716	None
8717	None
8718	None
8719	None
8720	None
8721	None
8722	None
8723	None
8724	None
8725	None
8726	None
8727	None
8728	None
8729	None
8730	None
8731	None
8732	None
8733	None
8734	None
8735	None
8736	None
8737	None
8738	None
8739	None
8740	None
8741	None
8742	None
8743	None
8744	None
8745	None
8746	None
8747	None
8748	None
8749	None
8750	None
8751	None
8752	None
8753	None
8754	None
8755	None
8756	None
8757	None
8758	None
8759	None
8760	None
8761	None
8762	None
8763	None
8764	None
8765	None
8766	None
8767	None
8768	None
8769	None
8770	None
8771	None
8772	None
8773	None
8774	None
8775	None
8776	None
8777	None
8778	None
8779	None
8780	None
8781	None
8782	None
8783	None
8784	None
8785	None
