2965 matches
['halomatch.py', 'Runs/', 'LCDM_vanilla', 'SymB_cool_star_SN', '64', '.5', 'match_LCDM_vanilla_SymB_cool_star_SN']
LCDM_vanilla	SymB_cool_star_SN
0	0
1	1
2	2
3	3
4	4
5	6
6	7
7	14
8	None
9	11
10	8
11	10
12	9
13	13
14	24
15	15
16	19
17	20
18	21
19	None
20	50
21	18
22	22
23	27
24	30
25	23
26	17
27	26
28	None
29	28
30	32
31	36
32	33
33	35
34	34
35	56
36	29
37	38
38	None
39	42
40	39
41	48
42	31
43	66
44	59
45	52
46	43
47	49
48	53
49	45
50	46
51	54
52	132
53	51
54	44
55	70
56	None
57	41
58	58
59	98
60	77
61	47
62	68
63	152
64	60
65	64
66	61
67	83
68	95
69	255
70	86
71	81
72	92
73	76
74	82
75	88
76	106
77	63
78	100
79	111
80	65
81	99
82	None
83	102
84	None
85	143
86	123
87	110
88	67
89	112
90	243
91	243
92	87
93	120
94	115
95	97
96	73
97	93
98	74
99	114
100	136
101	125
102	119
103	79
104	124
105	89
106	118
107	101
108	127
109	121
110	139
111	None
112	105
113	None
114	94
115	None
116	159
117	96
118	None
119	None
120	144
121	246
122	91
123	138
124	137
125	None
126	185
127	141
128	None
129	131
130	142
131	154
132	None
133	172
134	160
135	155
136	181
137	193
138	134
139	None
140	117
141	167
142	168
143	126
144	163
145	None
146	None
147	176
148	416
149	173
150	460
151	None
152	None
153	216
154	133
155	130
156	161
157	219
158	None
159	200
160	169
161	180
162	None
163	165
164	146
165	177
166	205
167	211
168	171
169	156
170	197
171	147
172	164
173	None
174	229
175	148
176	297
177	149
178	201
179	204
180	230
181	273
182	476
183	298
184	213
185	227
186	183
187	247
188	385
189	157
190	None
191	188
192	476
193	398
194	224
195	725
196	208
197	215
198	295
199	182
200	195
201	212
202	194
203	174
204	184
205	232
206	287
207	233
208	221
209	None
210	336
211	299
212	222
213	893
214	286
215	241
216	None
217	257
218	None
219	236
220	267
221	386
222	None
223	None
224	281
225	256
226	292
227	None
228	None
229	252
230	None
231	158
232	288
233	1779
234	266
235	276
236	None
237	314
238	238
239	285
240	360
241	321
242	284
243	324
244	322
245	220
246	305
247	286
248	303
249	1605
250	254
251	None
252	352
253	280
254	344
255	265
256	None
257	None
258	None
259	249
260	192
261	None
262	426
263	None
264	350
265	328
266	460
267	433
268	None
269	None
270	852
271	None
272	251
273	None
274	283
275	253
276	332
277	274
278	None
279	296
280	340
281	279
282	None
283	416
284	726
285	493
286	None
287	None
288	244
289	430
290	None
291	346
292	269
293	361
294	1063
295	None
296	544
297	372
298	None
299	None
300	483
301	327
302	None
303	242
304	None
305	523
306	None
307	603
308	301
309	333
310	312
311	319
312	489
313	370
314	534
315	423
316	None
317	373
318	412
319	405
320	None
321	384
322	797
323	339
324	1217
325	530
326	462
327	382
328	None
329	None
330	245
331	None
332	None
333	None
334	302
335	863
336	471
337	None
338	None
339	282
340	311
341	434
342	1336
343	349
344	468
345	None
346	348
347	None
348	None
349	409
350	345
351	264
352	465
353	406
354	329
355	None
356	317
357	376
358	None
359	369
360	546
361	None
362	None
363	338
364	366
365	460
366	None
367	522
368	None
369	None
370	1406
371	479
372	535
373	474
374	None
375	None
376	None
377	374
378	840
379	None
380	None
381	None
382	None
383	None
384	None
385	459
386	None
387	335
388	812
389	480
390	933
391	393
392	None
393	1440
394	None
395	420
396	1110
397	515
398	347
399	512
400	411
401	None
402	None
403	379
404	400
405	None
406	2161
407	616
408	425
409	None
410	586
411	None
412	None
413	681
414	None
415	323
416	663
417	449
418	401
419	685
420	None
421	None
422	608
423	None
424	1789
425	435
426	383
427	None
428	None
429	461
430	567
431	457
432	1679
433	None
434	707
435	646
436	601
437	None
438	None
439	None
440	593
441	1036
442	None
443	463
444	None
445	367
446	1527
447	343
448	None
449	381
450	391
451	514
452	None
453	None
454	359
455	531
456	None
457	326
458	378
459	1035
460	669
461	692
462	413
463	609
464	652
465	None
466	466
467	402
468	448
469	756
470	831
471	None
472	None
473	607
474	None
475	537
476	None
477	432
478	557
479	421
480	1163
481	923
482	None
483	595
484	1447
485	None
486	539
487	644
488	467
489	501
490	None
491	None
492	932
493	503
494	1026
495	1163
496	935
497	623
498	491
499	None
500	899
501	None
502	None
503	None
504	394
505	458
506	726
507	563
508	None
509	None
510	863
511	None
512	495
513	478
514	None
515	485
516	None
517	None
518	610
519	None
520	507
521	None
522	None
523	None
524	539
525	818
526	572
527	None
528	716
529	None
530	911
531	1447
532	1406
533	None
534	None
535	None
536	None
537	None
538	533
539	None
540	None
541	None
542	None
543	None
544	1492
545	717
546	594
547	None
548	1614
549	735
550	740
551	None
552	760
553	551
554	526
555	1336
556	500
557	None
558	502
559	527
560	None
561	None
562	None
563	508
564	None
565	598
566	591
567	714
568	2034
569	None
570	1557
571	492
572	None
573	620
574	607
575	1349
576	None
577	None
578	602
579	None
580	1117
581	536
582	None
583	664
584	587
585	867
586	451
587	1442
588	None
589	None
590	612
591	None
592	705
593	None
594	None
595	628
596	672
597	611
598	None
599	604
600	605
601	1010
602	709
603	2858
604	None
605	748
606	None
607	538
608	1008
609	None
610	524
611	606
612	626
613	671
614	None
615	None
616	None
617	1964
618	None
619	None
620	797
621	516
622	None
623	None
624	None
625	632
626	629
627	265
628	None
629	None
630	None
631	None
632	729
633	693
634	651
635	1825
636	None
637	742
638	None
639	None
640	1436
641	630
642	None
643	None
644	829
645	None
646	543
647	None
648	654
649	1046
650	689
651	662
652	592
653	967
654	703
655	1820
656	1589
657	508
658	668
659	667
660	648
661	None
662	691
663	2985
664	1515
665	562
666	771
667	None
668	657
669	None
670	1111
671	680
672	None
673	None
674	796
675	None
676	None
677	660
678	894
679	None
680	784
681	None
682	617
683	None
684	924
685	1671
686	2119
687	638
688	None
689	597
690	1088
691	832
692	575
693	941
694	None
695	None
696	None
697	1583
698	622
699	937
700	696
701	None
702	1774
703	633
704	711
705	910
706	889
707	None
708	791
709	None
710	782
711	1745
712	625
713	874
714	None
715	None
716	1825
717	765
718	None
719	613
720	1133
721	None
722	715
723	619
724	774
725	634
726	None
727	588
728	3033
729	None
730	710
731	None
732	None
733	910
734	895
735	802
736	None
737	None
738	None
739	None
740	2406
741	826
742	None
743	724
744	721
745	932
746	3520
747	723
748	741
749	708
750	2468
751	694
752	810
753	746
754	None
755	None
756	None
757	990
758	795
759	None
760	1694
761	976
762	911
763	737
764	1447
765	642
766	1714
767	772
768	None
769	1379
770	1548
771	None
772	2771
773	781
774	None
775	None
776	713
777	822
778	763
779	2985
780	None
781	873
782	None
783	1344
784	None
785	636
786	2155
787	686
788	807
789	697
790	None
791	None
792	870
793	None
794	1510
795	938
796	None
797	1455
798	None
799	729
800	759
801	None
802	939
803	1009
804	890
805	900
806	None
807	1604
808	None
809	998
810	None
811	939
812	None
813	2183
814	866
815	None
816	1694
817	None
818	None
819	1603
820	755
821	None
822	2665
823	757
824	None
825	None
826	957
827	903
828	973
829	769
830	None
831	None
832	820
833	877
834	909
835	None
836	838
837	None
838	2965
839	None
840	1068
841	None
842	None
843	647
844	984
845	1192
846	None
847	None
848	None
849	1024
850	None
851	1038
852	739
853	855
854	None
855	None
856	988
857	1101
858	1004
859	None
860	2460
861	854
862	1129
863	2482
864	None
865	1000
866	1393
867	1129
868	871
869	None
870	None
871	None
872	773
873	869
874	930
875	849
876	814
877	1691
878	837
879	752
880	914
881	928
882	2145
883	1052
884	None
885	969
886	1734
887	987
888	1440
889	None
890	None
891	2865
892	None
893	851
894	None
895	859
896	None
897	1086
898	927
899	1069
900	None
901	None
902	1071
903	901
904	876
905	758
906	None
907	None
908	898
909	1095
910	868
911	None
912	980
913	None
914	None
915	None
916	1001
917	None
918	1515
919	879
920	None
921	None
922	None
923	1257
924	None
925	None
926	1048
927	1960
928	None
929	None
930	None
931	1103
932	None
933	812
934	None
935	1789
936	1820
937	None
938	1966
939	None
940	None
941	2132
942	None
943	None
944	1499
945	2048
946	2493
947	None
948	None
949	853
950	1065
951	994
952	None
953	1256
954	1083
955	978
956	1132
957	983
958	908
959	2326
960	1674
961	1144
962	1188
963	None
964	None
965	2517
966	834
967	948
968	972
969	None
970	None
971	2018
972	1759
973	None
974	846
975	1098
976	1524
977	1084
978	1016
979	1177
980	1154
981	None
982	None
983	None
984	1632
985	2746
986	None
987	967
988	1560
989	None
990	3539
991	None
992	None
993	None
994	None
995	1061
996	1564
997	None
998	819
999	None
1000	960
1001	None
1002	1501
1003	None
1004	None
1005	2430
1006	None
1007	968
1008	None
1009	1720
1010	None
1011	1023
1012	1714
1013	959
1014	2037
1015	1017
1016	None
1017	1064
1018	1109
1019	1091
1020	None
1021	1173
1022	790
1023	966
1024	None
1025	1722
1026	1134
1027	1713
1028	None
1029	2895
1030	1186
1031	None
1032	915
1033	None
1034	3008
1035	None
1036	2884
1037	1557
1038	None
1039	788
1040	1443
1041	2807
1042	None
1043	None
1044	2031
1045	None
1046	1693
1047	1025
1048	1116
1049	1080
1050	None
1051	None
1052	958
1053	3864
1054	3107
1055	823
1056	1644
1057	None
1058	None
1059	1195
1060	2442
1061	None
1062	1776
1063	1027
1064	1435
1065	None
1066	1049
1067	2010
1068	1070
1069	None
1070	1187
1071	None
1072	None
1073	1123
1074	2606
1075	None
1076	1211
1077	865
1078	None
1079	1535
1080	847
1081	1793
1082	843
1083	1033
1084	None
1085	None
1086	None
1087	2906
1088	None
1089	None
1090	None
1091	951
1092	None
1093	679
1094	None
1095	None
1096	None
1097	1426
1098	1028
1099	3468
1100	1112
1101	None
1102	1030
1103	None
1104	None
1105	1169
1106	1706
1107	1114
1108	None
1109	2832
1110	None
1111	None
1112	None
1113	None
1114	3486
1115	963
1116	None
1117	2569
1118	1149
1119	1067
1120	1117
1121	2754
1122	1032
1123	1131
1124	3008
1125	1138
1126	1822
1127	None
1128	None
1129	985
1130	None
1131	None
1132	None
1133	None
1134	None
1135	2361
1136	1041
1137	None
1138	None
1139	2704
1140	None
1141	None
1142	1280
1143	None
1144	None
1145	1140
1146	3538
1147	None
1148	None
1149	None
1150	1734
1151	1600
1152	None
1153	None
1154	1135
1155	1034
1156	None
1157	None
1158	None
1159	3343
1160	None
1161	2620
1162	None
1163	999
1164	3758
1165	1588
1166	1168
1167	None
1168	None
1169	1816
1170	None
1171	1164
1172	1059
1173	None
1174	None
1175	None
1176	1793
1177	None
1178	1271
1179	1608
1180	None
1181	1102
1182	None
1183	1167
1184	1037
1185	None
1186	None
1187	1224
1188	1165
1189	1654
1190	1108
1191	None
1192	None
1193	None
1194	2495
1195	1081
1196	None
1197	1005
1198	None
1199	1072
1200	1247
1201	1767
1202	1173
1203	3677
1204	None
1205	1717
1206	None
1207	1039
1208	2635
1209	None
1210	1351
1211	1205
1212	None
1213	2482
1214	None
1215	None
1216	1565
1217	1199
1218	None
1219	None
1220	1208
1221	2771
1222	None
1223	None
1224	1686
1225	1105
1226	1801
1227	None
1228	3278
1229	2754
1230	1121
1231	1215
1232	None
1233	1770
1234	1503
1235	None
1236	None
1237	3991
1238	1960
1239	1179
1240	1635
1241	1621
1242	2575
1243	None
1244	1323
1245	1460
1246	None
1247	1436
1248	None
1249	None
1250	1503
1251	None
1252	2207
1253	1089
1254	None
1255	1626
1256	1130
1257	1992
1258	1295
1259	1244
1260	1272
1261	None
1262	3571
1263	1180
1264	None
1265	None
1266	1449
1267	None
1268	1170
1269	1871
1270	None
1271	None
1272	None
1273	None
1274	1206
1275	None
1276	None
1277	1158
1278	None
1279	2169
1280	1178
1281	2620
1282	1665
1283	None
1284	1265
1285	1099
1286	1232
1287	2242
1288	1196
1289	1333
1290	1274
1291	1411
1292	3957
1293	1198
1294	1661
1295	1345
1296	None
1297	1527
1298	1243
1299	2145
1300	None
1301	1261
1302	None
1303	1238
1304	1796
1305	1219
1306	1317
1307	None
1308	1296
1309	None
1310	1216
1311	None
1312	1752
1313	None
1314	1363
1315	2366
1316	1312
1317	1313
1318	1762
1319	3810
1320	2595
1321	None
1322	1778
1323	1236
1324	1259
1325	1310
1326	1221
1327	1286
1328	1708
1329	1705
1330	1268
1331	1551
1332	1704
1333	None
1334	1183
1335	None
1336	1596
1337	1306
1338	None
1339	None
1340	1454
1341	None
1342	2811
1343	1656
1344	1287
1345	None
1346	1982
1347	None
1348	2016
1349	3382
1350	1506
1351	1797
1352	None
1353	1463
1354	1225
1355	None
1356	2031
1357	1297
1358	1294
1359	1356
1360	2487
1361	None
1362	None
1363	2440
1364	None
1365	None
1366	1729
1367	None
1368	None
1369	None
1370	2691
1371	3005
1372	None
1373	3362
1374	3343
1375	3325
1376	1678
1377	1315
1378	1743
1379	2747
1380	None
1381	2617
1382	None
1383	None
1384	1620
1385	1283
1386	None
1387	None
1388	1375
1389	None
1390	1255
1391	1269
1392	1231
1393	None
1394	None
1395	1301
1396	1769
1397	None
1398	1321
1399	None
1400	1303
1401	1582
1402	None
1403	1509
1404	None
1405	3281
1406	1311
1407	1387
1408	1682
1409	2859
1410	2666
1411	1823
1412	None
1413	2335
1414	1253
1415	1340
1416	3170
1417	None
1418	1747
1419	None
1420	None
1421	3246
1422	1302
1423	2087
1424	None
1425	None
1426	2242
1427	1886
1428	None
1429	None
1430	1537
1431	4478
1432	1304
1433	None
1434	1267
1435	1479
1436	None
1437	1338
1438	None
1439	3162
1440	None
1441	1684
1442	None
1443	1414
1444	None
1445	None
1446	1318
1447	1817
1448	None
1449	4312
1450	2022
1451	None
1452	1654
1453	None
1454	None
1455	2068
1456	None
1457	1399
1458	1408
1459	None
1460	1850
1461	None
1462	1258
1463	None
1464	None
1465	1308
1466	1289
1467	1523
1468	2239
1469	2334
1470	1090
1471	None
1472	1330
1473	None
1474	1369
1475	1978
1476	1832
1477	None
1478	1335
1479	None
1480	None
1481	1394
1482	1521
1483	1742
1484	1392
1485	None
1486	2486
1487	1242
1488	1400
1489	1174
1490	2109
1491	1864
1492	None
1493	1410
1494	1730
1495	2662
1496	1765
1497	1689
1498	None
1499	1383
1500	None
1501	None
1502	3720
1503	1421
1504	1305
1505	2398
1506	None
1507	None
1508	3957
1509	1901
1510	None
1511	1353
1512	None
1513	None
1514	2457
1515	None
1516	None
1517	1452
1518	None
1519	3388
1520	1277
1521	1404
1522	1367
1523	4484
1524	None
1525	2152
1526	519
1527	1439
1528	1827
1529	2078
1530	None
1531	None
1532	1544
1533	1279
1534	None
1535	None
1536	None
1537	None
1538	1106
1539	None
1540	1237
1541	None
1542	None
1543	2865
1544	4514
1545	1838
1546	None
1547	3741
1548	None
1549	1971
1550	1152
1551	None
1552	1731
1553	None
1554	680
1555	None
1556	1408
1557	None
1558	None
1559	1372
1560	1740
1561	None
1562	1821
1563	1223
1564	None
1565	3316
1566	1000
1567	1441
1568	None
1569	None
1570	None
1571	1791
1572	None
1573	None
1574	None
1575	None
1576	3260
1577	661
1578	1514
1579	3203
1580	2316
1581	None
1582	1772
1583	None
1584	None
1585	None
1586	1418
1587	1962
1588	1837
1589	None
1590	1391
1591	1407
1592	None
1593	1711
1594	1446
1595	1451
1596	1836
1597	2270
1598	1422
1599	2952
1600	None
1601	None
1602	None
1603	None
1604	None
1605	1532
1606	1444
1607	None
1608	None
1609	None
1610	None
1611	None
1612	1887
1613	1113
1614	3886
1615	None
1616	None
1617	3859
1618	None
1619	None
1620	1919
1621	1498
1622	None
1623	3893
1624	2475
1625	None
1626	1450
1627	1918
1628	1413
1629	3665
1630	None
1631	1424
1632	1151
1633	1468
1634	None
1635	1879
1636	1530
1637	1927
1638	2024
1639	4873
1640	1878
1641	None
1642	None
1643	1146
1644	1681
1645	1848
1646	None
1647	1011
1648	None
1649	None
1650	2094
1651	1995
1652	2068
1653	None
1654	2079
1655	1508
1656	1938
1657	1523
1658	3376
1659	2265
1660	1550
1661	None
1662	1806
1663	None
1664	2212
1665	4586
1666	None
1667	1481
1668	None
1669	3377
1670	None
1671	1898
1672	2296
1673	1432
1674	None
1675	None
1676	2134
1677	1833
1678	1471
1679	1899
1680	2360
1681	2140
1682	1907
1683	None
1684	1493
1685	2091
1686	1487
1687	4571
1688	None
1689	2005
1690	1683
1691	2149
1692	1449
1693	1974
1694	1945
1695	1942
1696	1470
1697	2120
1698	2053
1699	1488
1700	2090
1701	1520
1702	1598
1703	None
1704	1457
1705	2144
1706	3029
1707	1849
1708	2090
1709	1541
1710	1495
1711	2519
1712	3665
1713	2061
1714	None
1715	3977
1716	4877
1717	None
1718	None
1719	1477
1720	1577
1721	None
1722	1456
1723	None
1724	1076
1725	2803
1726	1490
1727	1576
1728	None
1729	2150
1730	1531
1731	1462
1732	1712
1733	1563
1734	1533
1735	1545
1736	None
1737	None
1738	1607
1739	4361
1740	4116
1741	4750
1742	None
1743	1900
1744	1908
1745	2004
1746	2067
1747	2273
1748	4241
1749	1892
1750	1505
1751	2538
1752	2995
1753	None
1754	4514
1755	2188
1756	None
1757	2003
1758	3960
1759	None
1760	1552
1761	2133
1762	1567
1763	2807
1764	2105
1765	None
1766	4060
1767	2334
1768	2054
1769	3476
1770	1397
1771	1951
1772	None
1773	None
1774	1920
1775	1939
1776	4587
1777	None
1778	None
1779	5006
1780	None
1781	1489
1782	5174
1783	None
1784	None
1785	None
1786	2086
1787	None
1788	2605
1789	4447
1790	3823
1791	None
1792	None
1793	2050
1794	None
1795	4271
1796	3143
1797	1695
1798	2066
1799	3898
1800	2475
1801	1678
1802	1365
1803	None
1804	None
1805	None
1806	1606
1807	2201
1808	None
1809	2253
1810	None
1811	4012
1812	None
1813	None
1814	None
1815	2021
1816	2132
1817	2141
1818	4518
1819	5125
1820	2156
1821	2215
1822	4158
1823	3946
1824	2308
1825	None
1826	None
1827	2025
1828	None
1829	None
1830	None
1831	None
1832	2307
1833	None
1834	None
1835	2065
1836	None
1837	2181
1838	2318
1839	None
1840	None
1841	2513
1842	3594
1843	None
1844	None
1845	2062
1846	None
1847	3419
1848	3257
1849	2964
1850	2185
1851	2578
1852	None
1853	3369
1854	None
1855	2074
1856	None
1857	None
1858	2100
1859	None
1860	777
1861	1590
1862	4608
1863	None
1864	4001
1865	3238
1866	3933
1867	1659
1868	1698
1869	None
1870	None
1871	None
1872	None
1873	None
1874	None
1875	None
1876	2646
1877	None
1878	None
1879	3151
1880	None
1881	None
1882	None
1883	None
1884	1727
1885	2407
1886	2247
1887	None
1888	2099
1889	5096
1890	2436
1891	1365
1892	1751
1893	2043
1894	3150
1895	None
1896	None
1897	None
1898	None
1899	5126
1900	2232
1901	5105
1902	2237
1903	1775
1904	3668
1905	None
1906	None
1907	2146
1908	3002
1909	3669
1910	2997
1911	2234
1912	5349
1913	5360
1914	1743
1915	2133
1916	2206
1917	3720
1918	2355
1919	3150
1920	4008
1921	2153
1922	2302
1923	2278
1924	2412
1925	None
1926	None
1927	2505
1928	1637
1929	2306
1930	2152
1931	None
1932	3894
1933	2699
1934	2992
1935	None
1936	5408
1937	None
1938	5124
1939	None
1940	2973
1941	1641
1942	None
1943	1381
1944	2331
1945	None
1946	None
1947	None
1948	None
1949	2419
1950	2583
1951	2205
1952	1755
1953	None
1954	None
1955	None
1956	4525
1957	3760
1958	None
1959	2935
1960	2494
1961	2652
1962	2475
1963	2656
1964	None
1965	4365
1966	1653
1967	None
1968	None
1969	2368
1970	3100
1971	None
1972	2396
1973	3623
1974	5027
1975	2289
1976	2509
1977	2211
1978	2177
1979	5231
1980	5327
1981	1871
1982	None
1983	2881
1984	2284
1985	1710
1986	2267
1987	2356
1988	4279
1989	None
1990	None
1991	1210
1992	None
1993	1918
1994	None
1995	2465
1996	None
1997	2372
1998	None
1999	5019
2000	1856
2001	2319
2002	2016
2003	None
2004	2362
2005	None
2006	1969
2007	1314
2008	None
2009	None
2010	None
2011	None
2012	4627
2013	1504
2014	3115
2015	5247
2016	None
2017	2385
2018	None
2019	3520
2020	2510
2021	3154
2022	None
2023	4334
2024	None
2025	4361
2026	4184
2027	1780
2028	4229
2029	None
2030	2438
2031	1909
2032	2104
2033	2612
2034	None
2035	3867
2036	2782
2037	2702
2038	None
2039	2200
2040	None
2041	None
2042	3000
2043	1342
2044	2317
2045	1874
2046	3241
2047	None
2048	2060
2049	2238
2050	5408
2051	2367
2052	1659
2053	None
2054	1826
2055	1750
2056	2183
2057	1905
2058	1331
2059	None
2060	None
2061	None
2062	None
2063	2376
2064	None
2065	2570
2066	3981
2067	4608
2068	747
2069	3177
2070	5851
2071	2559
2072	3002
2073	1989
2074	3149
2075	None
2076	2833
2077	None
2078	None
2079	2918
2080	3800
2081	None
2082	None
2083	1711
2084	1362
2085	1839
2086	None
2087	1482
2088	None
2089	2416
2090	2044
2091	3209
2092	None
2093	None
2094	2659
2095	3524
2096	2556
2097	1847
2098	2633
2099	1366
2100	None
2101	None
2102	None
2103	2487
2104	5226
2105	2546
2106	None
2107	4435
2108	3709
2109	None
2110	1657
2111	None
2112	None
2113	2097
2114	3142
2115	None
2116	None
2117	None
2118	1352
2119	None
2120	None
2121	4230
2122	5849
2123	2906
2124	None
2125	None
2126	None
2127	3224
2128	3350
2129	4668
2130	2962
2131	2930
2132	3200
2133	5067
2134	1358
2135	3265
2136	None
2137	None
2138	1516
2139	2610
2140	5809
2141	1329
2142	None
2143	3631
2144	None
2145	5807
2146	4217
2147	4067
2148	None
2149	2669
2150	4019
2151	3375
2152	4012
2153	1882
2154	None
2155	2126
2156	3383
2157	2603
2158	None
2159	5808
2160	None
2161	2282
2162	1348
2163	3251
2164	6267
2165	None
2166	1402
2167	2102
2168	1749
2169	2510
2170	None
2171	None
2172	3723
2173	None
2174	3754
2175	3045
2176	None
2177	None
2178	2042
2179	2932
2180	None
2181	1884
2182	None
2183	1834
2184	1733
2185	2925
2186	None
2187	3630
2188	1809
2189	3448
2190	4883
2191	3522
2192	3631
2193	None
2194	3151
2195	3707
2196	None
2197	None
2198	None
2199	None
2200	2870
2201	1322
2202	3691
2203	2506
2204	None
2205	None
2206	3072
2207	5401
2208	2736
2209	1494
2210	None
2211	2399
2212	2261
2213	1840
2214	4216
2215	None
2216	3672
2217	1970
2218	3077
2219	3680
2220	None
2221	5526
2222	None
2223	2014
2224	2354
2225	1959
2226	4748
2227	2817
2228	4827
2229	None
2230	2301
2231	None
2232	None
2233	None
2234	2723
2235	2076
2236	3705
2237	None
2238	None
2239	3216
2240	2398
2241	None
2242	1961
2243	3017
2244	None
2245	None
2246	3856
2247	1681
2248	2504
2249	None
2250	4279
2251	None
2252	4621
2253	3590
2254	None
2255	None
2256	2186
2257	2817
2258	2170
2259	None
2260	2721
2261	2751
2262	1916
2263	2190
2264	2828
2265	None
2266	None
2267	None
2268	2117
2269	2991
2270	2404
2271	None
2272	4952
2273	2246
2274	4058
2275	None
2276	None
2277	1598
2278	3113
2279	None
2280	4634
2281	3288
2282	4700
2283	2736
2284	None
2285	None
2286	1844
2287	None
2288	3504
2289	2135
2290	3602
2291	2256
2292	2601
2293	1871
2294	None
2295	None
2296	None
2297	1467
2298	4649
2299	2126
2300	2031
2301	None
2302	2221
2303	None
2304	1932
2305	2746
2306	None
2307	None
2308	1948
2309	4689
2310	2262
2311	3125
2312	3335
2313	1880
2314	3099
2315	None
2316	None
2317	None
2318	1931
2319	None
2320	1993
2321	3017
2322	3579
2323	1465
2324	None
2325	2216
2326	None
2327	2015
2328	4411
2329	None
2330	None
2331	None
2332	None
2333	1876
2334	None
2335	2294
2336	2860
2337	None
2338	None
2339	None
2340	None
2341	3337
2342	4239
2343	None
2344	None
2345	None
2346	2891
2347	None
2348	2093
2349	2046
2350	1998
2351	None
2352	3217
2353	2374
2354	None
2355	1912
2356	2353
2357	2377
2358	3896
2359	4204
2360	1976
2361	2064
2362	None
2363	None
2364	2110
2365	2641
2366	None
2367	None
2368	5875
2369	None
2370	4866
2371	None
2372	None
2373	4505
2374	None
2375	2000
2376	None
2377	2326
2378	7585
2379	None
2380	2312
2381	3230
2382	None
2383	4578
2384	None
2385	None
2386	2455
2387	2975
2388	None
2389	None
2390	None
2391	None
2392	4920
2393	None
2394	1982
2395	2415
2396	2778
2397	2547
2398	5097
2399	None
2400	None
2401	None
2402	4597
2403	3662
2404	1917
2405	1664
2406	2697
2407	4291
2408	2163
2409	None
2410	None
2411	4351
2412	None
2413	None
2414	5599
2415	1910
2416	2571
2417	2967
2418	1599
2419	None
2420	2631
2421	1652
2422	2624
2423	2023
2424	1937
2425	None
2426	None
2427	2781
2428	2219
2429	None
2430	1940
2431	1761
2432	None
2433	2468
2434	4313
2435	None
2436	None
2437	3991
2438	4473
2439	2291
2440	None
2441	3051
2442	2041
2443	None
2444	None
2445	None
2446	None
2447	1594
2448	1601
2449	None
2450	4698
2451	None
2452	5334
2453	None
2454	2280
2455	None
2456	None
2457	3297
2458	3249
2459	1417
2460	None
2461	None
2462	3052
2463	None
2464	None
2465	None
2466	1625
2467	None
2468	4470
2469	2285
2470	5229
2471	3661
2472	None
2473	None
2474	3086
2475	4447
2476	None
2477	None
2478	None
2479	1935
2480	4229
2481	None
2482	2408
2483	None
2484	None
2485	None
2486	2171
2487	None
2488	None
2489	2682
2490	2476
2491	None
2492	None
2493	3177
2494	1558
2495	3108
2496	None
2497	2179
2498	1699
2499	3831
2500	2761
2501	2152
2502	None
2503	None
2504	4831
2505	None
2506	2796
2507	None
2508	3862
2509	None
2510	4229
2511	1575
2512	None
2513	None
2514	2957
2515	2616
2516	None
2517	None
2518	2394
2519	2259
2520	1650
2521	2297
2522	3354
2523	2271
2524	5380
2525	None
2526	None
2527	1994
2528	1700
2529	None
2530	3203
2531	4276
2532	2151
2533	4485
2534	4334
2535	1593
2536	2059
2537	2277
2538	3518
2539	3106
2540	None
2541	None
2542	None
2543	3956
2544	4417
2545	2092
2546	None
2547	None
2548	None
2549	None
2550	None
2551	4370
2552	None
2553	3362
2554	3708
2555	2740
2556	None
2557	None
2558	2248
2559	4496
2560	3400
2561	None
2562	2378
2563	None
2564	None
2565	None
2566	2124
2567	None
2568	2332
2569	2345
2570	3098
2571	None
2572	3020
2573	2780
2574	None
2575	2208
2576	4862
2577	None
2578	None
2579	3845
2580	2560
2581	3256
2582	1761
2583	None
2584	1390
2585	None
2586	3477
2587	None
2588	2390
2589	2320
2590	2795
2591	4496
2592	3103
2593	4863
2594	3108
2595	None
2596	2363
2597	2798
2598	3324
2599	4291
2600	2849
2601	2594
2602	3875
2603	3447
2604	2194
2605	2579
2606	4774
2607	2480
2608	4041
2609	2108
2610	5106
2611	2653
2612	3001
2613	None
2614	2308
2615	3282
2616	2573
2617	1924
2618	None
2619	2339
2620	2991
2621	None
2622	None
2623	None
2624	None
2625	1618
2626	None
2627	2417
2628	2913
2629	None
2630	3516
2631	None
2632	None
2633	None
2634	2231
2635	2801
2636	2123
2637	2081
2638	4831
2639	3288
2640	None
2641	2283
2642	None
2643	3135
2644	1631
2645	None
2646	2102
2647	None
2648	None
2649	2535
2650	None
2651	5187
2652	4701
2653	None
2654	None
2655	2565
2656	3891
2657	4159
2658	2403
2659	None
2660	None
2661	2890
2662	1735
2663	None
2664	4303
2665	None
2666	None
2667	3859
2668	None
2669	2790
2670	2299
2671	None
2672	5361
2673	2217
2674	4365
2675	None
2676	None
2677	None
2678	5537
2679	None
2680	3632
2681	None
2682	None
2683	3711
2684	5401
2685	2223
2686	2118
2687	1721
2688	2761
2689	None
2690	None
2691	None
2692	2724
2693	None
2694	4122
2695	None
2696	2562
2697	2435
2698	3070
2699	None
2700	2379
2701	None
2702	2349
2703	2621
2704	2373
2705	None
2706	None
2707	None
2708	2612
2709	2500
2710	3257
2711	None
2712	None
2713	2484
2714	2508
2715	None
2716	None
2717	2528
2718	None
2719	None
2720	None
2721	2425
2722	None
2723	4565
2724	None
2725	3983
2726	2974
2727	3592
2728	4198
2729	5424
2730	5375
2731	4017
2732	None
2733	5334
2734	2640
2735	2755
2736	2994
2737	2426
2738	2439
2739	None
2740	2409
2741	4136
2742	3896
2743	2413
2744	None
2745	2706
2746	None
2747	4528
2748	None
2749	None
2750	None
2751	2908
2752	2578
2753	None
2754	None
2755	None
2756	None
2757	3308
2758	2420
2759	2668
2760	4917
2761	3399
2762	2275
2763	None
2764	2139
2765	None
2766	None
2767	2478
2768	2290
2769	5991
2770	None
2771	None
2772	4724
2773	None
2774	None
2775	3845
2776	4738
2777	5796
2778	2723
2779	None
2780	2464
2781	None
2782	2433
2783	4084
2784	None
2785	5599
2786	2617
2787	3225
2788	None
2789	2854
2790	3491
2791	2596
2792	2964
2793	None
2794	4869
2795	5989
2796	6047
2797	2309
2798	2884
2799	4706
2800	None
2801	3397
2802	3382
2803	2501
2804	2512
2805	None
2806	2520
2807	3565
2808	None
2809	None
2810	3680
2811	None
2812	None
2813	None
2814	5350
2815	None
2816	3035
2817	None
2818	None
2819	None
2820	2524
2821	4098
2822	4952
2823	None
2824	4113
2825	None
2826	None
2827	2364
2828	4666
2829	None
2830	4977
2831	2646
2832	4352
2833	3152
2834	None
2835	None
2836	None
2837	4311
2838	4020
2839	3049
2840	2405
2841	2327
2842	4095
2843	None
2844	None
2845	None
2846	5102
2847	None
2848	None
2849	2672
2850	None
2851	3126
2852	2609
2853	4635
2854	3245
2855	None
2856	None
2857	5632
2858	None
2859	None
2860	2575
2861	None
2862	None
2863	2496
2864	4774
2865	4652
2866	None
2867	None
2868	None
2869	2716
2870	2452
2871	None
2872	2951
2873	4282
2874	3259
2875	3638
2876	None
2877	2980
2878	3400
2879	2538
2880	2244
2881	2343
2882	2260
2883	3069
2884	None
2885	2369
2886	None
2887	3197
2888	3036
2889	None
2890	None
2891	3047
2892	4998
2893	None
2894	3263
2895	2597
2896	2401
2897	3743
2898	None
2899	None
2900	2448
2901	2676
2902	3749
2903	None
2904	None
2905	2635
2906	None
2907	None
2908	2837
2909	5996
2910	2630
2911	None
2912	None
2913	2288
2914	4898
2915	None
2916	None
2917	None
2918	2347
2919	2276
2920	6475
2921	None
2922	None
2923	3460
2924	None
2925	2225
2926	2502
2927	2766
2928	None
2929	None
2930	3176
2931	None
2932	4546
2933	None
2934	3994
2935	3096
2936	3784
2937	None
2938	2707
2939	2588
2940	3053
2941	3954
2942	2553
2943	4766
2944	None
2945	3057
2946	None
2947	3165
2948	6196
2949	3814
2950	None
2951	None
2952	2514
2953	None
2954	4989
2955	None
2956	3182
2957	None
2958	4501
2959	4441
2960	None
2961	2525
2962	6006
2963	3062
2964	None
2965	None
2966	5164
2967	2600
2968	5636
2969	3223
2970	5258
2971	None
2972	4059
2973	None
2974	None
2975	4376
2976	2953
2977	5298
2978	2532
2979	4933
2980	3021
2981	6302
2982	2590
2983	3078
2984	6633
2985	2447
2986	6475
2987	3310
2988	None
2989	3239
2990	1926
2991	2965
2992	2462
2993	None
2994	2996
2995	2889
2996	None
2997	None
2998	2686
2999	None
3000	None
3001	3163
3002	2838
3003	2916
3004	3351
3005	2424
3006	4052
3007	None
3008	4530
3009	None
3010	5822
3011	None
3012	3290
3013	None
3014	5353
3015	3256
3016	5389
3017	2719
3018	3090
3019	3145
3020	None
3021	2492
3022	4329
3023	1905
3024	2728
3025	None
3026	2192
3027	None
3028	2977
3029	None
3030	None
3031	3003
3032	None
3033	2851
3034	3187
3035	None
3036	2826
3037	None
3038	None
3039	None
3040	None
3041	1868
3042	3663
3043	3041
3044	5074
3045	5720
3046	3801
3047	2577
3048	3087
3049	3322
3050	3378
3051	6165
3052	5763
3053	None
3054	5766
3055	2607
3056	3007
3057	3465
3058	3265
3059	None
3060	4513
3061	4539
3062	None
3063	None
3064	None
3065	3184
3066	None
3067	5723
3068	3632
3069	5292
3070	3841
3071	3320
3072	None
3073	None
3074	2852
3075	None
3076	3038
3077	3697
3078	6697
3079	3798
3080	2463
3081	2748
3082	None
3083	3141
3084	2445
3085	5413
3086	None
3087	2638
3088	3334
3089	6292
3090	None
3091	None
3092	None
3093	2601
3094	None
3095	None
3096	None
3097	4235
3098	3231
3099	None
3100	3390
3101	2592
3102	3513
3103	3195
3104	5573
3105	2862
3106	2685
3107	2664
3108	4537
3109	6726
3110	2670
3111	4022
3112	3807
3113	None
3114	None
3115	4832
3116	2539
3117	3996
3118	5277
3119	None
3120	None
3121	3792
3122	5580
3123	None
3124	3114
3125	None
3126	3405
3127	5225
3128	6245
3129	2602
3130	4748
3131	3055
3132	None
3133	None
3134	4752
3135	2769
3136	2981
3137	2649
3138	2585
3139	2587
3140	4744
3141	None
3142	None
3143	2714
3144	3787
3145	4868
3146	4698
3147	5008
3148	None
3149	3013
3150	5862
3151	5252
3152	None
3153	3193
3154	4070
3155	6991
3156	4486
3157	3507
3158	3851
3159	3793
3160	None
3161	None
3162	3227
3163	3140
3164	2950
3165	2970
3166	4158
3167	None
3168	5148
3169	None
3170	3497
3171	5174
3172	None
3173	3782
3174	6137
3175	None
3176	6412
3177	3043
3178	2991
3179	3307
3180	3864
3181	None
3182	4216
3183	5875
3184	None
3185	2321
3186	6541
3187	None
3188	1761
3189	None
3190	3199
3191	4158
3192	None
3193	None
3194	None
3195	None
3196	2786
3197	None
3198	2548
3199	2530
3200	None
3201	3530
3202	3820
3203	3270
3204	None
3205	2563
3206	None
3207	None
3208	None
3209	2875
3210	3932
3211	2675
3212	2708
3213	None
3214	5360
3215	None
3216	5059
3217	4094
3218	4256
3219	2886
3220	2737
3221	None
3222	4359
3223	None
3224	3116
3225	None
3226	2576
3227	3112
3228	None
3229	3531
3230	3711
3231	3022
3232	None
3233	None
3234	5086
3235	None
3236	None
3237	None
3238	4412
3239	2818
3240	4801
3241	4371
3242	None
3243	None
3244	4818
3245	None
3246	None
3247	6720
3248	2479
3249	2625
3250	None
3251	None
3252	5743
3253	2598
3254	None
3255	3417
3256	2681
3257	None
3258	4470
3259	4171
3260	None
3261	3471
3262	3115
3263	None
3264	3288
3265	5723
3266	3121
3267	3012
3268	None
3269	3809
3270	4249
3271	3026
3272	None
3273	None
3274	3331
3275	4121
3276	None
3277	3274
3278	3186
3279	4170
3280	None
3281	None
3282	None
3283	None
3284	None
3285	3702
3286	3242
3287	3293
3288	2688
3289	5169
3290	3725
3291	2806
3292	5297
3293	2715
3294	None
3295	3330
3296	None
3297	5784
3298	None
3299	2777
3300	2511
3301	5083
3302	3270
3303	2734
3304	None
3305	None
3306	None
3307	5334
3308	3046
3309	2700
3310	None
3311	2819
3312	2643
3313	None
3314	None
3315	3102
3316	None
3317	None
3318	None
3319	3352
3320	3544
3321	3226
3322	3201
3323	2615
3324	None
3325	None
3326	3789
3327	5226
3328	4409
3329	None
3330	4172
3331	2785
3332	7028
3333	None
3334	5177
3335	4239
3336	None
3337	5199
3338	4744
3339	5380
3340	5337
3341	5124
3342	None
3343	4299
3344	2628
3345	None
3346	2673
3347	2758
3348	3462
3349	2927
3350	None
3351	None
3352	None
3353	4510
3354	3341
3355	None
3356	2623
3357	None
3358	None
3359	None
3360	2983
3361	3463
3362	None
3363	3110
3364	None
3365	6765
3366	3303
3367	None
3368	3953
3369	3015
3370	2905
3371	4162
3372	3293
3373	3398
3374	2823
3375	None
3376	2910
3377	None
3378	3704
3379	2757
3380	2079
3381	3729
3382	None
3383	5361
3384	None
3385	3615
3386	5656
3387	2660
3388	6654
3389	3083
3390	4074
3391	None
3392	None
3393	None
3394	None
3395	None
3396	3748
3397	3540
3398	None
3399	None
3400	4231
3401	2679
3402	None
3403	5244
3404	None
3405	2706
3406	None
3407	None
3408	None
3409	None
3410	None
3411	2660
3412	None
3413	3540
3414	None
3415	2663
3416	None
3417	None
3418	3678
3419	1378
3420	3018
3421	3490
3422	None
3423	None
3424	None
3425	4256
3426	3813
3427	4461
3428	None
3429	None
3430	2749
3431	2848
3432	None
3433	None
3434	4515
3435	4596
3436	None
3437	6448
3438	None
3439	6115
3440	None
3441	3664
3442	3407
3443	3156
3444	5566
3445	None
3446	None
3447	5198
3448	None
3449	None
3450	None
3451	None
3452	4394
3453	None
3454	3751
3455	None
3456	None
3457	3050
3458	None
3459	5967
3460	None
3461	2787
3462	5345
3463	6077
3464	2902
3465	3924
3466	5045
3467	None
3468	None
3469	2689
3470	None
3471	4040
3472	3537
3473	4934
3474	None
3475	3675
3476	3158
3477	4766
3478	4992
3479	None
3480	None
3481	3760
3482	3528
3483	3852
3484	2760
3485	4059
3486	None
3487	3084
3488	3367
3489	3289
3490	4467
3491	6280
3492	None
3493	None
3494	None
3495	3089
3496	None
3497	4480
3498	3900
3499	None
3500	4916
3501	3364
3502	None
3503	None
3504	None
3505	None
3506	3732
3507	6126
3508	3167
3509	5096
3510	None
3511	4928
3512	4077
3513	2894
3514	3626
3515	4240
3516	None
3517	None
3518	None
3519	5655
3520	3983
3521	5254
3522	3763
3523	5166
3524	None
3525	None
3526	5539
3527	None
3528	4385
3529	3333
3530	4685
3531	None
3532	3591
3533	None
3534	None
3535	3599
3536	5221
3537	None
3538	3701
3539	None
3540	None
3541	None
3542	4145
3543	5120
3544	2703
3545	3042
3546	4880
3547	2519
3548	None
3549	5862
3550	3637
3551	6131
3552	None
3553	3938
3554	4582
3555	3345
3556	3756
3557	3346
3558	3437
3559	5311
3560	7818
3561	3978
3562	4081
3563	5087
3564	None
3565	3204
3566	6139
3567	None
3568	3796
3569	3415
3570	4742
3571	3311
3572	5205
3573	None
3574	None
3575	3397
3576	5352
3577	4900
3578	None
3579	None
3580	3849
3581	2554
3582	None
3583	None
3584	5113
3585	None
3586	5358
3587	2924
3588	5555
3589	None
3590	7121
3591	4950
3592	None
3593	5924
3594	None
3595	None
3596	None
3597	5174
3598	3410
3599	3142
3600	None
3601	3232
3602	None
3603	None
3604	None
3605	None
3606	2689
3607	4434
3608	None
3609	4292
3610	None
3611	4572
3612	None
3613	3549
3614	2557
3615	None
3616	None
3617	2032
3618	None
3619	5444
3620	4969
3621	5334
3622	None
3623	3532
3624	None
3625	None
3626	None
3627	None
3628	None
3629	4998
3630	2793
3631	None
3632	5127
3633	3597
3634	3286
3635	4053
3636	4684
3637	None
3638	None
3639	None
3640	None
3641	None
3642	None
3643	None
3644	None
3645	3212
3646	4622
3647	None
3648	None
3649	None
3650	None
3651	None
3652	None
3653	None
3654	4769
3655	None
3656	None
3657	None
3658	6101
3659	4442
3660	None
3661	None
3662	None
3663	None
3664	None
3665	None
3666	3788
3667	5787
3668	3125
3669	None
3670	3568
3671	3288
3672	None
3673	None
3674	4190
3675	3647
3676	None
3677	None
3678	None
3679	None
3680	None
3681	None
3682	None
3683	3652
3684	2876
3685	7106
3686	None
3687	None
3688	None
3689	None
3690	None
3691	4494
3692	5751
3693	5174
3694	None
3695	4566
3696	None
3697	None
3698	None
3699	None
3700	None
3701	None
3702	4727
3703	None
3704	None
3705	None
3706	None
3707	None
3708	None
3709	None
3710	None
3711	None
3712	None
3713	None
3714	None
3715	None
3716	None
3717	None
3718	None
3719	None
3720	None
3721	None
3722	None
3723	None
3724	None
3725	None
3726	4917
3727	2933
3728	None
3729	None
3730	None
3731	None
3732	None
3733	3182
3734	4002
3735	None
3736	None
3737	None
3738	None
3739	None
3740	None
3741	3291
3742	None
3743	None
3744	None
3745	3134
3746	None
3747	None
3748	None
3749	5735
3750	None
3751	3494
3752	3274
3753	None
3754	2963
3755	None
3756	None
3757	None
3758	None
3759	None
3760	None
3761	3168
3762	None
3763	4486
3764	None
3765	None
3766	None
3767	4459
3768	None
3769	3840
3770	None
3771	None
3772	None
3773	None
3774	None
3775	None
3776	None
3777	5065
3778	None
3779	None
3780	4660
3781	None
3782	None
3783	None
3784	None
3785	3601
3786	4632
3787	2133
3788	None
3789	None
3790	None
3791	3400
3792	None
3793	None
3794	None
3795	None
3796	None
3797	3781
3798	None
3799	4443
3800	None
3801	None
3802	None
3803	None
3804	None
3805	3461
3806	3009
3807	None
3808	3370
3809	None
3810	None
3811	None
3812	None
3813	None
3814	None
3815	None
3816	None
3817	None
3818	5898
3819	7267
3820	None
3821	None
3822	4549
3823	None
3824	None
3825	None
3826	3696
3827	None
3828	3907
3829	3605
3830	None
3831	None
3832	None
3833	4794
3834	None
3835	None
3836	None
3837	3963
3838	7098
3839	None
3840	None
3841	None
3842	3425
3843	3379
3844	4110
3845	None
3846	None
3847	None
3848	2909
3849	3515
3850	None
3851	None
3852	None
3853	None
3854	5609
3855	None
3856	None
3857	None
3858	None
3859	2984
3860	None
3861	3208
3862	None
3863	4835
3864	None
3865	3061
3866	None
3867	4872
3868	None
3869	4810
3870	None
3871	2924
3872	3496
3873	3953
3874	4577
3875	None
3876	None
3877	6816
3878	None
3879	None
3880	None
3881	None
3882	3529
3883	None
3884	None
3885	None
3886	None
3887	None
3888	5737
3889	2938
3890	3129
3891	3847
3892	3261
3893	4877
3894	None
3895	3385
3896	None
3897	None
3898	4102
3899	3987
3900	None
3901	3778
3902	None
3903	5456
3904	4818
3905	None
3906	None
3907	None
3908	None
3909	4756
3910	None
3911	None
3912	3234
3913	1579
3914	None
3915	None
3916	None
3917	5304
3918	4194
3919	3414
3920	None
3921	None
3922	None
3923	None
3924	None
3925	None
3926	None
3927	None
3928	None
3929	None
3930	None
3931	7329
3932	None
3933	3261
3934	None
3935	None
3936	3660
3937	None
3938	None
3939	4482
3940	None
3941	None
3942	None
3943	None
3944	3439
3945	None
3946	None
3947	6412
3948	None
3949	None
3950	None
3951	None
3952	5987
3953	3613
3954	None
3955	5431
3956	None
3957	None
3958	5420
3959	None
3960	None
3961	None
3962	None
3963	3026
3964	None
3965	None
3966	None
3967	None
3968	None
3969	None
3970	3243
3971	None
3972	None
3973	5034
3974	None
3975	None
3976	None
3977	None
3978	None
3979	None
3980	None
3981	None
3982	3402
3983	None
3984	None
3985	None
3986	None
3987	6818
3988	None
3989	None
3990	None
3991	6610
3992	None
3993	None
3994	None
3995	None
3996	None
3997	None
3998	None
3999	None
4000	None
4001	None
4002	4190
4003	3046
4004	None
4005	None
4006	None
4007	None
4008	None
4009	None
4010	None
4011	2820
4012	None
4013	None
4014	None
4015	None
4016	None
4017	None
4018	None
4019	4123
4020	None
4021	None
4022	None
4023	3368
4024	None
4025	4872
4026	4269
4027	None
4028	None
4029	None
4030	4850
4031	None
4032	None
4033	None
4034	None
4035	5174
4036	None
4037	None
4038	None
4039	None
4040	None
4041	None
4042	None
4043	None
4044	None
4045	None
4046	None
4047	None
4048	None
4049	None
4050	None
4051	None
4052	None
4053	None
4054	None
4055	None
4056	None
4057	None
4058	None
4059	None
4060	None
4061	None
4062	None
4063	None
4064	None
4065	None
4066	None
4067	None
4068	None
4069	None
4070	None
4071	None
4072	None
4073	None
4074	None
4075	None
4076	None
4077	3392
4078	None
4079	4129
4080	None
4081	None
4082	None
4083	None
4084	None
4085	None
4086	6732
4087	None
4088	None
4089	None
4090	None
4091	None
4092	None
4093	None
4094	None
4095	None
4096	None
4097	None
4098	None
4099	None
4100	None
4101	None
4102	None
4103	None
4104	7270
4105	None
4106	None
4107	None
4108	None
4109	None
4110	None
4111	None
4112	None
4113	None
4114	3589
4115	None
4116	None
4117	None
4118	None
4119	None
4120	None
4121	None
4122	None
4123	None
4124	None
4125	None
4126	None
4127	None
4128	None
4129	None
4130	None
4131	None
4132	None
4133	5525
4134	None
4135	None
4136	None
4137	None
4138	None
4139	None
4140	None
4141	3434
4142	None
4143	None
4144	None
4145	None
4146	None
4147	None
4148	None
4149	None
4150	None
4151	None
4152	None
4153	None
4154	None
4155	None
4156	None
4157	None
4158	3298
4159	None
4160	None
4161	3381
4162	None
4163	None
4164	None
4165	None
4166	None
4167	None
4168	None
4169	None
4170	None
4171	None
4172	None
4173	None
4174	None
4175	None
4176	4106
4177	None
4178	None
4179	None
4180	None
4181	None
4182	None
4183	None
4184	None
4185	None
4186	None
4187	None
4188	None
4189	3674
4190	None
4191	None
4192	3428
4193	None
4194	None
4195	None
4196	None
4197	None
4198	None
4199	6282
4200	None
4201	None
4202	None
4203	None
4204	4040
4205	3155
4206	None
4207	None
4208	None
4209	None
4210	None
4211	None
4212	None
4213	5468
4214	None
4215	None
4216	None
4217	None
4218	None
4219	None
4220	None
4221	None
4222	None
4223	None
4224	None
4225	None
4226	None
4227	None
4228	None
4229	None
4230	3858
4231	None
4232	None
4233	None
4234	None
4235	None
4236	None
4237	None
4238	3396
4239	None
4240	None
4241	None
4242	None
4243	None
4244	None
4245	None
4246	None
4247	None
4248	None
4249	None
4250	None
4251	None
4252	None
4253	None
4254	None
4255	None
4256	None
4257	None
4258	3827
4259	None
4260	None
4261	None
4262	None
4263	None
4264	None
4265	None
4266	None
4267	None
4268	None
4269	4265
4270	None
4271	None
4272	None
4273	None
4274	None
4275	None
4276	3082
4277	None
4278	None
4279	None
4280	None
4281	None
4282	None
4283	None
4284	None
4285	None
4286	None
4287	None
4288	None
4289	None
4290	None
4291	None
4292	None
4293	None
4294	4075
4295	None
4296	None
4297	None
4298	3796
4299	None
4300	3619
4301	None
4302	None
4303	None
4304	None
4305	3892
4306	None
4307	None
4308	None
4309	None
4310	3402
4311	None
4312	None
4313	None
4314	None
4315	None
4316	None
4317	None
4318	None
4319	None
4320	4273
4321	None
4322	None
4323	None
4324	None
4325	None
4326	None
4327	None
4328	None
4329	None
4330	None
4331	3402
4332	None
4333	None
4334	None
4335	None
4336	5420
4337	None
4338	4489
4339	3918
4340	None
4341	None
4342	None
4343	None
4344	None
4345	None
4346	None
4347	None
4348	None
4349	None
4350	4145
4351	None
4352	None
4353	None
4354	None
4355	None
4356	None
4357	None
4358	None
4359	None
4360	None
4361	None
4362	None
4363	4113
4364	3607
4365	4544
4366	None
4367	None
4368	None
4369	None
4370	None
4371	None
4372	None
4373	1896
4374	None
4375	None
4376	None
4377	None
4378	None
4379	None
4380	None
4381	None
4382	None
4383	None
4384	None
4385	None
4386	None
4387	None
4388	None
4389	None
4390	None
4391	None
4392	None
4393	None
4394	None
4395	None
4396	None
4397	None
4398	None
4399	None
4400	6597
4401	None
4402	None
4403	None
4404	None
4405	None
4406	None
4407	None
4408	None
4409	None
4410	None
4411	None
4412	None
4413	None
4414	None
4415	4812
4416	4166
4417	None
4418	None
4419	None
4420	None
4421	None
4422	None
4423	None
4424	None
4425	None
4426	None
4427	None
4428	None
4429	None
4430	None
4431	None
4432	None
4433	None
4434	None
4435	4691
4436	None
4437	None
4438	None
4439	None
4440	None
4441	None
4442	None
4443	None
4444	None
4445	None
4446	None
4447	None
4448	None
4449	None
4450	None
4451	None
4452	None
4453	4355
4454	None
4455	6140
4456	None
4457	None
4458	None
4459	None
4460	None
4461	None
4462	None
4463	None
4464	None
4465	None
4466	None
4467	None
4468	None
4469	None
4470	None
4471	None
4472	None
4473	4616
4474	4042
4475	None
4476	None
4477	None
4478	None
4479	None
4480	None
4481	None
4482	None
4483	None
4484	None
4485	None
4486	None
4487	None
4488	None
4489	None
4490	None
4491	None
4492	None
4493	None
4494	None
4495	None
4496	None
4497	3379
4498	None
4499	None
4500	None
4501	None
4502	None
4503	4735
4504	None
4505	None
4506	None
4507	None
4508	None
4509	None
4510	None
4511	None
4512	None
4513	None
4514	None
4515	None
4516	None
4517	None
4518	None
4519	None
4520	None
4521	None
4522	None
4523	None
4524	None
4525	None
4526	None
4527	None
4528	None
4529	None
4530	None
4531	None
4532	3972
4533	None
4534	None
4535	None
4536	None
4537	None
4538	None
4539	None
4540	None
4541	None
4542	None
4543	None
4544	4908
4545	None
4546	None
4547	None
4548	None
4549	None
4550	None
4551	None
4552	None
4553	None
4554	None
4555	None
4556	None
4557	None
4558	None
4559	None
4560	None
4561	None
4562	6027
4563	4429
4564	4560
4565	None
4566	None
4567	None
4568	None
4569	4479
4570	None
4571	None
4572	None
4573	None
4574	None
4575	None
4576	None
4577	None
4578	None
4579	None
4580	None
4581	None
4582	None
4583	None
4584	None
4585	None
4586	None
4587	None
4588	None
4589	None
4590	None
4591	None
4592	None
4593	None
4594	None
4595	None
4596	None
4597	2772
4598	None
4599	None
4600	None
4601	None
4602	None
4603	None
4604	None
4605	None
4606	None
4607	4356
4608	None
4609	None
4610	None
4611	None
4612	None
4613	None
4614	None
4615	None
4616	4393
4617	None
4618	None
4619	None
4620	None
4621	None
4622	4164
4623	None
4624	None
4625	None
4626	None
4627	None
4628	None
4629	None
4630	None
4631	None
4632	None
4633	None
4634	None
4635	None
4636	None
4637	None
4638	5309
4639	None
4640	None
4641	None
4642	None
4643	None
4644	None
4645	None
4646	None
4647	None
4648	None
4649	None
4650	None
4651	4289
4652	None
4653	None
4654	None
4655	None
4656	None
4657	None
4658	None
4659	None
4660	None
4661	None
4662	None
4663	3682
4664	4366
4665	None
4666	None
4667	4119
4668	2726
4669	None
4670	None
4671	None
4672	None
4673	None
4674	None
4675	None
4676	None
4677	5932
4678	None
4679	None
4680	None
4681	4242
4682	None
4683	None
4684	4366
4685	None
4686	None
4687	None
4688	None
4689	None
4690	None
4691	None
4692	None
4693	None
4694	None
4695	None
4696	None
4697	None
4698	None
4699	4100
4700	None
4701	None
4702	None
4703	None
4704	None
4705	None
4706	None
4707	None
4708	None
4709	None
4710	None
4711	None
4712	None
4713	None
4714	None
4715	None
4716	3925
4717	None
4718	None
4719	None
4720	None
4721	None
4722	None
4723	None
4724	None
4725	None
4726	None
4727	None
4728	None
4729	None
4730	None
4731	None
4732	None
4733	None
4734	None
4735	None
4736	None
4737	None
4738	None
4739	None
4740	None
4741	None
4742	None
4743	4750
4744	None
4745	None
4746	None
4747	None
4748	3744
4749	None
4750	None
4751	4623
4752	4289
4753	None
4754	None
4755	None
4756	None
4757	None
4758	None
4759	None
4760	None
4761	None
4762	None
4763	None
4764	None
4765	None
4766	4362
4767	None
4768	3633
4769	None
4770	None
4771	None
4772	None
4773	None
4774	3644
4775	None
4776	3744
4777	None
4778	None
4779	None
4780	None
4781	None
4782	None
4783	None
4784	None
4785	None
4786	None
4787	None
4788	None
4789	None
4790	None
4791	None
4792	None
4793	2986
4794	None
4795	None
4796	None
4797	None
4798	None
4799	None
4800	None
4801	None
4802	None
4803	None
4804	None
4805	None
4806	None
4807	None
4808	None
4809	4560
4810	None
4811	None
4812	None
4813	None
4814	None
4815	None
4816	3568
4817	None
4818	None
4819	None
4820	4177
4821	None
4822	None
4823	None
4824	3214
4825	None
4826	None
4827	None
4828	None
4829	5136
4830	None
4831	2972
4832	None
4833	None
4834	None
4835	None
4836	None
4837	None
4838	None
4839	None
4840	None
4841	None
4842	None
4843	None
4844	None
4845	None
4846	4716
4847	None
4848	None
4849	None
4850	None
4851	None
4852	None
4853	None
4854	None
4855	None
4856	None
4857	None
4858	4033
4859	None
4860	None
4861	None
4862	None
4863	None
4864	None
4865	None
4866	3700
4867	None
4868	None
4869	4197
4870	None
4871	None
4872	None
4873	None
4874	None
4875	None
4876	3639
4877	5095
4878	None
4879	None
4880	None
4881	None
4882	3422
4883	None
4884	None
4885	None
4886	None
4887	None
4888	None
4889	4720
4890	None
4891	5952
4892	4770
4893	None
4894	None
4895	None
4896	None
4897	None
4898	None
4899	None
4900	5396
4901	None
4902	None
4903	4164
4904	None
4905	None
4906	None
4907	3744
4908	None
4909	None
4910	None
4911	4191
4912	3906
4913	None
4914	None
4915	4439
4916	None
4917	None
4918	None
4919	None
4920	None
4921	None
4922	None
4923	None
4924	None
4925	None
4926	None
4927	None
4928	None
4929	2568
4930	None
4931	None
4932	None
4933	4561
4934	None
4935	4971
4936	3928
4937	None
4938	None
4939	None
4940	None
4941	None
4942	None
4943	None
4944	3347
4945	4433
4946	3674
4947	None
4948	None
4949	None
4950	None
4951	None
4952	None
4953	3935
4954	4199
4955	None
4956	None
4957	2466
4958	3515
4959	None
4960	3897
4961	4935
4962	None
4963	5216
4964	4468
4965	3953
4966	None
4967	4911
4968	None
4969	None
4970	4484
4971	None
4972	3847
4973	4349
4974	3809
4975	4795
4976	None
4977	None
4978	None
4979	3570
4980	3757
4981	3681
4982	None
4983	None
4984	None
4985	4105
4986	4268
4987	3949
4988	None
4989	5227
4990	4495
4991	3477
4992	None
4993	None
4994	None
4995	None
4996	None
4997	None
4998	4961
4999	None
5000	5084
5001	4179
5002	None
5003	3836
5004	3736
5005	5240
5006	4180
5007	3705
5008	None
5009	None
5010	5021
5011	None
5012	None
5013	None
5014	None
5015	None
5016	5084
5017	5289
5018	4278
5019	4962
5020	4734
5021	4305
5022	None
5023	4112
5024	3667
5025	4850
5026	None
5027	None
5028	None
5029	None
5030	4355
5031	None
5032	4055
5033	None
5034	None
5035	3773
5036	None
5037	5205
5038	4584
5039	4749
5040	5428
5041	5515
5042	None
5043	5068
5044	3945
5045	None
5046	4353
5047	None
5048	4520
5049	4335
5050	None
5051	4069
5052	None
5053	5522
5054	4768
5055	None
5056	3519
5057	4489
5058	None
5059	None
5060	4587
5061	None
5062	3064
5063	5077
5064	6377
5065	4770
5066	None
5067	4214
5068	4106
5069	4211
5070	3883
5071	4023
5072	None
5073	5289
5074	None
5075	None
5076	4971
5077	4535
5078	5120
5079	6892
5080	4393
5081	None
5082	None
5083	3233
5084	4177
5085	5584
5086	None
5087	None
5088	5238
5089	3961
5090	3933
5091	5811
5092	None
5093	4936
5094	4178
5095	None
5096	3570
5097	2988
5098	5066
5099	3889
5100	6464
5101	4700
5102	4178
5103	4759
5104	None
5105	3809
5106	4795
5107	5237
5108	5926
5109	None
5110	5766
5111	None
5112	None
5113	3894
5114	None
5115	3930
5116	4880
5117	3948
5118	5688
5119	4415
5120	4968
5121	4021
5122	None
5123	5194
5124	4237
5125	5422
5126	5484
5127	5574
5128	None
5129	5238
5130	4495
5131	None
5132	5400
5133	2695
5134	6509
5135	None
5136	4477
5137	3672
5138	3962
5139	5556
5140	4393
5141	4323
5142	None
5143	7423
5144	4269
5145	None
5146	4454
5147	4212
5148	5759
5149	3928
5150	5068
5151	None
5152	None
5153	4351
5154	4287
5155	None
5156	6011
5157	None
5158	4674
5159	5493
5160	None
5161	4743
5162	None
5163	None
5164	4908
5165	7079
5166	None
5167	None
5168	None
5169	None
5170	6367
5171	5036
5172	4237
5173	3234
5174	5283
5175	4488
5176	5121
5177	None
5178	None
5179	4272
5180	None
5181	4829
5182	4398
5183	None
5184	4376
5185	5021
5186	5197
5187	None
5188	5926
5189	5009
5190	5095
5191	6134
5192	None
5193	None
5194	6421
5195	4810
5196	None
5197	5475
5198	3887
5199	4968
5200	4129
5201	5650
5202	4350
5203	5203
5204	None
5205	None
5206	4382
5207	4048
5208	6097
5209	6016
5210	4600
5211	5141
5212	4785
5213	4585
5214	5768
5215	None
5216	None
5217	4656
5218	4468
5219	None
5220	None
5221	4811
5222	4381
5223	5024
5224	None
5225	5578
5226	3857
5227	5321
5228	5004
5229	4377
5230	3687
5231	None
5232	None
5233	5916
5234	None
5235	None
5236	3671
5237	5215
5238	4464
5239	4560
5240	None
5241	4185
5242	5672
5243	4971
5244	None
5245	None
5246	4096
5247	5000
5248	None
5249	4100
5250	2706
5251	5774
5252	4453
5253	5901
5254	None
5255	4200
5256	None
5257	4956
5258	4885
5259	None
5260	6330
5261	None
5262	4908
5263	4277
5264	4212
5265	4155
5266	5902
5267	None
5268	5140
5269	None
5270	None
5271	5210
5272	5689
5273	4212
5274	None
5275	None
5276	None
5277	5123
5278	5035
5279	5432
5280	6336
5281	None
5282	None
5283	5203
5284	3439
5285	4433
5286	5882
5287	5223
5288	None
5289	4156
5290	4678
5291	6025
5292	None
5293	None
5294	None
5295	4987
5296	None
5297	None
5298	4415
5299	4954
5300	None
5301	None
5302	None
5303	4319
5304	None
5305	None
5306	4958
5307	None
5308	None
5309	4481
5310	4833
5311	4772
5312	6174
5313	5556
5314	None
5315	6311
5316	None
5317	None
5318	None
5319	None
5320	None
5321	None
5322	None
5323	None
5324	None
5325	None
5326	4288
5327	5673
5328	4654
5329	6074
5330	None
5331	None
5332	5253
5333	None
5334	4376
5335	None
5336	None
5337	None
5338	6118
5339	5347
5340	4631
5341	4778
5342	5585
5343	5440
5344	None
5345	None
5346	4722
5347	4454
5348	4558
5349	4713
5350	None
5351	5817
5352	None
5353	4471
5354	None
5355	4659
5356	None
5357	None
5358	6147
5359	None
5360	None
5361	4535
5362	None
5363	None
5364	6640
5365	None
5366	None
5367	4651
5368	None
5369	5095
5370	4455
5371	6026
5372	None
5373	None
5374	None
5375	None
5376	None
5377	6195
5378	4295
5379	5752
5380	6201
5381	4595
5382	5625
5383	5908
5384	None
5385	None
5386	3850
5387	None
5388	5938
5389	5141
5390	None
5391	None
5392	None
5393	None
5394	None
5395	6632
5396	6342
5397	None
5398	None
5399	5163
5400	5821
5401	None
5402	None
5403	None
5404	4863
5405	4884
5406	None
5407	None
5408	3716
5409	4995
5410	None
5411	None
5412	6775
5413	None
5414	5035
5415	None
5416	None
5417	None
5418	None
5419	None
5420	6896
5421	6547
5422	5222
5423	None
5424	None
5425	None
5426	None
5427	None
5428	4631
5429	None
5430	None
5431	4570
5432	5276
5433	4782
5434	None
5435	6780
5436	None
5437	5205
5438	None
5439	5109
5440	None
5441	4487
5442	None
5443	None
5444	None
5445	4691
5446	None
5447	5818
5448	7543
5449	4468
5450	None
5451	None
5452	4488
5453	None
5454	5053
5455	4743
5456	5059
5457	None
5458	None
5459	None
5460	None
5461	None
5462	None
5463	None
5464	None
5465	None
5466	3619
5467	4532
5468	4808
5469	5980
5470	None
5471	None
5472	4562
5473	6808
5474	None
5475	None
5476	None
5477	5560
5478	None
5479	4681
5480	5603
5481	None
5482	None
5483	4701
5484	None
5485	None
5486	None
5487	4966
5488	None
5489	6387
5490	4722
5491	5384
5492	None
5493	7112
5494	None
5495	6517
5496	None
5497	None
5498	None
5499	None
5500	5441
5501	3995
5502	None
5503	None
5504	None
5505	None
5506	6613
5507	None
5508	None
5509	None
5510	4683
5511	None
5512	None
5513	6096
5514	4958
5515	None
5516	None
5517	4987
5518	None
5519	5952
5520	None
5521	6590
5522	5118
5523	5076
5524	None
5525	4799
5526	4839
5527	None
5528	None
5529	None
5530	None
5531	None
5532	None
5533	None
5534	None
5535	None
5536	None
5537	None
5538	5926
5539	5927
5540	None
5541	4522
5542	5381
5543	4711
5544	5717
5545	5673
5546	6392
5547	5095
5548	None
5549	None
5550	None
5551	None
5552	None
5553	5733
5554	6115
5555	None
5556	5737
5557	None
5558	None
5559	None
5560	6763
5561	None
5562	None
5563	None
5564	None
5565	None
5566	5318
5567	None
5568	None
5569	4743
5570	None
5571	6080
5572	None
5573	5958
5574	None
5575	5095
5576	None
5577	5098
5578	None
5579	4793
5580	None
5581	None
5582	None
5583	None
5584	5440
5585	5355
5586	None
5587	None
5588	5717
5589	None
5590	None
5591	None
5592	6573
5593	None
5594	4349
5595	None
5596	None
5597	4888
5598	None
5599	5897
5600	5871
5601	None
5602	None
5603	None
5604	5316
5605	None
5606	None
5607	None
5608	None
5609	None
5610	4732
5611	None
5612	None
5613	None
5614	None
5615	None
5616	None
5617	None
5618	5068
5619	7454
5620	None
5621	None
5622	None
5623	5127
5624	None
5625	None
5626	None
5627	4833
5628	4859
5629	None
5630	6487
5631	None
5632	None
5633	5553
5634	5512
5635	None
5636	None
5637	6926
5638	None
5639	6308
5640	4812
5641	None
5642	None
5643	None
5644	None
5645	None
5646	6246
5647	None
5648	None
5649	5921
5650	None
5651	5755
5652	5755
5653	None
5654	4877
5655	None
5656	None
5657	None
5658	None
5659	5290
5660	7623
5661	None
5662	None
5663	6265
5664	None
5665	None
5666	None
5667	None
5668	None
5669	None
5670	None
5671	None
5672	7419
5673	None
5674	5869
5675	None
5676	4735
5677	None
5678	5094
5679	None
5680	5881
5681	5699
5682	None
5683	None
5684	None
5685	None
5686	None
5687	None
5688	None
5689	5026
5690	None
5691	None
5692	None
5693	None
5694	None
5695	None
5696	None
5697	None
5698	None
5699	None
5700	None
5701	None
5702	None
5703	None
5704	None
5705	None
5706	None
5707	None
5708	None
5709	None
5710	None
5711	None
5712	None
5713	None
5714	None
5715	None
5716	None
5717	None
5718	None
5719	None
5720	None
5721	None
5722	None
5723	None
5724	None
5725	None
5726	None
5727	None
5728	None
5729	None
5730	None
5731	None
5732	None
5733	None
5734	None
5735	None
5736	None
5737	None
5738	None
5739	None
5740	None
5741	None
5742	None
5743	None
5744	None
5745	None
5746	None
5747	None
5748	None
5749	None
5750	None
5751	None
5752	None
5753	None
5754	None
5755	None
5756	None
5757	None
5758	None
5759	None
5760	None
5761	None
5762	None
5763	None
5764	None
5765	None
5766	None
5767	None
5768	None
5769	None
5770	None
5771	None
5772	None
5773	None
5774	None
5775	None
5776	None
5777	None
5778	None
5779	None
5780	None
5781	None
5782	None
5783	None
5784	None
5785	None
5786	None
5787	None
5788	None
5789	None
5790	None
5791	None
5792	None
5793	None
5794	None
5795	None
5796	None
5797	None
5798	None
5799	None
5800	None
5801	None
5802	None
5803	None
5804	None
5805	None
5806	None
5807	None
5808	None
5809	None
5810	None
5811	None
5812	None
5813	None
5814	None
5815	None
5816	None
5817	None
5818	None
5819	None
5820	None
5821	None
5822	None
5823	None
5824	None
5825	None
5826	None
5827	None
5828	None
5829	None
5830	None
5831	None
5832	None
5833	None
5834	None
5835	None
5836	None
5837	None
5838	None
5839	None
5840	None
5841	None
5842	None
5843	None
5844	None
5845	None
5846	None
5847	None
5848	None
5849	None
5850	None
5851	None
5852	None
5853	None
5854	None
5855	None
5856	None
5857	None
5858	None
5859	None
5860	None
5861	None
5862	None
5863	None
5864	None
5865	None
5866	None
5867	None
5868	None
5869	None
5870	None
5871	None
5872	None
5873	None
5874	None
5875	None
5876	None
5877	None
5878	None
5879	None
5880	None
5881	None
5882	None
5883	None
5884	None
5885	None
5886	None
5887	None
5888	None
5889	None
5890	None
5891	None
5892	None
5893	None
5894	None
5895	None
5896	None
5897	None
5898	None
5899	None
5900	None
5901	None
5902	None
5903	None
5904	None
5905	None
5906	None
5907	None
5908	None
5909	None
5910	None
5911	None
5912	None
5913	None
5914	None
5915	None
5916	None
5917	None
5918	None
5919	None
5920	None
5921	None
5922	None
5923	None
5924	None
5925	None
5926	None
5927	None
5928	None
5929	None
5930	None
5931	None
5932	None
5933	None
5934	None
5935	None
5936	None
5937	None
5938	None
5939	None
5940	None
5941	None
5942	None
5943	None
5944	None
5945	None
5946	None
5947	None
5948	None
5949	None
5950	None
5951	None
5952	None
5953	None
5954	None
5955	None
5956	None
5957	None
5958	None
5959	None
5960	None
5961	None
5962	None
5963	None
5964	None
5965	None
5966	None
5967	None
5968	None
5969	None
5970	None
5971	None
5972	None
5973	None
5974	None
5975	None
5976	None
5977	None
5978	None
5979	None
5980	None
5981	None
5982	None
5983	None
5984	None
5985	None
5986	None
5987	None
5988	None
5989	None
5990	None
5991	None
5992	None
5993	None
5994	None
5995	None
5996	None
5997	None
5998	None
5999	None
6000	None
6001	None
6002	None
6003	None
6004	None
6005	None
6006	None
6007	None
6008	None
6009	None
6010	None
6011	None
6012	None
6013	None
6014	None
6015	None
6016	None
6017	None
6018	None
6019	None
6020	None
6021	None
6022	None
6023	None
6024	None
6025	None
6026	None
6027	None
6028	None
6029	None
6030	None
6031	None
6032	None
6033	None
6034	None
6035	None
6036	None
6037	None
6038	None
6039	None
6040	None
6041	None
6042	None
6043	None
6044	None
6045	None
6046	None
6047	None
6048	None
6049	None
6050	None
6051	None
6052	None
6053	None
6054	None
6055	None
6056	None
6057	None
6058	None
6059	None
6060	None
6061	None
6062	None
6063	None
6064	None
6065	None
6066	None
6067	None
6068	None
6069	None
6070	None
6071	None
6072	None
6073	None
6074	None
6075	None
6076	None
6077	None
6078	None
6079	None
6080	None
6081	None
6082	None
6083	None
6084	None
6085	None
6086	None
6087	None
6088	None
6089	None
6090	None
6091	None
6092	None
6093	None
6094	None
6095	None
6096	None
6097	None
6098	None
6099	None
6100	None
6101	None
6102	None
6103	None
6104	None
6105	None
6106	None
6107	None
6108	None
6109	None
6110	None
6111	None
6112	None
6113	None
6114	None
6115	None
6116	None
6117	None
6118	None
6119	None
6120	None
6121	None
6122	None
6123	None
6124	None
6125	None
6126	None
6127	None
6128	None
6129	None
6130	None
6131	None
6132	None
6133	None
6134	None
6135	None
6136	None
6137	None
6138	None
6139	None
6140	None
6141	None
6142	None
6143	None
6144	None
6145	None
6146	None
6147	None
6148	None
6149	None
6150	None
6151	None
6152	None
6153	None
6154	None
6155	None
6156	None
6157	None
6158	None
6159	None
6160	None
6161	None
6162	None
6163	None
6164	None
6165	None
6166	None
6167	None
6168	None
6169	None
6170	None
6171	None
6172	None
6173	None
6174	None
6175	None
6176	None
6177	None
6178	None
6179	None
6180	None
6181	None
6182	None
6183	None
6184	None
6185	None
6186	None
6187	None
6188	None
6189	None
6190	None
6191	None
6192	None
6193	None
6194	None
6195	None
6196	None
6197	None
6198	None
6199	None
6200	None
6201	None
6202	None
6203	None
6204	None
6205	None
6206	None
6207	None
6208	None
6209	None
6210	None
6211	None
6212	None
6213	None
6214	None
6215	None
6216	None
6217	None
6218	None
6219	None
6220	None
6221	None
6222	None
6223	None
6224	None
6225	None
6226	None
6227	None
6228	None
6229	None
6230	None
6231	None
6232	None
6233	None
6234	None
6235	None
6236	None
6237	None
6238	None
6239	None
6240	None
6241	None
6242	None
6243	None
6244	None
6245	None
6246	None
6247	None
6248	None
6249	None
6250	None
6251	None
6252	None
6253	None
6254	None
6255	None
6256	None
6257	None
6258	None
6259	None
6260	None
6261	None
6262	None
6263	None
6264	None
6265	None
6266	None
6267	None
6268	None
6269	None
6270	None
6271	None
6272	None
6273	None
6274	None
6275	None
6276	None
6277	None
6278	None
6279	None
6280	None
6281	None
6282	None
6283	None
6284	None
6285	None
6286	None
6287	None
6288	None
6289	None
6290	None
6291	None
6292	None
6293	None
6294	None
6295	None
6296	None
6297	None
6298	None
6299	None
6300	None
6301	None
6302	None
6303	None
6304	None
6305	None
6306	None
6307	None
6308	None
6309	None
6310	None
6311	None
6312	None
6313	None
6314	None
6315	None
6316	None
6317	None
6318	None
6319	None
6320	None
6321	None
6322	None
6323	None
6324	None
6325	None
6326	None
6327	None
6328	None
6329	None
6330	None
6331	None
6332	None
6333	None
6334	None
6335	None
6336	None
6337	None
6338	None
6339	None
6340	None
6341	None
6342	None
6343	None
6344	None
6345	None
6346	None
6347	None
6348	None
6349	None
6350	None
6351	None
6352	None
6353	None
6354	None
6355	None
6356	None
6357	None
6358	None
6359	None
6360	None
6361	None
6362	None
6363	None
6364	None
6365	None
6366	None
6367	None
6368	None
6369	None
6370	None
6371	None
6372	None
6373	None
6374	None
6375	None
6376	None
6377	None
6378	None
6379	None
6380	None
6381	None
6382	None
6383	None
6384	None
6385	None
6386	None
6387	None
6388	None
6389	None
6390	None
6391	None
6392	None
6393	None
6394	None
6395	None
6396	None
6397	None
6398	None
6399	None
6400	None
6401	None
6402	None
6403	None
6404	None
6405	None
6406	None
6407	None
6408	None
6409	None
6410	None
6411	None
6412	None
6413	None
6414	None
6415	None
6416	None
6417	None
6418	None
6419	None
6420	None
6421	None
6422	None
6423	None
6424	None
6425	None
6426	None
6427	None
6428	None
6429	None
6430	None
6431	None
6432	None
6433	None
6434	None
6435	None
6436	None
6437	None
6438	None
6439	None
6440	None
6441	None
6442	None
6443	None
6444	None
6445	None
6446	None
6447	None
6448	None
6449	None
6450	None
6451	None
6452	None
6453	None
6454	None
6455	None
6456	None
6457	None
6458	None
6459	None
6460	None
6461	None
6462	None
6463	None
6464	None
6465	None
6466	None
6467	None
6468	None
6469	None
6470	None
6471	None
6472	None
6473	None
6474	None
6475	None
6476	None
6477	None
6478	None
6479	None
6480	None
6481	None
6482	None
6483	None
6484	None
6485	None
6486	None
6487	None
6488	None
6489	None
6490	None
6491	None
6492	None
6493	None
6494	None
6495	None
6496	None
6497	None
6498	None
6499	None
6500	None
6501	None
6502	None
6503	None
6504	None
6505	None
6506	None
6507	None
6508	None
6509	None
6510	None
6511	None
6512	None
6513	None
6514	None
6515	None
6516	None
6517	None
6518	None
6519	None
6520	None
6521	None
6522	None
6523	None
6524	None
6525	None
6526	None
6527	None
6528	None
6529	None
6530	None
6531	None
6532	None
6533	None
6534	None
6535	None
6536	None
6537	None
6538	None
6539	None
6540	None
6541	None
6542	None
6543	None
6544	None
6545	None
6546	None
6547	None
6548	None
6549	None
6550	None
6551	None
6552	None
6553	None
6554	None
6555	None
6556	None
6557	None
6558	None
6559	None
6560	None
6561	None
6562	None
6563	None
6564	None
6565	None
6566	None
6567	None
6568	None
6569	None
6570	None
6571	None
6572	None
6573	None
6574	None
6575	None
6576	None
6577	None
6578	None
6579	None
6580	None
6581	None
6582	None
6583	None
6584	None
6585	None
6586	None
6587	None
6588	None
6589	None
6590	None
6591	None
6592	None
6593	None
6594	None
6595	None
6596	None
6597	None
6598	None
6599	None
6600	None
6601	None
6602	None
6603	None
6604	None
6605	None
6606	None
6607	None
6608	None
6609	None
6610	None
6611	None
6612	None
6613	None
6614	None
6615	None
6616	None
6617	None
6618	None
6619	None
6620	None
6621	None
6622	None
6623	None
6624	None
6625	None
6626	None
6627	None
6628	None
6629	None
6630	None
6631	None
6632	None
6633	None
6634	None
6635	None
6636	None
6637	None
6638	None
6639	None
6640	None
6641	None
6642	None
6643	None
6644	None
6645	None
6646	None
6647	None
6648	None
6649	None
6650	None
6651	None
6652	None
6653	None
6654	None
6655	None
6656	None
6657	None
6658	None
6659	None
6660	None
6661	None
6662	None
6663	None
6664	None
6665	None
6666	None
6667	None
6668	None
6669	None
6670	None
6671	None
6672	None
6673	None
6674	None
6675	None
6676	None
6677	None
6678	None
6679	None
6680	None
6681	None
6682	None
6683	None
6684	None
6685	None
6686	None
6687	None
6688	None
6689	None
6690	None
6691	None
6692	None
6693	None
6694	None
6695	None
6696	None
6697	None
6698	None
6699	None
6700	None
6701	None
6702	None
6703	None
6704	None
6705	None
6706	None
6707	None
6708	None
6709	None
6710	None
6711	None
6712	None
6713	None
6714	None
6715	None
6716	None
6717	None
6718	None
6719	None
6720	None
6721	None
6722	None
6723	None
6724	None
6725	None
6726	None
6727	None
6728	None
6729	None
6730	None
6731	None
6732	None
6733	None
6734	None
6735	None
6736	None
6737	None
6738	None
6739	None
6740	None
6741	None
6742	None
6743	None
6744	None
6745	None
6746	None
6747	None
6748	None
6749	None
6750	None
6751	None
6752	None
6753	None
6754	None
6755	None
6756	None
6757	None
6758	None
6759	None
6760	None
6761	None
6762	None
6763	None
6764	None
6765	None
6766	None
6767	None
6768	None
6769	None
6770	None
6771	None
6772	None
6773	None
6774	None
6775	None
6776	None
6777	None
6778	None
6779	None
6780	None
6781	None
6782	None
6783	None
6784	None
6785	None
6786	None
6787	None
6788	None
6789	None
6790	None
6791	None
6792	None
6793	None
6794	None
6795	None
6796	None
6797	None
6798	None
6799	None
6800	None
6801	None
6802	None
6803	None
6804	None
6805	None
6806	None
6807	None
6808	None
6809	None
6810	None
6811	None
6812	None
6813	None
6814	None
6815	None
6816	None
6817	None
6818	None
6819	None
6820	None
6821	None
6822	None
6823	None
6824	None
6825	None
6826	None
6827	None
6828	None
6829	None
6830	None
6831	None
6832	None
6833	None
6834	None
6835	None
6836	None
6837	None
6838	None
6839	None
6840	None
6841	None
6842	None
6843	None
6844	None
6845	None
6846	None
6847	None
6848	None
6849	None
6850	None
6851	None
6852	None
6853	None
6854	None
6855	None
6856	None
6857	None
6858	None
6859	None
6860	None
6861	None
6862	None
6863	None
6864	None
6865	None
6866	None
6867	None
6868	None
6869	None
6870	None
6871	None
6872	None
6873	None
6874	None
6875	None
6876	None
6877	None
6878	None
6879	None
6880	None
6881	None
6882	None
6883	None
6884	None
6885	None
6886	None
6887	None
6888	None
6889	None
6890	None
6891	None
6892	None
6893	None
6894	None
6895	None
6896	None
6897	None
6898	None
6899	None
6900	None
6901	None
6902	None
6903	None
6904	None
6905	None
6906	None
6907	None
6908	None
6909	None
6910	None
6911	None
6912	None
6913	None
6914	None
6915	None
6916	None
6917	None
6918	None
6919	None
6920	None
6921	None
6922	None
6923	None
6924	None
6925	None
6926	None
6927	None
6928	None
6929	None
6930	None
6931	None
6932	None
6933	None
6934	None
6935	None
6936	None
6937	None
6938	None
6939	None
6940	None
6941	None
6942	None
6943	None
6944	None
6945	None
6946	None
6947	None
6948	None
6949	None
6950	None
6951	None
6952	None
6953	None
6954	None
6955	None
6956	None
6957	None
6958	None
6959	None
6960	None
6961	None
6962	None
6963	None
6964	None
6965	None
6966	None
6967	None
6968	None
6969	None
6970	None
6971	None
6972	None
6973	None
6974	None
6975	None
6976	None
6977	None
6978	None
6979	None
6980	None
6981	None
6982	None
6983	None
6984	None
6985	None
6986	None
6987	None
6988	None
6989	None
6990	None
6991	None
6992	None
6993	None
6994	None
6995	None
6996	None
6997	None
6998	None
6999	None
7000	None
7001	None
7002	None
7003	None
7004	None
7005	None
7006	None
7007	None
7008	None
7009	None
7010	None
7011	None
7012	None
7013	None
7014	None
7015	None
7016	None
7017	None
7018	None
7019	None
7020	None
7021	None
7022	None
7023	None
7024	None
7025	None
7026	None
7027	None
7028	None
7029	None
7030	None
7031	None
7032	None
7033	None
7034	None
7035	None
7036	None
7037	None
7038	None
7039	None
7040	None
7041	None
7042	None
7043	None
7044	None
7045	None
7046	None
7047	None
7048	None
7049	None
7050	None
7051	None
7052	None
7053	None
7054	None
7055	None
7056	None
7057	None
7058	None
7059	None
7060	None
7061	None
7062	None
7063	None
7064	None
7065	None
7066	None
7067	None
7068	None
7069	None
7070	None
7071	None
7072	None
7073	None
7074	None
7075	None
7076	None
7077	None
7078	None
7079	None
7080	None
7081	None
7082	None
7083	None
7084	None
7085	None
7086	None
7087	None
7088	None
7089	None
7090	None
7091	None
7092	None
7093	None
7094	None
7095	None
7096	None
7097	None
7098	None
7099	None
7100	None
7101	None
7102	None
7103	None
7104	None
7105	None
7106	None
7107	None
7108	None
7109	None
7110	None
7111	None
7112	None
7113	None
7114	None
7115	None
7116	None
7117	None
7118	None
7119	None
7120	None
7121	None
7122	None
7123	None
7124	None
7125	None
7126	None
7127	None
7128	None
7129	None
7130	None
7131	None
7132	None
7133	None
7134	None
7135	None
7136	None
7137	None
7138	None
7139	None
7140	None
7141	None
7142	None
7143	None
7144	None
7145	None
7146	None
7147	None
7148	None
7149	None
7150	None
7151	None
7152	None
7153	None
7154	None
7155	None
7156	None
7157	None
7158	None
7159	None
7160	None
7161	None
7162	None
7163	None
7164	None
7165	None
7166	None
7167	None
7168	None
7169	None
7170	None
7171	None
7172	None
7173	None
7174	None
7175	None
7176	None
7177	None
7178	None
7179	None
7180	None
7181	None
7182	None
7183	None
7184	None
7185	None
7186	None
7187	None
7188	None
7189	None
7190	None
7191	None
7192	None
7193	None
7194	None
7195	None
7196	None
7197	None
7198	None
7199	None
7200	None
7201	None
7202	None
7203	None
7204	None
7205	None
7206	None
7207	None
7208	None
7209	None
7210	None
7211	None
7212	None
7213	None
7214	None
7215	None
7216	None
7217	None
7218	None
7219	None
7220	None
7221	None
7222	None
7223	None
7224	None
7225	None
7226	None
7227	None
7228	None
7229	None
7230	None
7231	None
7232	None
7233	None
7234	None
7235	None
7236	None
7237	None
7238	None
7239	None
7240	None
7241	None
7242	None
7243	None
7244	None
7245	None
7246	None
7247	None
7248	None
7249	None
7250	None
7251	None
7252	None
7253	None
7254	None
7255	None
7256	None
7257	None
7258	None
7259	None
7260	None
7261	None
7262	None
7263	None
7264	None
7265	None
7266	None
7267	None
7268	None
7269	None
7270	None
7271	None
7272	None
7273	None
7274	None
7275	None
7276	None
7277	None
7278	None
7279	None
7280	None
7281	None
7282	None
7283	None
7284	None
7285	None
7286	None
7287	None
7288	None
7289	None
7290	None
7291	None
7292	None
7293	None
7294	None
7295	None
7296	None
7297	None
7298	None
7299	None
7300	None
7301	None
7302	None
7303	None
7304	None
7305	None
7306	None
7307	None
7308	None
7309	None
7310	None
7311	None
7312	None
7313	None
7314	None
7315	None
7316	None
7317	None
7318	None
7319	None
7320	None
7321	None
7322	None
7323	None
7324	None
7325	None
7326	None
7327	None
7328	None
7329	None
7330	None
7331	None
7332	None
7333	None
7334	None
7335	None
7336	None
7337	None
7338	None
7339	None
7340	None
7341	None
7342	None
7343	None
7344	None
7345	None
7346	None
7347	None
7348	None
7349	None
7350	None
7351	None
7352	None
7353	None
7354	None
7355	None
7356	None
7357	None
7358	None
7359	None
7360	None
7361	None
7362	None
7363	None
7364	None
7365	None
7366	None
7367	None
7368	None
7369	None
7370	None
7371	None
7372	None
7373	None
7374	None
7375	None
7376	None
7377	None
7378	None
7379	None
7380	None
7381	None
7382	None
7383	None
7384	None
7385	None
7386	None
7387	None
7388	None
7389	None
7390	None
7391	None
7392	None
7393	None
7394	None
7395	None
7396	None
7397	None
7398	None
7399	None
7400	None
7401	None
7402	None
7403	None
7404	None
7405	None
7406	None
7407	None
7408	None
7409	None
7410	None
7411	None
7412	None
7413	None
7414	None
7415	None
7416	None
7417	None
7418	None
7419	None
7420	None
7421	None
7422	None
7423	None
7424	None
7425	None
7426	None
7427	None
7428	None
7429	None
7430	None
7431	None
7432	None
7433	None
7434	None
7435	None
7436	None
7437	None
7438	None
7439	None
7440	None
7441	None
7442	None
7443	None
7444	None
7445	None
7446	None
7447	None
7448	None
7449	None
7450	None
7451	None
7452	None
7453	None
7454	None
7455	None
7456	None
7457	None
7458	None
7459	None
7460	None
7461	None
7462	None
7463	None
7464	None
7465	None
7466	None
7467	None
7468	None
7469	None
7470	None
7471	None
7472	None
7473	None
7474	None
7475	None
7476	None
7477	None
7478	None
7479	None
7480	None
7481	None
7482	None
7483	None
7484	None
7485	None
7486	None
7487	None
7488	None
7489	None
7490	None
7491	None
7492	None
7493	None
7494	None
7495	None
7496	None
7497	None
7498	None
7499	None
7500	None
7501	None
7502	None
7503	None
7504	None
7505	None
7506	None
7507	None
7508	None
7509	None
7510	None
7511	None
7512	None
7513	None
7514	None
7515	None
7516	None
7517	None
7518	None
7519	None
7520	None
7521	None
7522	None
7523	None
7524	None
7525	None
7526	None
7527	None
7528	None
7529	None
7530	None
7531	None
7532	None
7533	None
7534	None
7535	None
7536	None
7537	None
7538	None
7539	None
7540	None
7541	None
7542	None
7543	None
7544	None
7545	None
7546	None
7547	None
7548	None
7549	None
7550	None
7551	None
7552	None
7553	None
7554	None
7555	None
7556	None
7557	None
7558	None
7559	None
7560	None
7561	None
7562	None
7563	None
7564	None
7565	None
7566	None
7567	None
7568	None
7569	None
7570	None
7571	None
7572	None
7573	None
7574	None
7575	None
7576	None
7577	None
7578	None
7579	None
7580	None
7581	None
7582	None
7583	None
7584	None
7585	None
7586	None
7587	None
7588	None
7589	None
7590	None
7591	None
7592	None
7593	None
7594	None
7595	None
7596	None
7597	None
7598	None
7599	None
7600	None
7601	None
7602	None
7603	None
7604	None
7605	None
7606	None
7607	None
7608	None
7609	None
7610	None
7611	None
7612	None
7613	None
7614	None
7615	None
7616	None
7617	None
7618	None
7619	None
7620	None
7621	None
7622	None
7623	None
7624	None
7625	None
7626	None
7627	None
7628	None
7629	None
7630	None
7631	None
7632	None
7633	None
7634	None
7635	None
7636	None
7637	None
7638	None
7639	None
7640	None
7641	None
7642	None
7643	None
7644	None
7645	None
7646	None
7647	None
7648	None
7649	None
7650	None
7651	None
7652	None
7653	None
7654	None
7655	None
7656	None
7657	None
7658	None
7659	None
7660	None
7661	None
7662	None
7663	None
7664	None
7665	None
7666	None
7667	None
7668	None
7669	None
7670	None
7671	None
7672	None
7673	None
7674	None
7675	None
7676	None
7677	None
7678	None
7679	None
7680	None
7681	None
7682	None
7683	None
7684	None
7685	None
7686	None
7687	None
7688	None
7689	None
7690	None
7691	None
7692	None
7693	None
7694	None
7695	None
7696	None
7697	None
7698	None
7699	None
7700	None
7701	None
7702	None
7703	None
7704	None
7705	None
7706	None
7707	None
7708	None
7709	None
7710	None
7711	None
7712	None
7713	None
7714	None
7715	None
7716	None
7717	None
7718	None
7719	None
7720	None
7721	None
7722	None
7723	None
7724	None
7725	None
7726	None
7727	None
7728	None
7729	None
7730	None
7731	None
7732	None
7733	None
7734	None
7735	None
7736	None
7737	None
7738	None
7739	None
7740	None
7741	None
7742	None
7743	None
7744	None
7745	None
7746	None
7747	None
7748	None
7749	None
7750	None
7751	None
7752	None
7753	None
7754	None
7755	None
7756	None
7757	None
7758	None
7759	None
7760	None
7761	None
7762	None
7763	None
7764	None
7765	None
7766	None
7767	None
7768	None
7769	None
7770	None
7771	None
7772	None
7773	None
7774	None
7775	None
7776	None
7777	None
7778	None
7779	None
7780	None
7781	None
7782	None
7783	None
7784	None
7785	None
7786	None
7787	None
7788	None
7789	None
7790	None
7791	None
7792	None
7793	None
7794	None
7795	None
7796	None
7797	None
7798	None
7799	None
7800	None
7801	None
7802	None
7803	None
7804	None
7805	None
7806	None
7807	None
7808	None
7809	None
7810	None
7811	None
7812	None
7813	None
7814	None
7815	None
7816	None
7817	None
7818	None
7819	None
7820	None
7821	None
7822	None
7823	None
7824	None
7825	None
7826	None
7827	None
7828	None
7829	None
7830	None
7831	None
7832	None
7833	None
7834	None
7835	None
7836	None
7837	None
7838	None
7839	None
7840	None
7841	None
7842	None
7843	None
7844	None
7845	None
7846	None
7847	None
7848	None
7849	None
7850	None
7851	None
7852	None
7853	None
7854	None
7855	None
7856	None
7857	None
7858	None
7859	None
7860	None
7861	None
7862	None
7863	None
7864	None
7865	None
7866	None
7867	None
7868	None
7869	None
7870	None
7871	None
7872	None
7873	None
7874	None
7875	None
7876	None
7877	None
7878	None
7879	None
7880	None
7881	None
7882	None
7883	None
7884	None
7885	None
7886	None
7887	None
7888	None
7889	None
7890	None
7891	None
7892	None
7893	None
7894	None
7895	None
7896	None
7897	None
7898	None
7899	None
7900	None
7901	None
7902	None
7903	None
7904	None
7905	None
7906	None
7907	None
7908	None
7909	None
7910	None
7911	None
7912	None
7913	None
7914	None
7915	None
7916	None
7917	None
7918	None
7919	None
7920	None
7921	None
7922	None
7923	None
7924	None
7925	None
7926	None
7927	None
7928	None
7929	None
7930	None
7931	None
7932	None
7933	None
7934	None
7935	None
7936	None
7937	None
7938	None
7939	None
7940	None
7941	None
7942	None
7943	None
7944	None
7945	None
7946	None
7947	None
7948	None
7949	None
7950	None
7951	None
7952	None
7953	None
7954	None
7955	None
7956	None
7957	None
7958	None
7959	None
7960	None
7961	None
7962	None
7963	None
7964	None
7965	None
7966	None
7967	None
7968	None
7969	None
7970	None
7971	None
7972	None
7973	None
7974	None
7975	None
7976	None
7977	None
7978	None
7979	None
7980	None
7981	None
7982	None
7983	None
7984	None
7985	None
7986	None
7987	None
7988	None
7989	None
7990	None
7991	None
7992	None
7993	None
7994	None
7995	None
7996	None
7997	None
7998	None
7999	None
8000	None
8001	None
8002	None
8003	None
8004	None
8005	None
8006	None
8007	None
8008	None
8009	None
8010	None
8011	None
8012	None
8013	None
8014	None
8015	None
8016	None
8017	None
8018	None
8019	None
8020	None
8021	None
8022	None
8023	None
8024	None
8025	None
8026	None
8027	None
8028	None
8029	None
8030	None
8031	None
8032	None
8033	None
8034	None
8035	None
8036	None
8037	None
8038	None
8039	None
8040	None
8041	None
8042	None
8043	None
8044	None
8045	None
8046	None
8047	None
8048	None
8049	None
8050	None
8051	None
8052	None
8053	None
8054	None
8055	None
8056	None
8057	None
8058	None
8059	None
8060	None
8061	None
8062	None
8063	None
8064	None
8065	None
8066	None
8067	None
8068	None
8069	None
8070	None
8071	None
8072	None
8073	None
8074	None
8075	None
8076	None
8077	None
8078	None
8079	None
8080	None
8081	None
8082	None
8083	None
8084	None
8085	None
8086	None
8087	None
8088	None
8089	None
8090	None
8091	None
8092	None
8093	None
8094	None
8095	None
8096	None
8097	None
8098	None
8099	None
8100	None
8101	None
8102	None
8103	None
8104	None
8105	None
8106	None
8107	None
8108	None
8109	None
8110	None
8111	None
8112	None
8113	None
8114	None
8115	None
8116	None
8117	None
8118	None
8119	None
8120	None
8121	None
8122	None
8123	None
8124	None
8125	None
8126	None
8127	None
8128	None
8129	None
8130	None
8131	None
8132	None
8133	None
8134	None
8135	None
8136	None
8137	None
8138	None
8139	None
8140	None
8141	None
8142	None
8143	None
8144	None
8145	None
8146	None
8147	None
8148	None
8149	None
8150	None
8151	None
8152	None
8153	None
8154	None
8155	None
8156	None
8157	None
8158	None
8159	None
8160	None
8161	None
8162	None
8163	None
8164	None
8165	None
8166	None
8167	None
8168	None
8169	None
8170	None
8171	None
8172	None
8173	None
8174	None
8175	None
8176	None
8177	None
8178	None
8179	None
8180	None
8181	None
8182	None
8183	None
8184	None
8185	None
8186	None
8187	None
8188	None
8189	None
8190	None
8191	None
8192	None
8193	None
8194	None
8195	None
8196	None
8197	None
8198	None
8199	None
8200	None
8201	None
8202	None
8203	None
8204	None
8205	None
8206	None
8207	None
8208	None
8209	None
8210	None
8211	None
8212	None
8213	None
8214	None
8215	None
8216	None
8217	None
8218	None
8219	None
8220	None
8221	None
8222	None
8223	None
8224	None
8225	None
8226	None
8227	None
8228	None
8229	None
8230	None
8231	None
8232	None
8233	None
8234	None
8235	None
8236	None
8237	None
8238	None
8239	None
8240	None
8241	None
8242	None
8243	None
8244	None
8245	None
8246	None
8247	None
8248	None
8249	None
8250	None
8251	None
8252	None
8253	None
8254	None
8255	None
8256	None
8257	None
8258	None
8259	None
8260	None
8261	None
8262	None
8263	None
8264	None
8265	None
8266	None
8267	None
8268	None
8269	None
8270	None
8271	None
8272	None
8273	None
8274	None
8275	None
8276	None
8277	None
8278	None
8279	None
8280	None
8281	None
8282	None
8283	None
8284	None
8285	None
8286	None
8287	None
8288	None
8289	None
8290	None
8291	None
8292	None
8293	None
8294	None
8295	None
8296	None
8297	None
8298	None
8299	None
8300	None
8301	None
8302	None
8303	None
8304	None
8305	None
8306	None
8307	None
8308	None
8309	None
8310	None
8311	None
8312	None
8313	None
8314	None
8315	None
8316	None
8317	None
8318	None
8319	None
8320	None
8321	None
8322	None
8323	None
8324	None
8325	None
8326	None
8327	None
8328	None
8329	None
8330	None
8331	None
8332	None
8333	None
8334	None
8335	None
8336	None
8337	None
8338	None
8339	None
8340	None
8341	None
8342	None
8343	None
8344	None
8345	None
8346	None
8347	None
8348	None
8349	None
8350	None
8351	None
8352	None
8353	None
8354	None
8355	None
8356	None
8357	None
8358	None
8359	None
8360	None
8361	None
8362	None
8363	None
8364	None
8365	None
8366	None
8367	None
8368	None
8369	None
8370	None
8371	None
8372	None
8373	None
8374	None
8375	None
8376	None
8377	None
8378	None
8379	None
8380	None
8381	None
8382	None
8383	None
8384	None
8385	None
8386	None
8387	None
8388	None
8389	None
8390	None
8391	None
8392	None
8393	None
8394	None
8395	None
8396	None
8397	None
8398	None
8399	None
8400	None
8401	None
8402	None
8403	None
8404	None
8405	None
8406	None
8407	None
8408	None
8409	None
8410	None
8411	None
8412	None
8413	None
8414	None
8415	None
8416	None
8417	None
8418	None
8419	None
8420	None
8421	None
8422	None
8423	None
8424	None
8425	None
8426	None
8427	None
8428	None
8429	None
8430	None
8431	None
8432	None
8433	None
8434	None
8435	None
8436	None
8437	None
8438	None
8439	None
8440	None
8441	None
8442	None
8443	None
8444	None
8445	None
8446	None
8447	None
8448	None
8449	None
8450	None
8451	None
8452	None
8453	None
8454	None
8455	None
8456	None
8457	None
8458	None
8459	None
8460	None
8461	None
8462	None
8463	None
8464	None
8465	None
8466	None
8467	None
8468	None
8469	None
8470	None
8471	None
8472	None
8473	None
8474	None
8475	None
8476	None
8477	None
8478	None
8479	None
8480	None
8481	None
8482	None
8483	None
8484	None
8485	None
8486	None
8487	None
8488	None
8489	None
8490	None
8491	None
8492	None
8493	None
8494	None
8495	None
8496	None
8497	None
8498	None
8499	None
8500	None
8501	None
8502	None
8503	None
8504	None
8505	None
8506	None
8507	None
8508	None
8509	None
8510	None
8511	None
8512	None
8513	None
8514	None
8515	None
8516	None
8517	None
8518	None
8519	None
8520	None
8521	None
8522	None
8523	None
8524	None
8525	None
8526	None
8527	None
8528	None
8529	None
8530	None
8531	None
8532	None
8533	None
8534	None
8535	None
8536	None
8537	None
8538	None
8539	None
8540	None
8541	None
8542	None
8543	None
8544	None
8545	None
8546	None
8547	None
8548	None
8549	None
8550	None
8551	None
8552	None
8553	None
8554	None
8555	None
8556	None
8557	None
8558	None
8559	None
8560	None
8561	None
8562	None
8563	None
8564	None
8565	None
8566	None
8567	None
8568	None
8569	None
8570	None
8571	None
8572	None
8573	None
8574	None
8575	None
8576	None
8577	None
8578	None
8579	None
8580	None
8581	None
8582	None
8583	None
8584	None
8585	None
8586	None
8587	None
8588	None
8589	None
8590	None
8591	None
8592	None
8593	None
8594	None
8595	None
8596	None
8597	None
8598	None
8599	None
8600	None
8601	None
8602	None
8603	None
8604	None
8605	None
8606	None
8607	None
8608	None
8609	None
8610	None
8611	None
8612	None
8613	None
8614	None
8615	None
8616	None
8617	None
8618	None
8619	None
8620	None
8621	None
8622	None
8623	None
8624	None
8625	None
8626	None
8627	None
8628	None
8629	None
8630	None
8631	None
8632	None
8633	None
8634	None
8635	None
8636	None
8637	None
8638	None
8639	None
8640	None
8641	None
8642	None
8643	None
8644	None
8645	None
8646	None
8647	None
8648	None
8649	None
8650	None
8651	None
8652	None
8653	None
8654	None
8655	None
8656	None
8657	None
8658	None
8659	None
8660	None
8661	None
8662	None
8663	None
8664	None
8665	None
8666	None
8667	None
8668	None
8669	None
8670	None
8671	None
8672	None
8673	None
8674	None
8675	None
8676	None
8677	None
8678	None
8679	None
8680	None
8681	None
8682	None
8683	None
8684	None
8685	None
8686	None
8687	None
8688	None
8689	None
8690	None
8691	None
8692	None
8693	None
8694	None
8695	None
8696	None
8697	None
8698	None
8699	None
8700	None
8701	None
8702	None
8703	None
8704	None
8705	None
8706	None
8707	None
8708	None
8709	None
8710	None
8711	None
8712	None
8713	None
8714	None
8715	None
8716	None
8717	None
8718	None
8719	None
8720	None
8721	None
8722	None
8723	None
8724	None
8725	None
8726	None
8727	None
8728	None
8729	None
8730	None
8731	None
8732	None
8733	None
8734	None
8735	None
8736	None
8737	None
8738	None
8739	None
8740	None
8741	None
8742	None
8743	None
8744	None
8745	None
8746	None
8747	None
8748	None
8749	None
8750	None
8751	None
8752	None
8753	None
8754	None
8755	None
8756	None
8757	None
8758	None
8759	None
8760	None
8761	None
8762	None
8763	None
8764	None
8765	None
8766	None
8767	None
8768	None
8769	None
8770	None
8771	None
8772	None
8773	None
8774	None
8775	None
8776	None
8777	None
8778	None
8779	None
8780	None
8781	None
8782	None
8783	None
8784	None
8785	None
