2331 matches
['halomatch.py', 'Runs/', 'LCDM_vanilla', 'SymD_vanilla', '64', '.5', 'match_LCDM_vanilla_SymD_vanilla']
LCDM_vanilla	SymD_vanilla
0	0
1	1
2	2
3	4
4	3
5	6
6	7
7	None
8	8
9	9
10	None
11	13
12	None
13	12
14	None
15	14
16	23
17	15
18	10
19	None
20	25
21	None
22	24
23	26
24	30
25	19
26	39
27	22
28	None
29	31
30	37
31	29
32	None
33	34
34	50
35	None
36	None
37	None
38	None
39	46
40	45
41	None
42	36
43	47
44	49
45	38
46	None
47	None
48	52
49	55
50	None
51	128
52	None
53	57
54	43
55	54
56	None
57	51
58	60
59	66
60	None
61	53
62	48
63	None
64	76
65	71
66	62
67	72
68	99
69	None
70	64
71	None
72	86
73	82
74	None
75	None
76	65
77	None
78	83
79	67
80	84
81	70
82	None
83	95
84	None
85	115
86	None
87	None
88	None
89	None
90	None
91	None
92	85
93	None
94	77
95	119
96	79
97	92
98	None
99	97
100	None
101	106
102	91
103	87
104	113
105	None
106	None
107	101
108	107
109	242
110	None
111	None
112	127
113	None
114	None
115	None
116	None
117	108
118	None
119	None
120	None
121	264
122	None
123	126
124	112
125	None
126	139
127	122
128	111
129	93
130	None
131	104
132	None
133	140
134	None
135	None
136	151
137	161
138	117
139	None
140	116
141	None
142	150
143	None
144	153
145	None
146	None
147	154
148	None
149	142
150	None
151	None
152	None
153	None
154	156
155	136
156	157
157	165
158	None
159	143
160	132
161	None
162	None
163	149
164	None
165	171
166	121
167	158
168	144
169	None
170	164
171	162
172	137
173	None
174	135
175	152
176	None
177	170
178	None
179	175
180	None
181	195
182	246
183	None
184	None
185	None
186	None
187	200
188	None
189	249
190	None
191	181
192	246
193	828
194	None
195	247
196	147
197	172
198	214
199	None
200	263
201	188
202	522
203	None
204	163
205	None
206	231
207	202
208	226
209	None
210	297
211	307
212	198
213	1140
214	None
215	177
216	196
217	230
218	220
219	None
220	237
221	322
222	None
223	None
224	None
225	189
226	284
227	558
228	None
229	None
230	217
231	None
232	None
233	None
234	262
235	234
236	553
237	337
238	267
239	273
240	None
241	241
242	239
243	None
244	254
245	None
246	755
247	435
248	250
249	None
250	212
251	None
252	278
253	218
254	1217
255	701
256	353
257	269
258	None
259	386
260	261
261	348
262	280
263	207
264	None
265	229
266	None
267	None
268	None
269	197
270	None
271	292
272	252
273	None
274	None
275	None
276	None
277	None
278	None
279	276
280	258
281	215
282	None
283	1354
284	548
285	360
286	None
287	None
288	None
289	None
290	None
291	None
292	187
293	275
294	327
295	249
296	511
297	315
298	219
299	257
300	441
301	None
302	None
303	None
304	None
305	None
306	None
307	1138
308	None
309	None
310	328
311	243
312	409
313	330
314	350
315	299
316	None
317	None
318	None
319	311
320	None
321	715
322	None
323	None
324	None
325	413
326	375
327	None
328	None
329	1064
330	303
331	None
332	None
333	None
334	281
335	None
336	None
337	461
338	None
339	None
340	None
341	None
342	None
343	304
344	None
345	323
346	None
347	None
348	None
349	None
350	286
351	None
352	None
353	282
354	514
355	None
356	None
357	1146
358	None
359	None
360	381
361	None
362	None
363	279
364	None
365	None
366	None
367	287
368	None
369	None
370	None
371	None
372	1526
373	None
374	342
375	None
376	None
377	285
378	964
379	None
380	None
381	None
382	None
383	306
384	380
385	487
386	None
387	277
388	1431
389	438
390	None
391	382
392	None
393	None
394	499
395	None
396	394
397	373
398	316
399	808
400	256
401	None
402	300
403	None
404	320
405	309
406	1543
407	None
408	None
409	None
410	504
411	359
412	None
413	492
414	None
415	289
416	None
417	318
418	362
419	482
420	1899
421	1622
422	None
423	None
424	None
425	None
426	None
427	425
428	None
429	399
430	None
431	356
432	None
433	556
434	None
435	526
436	None
437	None
438	None
439	530
440	443
441	444
442	None
443	434
444	414
445	None
446	None
447	319
448	None
449	364
450	None
451	331
452	298
453	1048
454	None
455	423
456	509
457	None
458	334
459	554
460	561
461	654
462	None
463	None
464	None
465	None
466	436
467	415
468	None
469	452
470	506
471	1692
472	None
473	None
474	523
475	None
476	None
477	1344
478	None
479	347
480	795
481	562
482	None
483	None
484	None
485	371
486	None
487	1479
488	473
489	355
490	410
491	None
492	None
493	478
494	702
495	None
496	875
497	419
498	369
499	None
500	595
501	None
502	720
503	439
504	None
505	341
506	None
507	424
508	None
509	406
510	None
511	403
512	468
513	374
514	None
515	465
516	None
517	None
518	None
519	587
520	420
521	430
522	None
523	None
524	None
525	535
526	1776
527	None
528	446
529	None
530	1754
531	None
532	None
533	None
534	1531
535	None
536	None
537	None
538	400
539	None
540	432
541	None
542	None
543	None
544	2044
545	None
546	None
547	None
548	1282
549	1754
550	486
551	491
552	None
553	427
554	447
555	1434
556	None
557	None
558	411
559	387
560	763
561	None
562	606
563	None
564	None
565	602
566	647
567	None
568	1494
569	533
570	None
571	388
572	389
573	552
574	None
575	None
576	1508
577	None
578	565
579	None
580	1077
581	601
582	None
583	591
584	1348
585	1847
586	None
587	1583
588	None
589	None
590	479
591	None
592	None
593	1541
594	None
595	450
596	None
597	695
598	None
599	None
600	563
601	None
602	None
603	1333
604	1048
605	555
606	None
607	490
608	680
609	501
610	568
611	573
612	529
613	1899
614	None
615	551
616	None
617	1778
618	None
619	None
620	None
621	None
622	None
623	None
624	None
625	None
626	534
627	701
628	498
629	None
630	None
631	494
632	1815
633	None
634	517
635	None
636	686
637	621
638	None
639	None
640	None
641	543
642	None
643	593
644	847
645	584
646	691
647	None
648	None
649	None
650	None
651	782
652	1857
653	None
654	None
655	None
656	None
657	642
658	None
659	589
660	429
661	507
662	519
663	None
664	None
665	515
666	459
667	None
668	617
669	None
670	None
671	1354
672	None
673	None
674	None
675	None
676	None
677	None
678	None
679	1142
680	638
681	None
682	604
683	None
684	942
685	None
686	None
687	597
688	566
689	None
690	None
691	603
692	None
693	1299
694	480
695	None
696	None
697	546
698	469
699	None
700	None
701	586
702	None
703	600
704	None
705	1618
706	869
707	None
708	567
709	677
710	None
711	None
712	532
713	None
714	1054
715	None
716	None
717	None
718	536
719	442
720	605
721	None
722	497
723	454
724	None
725	557
726	None
727	527
728	None
729	None
730	None
731	560
732	451
733	None
734	None
735	None
736	None
737	None
738	578
739	626
740	None
741	625
742	None
743	550
744	1695
745	None
746	1910
747	1004
748	None
749	633
750	None
751	542
752	667
753	631
754	520
755	768
756	None
757	871
758	615
759	None
760	1650
761	627
762	1754
763	863
764	None
765	None
766	None
767	639
768	None
769	None
770	1038
771	947
772	966
773	None
774	None
775	None
776	620
777	524
778	None
779	None
780	922
781	699
782	None
783	1924
784	None
785	457
786	1105
787	1878
788	None
789	614
790	2088
791	None
792	None
793	None
794	974
795	583
796	None
797	1034
798	None
799	1815
800	None
801	650
802	2189
803	742
804	666
805	None
806	None
807	None
808	973
809	706
810	None
811	1740
812	None
813	897
814	None
815	None
816	1650
817	None
818	None
819	1903
820	592
821	None
822	None
823	619
824	747
825	537
826	804
827	609
828	2078
829	607
830	None
831	711
832	629
833	662
834	682
835	2253
836	655
837	979
838	2127
839	None
840	1557
841	2291
842	None
843	None
844	None
845	1152
846	770
847	None
848	930
849	791
850	None
851	653
852	None
853	None
854	2363
855	647
856	743
857	None
858	628
859	1086
860	2044
861	636
862	1794
863	1979
864	None
865	None
866	1037
867	1794
868	None
869	1892
870	None
871	1065
872	773
873	None
874	689
875	752
876	None
877	None
878	890
879	732
880	1049
881	807
882	2125
883	None
884	None
885	None
886	None
887	718
888	None
889	None
890	None
891	None
892	None
893	902
894	593
895	651
896	2383
897	679
898	1077
899	None
900	None
901	611
902	576
903	975
904	623
905	663
906	None
907	None
908	735
909	911
910	None
911	910
912	None
913	None
914	None
915	None
916	708
917	None
918	None
919	784
920	None
921	None
922	574
923	1089
924	1781
925	None
926	None
927	None
928	1912
929	None
930	2252
931	772
932	661
933	1431
934	None
935	None
936	None
937	None
938	2348
939	None
940	645
941	None
942	None
943	None
944	None
945	2147
946	None
947	None
948	None
949	905
950	725
951	1959
952	None
953	None
954	None
955	None
956	None
957	None
958	1529
959	None
960	731
961	1297
962	1000
963	1704
964	2182
965	None
966	697
967	1226
968	856
969	None
970	None
971	2374
972	1637
973	790
974	787
975	745
976	912
977	2471
978	None
979	None
980	988
981	813
982	None
983	None
984	None
985	1403
986	None
987	None
988	1571
989	733
990	None
991	1465
992	None
993	None
994	None
995	None
996	None
997	None
998	None
999	None
1000	1011
1001	1186
1002	946
1003	None
1004	None
1005	2456
1006	None
1007	None
1008	765
1009	None
1010	None
1011	683
1012	None
1013	None
1014	1736
1015	None
1016	None
1017	794
1018	1086
1019	1387
1020	None
1021	None
1022	724
1023	914
1024	None
1025	1112
1026	None
1027	1554
1028	None
1029	None
1030	None
1031	1092
1032	728
1033	734
1034	2689
1035	None
1036	2491
1037	None
1038	None
1039	None
1040	1312
1041	908
1042	None
1043	None
1044	1451
1045	1105
1046	2009
1047	None
1048	769
1049	722
1050	None
1051	None
1052	641
1053	2399
1054	None
1055	643
1056	1672
1057	None
1058	1700
1059	1014
1060	None
1061	None
1062	None
1063	750
1064	None
1065	None
1066	None
1067	2482
1068	None
1069	762
1070	None
1071	None
1072	None
1073	None
1074	None
1075	None
1076	None
1077	None
1078	None
1079	None
1080	786
1081	None
1082	None
1083	None
1084	None
1085	None
1086	None
1087	None
1088	None
1089	1529
1090	None
1091	862
1092	None
1093	1356
1094	698
1095	759
1096	None
1097	1291
1098	None
1099	2252
1100	835
1101	None
1102	760
1103	None
1104	None
1105	None
1106	1200
1107	812
1108	None
1109	1508
1110	None
1111	None
1112	None
1113	None
1114	None
1115	754
1116	2273
1117	None
1118	811
1119	2003
1120	None
1121	2036
1122	814
1123	873
1124	2689
1125	705
1126	None
1127	2179
1128	789
1129	1010
1130	1025
1131	None
1132	None
1133	None
1134	1111
1135	None
1136	777
1137	None
1138	None
1139	2565
1140	727
1141	None
1142	1063
1143	None
1144	2034
1145	None
1146	None
1147	1022
1148	829
1149	None
1150	None
1151	859
1152	None
1153	None
1154	1687
1155	1099
1156	None
1157	None
1158	None
1159	None
1160	951
1161	None
1162	None
1163	1269
1164	1872
1165	None
1166	None
1167	None
1168	None
1169	None
1170	None
1171	None
1172	None
1173	None
1174	818
1175	None
1176	None
1177	None
1178	1135
1179	None
1180	971
1181	None
1182	None
1183	780
1184	1060
1185	None
1186	None
1187	815
1188	1711
1189	685
1190	783
1191	1016
1192	None
1193	None
1194	None
1195	767
1196	None
1197	751
1198	None
1199	2175
1200	853
1201	None
1202	2230
1203	2835
1204	None
1205	1083
1206	None
1207	None
1208	None
1209	None
1210	880
1211	1253
1212	None
1213	1979
1214	1117
1215	None
1216	1001
1217	1050
1218	None
1219	None
1220	1039
1221	None
1222	778
1223	None
1224	None
1225	925
1226	None
1227	998
1228	None
1229	2343
1230	None
1231	None
1232	None
1233	1182
1234	2461
1235	None
1236	985
1237	None
1238	1364
1239	799
1240	None
1241	2651
1242	None
1243	None
1244	926
1245	841
1246	None
1247	None
1248	None
1249	None
1250	None
1251	None
1252	2362
1253	1097
1254	944
1255	1136
1256	839
1257	2272
1258	886
1259	1422
1260	None
1261	None
1262	2695
1263	832
1264	956
1265	None
1266	1484
1267	1151
1268	None
1269	1599
1270	None
1271	2327
1272	802
1273	None
1274	1116
1275	None
1276	None
1277	864
1278	None
1279	None
1280	1046
1281	None
1282	1074
1283	None
1284	1006
1285	819
1286	None
1287	None
1288	1819
1289	None
1290	2152
1291	1236
1292	None
1293	909
1294	1040
1295	928
1296	1252
1297	2960
1298	1959
1299	2125
1300	None
1301	1204
1302	None
1303	None
1304	None
1305	1101
1306	1254
1307	None
1308	None
1309	None
1310	1255
1311	1073
1312	1209
1313	None
1314	None
1315	1845
1316	1143
1317	1148
1318	None
1319	2557
1320	None
1321	None
1322	None
1323	821
1324	825
1325	1577
1326	1055
1327	893
1328	1168
1329	1327
1330	826
1331	984
1332	1983
1333	1180
1334	806
1335	None
1336	None
1337	989
1338	None
1339	None
1340	None
1341	None
1342	None
1343	1210
1344	None
1345	None
1346	2649
1347	None
1348	None
1349	None
1350	None
1351	1901
1352	None
1353	2159
1354	800
1355	None
1356	1451
1357	None
1358	None
1359	924
1360	None
1361	965
1362	1993
1363	870
1364	1230
1365	1734
1366	1311
1367	None
1368	None
1369	None
1370	2866
1371	None
1372	None
1373	None
1374	None
1375	2321
1376	2443
1377	None
1378	2129
1379	None
1380	1488
1381	None
1382	1070
1383	None
1384	1266
1385	934
1386	1163
1387	None
1388	917
1389	899
1390	920
1391	881
1392	1125
1393	None
1394	None
1395	1072
1396	1499
1397	1069
1398	1490
1399	None
1400	901
1401	None
1402	1066
1403	1119
1404	None
1405	2088
1406	1262
1407	938
1408	1113
1409	None
1410	2253
1411	1229
1412	None
1413	None
1414	None
1415	None
1416	None
1417	1483
1418	1511
1419	None
1420	None
1421	None
1422	None
1423	1325
1424	None
1425	None
1426	None
1427	1741
1428	None
1429	None
1430	None
1431	None
1432	None
1433	None
1434	1261
1435	None
1436	None
1437	None
1438	None
1439	2623
1440	None
1441	2712
1442	None
1443	None
1444	896
1445	1075
1446	906
1447	None
1448	None
1449	None
1450	None
1451	None
1452	1212
1453	None
1454	None
1455	None
1456	1035
1457	None
1458	None
1459	None
1460	906
1461	None
1462	851
1463	None
1464	None
1465	1579
1466	1340
1467	None
1468	None
1469	2642
1470	999
1471	1969
1472	1123
1473	None
1474	None
1475	None
1476	None
1477	None
1478	1144
1479	None
1480	None
1481	1526
1482	None
1483	1442
1484	1334
1485	None
1486	1563
1487	None
1488	957
1489	939
1490	None
1491	None
1492	None
1493	1391
1494	None
1495	None
1496	1176
1497	1355
1498	1235
1499	1124
1500	None
1501	None
1502	None
1503	1215
1504	None
1505	None
1506	None
1507	None
1508	1432
1509	1416
1510	None
1511	994
1512	1337
1513	None
1514	1547
1515	None
1516	1080
1517	1394
1518	None
1519	None
1520	None
1521	1873
1522	None
1523	2593
1524	None
1525	None
1526	776
1527	None
1528	None
1529	1385
1530	None
1531	None
1532	1027
1533	1174
1534	None
1535	None
1536	None
1537	None
1538	888
1539	None
1540	None
1541	None
1542	None
1543	None
1544	None
1545	1272
1546	None
1547	2955
1548	1268
1549	None
1550	670
1551	None
1552	None
1553	None
1554	947
1555	None
1556	2591
1557	None
1558	None
1559	1259
1560	1181
1561	None
1562	1566
1563	None
1564	943
1565	2522
1566	1607
1567	950
1568	None
1569	None
1570	None
1571	1193
1572	1435
1573	1188
1574	None
1575	None
1576	2880
1577	1589
1578	1426
1579	2890
1580	1876
1581	None
1582	1018
1583	1977
1584	None
1585	None
1586	1456
1587	1879
1588	1782
1589	1264
1590	1032
1591	1318
1592	1026
1593	None
1594	1378
1595	1257
1596	1202
1597	1721
1598	None
1599	1310
1600	None
1601	None
1602	None
1603	None
1604	None
1605	1768
1606	981
1607	1290
1608	None
1609	2079
1610	1644
1611	None
1612	1057
1613	933
1614	None
1615	None
1616	None
1617	None
1618	None
1619	None
1620	1342
1621	None
1622	None
1623	1896
1624	1312
1625	None
1626	None
1627	None
1628	1120
1629	1737
1630	None
1631	1404
1632	726
1633	3017
1634	None
1635	1897
1636	None
1637	1582
1638	1346
1639	3483
1640	1414
1641	1232
1642	None
1643	None
1644	None
1645	1726
1646	1294
1647	None
1648	None
1649	None
1650	None
1651	1728
1652	None
1653	None
1654	3489
1655	None
1656	1509
1657	None
1658	1964
1659	None
1660	1374
1661	None
1662	None
1663	None
1664	1452
1665	3305
1666	1669
1667	None
1668	None
1669	3001
1670	1480
1671	1643
1672	2220
1673	None
1674	None
1675	None
1676	2085
1677	None
1678	None
1679	3201
1680	3333
1681	1856
1682	1413
1683	None
1684	1330
1685	1840
1686	1147
1687	None
1688	None
1689	1678
1690	None
1691	3376
1692	2727
1693	1507
1694	1308
1695	1419
1696	1002
1697	None
1698	None
1699	1506
1700	None
1701	1871
1702	None
1703	None
1704	1108
1705	2050
1706	1790
1707	None
1708	None
1709	1489
1710	None
1711	None
1712	None
1713	2028
1714	None
1715	None
1716	3130
1717	1926
1718	None
1719	1399
1720	1351
1721	None
1722	1544
1723	1249
1724	None
1725	2480
1726	1304
1727	1493
1728	None
1729	1491
1730	None
1731	None
1732	3263
1733	1043
1734	1453
1735	1889
1736	None
1737	None
1738	None
1739	2918
1740	2522
1741	2746
1742	1867
1743	2903
1744	1843
1745	1646
1746	1459
1747	None
1748	None
1749	2008
1750	1133
1751	1574
1752	None
1753	1343
1754	None
1755	None
1756	None
1757	1460
1758	3531
1759	None
1760	1520
1761	None
1762	2117
1763	None
1764	1624
1765	None
1766	None
1767	None
1768	1676
1769	2570
1770	952
1771	1450
1772	None
1773	None
1774	1405
1775	None
1776	None
1777	None
1778	None
1779	None
1780	779
1781	1141
1782	None
1783	None
1784	1271
1785	1380
1786	None
1787	None
1788	None
1789	None
1790	None
1791	None
1792	2186
1793	1447
1794	1750
1795	None
1796	None
1797	1091
1798	1830
1799	None
1800	1312
1801	2443
1802	None
1803	None
1804	1824
1805	None
1806	1088
1807	None
1808	3645
1809	None
1810	None
1811	3572
1812	None
1813	1121
1814	None
1815	1859
1816	3192
1817	None
1818	None
1819	2977
1820	2400
1821	1763
1822	1758
1823	None
1824	None
1825	1062
1826	1948
1827	2753
1828	None
1829	1935
1830	None
1831	None
1832	None
1833	None
1834	None
1835	2494
1836	None
1837	1523
1838	1689
1839	None
1840	None
1841	None
1842	4120
1843	None
1844	None
1845	1542
1846	None
1847	None
1848	3161
1849	2020
1850	None
1851	None
1852	None
1853	None
1854	None
1855	1516
1856	None
1857	1400
1858	1806
1859	None
1860	None
1861	1421
1862	None
1863	None
1864	None
1865	None
1866	None
1867	None
1868	None
1869	None
1870	968
1871	None
1872	None
1873	2843
1874	1477
1875	None
1876	2963
1877	2493
1878	None
1879	1691
1880	None
1881	None
1882	None
1883	1392
1884	None
1885	None
1886	None
1887	None
1888	None
1889	None
1890	1988
1891	2564
1892	1556
1893	None
1894	None
1895	1250
1896	None
1897	None
1898	2818
1899	3144
1900	1951
1901	None
1902	1614
1903	3429
1904	None
1905	1521
1906	None
1907	None
1908	None
1909	3872
1910	3048
1911	None
1912	None
1913	None
1914	None
1915	None
1916	None
1917	2843
1918	1608
1919	2401
1920	3720
1921	2066
1922	None
1923	1513
1924	None
1925	1559
1926	None
1927	2330
1928	1109
1929	2307
1930	None
1931	1795
1932	None
1933	None
1934	2979
1935	None
1936	3463
1937	None
1938	None
1939	2192
1940	3271
1941	1954
1942	None
1943	2321
1944	2332
1945	None
1946	None
1947	None
1948	None
1949	None
1950	2747
1951	2561
1952	None
1953	None
1954	None
1955	1418
1956	3131
1957	1561
1958	1551
1959	2215
1960	None
1961	None
1962	1585
1963	None
1964	3376
1965	3109
1966	3440
1967	2063
1968	None
1969	1766
1970	2167
1971	4327
1972	1811
1973	None
1974	None
1975	2001
1976	None
1977	1956
1978	1675
1979	3101
1980	4589
1981	1599
1982	1158
1983	None
1984	None
1985	1616
1986	None
1987	None
1988	None
1989	None
1990	None
1991	None
1992	None
1993	1368
1994	None
1995	2725
1996	None
1997	3786
1998	None
1999	4302
2000	None
2001	2898
2002	None
2003	4441
2004	1654
2005	None
2006	None
2007	1110
2008	None
2009	None
2010	None
2011	None
2012	1951
2013	None
2014	1950
2015	4355
2016	None
2017	2279
2018	2129
2019	None
2020	1536
2021	None
2022	None
2023	None
2024	None
2025	2918
2026	None
2027	3123
2028	None
2029	None
2030	None
2031	None
2032	4026
2033	None
2034	None
2035	None
2036	3331
2037	4109
2038	None
2039	None
2040	None
2041	4806
2042	2767
2043	1592
2044	3120
2045	None
2046	2717
2047	None
2048	1572
2049	1500
2050	3463
2051	1843
2052	None
2053	None
2054	1150
2055	1638
2056	897
2057	3257
2058	1211
2059	None
2060	None
2061	None
2062	None
2063	1634
2064	1221
2065	None
2066	None
2067	None
2068	None
2069	4339
2070	5147
2071	1735
2072	None
2073	None
2074	2965
2075	None
2076	None
2077	1606
2078	None
2079	None
2080	None
2081	1463
2082	None
2083	2488
2084	1095
2085	None
2086	None
2087	None
2088	None
2089	1955
2090	1773
2091	None
2092	1528
2093	None
2094	4345
2095	None
2096	None
2097	1341
2098	3981
2099	1159
2100	None
2101	None
2102	None
2103	1772
2104	None
2105	None
2106	None
2107	None
2108	3067
2109	None
2110	2574
2111	None
2112	None
2113	4384
2114	None
2115	None
2116	None
2117	None
2118	949
2119	None
2120	None
2121	None
2122	None
2123	3122
2124	1222
2125	None
2126	None
2127	4241
2128	2844
2129	4388
2130	None
2131	None
2132	None
2133	2677
2134	None
2135	3739
2136	None
2137	None
2138	None
2139	1248
2140	3251
2141	3367
2142	None
2143	2511
2144	None
2145	5598
2146	None
2147	2583
2148	None
2149	2289
2150	3325
2151	3068
2152	None
2153	1044
2154	None
2155	2528
2156	None
2157	2985
2158	None
2159	None
2160	None
2161	None
2162	1167
2163	None
2164	None
2165	None
2166	1137
2167	1757
2168	2218
2169	None
2170	None
2171	None
2172	5248
2173	931
2174	3872
2175	1969
2176	None
2177	None
2178	1115
2179	2384
2180	None
2181	None
2182	None
2183	1445
2184	1216
2185	2258
2186	None
2187	2382
2188	1898
2189	3460
2190	2962
2191	2125
2192	2511
2193	None
2194	3856
2195	5629
2196	None
2197	None
2198	1302
2199	None
2200	1805
2201	1205
2202	3888
2203	None
2204	958
2205	None
2206	None
2207	None
2208	2148
2209	1852
2210	None
2211	1698
2212	2212
2213	2413
2214	3542
2215	None
2216	4284
2217	2634
2218	1659
2219	None
2220	1295
2221	4188
2222	None
2223	1535
2224	1949
2225	None
2226	3412
2227	2026
2228	None
2229	3554
2230	2076
2231	3113
2232	None
2233	1498
2234	None
2235	1481
2236	2427
2237	None
2238	1376
2239	2091
2240	3758
2241	None
2242	None
2243	2099
2244	None
2245	5271
2246	None
2247	None
2248	1640
2249	None
2250	None
2251	None
2252	None
2253	None
2254	None
2255	None
2256	1633
2257	2026
2258	1990
2259	None
2260	1881
2261	2002
2262	3085
2263	2150
2264	2283
2265	None
2266	None
2267	None
2268	None
2269	2002
2270	1497
2271	None
2272	None
2273	None
2274	None
2275	3378
2276	None
2277	1462
2278	None
2279	None
2280	2981
2281	None
2282	2250
2283	2148
2284	1681
2285	None
2286	2871
2287	None
2288	2372
2289	1570
2290	None
2291	None
2292	2665
2293	None
2294	None
2295	None
2296	1666
2297	None
2298	3532
2299	None
2300	None
2301	None
2302	1727
2303	None
2304	1744
2305	2297
2306	2875
2307	2023
2308	1515
2309	6234
2310	1588
2311	2924
2312	4761
2313	1700
2314	3768
2315	None
2316	1323
2317	None
2318	None
2319	1663
2320	None
2321	2206
2322	None
2323	None
2324	None
2325	1814
2326	None
2327	None
2328	None
2329	None
2330	1350
2331	None
2332	None
2333	None
2334	None
2335	2275
2336	1786
2337	None
2338	None
2339	None
2340	None
2341	2132
2342	1375
2343	1451
2344	1411
2345	None
2346	None
2347	None
2348	2342
2349	1932
2350	1765
2351	None
2352	3319
2353	1441
2354	None
2355	1702
2356	2134
2357	2518
2358	None
2359	3307
2360	2010
2361	1455
2362	None
2363	None
2364	1987
2365	None
2366	None
2367	None
2368	5998
2369	None
2370	3841
2371	None
2372	None
2373	1472
2374	None
2375	1440
2376	None
2377	None
2378	None
2379	None
2380	1540
2381	None
2382	1784
2383	3242
2384	None
2385	None
2386	1714
2387	3279
2388	None
2389	None
2390	None
2391	None
2392	4563
2393	None
2394	3269
2395	2020
2396	2094
2397	3552
2398	None
2399	2522
2400	None
2401	3917
2402	None
2403	None
2404	None
2405	1783
2406	2887
2407	3649
2408	None
2409	None
2410	None
2411	4070
2412	4232
2413	None
2414	2821
2415	2071
2416	2405
2417	None
2418	None
2419	None
2420	2784
2421	None
2422	None
2423	None
2424	1613
2425	None
2426	None
2427	None
2428	2398
2429	None
2430	None
2431	1910
2432	1492
2433	2509
2434	None
2435	None
2436	None
2437	None
2438	3807
2439	2651
2440	None
2441	2037
2442	1789
2443	2054
2444	None
2445	None
2446	None
2447	None
2448	1502
2449	1580
2450	3906
2451	3398
2452	None
2453	None
2454	2103
2455	None
2456	None
2457	2793
2458	None
2459	978
2460	None
2461	None
2462	1968
2463	None
2464	1641
2465	1094
2466	None
2467	None
2468	None
2469	1573
2470	None
2471	2962
2472	None
2473	None
2474	None
2475	None
2476	None
2477	None
2478	1621
2479	None
2480	None
2481	None
2482	3461
2483	None
2484	None
2485	1546
2486	1409
2487	None
2488	None
2489	3004
2490	4405
2491	None
2492	1716
2493	4339
2494	None
2495	None
2496	None
2497	2057
2498	None
2499	None
2500	1712
2501	1827
2502	None
2503	None
2504	1933
2505	2112
2506	2783
2507	1887
2508	None
2509	None
2510	None
2511	1749
2512	2817
2513	None
2514	None
2515	1967
2516	None
2517	None
2518	3961
2519	1532
2520	1662
2521	None
2522	2356
2523	2607
2524	None
2525	None
2526	None
2527	1379
2528	None
2529	None
2530	None
2531	4778
2532	1652
2533	3870
2534	None
2535	None
2536	None
2537	1965
2538	None
2539	2249
2540	None
2541	None
2542	None
2543	3710
2544	None
2545	1476
2546	None
2547	2896
2548	1505
2549	4218
2550	4262
2551	2925
2552	3370
2553	None
2554	4264
2555	None
2556	None
2557	None
2558	1641
2559	None
2560	1703
2561	None
2562	None
2563	3762
2564	None
2565	None
2566	None
2567	None
2568	1850
2569	2577
2570	1598
2571	None
2572	None
2573	2673
2574	3269
2575	2871
2576	None
2577	None
2578	None
2579	None
2580	None
2581	2263
2582	1910
2583	None
2584	1847
2585	None
2586	None
2587	1473
2588	2204
2589	1820
2590	None
2591	3031
2592	2740
2593	None
2594	None
2595	None
2596	2968
2597	None
2598	None
2599	None
2600	None
2601	None
2602	None
2603	None
2604	None
2605	3691
2606	4341
2607	2426
2608	3053
2609	1467
2610	None
2611	3433
2612	None
2613	2455
2614	None
2615	None
2616	None
2617	3266
2618	None
2619	2308
2620	2002
2621	1397
2622	None
2623	None
2624	None
2625	None
2626	None
2627	1722
2628	None
2629	1944
2630	2228
2631	None
2632	None
2633	1927
2634	None
2635	3218
2636	2855
2637	None
2638	4293
2639	2208
2640	2195
2641	3790
2642	None
2643	None
2644	1530
2645	None
2646	1757
2647	None
2648	3444
2649	2248
2650	4695
2651	None
2652	4018
2653	None
2654	None
2655	3153
2656	None
2657	4586
2658	1627
2659	1720
2660	None
2661	1884
2662	1626
2663	None
2664	None
2665	None
2666	None
2667	None
2668	None
2669	None
2670	1603
2671	None
2672	3554
2673	1893
2674	None
2675	None
2676	2611
2677	2886
2678	4244
2679	None
2680	None
2681	1916
2682	None
2683	4698
2684	None
2685	1553
2686	1495
2687	None
2688	2756
2689	None
2690	None
2691	2740
2692	2907
2693	None
2694	None
2695	2634
2696	None
2697	1922
2698	3600
2699	None
2700	2911
2701	1999
2702	2530
2703	None
2704	1576
2705	None
2706	None
2707	None
2708	None
2709	None
2710	None
2711	2529
2712	None
2713	2859
2714	2797
2715	2441
2716	None
2717	2369
2718	None
2719	None
2720	None
2721	2462
2722	None
2723	1668
2724	None
2725	None
2726	2641
2727	None
2728	3059
2729	4216
2730	None
2731	None
2732	None
2733	None
2734	2417
2735	2612
2736	2929
2737	1848
2738	None
2739	4535
2740	3021
2741	None
2742	3219
2743	2320
2744	None
2745	None
2746	None
2747	None
2748	1522
2749	None
2750	2058
2751	2799
2752	None
2753	3333
2754	None
2755	None
2756	3367
2757	1919
2758	4387
2759	2193
2760	4751
2761	None
2762	None
2763	None
2764	None
2765	None
2766	None
2767	2755
2768	None
2769	None
2770	None
2771	1518
2772	3574
2773	None
2774	2877
2775	None
2776	None
2777	5160
2778	None
2779	2922
2780	2341
2781	3838
2782	2410
2783	2731
2784	None
2785	None
2786	None
2787	2654
2788	3103
2789	None
2790	3354
2791	1934
2792	2351
2793	None
2794	None
2795	None
2796	5068
2797	3129
2798	2491
2799	None
2800	4725
2801	5572
2802	2305
2803	2434
2804	2838
2805	5062
2806	3108
2807	1876
2808	1690
2809	None
2810	None
2811	None
2812	None
2813	None
2814	2598
2815	None
2816	2541
2817	None
2818	1780
2819	None
2820	1995
2821	None
2822	1978
2823	None
2824	2091
2825	None
2826	2032
2827	2464
2828	None
2829	None
2830	3991
2831	2963
2832	4094
2833	4172
2834	None
2835	2083
2836	None
2837	3839
2838	None
2839	4017
2840	2233
2841	2643
2842	3824
2843	3014
2844	2386
2845	None
2846	4104
2847	2066
2848	2512
2849	None
2850	1764
2851	3295
2852	2752
2853	None
2854	3246
2855	2106
2856	2113
2857	None
2858	None
2859	None
2860	None
2861	1902
2862	None
2863	None
2864	None
2865	None
2866	None
2867	None
2868	None
2869	None
2870	None
2871	None
2872	None
2873	None
2874	3253
2875	3310
2876	None
2877	None
2878	2470
2879	2523
2880	1482
2881	2213
2882	2936
2883	None
2884	4514
2885	1666
2886	None
2887	2637
2888	2697
2889	None
2890	None
2891	2470
2892	None
2893	None
2894	2913
2895	2229
2896	1774
2897	None
2898	None
2899	None
2900	None
2901	None
2902	None
2903	None
2904	None
2905	None
2906	None
2907	None
2908	2476
2909	4801
2910	2237
2911	None
2912	2687
2913	1635
2914	None
2915	1642
2916	None
2917	None
2918	1812
2919	None
2920	None
2921	None
2922	None
2923	2590
2924	None
2925	2317
2926	2207
2927	2027
2928	None
2929	None
2930	3322
2931	None
2932	None
2933	None
2934	3135
2935	3640
2936	None
2937	None
2938	2551
2939	2599
2940	None
2941	2534
2942	2618
2943	None
2944	None
2945	3532
2946	None
2947	4724
2948	None
2949	None
2950	2956
2951	None
2952	2282
2953	None
2954	3610
2955	None
2956	3078
2957	None
2958	3837
2959	2726
2960	None
2961	None
2962	4725
2963	None
2964	None
2965	2100
2966	None
2967	None
2968	None
2969	4749
2970	3270
2971	None
2972	2983
2973	None
2974	None
2975	2531
2976	2839
2977	1986
2978	3669
2979	None
2980	None
2981	None
2982	None
2983	3203
2984	3570
2985	3564
2986	None
2987	3372
2988	2728
2989	3819
2990	2164
2991	2127
2992	3691
2993	2547
2994	2331
2995	3534
2996	None
2997	None
2998	2092
2999	2783
3000	None
3001	3073
3002	2683
3003	None
3004	None
3005	2596
3006	None
3007	None
3008	3787
3009	None
3010	5664
3011	None
3012	None
3013	None
3014	None
3015	2263
3016	None
3017	3111
3018	3205
3019	2192
3020	None
3021	2984
3022	None
3023	None
3024	3867
3025	None
3026	2120
3027	3367
3028	3536
3029	None
3030	3114
3031	4719
3032	None
3033	3358
3034	2487
3035	None
3036	None
3037	2834
3038	None
3039	1683
3040	2236
3041	3144
3042	None
3043	2777
3044	None
3045	None
3046	None
3047	None
3048	4602
3049	None
3050	3007
3051	5132
3052	None
3053	None
3054	5110
3055	2040
3056	3037
3057	None
3058	5180
3059	None
3060	3057
3061	None
3062	None
3063	None
3064	None
3065	None
3066	None
3067	5030
3068	None
3069	4305
3070	1548
3071	2836
3072	None
3073	3961
3074	None
3075	2371
3076	3254
3077	4064
3078	4931
3079	3860
3080	None
3081	2165
3082	2128
3083	2425
3084	3384
3085	None
3086	None
3087	None
3088	None
3089	5639
3090	None
3091	None
3092	2278
3093	None
3094	1842
3095	None
3096	None
3097	3306
3098	4873
3099	None
3100	3344
3101	3217
3102	3478
3103	3589
3104	4149
3105	2261
3106	None
3107	2238
3108	None
3109	3722
3110	2187
3111	3662
3112	None
3113	None
3114	None
3115	None
3116	1908
3117	None
3118	4180
3119	1832
3120	None
3121	None
3122	None
3123	2274
3124	None
3125	None
3126	2210
3127	5109
3128	None
3129	None
3130	3412
3131	2424
3132	3587
3133	None
3134	4806
3135	2632
3136	None
3137	2266
3138	None
3139	None
3140	None
3141	3334
3142	None
3143	None
3144	None
3145	3531
3146	None
3147	4728
3148	1966
3149	2412
3150	None
3151	4665
3152	None
3153	None
3154	None
3155	None
3156	3377
3157	None
3158	4477
3159	6401
3160	None
3161	None
3162	3289
3163	None
3164	3002
3165	None
3166	None
3167	None
3168	None
3169	None
3170	3670
3171	4146
3172	None
3173	3190
3174	None
3175	1816
3176	None
3177	None
3178	2002
3179	2450
3180	3187
3181	None
3182	None
3183	5998
3184	None
3185	1525
3186	4950
3187	None
3188	1910
3189	None
3190	None
3191	None
3192	None
3193	None
3194	None
3195	None
3196	2169
3197	None
3198	1944
3199	None
3200	None
3201	4054
3202	3282
3203	1963
3204	None
3205	4180
3206	4920
3207	None
3208	None
3209	2333
3210	3857
3211	4060
3212	1821
3213	None
3214	None
3215	None
3216	3483
3217	2234
3218	None
3219	2288
3220	1890
3221	4235
3222	3341
3223	None
3224	4493
3225	None
3226	2721
3227	None
3228	None
3229	3579
3230	4698
3231	3439
3232	None
3233	None
3234	3259
3235	None
3236	None
3237	3353
3238	3562
3239	2714
3240	5368
3241	None
3242	None
3243	6490
3244	None
3245	None
3246	None
3247	5508
3248	2022
3249	1992
3250	None
3251	None
3252	3953
3253	3419
3254	None
3255	2200
3256	None
3257	3017
3258	4090
3259	None
3260	None
3261	3362
3262	1950
3263	None
3264	2208
3265	5030
3266	None
3267	2663
3268	2770
3269	2904
3270	3395
3271	None
3272	None
3273	2878
3274	2590
3275	4174
3276	4601
3277	2060
3278	3313
3279	3952
3280	None
3281	None
3282	None
3283	None
3284	None
3285	None
3286	2729
3287	None
3288	None
3289	3698
3290	None
3291	2444
3292	3391
3293	2539
3294	None
3295	2659
3296	2075
3297	None
3298	None
3299	2512
3300	1925
3301	3654
3302	2469
3303	None
3304	None
3305	None
3306	None
3307	None
3308	3502
3309	None
3310	None
3311	3447
3312	2473
3313	None
3314	None
3315	2506
3316	None
3317	None
3318	None
3319	3335
3320	None
3321	3487
3322	4790
3323	None
3324	4511
3325	None
3326	None
3327	5040
3328	None
3329	2750
3330	3482
3331	3884
3332	None
3333	None
3334	4018
3335	None
3336	None
3337	None
3338	3581
3339	None
3340	None
3341	None
3342	None
3343	3896
3344	None
3345	None
3346	4016
3347	1996
3348	2361
3349	2739
3350	None
3351	None
3352	None
3353	4066
3354	5808
3355	None
3356	2782
3357	None
3358	None
3359	None
3360	5963
3361	3041
3362	None
3363	4688
3364	None
3365	3616
3366	4178
3367	4539
3368	2083
3369	3861
3370	3165
3371	None
3372	3153
3373	None
3374	2508
3375	4154
3376	3579
3377	None
3378	None
3379	4459
3380	3489
3381	1953
3382	5959
3383	3554
3384	2682
3385	4065
3386	6138
3387	None
3388	None
3389	3519
3390	2497
3391	None
3392	None
3393	None
3394	3286
3395	None
3396	3435
3397	3452
3398	None
3399	None
3400	3886
3401	5139
3402	2452
3403	5216
3404	3789
3405	3807
3406	None
3407	None
3408	None
3409	None
3410	None
3411	3163
3412	None
3413	3403
3414	None
3415	None
3416	None
3417	None
3418	5769
3419	None
3420	2937
3421	None
3422	None
3423	None
3424	None
3425	None
3426	3522
3427	None
3428	None
3429	None
3430	3081
3431	2771
3432	None
3433	None
3434	None
3435	3040
3436	None
3437	4538
3438	3159
3439	3931
3440	5544
3441	None
3442	3379
3443	3368
3444	None
3445	4165
3446	2600
3447	4680
3448	2545
3449	3467
3450	None
3451	None
3452	3539
3453	None
3454	2876
3455	None
3456	1997
3457	2351
3458	4107
3459	4856
3460	None
3461	2513
3462	None
3463	None
3464	3848
3465	None
3466	3154
3467	None
3468	None
3469	None
3470	None
3471	None
3472	5270
3473	None
3474	None
3475	4674
3476	4115
3477	None
3478	None
3479	None
3480	None
3481	None
3482	2020
3483	3177
3484	None
3485	None
3486	None
3487	2868
3488	None
3489	None
3490	None
3491	None
3492	6273
3493	None
3494	None
3495	3436
3496	None
3497	None
3498	3597
3499	None
3500	None
3501	None
3502	None
3503	6287
3504	None
3505	None
3506	None
3507	5575
3508	3116
3509	None
3510	None
3511	5523
3512	3517
3513	3925
3514	4398
3515	6389
3516	2628
3517	None
3518	None
3519	4428
3520	None
3521	4193
3522	None
3523	4973
3524	None
3525	None
3526	5333
3527	None
3528	3665
3529	4005
3530	4073
3531	None
3532	3637
3533	None
3534	None
3535	2846
3536	None
3537	None
3538	6063
3539	None
3540	None
3541	3789
3542	2677
3543	3214
3544	2345
3545	2856
3546	5799
3547	None
3548	None
3549	None
3550	2914
3551	None
3552	5601
3553	6066
3554	3331
3555	4038
3556	3942
3557	None
3558	3823
3559	4427
3560	4683
3561	None
3562	None
3563	5272
3564	None
3565	3028
3566	4241
3567	None
3568	3022
3569	None
3570	None
3571	3410
3572	3445
3573	None
3574	None
3575	5572
3576	6166
3577	3811
3578	None
3579	None
3580	None
3581	None
3582	None
3583	None
3584	3994
3585	None
3586	4376
3587	None
3588	4059
3589	None
3590	5618
3591	5574
3592	None
3593	4871
3594	None
3595	None
3596	3311
3597	None
3598	3993
3599	None
3600	None
3601	2920
3602	None
3603	None
3604	None
3605	None
3606	2812
3607	None
3608	None
3609	3736
3610	None
3611	None
3612	None
3613	4247
3614	3772
3615	4690
3616	None
3617	None
3618	None
3619	4219
3620	5730
3621	None
3622	None
3623	None
3624	None
3625	3309
3626	None
3627	None
3628	None
3629	4200
3630	3505
3631	None
3632	None
3633	3836
3634	3818
3635	None
3636	3680
3637	None
3638	None
3639	None
3640	None
3641	2724
3642	None
3643	None
3644	None
3645	4207
3646	None
3647	None
3648	None
3649	3346
3650	None
3651	None
3652	None
3653	None
3654	3882
3655	None
3656	None
3657	None
3658	None
3659	3117
3660	None
3661	None
3662	None
3663	None
3664	None
3665	None
3666	3871
3667	4133
3668	None
3669	None
3670	None
3671	3046
3672	None
3673	None
3674	2722
3675	2552
3676	None
3677	None
3678	None
3679	4615
3680	None
3681	None
3682	3753
3683	None
3684	3465
3685	5796
3686	None
3687	None
3688	None
3689	None
3690	None
3691	5720
3692	4756
3693	4146
3694	None
3695	None
3696	None
3697	None
3698	None
3699	None
3700	None
3701	None
3702	4865
3703	None
3704	None
3705	None
3706	None
3707	None
3708	None
3709	None
3710	None
3711	None
3712	None
3713	None
3714	None
3715	None
3716	None
3717	None
3718	None
3719	None
3720	None
3721	None
3722	None
3723	None
3724	None
3725	None
3726	5987
3727	2431
3728	None
3729	None
3730	None
3731	None
3732	None
3733	None
3734	None
3735	None
3736	None
3737	None
3738	None
3739	None
3740	None
3741	2910
3742	None
3743	None
3744	None
3745	2606
3746	None
3747	None
3748	2080
3749	5809
3750	None
3751	2585
3752	2060
3753	None
3754	2097
3755	None
3756	None
3757	None
3758	None
3759	None
3760	None
3761	None
3762	None
3763	None
3764	None
3765	4426
3766	None
3767	3558
3768	None
3769	None
3770	None
3771	None
3772	None
3773	None
3774	None
3775	None
3776	None
3777	None
3778	None
3779	None
3780	6233
3781	None
3782	None
3783	None
3784	None
3785	None
3786	5826
3787	2436
3788	None
3789	None
3790	None
3791	2863
3792	None
3793	None
3794	None
3795	None
3796	4334
3797	None
3798	None
3799	3618
3800	None
3801	None
3802	None
3803	None
3804	2315
3805	3598
3806	4419
3807	None
3808	3321
3809	None
3810	None
3811	None
3812	None
3813	None
3814	None
3815	None
3816	None
3817	None
3818	4326
3819	None
3820	None
3821	None
3822	3496
3823	None
3824	None
3825	None
3826	None
3827	None
3828	3759
3829	3215
3830	None
3831	None
3832	None
3833	None
3834	None
3835	None
3836	2872
3837	3402
3838	None
3839	None
3840	None
3841	None
3842	4009
3843	2636
3844	3820
3845	None
3846	None
3847	None
3848	None
3849	2661
3850	None
3851	3285
3852	None
3853	None
3854	4118
3855	None
3856	4947
3857	6184
3858	5256
3859	4582
3860	None
3861	None
3862	None
3863	None
3864	None
3865	5327
3866	None
3867	None
3868	None
3869	5207
3870	None
3871	3473
3872	None
3873	3000
3874	3120
3875	2543
3876	None
3877	5550
3878	None
3879	None
3880	None
3881	None
3882	2863
3883	None
3884	None
3885	None
3886	None
3887	None
3888	5045
3889	5774
3890	None
3891	2475
3892	None
3893	5850
3894	None
3895	3893
3896	None
3897	None
3898	3779
3899	4098
3900	None
3901	2974
3902	None
3903	6558
3904	None
3905	3428
3906	None
3907	None
3908	None
3909	4367
3910	None
3911	3538
3912	3099
3913	2202
3914	None
3915	None
3916	None
3917	None
3918	4058
3919	3633
3920	None
3921	None
3922	None
3923	None
3924	None
3925	None
3926	None
3927	None
3928	None
3929	5924
3930	None
3931	None
3932	None
3933	None
3934	None
3935	None
3936	3077
3937	3034
3938	None
3939	3062
3940	None
3941	None
3942	None
3943	None
3944	4163
3945	None
3946	None
3947	3790
3948	None
3949	None
3950	None
3951	3168
3952	3839
3953	3326
3954	None
3955	3692
3956	None
3957	4784
3958	None
3959	None
3960	None
3961	None
3962	None
3963	None
3964	None
3965	None
3966	None
3967	None
3968	3598
3969	None
3970	2670
3971	None
3972	None
3973	6539
3974	None
3975	None
3976	None
3977	None
3978	None
3979	None
3980	None
3981	3148
3982	2702
3983	None
3984	None
3985	None
3986	None
3987	6324
3988	None
3989	None
3990	None
3991	5616
3992	None
3993	None
3994	None
3995	None
3996	None
3997	None
3998	None
3999	None
4000	None
4001	None
4002	2990
4003	3502
4004	None
4005	None
4006	None
4007	None
4008	None
4009	None
4010	None
4011	None
4012	None
4013	None
4014	None
4015	None
4016	None
4017	None
4018	None
4019	4291
4020	None
4021	None
4022	None
4023	2406
4024	None
4025	2924
4026	None
4027	None
4028	None
4029	None
4030	2093
4031	None
4032	None
4033	None
4034	None
4035	4146
4036	None
4037	None
4038	None
4039	None
4040	None
4041	None
4042	None
4043	None
4044	None
4045	None
4046	None
4047	None
4048	None
4049	None
4050	None
4051	None
4052	None
4053	None
4054	None
4055	None
4056	None
4057	None
4058	None
4059	None
4060	None
4061	None
4062	None
4063	None
4064	None
4065	None
4066	None
4067	None
4068	None
4069	None
4070	None
4071	None
4072	None
4073	None
4074	None
4075	None
4076	None
4077	2807
4078	None
4079	2165
4080	None
4081	None
4082	None
4083	None
4084	None
4085	None
4086	None
4087	None
4088	None
4089	None
4090	None
4091	None
4092	None
4093	None
4094	None
4095	None
4096	None
4097	None
4098	None
4099	None
4100	None
4101	None
4102	None
4103	None
4104	3948
4105	None
4106	None
4107	None
4108	None
4109	None
4110	None
4111	None
4112	None
4113	None
4114	3247
4115	None
4116	None
4117	None
4118	None
4119	None
4120	None
4121	None
4122	None
4123	None
4124	None
4125	None
4126	None
4127	None
4128	None
4129	None
4130	None
4131	None
4132	None
4133	4140
4134	None
4135	None
4136	None
4137	None
4138	None
4139	None
4140	None
4141	3144
4142	None
4143	None
4144	None
4145	None
4146	None
4147	None
4148	None
4149	None
4150	None
4151	None
4152	None
4153	None
4154	None
4155	None
4156	None
4157	None
4158	2358
4159	None
4160	None
4161	2633
4162	None
4163	None
4164	None
4165	None
4166	None
4167	None
4168	None
4169	None
4170	None
4171	None
4172	None
4173	None
4174	None
4175	None
4176	2703
4177	None
4178	None
4179	None
4180	None
4181	None
4182	None
4183	None
4184	None
4185	None
4186	None
4187	None
4188	None
4189	2425
4190	None
4191	None
4192	2205
4193	None
4194	None
4195	None
4196	None
4197	None
4198	None
4199	None
4200	None
4201	None
4202	None
4203	None
4204	None
4205	1980
4206	None
4207	None
4208	None
4209	None
4210	None
4211	None
4212	None
4213	None
4214	None
4215	None
4216	None
4217	None
4218	None
4219	None
4220	None
4221	None
4222	None
4223	None
4224	None
4225	None
4226	None
4227	None
4228	None
4229	None
4230	None
4231	None
4232	None
4233	None
4234	None
4235	None
4236	None
4237	None
4238	2540
4239	None
4240	None
4241	None
4242	None
4243	None
4244	None
4245	None
4246	None
4247	None
4248	None
4249	None
4250	None
4251	None
4252	None
4253	None
4254	None
4255	None
4256	4012
4257	None
4258	2589
4259	None
4260	None
4261	None
4262	None
4263	None
4264	None
4265	None
4266	None
4267	None
4268	None
4269	2642
4270	None
4271	None
4272	None
4273	None
4274	None
4275	None
4276	2627
4277	None
4278	None
4279	None
4280	None
4281	None
4282	None
4283	None
4284	None
4285	None
4286	None
4287	None
4288	None
4289	None
4290	None
4291	None
4292	None
4293	None
4294	None
4295	None
4296	None
4297	None
4298	3477
4299	None
4300	4769
4301	None
4302	None
4303	None
4304	None
4305	2281
4306	None
4307	None
4308	None
4309	None
4310	3036
4311	None
4312	None
4313	None
4314	None
4315	None
4316	None
4317	None
4318	None
4319	None
4320	2412
4321	None
4322	None
4323	None
4324	None
4325	None
4326	None
4327	None
4328	None
4329	None
4330	None
4331	3036
4332	None
4333	None
4334	None
4335	None
4336	None
4337	None
4338	None
4339	2425
4340	None
4341	None
4342	None
4343	None
4344	None
4345	None
4346	None
4347	None
4348	None
4349	None
4350	2677
4351	None
4352	None
4353	None
4354	None
4355	None
4356	None
4357	None
4358	None
4359	None
4360	None
4361	None
4362	None
4363	2790
4364	2546
4365	2399
4366	None
4367	None
4368	None
4369	None
4370	None
4371	None
4372	None
4373	4003
4374	None
4375	None
4376	None
4377	None
4378	None
4379	None
4380	None
4381	None
4382	None
4383	None
4384	None
4385	None
4386	None
4387	None
4388	None
4389	None
4390	None
4391	None
4392	None
4393	None
4394	None
4395	None
4396	None
4397	None
4398	None
4399	None
4400	6649
4401	None
4402	None
4403	None
4404	None
4405	None
4406	None
4407	None
4408	None
4409	None
4410	None
4411	None
4412	None
4413	None
4414	None
4415	4333
4416	3194
4417	None
4418	None
4419	None
4420	None
4421	None
4422	None
4423	None
4424	None
4425	None
4426	None
4427	None
4428	None
4429	None
4430	None
4431	None
4432	None
4433	None
4434	None
4435	None
4436	None
4437	None
4438	None
4439	None
4440	None
4441	None
4442	None
4443	None
4444	None
4445	None
4446	None
4447	None
4448	2822
4449	None
4450	None
4451	None
4452	None
4453	2995
4454	None
4455	None
4456	None
4457	None
4458	None
4459	None
4460	None
4461	None
4462	None
4463	None
4464	None
4465	None
4466	None
4467	None
4468	None
4469	None
4470	None
4471	None
4472	None
4473	2593
4474	3195
4475	None
4476	None
4477	None
4478	None
4479	None
4480	None
4481	None
4482	None
4483	None
4484	None
4485	None
4486	None
4487	None
4488	None
4489	None
4490	None
4491	None
4492	None
4493	None
4494	None
4495	None
4496	None
4497	3008
4498	None
4499	None
4500	None
4501	None
4502	None
4503	None
4504	None
4505	None
4506	None
4507	None
4508	None
4509	None
4510	None
4511	None
4512	None
4513	None
4514	None
4515	None
4516	None
4517	None
4518	None
4519	None
4520	None
4521	None
4522	None
4523	None
4524	None
4525	None
4526	None
4527	None
4528	None
4529	None
4530	None
4531	None
4532	3518
4533	None
4534	None
4535	None
4536	None
4537	None
4538	None
4539	None
4540	None
4541	None
4542	None
4543	None
4544	2883
4545	None
4546	None
4547	None
4548	None
4549	None
4550	None
4551	None
4552	None
4553	None
4554	None
4555	None
4556	None
4557	None
4558	None
4559	None
4560	None
4561	None
4562	None
4563	2466
4564	None
4565	None
4566	None
4567	None
4568	None
4569	3214
4570	None
4571	None
4572	None
4573	None
4574	None
4575	None
4576	None
4577	None
4578	None
4579	None
4580	None
4581	None
4582	None
4583	None
4584	None
4585	None
4586	None
4587	None
4588	None
4589	None
4590	None
4591	None
4592	None
4593	None
4594	None
4595	None
4596	None
4597	None
4598	None
4599	None
4600	None
4601	None
4602	None
4603	None
4604	None
4605	None
4606	None
4607	2356
4608	None
4609	None
4610	None
4611	None
4612	None
4613	None
4614	None
4615	None
4616	2467
4617	None
4618	None
4619	None
4620	None
4621	None
4622	None
4623	None
4624	None
4625	None
4626	None
4627	None
4628	3762
4629	3605
4630	None
4631	None
4632	None
4633	None
4634	None
4635	None
4636	None
4637	None
4638	3512
4639	None
4640	None
4641	None
4642	None
4643	None
4644	None
4645	None
4646	None
4647	None
4648	None
4649	None
4650	None
4651	2499
4652	None
4653	None
4654	None
4655	None
4656	None
4657	None
4658	None
4659	None
4660	None
4661	None
4662	None
4663	2334
4664	None
4665	None
4666	None
4667	3808
4668	3047
4669	None
4670	None
4671	None
4672	None
4673	3713
4674	None
4675	None
4676	None
4677	None
4678	None
4679	None
4680	None
4681	3044
4682	None
4683	None
4684	None
4685	None
4686	3520
4687	None
4688	None
4689	None
4690	None
4691	None
4692	None
4693	None
4694	None
4695	None
4696	None
4697	None
4698	3151
4699	3509
4700	None
4701	None
4702	None
4703	None
4704	None
4705	None
4706	None
4707	None
4708	None
4709	None
4710	None
4711	None
4712	None
4713	None
4714	None
4715	None
4716	None
4717	None
4718	None
4719	None
4720	None
4721	None
4722	None
4723	None
4724	None
4725	None
4726	None
4727	None
4728	None
4729	None
4730	None
4731	None
4732	None
4733	None
4734	None
4735	None
4736	None
4737	None
4738	None
4739	3667
4740	None
4741	None
4742	None
4743	5088
4744	None
4745	None
4746	None
4747	None
4748	3624
4749	None
4750	None
4751	None
4752	2499
4753	None
4754	None
4755	None
4756	None
4757	None
4758	None
4759	None
4760	None
4761	None
4762	None
4763	None
4764	None
4765	None
4766	None
4767	None
4768	2822
4769	None
4770	None
4771	None
4772	None
4773	None
4774	2928
4775	None
4776	3624
4777	None
4778	None
4779	None
4780	None
4781	None
4782	None
4783	None
4784	None
4785	None
4786	None
4787	None
4788	2638
4789	None
4790	None
4791	None
4792	None
4793	None
4794	None
4795	None
4796	None
4797	None
4798	None
4799	None
4800	None
4801	None
4802	None
4803	None
4804	None
4805	None
4806	None
4807	None
4808	None
4809	None
4810	None
4811	None
4812	None
4813	None
4814	None
4815	None
4816	2629
4817	None
4818	None
4819	None
4820	2973
4821	None
4822	None
4823	None
4824	3264
4825	None
4826	None
4827	None
4828	None
4829	3599
4830	None
4831	2572
4832	None
4833	None
4834	None
4835	None
4836	None
4837	None
4838	None
4839	None
4840	None
4841	None
4842	None
4843	None
4844	None
4845	None
4846	3468
4847	None
4848	None
4849	None
4850	None
4851	None
4852	None
4853	None
4854	None
4855	None
4856	None
4857	None
4858	3415
4859	None
4860	None
4861	None
4862	None
4863	None
4864	None
4865	None
4866	None
4867	None
4868	None
4869	2491
4870	None
4871	None
4872	None
4873	None
4874	None
4875	None
4876	None
4877	4015
4878	None
4879	None
4880	None
4881	None
4882	None
4883	None
4884	None
4885	None
4886	None
4887	None
4888	None
4889	2762
4890	None
4891	5490
4892	2515
4893	None
4894	None
4895	None
4896	None
4897	None
4898	None
4899	None
4900	None
4901	None
4902	None
4903	4150
4904	None
4905	None
4906	None
4907	3624
4908	None
4909	None
4910	None
4911	3700
4912	2569
4913	None
4914	None
4915	None
4916	None
4917	None
4918	None
4919	None
4920	None
4921	None
4922	None
4923	None
4924	None
4925	None
4926	None
4927	None
4928	None
4929	None
4930	None
4931	None
4932	None
4933	None
4934	None
4935	3426
4936	4103
4937	None
4938	None
4939	None
4940	None
4941	None
4942	None
4943	None
4944	None
4945	3010
4946	4173
4947	None
4948	None
4949	None
4950	None
4951	None
4952	None
4953	3530
4954	2952
4955	None
4956	None
4957	2061
4958	2818
4959	None
4960	2686
4961	2867
4962	None
4963	3279
4964	2540
4965	None
4966	None
4967	None
4968	None
4969	None
4970	2593
4971	None
4972	3315
4973	None
4974	3626
4975	3410
4976	None
4977	None
4978	None
4979	None
4980	2560
4981	None
4982	None
4983	3648
4984	None
4985	3036
4986	3224
4987	2505
4988	None
4989	None
4990	4152
4991	3477
4992	None
4993	None
4994	None
4995	None
4996	None
4997	None
4998	2790
4999	None
5000	3195
5001	3784
5002	None
5003	4373
5004	None
5005	2677
5006	4084
5007	3386
5008	4175
5009	None
5010	4370
5011	None
5012	None
5013	None
5014	None
5015	None
5016	None
5017	3793
5018	None
5019	None
5020	3008
5021	2992
5022	None
5023	3723
5024	3382
5025	2093
5026	None
5027	None
5028	None
5029	None
5030	4150
5031	None
5032	3883
5033	None
5034	None
5035	2902
5036	None
5037	3445
5038	2760
5039	3583
5040	3348
5041	3764
5042	None
5043	4033
5044	None
5045	None
5046	None
5047	None
5048	3036
5049	4373
5050	None
5051	3318
5052	None
5053	3898
5054	2674
5055	None
5056	2660
5057	3374
5058	3576
5059	None
5060	3444
5061	None
5062	None
5063	4236
5064	3223
5065	3082
5066	None
5067	3430
5068	2703
5069	None
5070	2948
5071	2792
5072	None
5073	None
5074	None
5075	None
5076	3701
5077	3197
5078	3784
5079	None
5080	3328
5081	None
5082	None
5083	2705
5084	4236
5085	3667
5086	None
5087	None
5088	None
5089	4176
5090	None
5091	3726
5092	None
5093	2733
5094	3336
5095	None
5096	None
5097	None
5098	4332
5099	3639
5100	4549
5101	None
5102	3317
5103	3011
5104	None
5105	3626
5106	4603
5107	3974
5108	4465
5109	None
5110	5110
5111	None
5112	None
5113	None
5114	None
5115	3202
5116	2822
5117	4044
5118	5403
5119	4389
5120	3945
5121	4602
5122	None
5123	4046
5124	3315
5125	4325
5126	4645
5127	3198
5128	None
5129	4786
5130	3865
5131	None
5132	None
5133	None
5134	None
5135	None
5136	2931
5137	4284
5138	None
5139	4764
5140	None
5141	2863
5142	None
5143	None
5144	4441
5145	None
5146	3156
5147	None
5148	4649
5149	4103
5150	4764
5151	None
5152	None
5153	4070
5154	3484
5155	None
5156	4278
5157	None
5158	3361
5159	3193
5160	None
5161	4603
5162	None
5163	None
5164	4703
5165	3755
5166	None
5167	None
5168	None
5169	None
5170	3849
5171	3652
5172	2837
5173	3099
5174	2890
5175	4816
5176	None
5177	None
5178	3651
5179	3431
5180	None
5181	3143
5182	3855
5183	None
5184	None
5185	4979
5186	4734
5187	3407
5188	3901
5189	5131
5190	4238
5191	None
5192	None
5193	None
5194	4388
5195	5207
5196	None
5197	None
5198	4190
5199	3945
5200	None
5201	3907
5202	4549
5203	None
5204	None
5205	3089
5206	3537
5207	4010
5208	3488
5209	5061
5210	3576
5211	None
5212	4226
5213	4004
5214	4037
5215	None
5216	4352
5217	None
5218	4834
5219	None
5220	None
5221	3949
5222	None
5223	4373
5224	None
5225	2948
5226	None
5227	3144
5228	None
5229	None
5230	4197
5231	None
5232	None
5233	5157
5234	None
5235	None
5236	None
5237	5653
5238	3704
5239	4004
5240	None
5241	4275
5242	3070
5243	2948
5244	None
5245	None
5246	3515
5247	3622
5248	None
5249	3471
5250	3807
5251	4906
5252	None
5253	4630
5254	None
5255	2990
5256	None
5257	4220
5258	4320
5259	None
5260	3323
5261	None
5262	4817
5263	5281
5264	None
5265	4880
5266	4826
5267	None
5268	None
5269	None
5270	None
5271	4465
5272	4170
5273	5027
5274	None
5275	3949
5276	None
5277	4131
5278	4771
5279	5431
5280	3090
5281	3155
5282	None
5283	None
5284	4163
5285	3010
5286	None
5287	5372
5288	None
5289	3193
5290	None
5291	None
5292	None
5293	None
5294	None
5295	3932
5296	None
5297	None
5298	5501
5299	4565
5300	None
5301	None
5302	3382
5303	5074
5304	None
5305	None
5306	5466
5307	None
5308	None
5309	3775
5310	None
5311	3700
5312	None
5313	4033
5314	None
5315	5179
5316	3330
5317	None
5318	None
5319	5842
5320	None
5321	None
5322	None
5323	None
5324	None
5325	None
5326	5640
5327	5542
5328	5100
5329	5074
5330	None
5331	None
5332	None
5333	None
5334	4532
5335	None
5336	3514
5337	None
5338	None
5339	3399
5340	4906
5341	3403
5342	3443
5343	4562
5344	None
5345	None
5346	3382
5347	None
5348	4033
5349	3577
5350	None
5351	4862
5352	None
5353	4780
5354	None
5355	3324
5356	None
5357	None
5358	None
5359	None
5360	None
5361	3197
5362	None
5363	None
5364	None
5365	None
5366	None
5367	3136
5368	None
5369	5065
5370	3348
5371	5426
5372	None
5373	None
5374	None
5375	None
5376	None
5377	4974
5378	5502
5379	4757
5380	None
5381	5790
5382	5688
5383	4574
5384	None
5385	None
5386	3904
5387	None
5388	4920
5389	5857
5390	None
5391	None
5392	None
5393	None
5394	None
5395	3904
5396	5060
5397	None
5398	None
5399	3624
5400	4519
5401	None
5402	None
5403	None
5404	3580
5405	4892
5406	None
5407	None
5408	None
5409	5683
5410	None
5411	None
5412	3621
5413	None
5414	5081
5415	None
5416	None
5417	None
5418	None
5419	None
5420	4644
5421	3869
5422	5554
5423	None
5424	None
5425	None
5426	None
5427	None
5428	5454
5429	None
5430	None
5431	4240
5432	5654
5433	4921
5434	None
5435	5558
5436	None
5437	3445
5438	None
5439	None
5440	3919
5441	5400
5442	None
5443	None
5444	3340
5445	3621
5446	None
5447	4435
5448	None
5449	4834
5450	None
5451	None
5452	3681
5453	None
5454	4863
5455	4603
5456	None
5457	None
5458	None
5459	None
5460	5894
5461	None
5462	None
5463	None
5464	None
5465	None
5466	5708
5467	3609
5468	None
5469	3568
5470	None
5471	None
5472	None
5473	5729
5474	None
5475	None
5476	None
5477	3624
5478	4132
5479	5261
5480	None
5481	None
5482	None
5483	4018
5484	None
5485	None
5486	None
5487	4645
5488	None
5489	4758
5490	4537
5491	4651
5492	None
5493	3442
5494	None
5495	3849
5496	None
5497	None
5498	None
5499	None
5500	None
5501	5542
5502	None
5503	None
5504	None
5505	None
5506	None
5507	None
5508	None
5509	None
5510	None
5511	None
5512	None
5513	5168
5514	4651
5515	None
5516	None
5517	4488
5518	None
5519	None
5520	None
5521	4145
5522	5245
5523	None
5524	5100
5525	3553
5526	3685
5527	3706
5528	None
5529	None
5530	None
5531	None
5532	None
5533	None
5534	5440
5535	4557
5536	None
5537	None
5538	5056
5539	5783
5540	None
5541	None
5542	4374
5543	4393
5544	4948
5545	4993
5546	3721
5547	4236
5548	None
5549	None
5550	None
5551	None
5552	None
5553	4865
5554	3815
5555	None
5556	5567
5557	None
5558	None
5559	None
5560	None
5561	None
5562	None
5563	None
5564	None
5565	None
5566	None
5567	None
5568	None
5569	3443
5570	None
5571	3518
5572	None
5573	6051
5574	None
5575	5065
5576	None
5577	4238
5578	None
5579	6186
5580	None
5581	None
5582	None
5583	None
5584	4562
5585	5279
5586	None
5587	None
5588	4236
5589	None
5590	None
5591	None
5592	4854
5593	None
5594	5375
5595	None
5596	None
5597	None
5598	None
5599	4441
5600	4562
5601	None
5602	None
5603	None
5604	6323
5605	None
5606	None
5607	None
5608	3520
5609	None
5610	4232
5611	None
5612	None
5613	None
5614	None
5615	None
5616	None
5617	None
5618	4033
5619	4200
5620	None
5621	None
5622	None
5623	None
5624	None
5625	None
5626	None
5627	3585
5628	5199
5629	None
5630	4645
5631	None
5632	None
5633	3760
5634	6310
5635	None
5636	None
5637	None
5638	None
5639	5141
5640	None
5641	None
5642	None
5643	None
5644	None
5645	None
5646	None
5647	None
5648	None
5649	None
5650	None
5651	None
5652	5169
5653	None
5654	5850
5655	None
5656	None
5657	None
5658	None
5659	5818
5660	3941
5661	None
5662	None
5663	None
5664	None
5665	None
5666	None
5667	None
5668	None
5669	None
5670	None
5671	None
5672	6213
5673	5490
5674	6283
5675	None
5676	None
5677	None
5678	None
5679	None
5680	6242
5681	5370
5682	None
5683	None
5684	None
5685	None
5686	3546
5687	None
5688	None
5689	5834
5690	None
5691	None
5692	None
5693	None
5694	None
5695	None
5696	None
5697	None
5698	None
5699	None
5700	None
5701	None
5702	None
5703	None
5704	None
5705	None
5706	None
5707	None
5708	None
5709	None
5710	None
5711	None
5712	None
5713	None
5714	None
5715	None
5716	None
5717	None
5718	None
5719	None
5720	None
5721	None
5722	None
5723	None
5724	None
5725	None
5726	None
5727	None
5728	None
5729	None
5730	None
5731	None
5732	None
5733	None
5734	None
5735	None
5736	None
5737	None
5738	None
5739	None
5740	None
5741	None
5742	None
5743	None
5744	None
5745	None
5746	None
5747	None
5748	None
5749	None
5750	None
5751	None
5752	None
5753	None
5754	None
5755	None
5756	None
5757	None
5758	None
5759	None
5760	None
5761	None
5762	None
5763	None
5764	None
5765	None
5766	None
5767	None
5768	None
5769	None
5770	None
5771	None
5772	None
5773	None
5774	None
5775	None
5776	None
5777	None
5778	None
5779	None
5780	None
5781	None
5782	None
5783	None
5784	None
5785	None
5786	None
5787	None
5788	None
5789	None
5790	None
5791	None
5792	None
5793	None
5794	None
5795	None
5796	None
5797	None
5798	None
5799	None
5800	None
5801	None
5802	None
5803	None
5804	None
5805	None
5806	None
5807	None
5808	None
5809	None
5810	None
5811	None
5812	None
5813	None
5814	None
5815	None
5816	None
5817	None
5818	None
5819	None
5820	None
5821	None
5822	None
5823	None
5824	None
5825	None
5826	None
5827	None
5828	None
5829	None
5830	None
5831	None
5832	None
5833	None
5834	None
5835	None
5836	None
5837	None
5838	None
5839	None
5840	None
5841	None
5842	None
5843	None
5844	None
5845	None
5846	None
5847	None
5848	None
5849	None
5850	None
5851	None
5852	None
5853	None
5854	None
5855	None
5856	None
5857	None
5858	None
5859	None
5860	None
5861	None
5862	None
5863	None
5864	None
5865	None
5866	None
5867	None
5868	None
5869	None
5870	None
5871	None
5872	None
5873	None
5874	None
5875	None
5876	None
5877	None
5878	None
5879	None
5880	None
5881	None
5882	None
5883	None
5884	None
5885	None
5886	None
5887	None
5888	None
5889	None
5890	None
5891	None
5892	None
5893	None
5894	None
5895	None
5896	None
5897	None
5898	None
5899	None
5900	None
5901	None
5902	None
5903	None
5904	None
5905	None
5906	None
5907	None
5908	None
5909	None
5910	None
5911	None
5912	None
5913	None
5914	None
5915	None
5916	None
5917	None
5918	None
5919	None
5920	None
5921	None
5922	None
5923	None
5924	None
5925	None
5926	None
5927	None
5928	None
5929	None
5930	None
5931	None
5932	None
5933	None
5934	None
5935	None
5936	None
5937	None
5938	None
5939	None
5940	None
5941	None
5942	None
5943	None
5944	None
5945	None
5946	None
5947	None
5948	None
5949	None
5950	None
5951	None
5952	None
5953	None
5954	None
5955	None
5956	None
5957	None
5958	None
5959	None
5960	None
5961	None
5962	None
5963	None
5964	None
5965	None
5966	None
5967	None
5968	None
5969	None
5970	None
5971	None
5972	None
5973	None
5974	None
5975	None
5976	None
5977	None
5978	None
5979	None
5980	None
5981	None
5982	None
5983	None
5984	None
5985	None
5986	None
5987	None
5988	None
5989	None
5990	None
5991	None
5992	None
5993	None
5994	None
5995	None
5996	None
5997	None
5998	None
5999	None
6000	None
6001	None
6002	None
6003	None
6004	None
6005	None
6006	None
6007	None
6008	None
6009	None
6010	None
6011	None
6012	None
6013	None
6014	None
6015	None
6016	None
6017	None
6018	None
6019	None
6020	None
6021	None
6022	None
6023	None
6024	None
6025	None
6026	None
6027	None
6028	None
6029	None
6030	None
6031	None
6032	None
6033	None
6034	None
6035	None
6036	None
6037	None
6038	None
6039	None
6040	None
6041	None
6042	None
6043	None
6044	None
6045	None
6046	None
6047	None
6048	None
6049	None
6050	None
6051	None
6052	None
6053	None
6054	None
6055	None
6056	None
6057	None
6058	None
6059	None
6060	None
6061	None
6062	None
6063	None
6064	None
6065	None
6066	None
6067	None
6068	None
6069	None
6070	None
6071	None
6072	None
6073	None
6074	None
6075	None
6076	None
6077	None
6078	None
6079	None
6080	None
6081	None
6082	None
6083	None
6084	None
6085	None
6086	None
6087	None
6088	None
6089	None
6090	None
6091	None
6092	None
6093	None
6094	None
6095	None
6096	None
6097	None
6098	None
6099	None
6100	None
6101	None
6102	None
6103	None
6104	None
6105	None
6106	None
6107	None
6108	None
6109	None
6110	None
6111	None
6112	None
6113	None
6114	None
6115	None
6116	None
6117	None
6118	None
6119	None
6120	None
6121	None
6122	None
6123	None
6124	None
6125	None
6126	None
6127	None
6128	None
6129	None
6130	None
6131	None
6132	None
6133	None
6134	None
6135	None
6136	None
6137	None
6138	None
6139	None
6140	None
6141	None
6142	None
6143	None
6144	None
6145	None
6146	None
6147	None
6148	None
6149	None
6150	None
6151	None
6152	None
6153	None
6154	None
6155	None
6156	None
6157	None
6158	None
6159	None
6160	None
6161	None
6162	None
6163	None
6164	None
6165	None
6166	None
6167	None
6168	None
6169	None
6170	None
6171	None
6172	None
6173	None
6174	None
6175	None
6176	None
6177	None
6178	None
6179	None
6180	None
6181	None
6182	None
6183	None
6184	None
6185	None
6186	None
6187	None
6188	None
6189	None
6190	None
6191	None
6192	None
6193	None
6194	None
6195	None
6196	None
6197	None
6198	None
6199	None
6200	None
6201	None
6202	None
6203	None
6204	None
6205	None
6206	None
6207	None
6208	None
6209	None
6210	None
6211	None
6212	None
6213	None
6214	None
6215	None
6216	None
6217	None
6218	None
6219	None
6220	None
6221	None
6222	None
6223	None
6224	None
6225	None
6226	None
6227	None
6228	None
6229	None
6230	None
6231	None
6232	None
6233	None
6234	None
6235	None
6236	None
6237	None
6238	None
6239	None
6240	None
6241	None
6242	None
6243	None
6244	None
6245	None
6246	None
6247	None
6248	None
6249	None
6250	None
6251	None
6252	None
6253	None
6254	None
6255	None
6256	None
6257	None
6258	None
6259	None
6260	None
6261	None
6262	None
6263	None
6264	None
6265	None
6266	None
6267	None
6268	None
6269	None
6270	None
6271	None
6272	None
6273	None
6274	None
6275	None
6276	None
6277	None
6278	None
6279	None
6280	None
6281	None
6282	None
6283	None
6284	None
6285	None
6286	None
6287	None
6288	None
6289	None
6290	None
6291	None
6292	None
6293	None
6294	None
6295	None
6296	None
6297	None
6298	None
6299	None
6300	None
6301	None
6302	None
6303	None
6304	None
6305	None
6306	None
6307	None
6308	None
6309	None
6310	None
6311	None
6312	None
6313	None
6314	None
6315	None
6316	None
6317	None
6318	None
6319	None
6320	None
6321	None
6322	None
6323	None
6324	None
6325	None
6326	None
6327	None
6328	None
6329	None
6330	None
6331	None
6332	None
6333	None
6334	None
6335	None
6336	None
6337	None
6338	None
6339	None
6340	None
6341	None
6342	None
6343	None
6344	None
6345	None
6346	None
6347	None
6348	None
6349	None
6350	None
6351	None
6352	None
6353	None
6354	None
6355	None
6356	None
6357	None
6358	None
6359	None
6360	None
6361	None
6362	None
6363	None
6364	None
6365	None
6366	None
6367	None
6368	None
6369	None
6370	None
6371	None
6372	None
6373	None
6374	None
6375	None
6376	None
6377	None
6378	None
6379	None
6380	None
6381	None
6382	None
6383	None
6384	None
6385	None
6386	None
6387	None
6388	None
6389	None
6390	None
6391	None
6392	None
6393	None
6394	None
6395	None
6396	None
6397	None
6398	None
6399	None
6400	None
6401	None
6402	None
6403	None
6404	None
6405	None
6406	None
6407	None
6408	None
6409	None
6410	None
6411	None
6412	None
6413	None
6414	None
6415	None
6416	None
6417	None
6418	None
6419	None
6420	None
6421	None
6422	None
6423	None
6424	None
6425	None
6426	None
6427	None
6428	None
6429	None
6430	None
6431	None
6432	None
6433	None
6434	None
6435	None
6436	None
6437	None
6438	None
6439	None
6440	None
6441	None
6442	None
6443	None
6444	None
6445	None
6446	None
6447	None
6448	None
6449	None
6450	None
6451	None
6452	None
6453	None
6454	None
6455	None
6456	None
6457	None
6458	None
6459	None
6460	None
6461	None
6462	None
6463	None
6464	None
6465	None
6466	None
6467	None
6468	None
6469	None
6470	None
6471	None
6472	None
6473	None
6474	None
6475	None
6476	None
6477	None
6478	None
6479	None
6480	None
6481	None
6482	None
6483	None
6484	None
6485	None
6486	None
6487	None
6488	None
6489	None
6490	None
6491	None
6492	None
6493	None
6494	None
6495	None
6496	None
6497	None
6498	None
6499	None
6500	None
6501	None
6502	None
6503	None
6504	None
6505	None
6506	None
6507	None
6508	None
6509	None
6510	None
6511	None
6512	None
6513	None
6514	None
6515	None
6516	None
6517	None
6518	None
6519	None
6520	None
6521	None
6522	None
6523	None
6524	None
6525	None
6526	None
6527	None
6528	None
6529	None
6530	None
6531	None
6532	None
6533	None
6534	None
6535	None
6536	None
6537	None
6538	None
6539	None
6540	None
6541	None
6542	None
6543	None
6544	None
6545	None
6546	None
6547	None
6548	None
6549	None
6550	None
6551	None
6552	None
6553	None
6554	None
6555	None
6556	None
6557	None
6558	None
6559	None
6560	None
6561	None
6562	None
6563	None
6564	None
6565	None
6566	None
6567	None
6568	None
6569	None
6570	None
6571	None
6572	None
6573	None
6574	None
6575	None
6576	None
6577	None
6578	None
6579	None
6580	None
6581	None
6582	None
6583	None
6584	None
6585	None
6586	None
6587	None
6588	None
6589	None
6590	None
6591	None
6592	None
6593	None
6594	None
6595	None
6596	None
6597	None
6598	None
6599	None
6600	None
6601	None
6602	None
6603	None
6604	None
6605	None
6606	None
6607	None
6608	None
6609	None
6610	None
6611	None
6612	None
6613	None
6614	None
6615	None
6616	None
6617	None
6618	None
6619	None
6620	None
6621	None
6622	None
6623	None
6624	None
6625	None
6626	None
6627	None
6628	None
6629	None
6630	None
6631	None
6632	None
6633	None
6634	None
6635	None
6636	None
6637	None
6638	None
6639	None
6640	None
6641	None
6642	None
6643	None
6644	None
6645	None
6646	None
6647	None
6648	None
6649	None
6650	None
6651	None
6652	None
6653	None
6654	None
6655	None
6656	None
6657	None
6658	None
6659	None
6660	None
6661	None
6662	None
6663	None
6664	None
6665	None
6666	None
6667	None
6668	None
6669	None
6670	None
6671	None
6672	None
6673	None
6674	None
6675	None
6676	None
6677	None
6678	None
6679	None
6680	None
6681	None
6682	None
6683	None
6684	None
6685	None
6686	None
6687	None
6688	None
6689	None
6690	None
6691	None
6692	None
6693	None
6694	None
6695	None
6696	None
6697	None
6698	None
6699	None
6700	None
6701	None
6702	None
6703	None
6704	None
6705	None
6706	None
6707	None
6708	None
6709	None
6710	None
6711	None
6712	None
6713	None
6714	None
6715	None
6716	None
6717	None
6718	None
6719	None
6720	None
6721	None
6722	None
6723	None
6724	None
6725	None
6726	None
6727	None
6728	None
6729	None
6730	None
6731	None
6732	None
6733	None
6734	None
6735	None
6736	None
6737	None
6738	None
6739	None
6740	None
6741	None
6742	None
6743	None
6744	None
6745	None
6746	None
6747	None
6748	None
6749	None
6750	None
6751	None
6752	None
6753	None
6754	None
6755	None
6756	None
6757	None
6758	None
6759	None
6760	None
6761	None
6762	None
6763	None
6764	None
6765	None
6766	None
6767	None
6768	None
6769	None
6770	None
6771	None
6772	None
6773	None
6774	None
6775	None
6776	None
6777	None
6778	None
6779	None
6780	None
6781	None
6782	None
6783	None
6784	None
6785	None
6786	None
6787	None
6788	None
6789	None
6790	None
6791	None
6792	None
6793	None
6794	None
6795	None
6796	None
6797	None
6798	None
6799	None
6800	None
6801	None
6802	None
6803	None
6804	None
6805	None
6806	None
6807	None
6808	None
6809	None
6810	None
6811	None
6812	None
6813	None
6814	None
6815	None
6816	None
6817	None
6818	None
6819	None
6820	None
6821	None
6822	None
6823	None
6824	None
6825	None
6826	None
6827	None
6828	None
6829	None
6830	None
6831	None
6832	None
6833	None
6834	None
6835	None
6836	None
6837	None
6838	None
6839	None
6840	None
6841	None
6842	None
6843	None
6844	None
6845	None
6846	None
6847	None
6848	None
6849	None
6850	None
6851	None
6852	None
6853	None
6854	None
6855	None
6856	None
6857	None
6858	None
6859	None
6860	None
6861	None
6862	None
6863	None
6864	None
6865	None
6866	None
6867	None
6868	None
6869	None
6870	None
6871	None
6872	None
6873	None
6874	None
6875	None
6876	None
6877	None
6878	None
6879	None
6880	None
6881	None
6882	None
6883	None
6884	None
6885	None
6886	None
6887	None
6888	None
6889	None
6890	None
6891	None
6892	None
6893	None
6894	None
6895	None
6896	None
6897	None
6898	None
6899	None
6900	None
6901	None
6902	None
6903	None
6904	None
6905	None
6906	None
6907	None
6908	None
6909	None
6910	None
6911	None
6912	None
6913	None
6914	None
6915	None
6916	None
6917	None
6918	None
6919	None
6920	None
6921	None
6922	None
6923	None
6924	None
6925	None
6926	None
6927	None
6928	None
6929	None
6930	None
6931	None
6932	None
6933	None
6934	None
6935	None
6936	None
6937	None
6938	None
6939	None
6940	None
6941	None
6942	None
6943	None
6944	None
6945	None
6946	None
6947	None
6948	None
6949	None
6950	None
6951	None
6952	None
6953	None
6954	None
6955	None
6956	None
6957	None
6958	None
6959	None
6960	None
6961	None
6962	None
6963	None
6964	None
6965	None
6966	None
6967	None
6968	None
6969	None
6970	None
6971	None
6972	None
6973	None
6974	None
6975	None
6976	None
6977	None
6978	None
6979	None
6980	None
6981	None
6982	None
6983	None
6984	None
6985	None
6986	None
6987	None
6988	None
6989	None
6990	None
6991	None
6992	None
6993	None
6994	None
6995	None
6996	None
6997	None
6998	None
6999	None
7000	None
7001	None
7002	None
7003	None
7004	None
7005	None
7006	None
7007	None
7008	None
7009	None
7010	None
7011	None
7012	None
7013	None
7014	None
7015	None
7016	None
7017	None
7018	None
7019	None
7020	None
7021	None
7022	None
7023	None
7024	None
7025	None
7026	None
7027	None
7028	None
7029	None
7030	None
7031	None
7032	None
7033	None
7034	None
7035	None
7036	None
7037	None
7038	None
7039	None
7040	None
7041	None
7042	None
7043	None
7044	None
7045	None
7046	None
7047	None
7048	None
7049	None
7050	None
7051	None
7052	None
7053	None
7054	None
7055	None
7056	None
7057	None
7058	None
7059	None
7060	None
7061	None
7062	None
7063	None
7064	None
7065	None
7066	None
7067	None
7068	None
7069	None
7070	None
7071	None
7072	None
7073	None
7074	None
7075	None
7076	None
7077	None
7078	None
7079	None
7080	None
7081	None
7082	None
7083	None
7084	None
7085	None
7086	None
7087	None
7088	None
7089	None
7090	None
7091	None
7092	None
7093	None
7094	None
7095	None
7096	None
7097	None
7098	None
7099	None
7100	None
7101	None
7102	None
7103	None
7104	None
7105	None
7106	None
7107	None
7108	None
7109	None
7110	None
7111	None
7112	None
7113	None
7114	None
7115	None
7116	None
7117	None
7118	None
7119	None
7120	None
7121	None
7122	None
7123	None
7124	None
7125	None
7126	None
7127	None
7128	None
7129	None
7130	None
7131	None
7132	None
7133	None
7134	None
7135	None
7136	None
7137	None
7138	None
7139	None
7140	None
7141	None
7142	None
7143	None
7144	None
7145	None
7146	None
7147	None
7148	None
7149	None
7150	None
7151	None
7152	None
7153	None
7154	None
7155	None
7156	None
7157	None
7158	None
7159	None
7160	None
7161	None
7162	None
7163	None
7164	None
7165	None
7166	None
7167	None
7168	None
7169	None
7170	None
7171	None
7172	None
7173	None
7174	None
7175	None
7176	None
7177	None
7178	None
7179	None
7180	None
7181	None
7182	None
7183	None
7184	None
7185	None
7186	None
7187	None
7188	None
7189	None
7190	None
7191	None
7192	None
7193	None
7194	None
7195	None
7196	None
7197	None
7198	None
7199	None
7200	None
7201	None
7202	None
7203	None
7204	None
7205	None
7206	None
7207	None
7208	None
7209	None
7210	None
7211	None
7212	None
7213	None
7214	None
7215	None
7216	None
7217	None
7218	None
7219	None
7220	None
7221	None
7222	None
7223	None
7224	None
7225	None
7226	None
7227	None
7228	None
7229	None
7230	None
7231	None
7232	None
7233	None
7234	None
7235	None
7236	None
7237	None
7238	None
7239	None
7240	None
7241	None
7242	None
7243	None
7244	None
7245	None
7246	None
7247	None
7248	None
7249	None
7250	None
7251	None
7252	None
7253	None
7254	None
7255	None
7256	None
7257	None
7258	None
7259	None
7260	None
7261	None
7262	None
7263	None
7264	None
7265	None
7266	None
7267	None
7268	None
7269	None
7270	None
7271	None
7272	None
7273	None
7274	None
7275	None
7276	None
7277	None
7278	None
7279	None
7280	None
7281	None
7282	None
7283	None
7284	None
7285	None
7286	None
7287	None
7288	None
7289	None
7290	None
7291	None
7292	None
7293	None
7294	None
7295	None
7296	None
7297	None
7298	None
7299	None
7300	None
7301	None
7302	None
7303	None
7304	None
7305	None
7306	None
7307	None
7308	None
7309	None
7310	None
7311	None
7312	None
7313	None
7314	None
7315	None
7316	None
7317	None
7318	None
7319	None
7320	None
7321	None
7322	None
7323	None
7324	None
7325	None
7326	None
7327	None
7328	None
7329	None
7330	None
7331	None
7332	None
7333	None
7334	None
7335	None
7336	None
7337	None
7338	None
7339	None
7340	None
7341	None
7342	None
7343	None
7344	None
7345	None
7346	None
7347	None
7348	None
7349	None
7350	None
7351	None
7352	None
7353	None
7354	None
7355	None
7356	None
7357	None
7358	None
7359	None
7360	None
7361	None
7362	None
7363	None
7364	None
7365	None
7366	None
7367	None
7368	None
7369	None
7370	None
7371	None
7372	None
7373	None
7374	None
7375	None
7376	None
7377	None
7378	None
7379	None
7380	None
7381	None
7382	None
7383	None
7384	None
7385	None
7386	None
7387	None
7388	None
7389	None
7390	None
7391	None
7392	None
7393	None
7394	None
7395	None
7396	None
7397	None
7398	None
7399	None
7400	None
7401	None
7402	None
7403	None
7404	None
7405	None
7406	None
7407	None
7408	None
7409	None
7410	None
7411	None
7412	None
7413	None
7414	None
7415	None
7416	None
7417	None
7418	None
7419	None
7420	None
7421	None
7422	None
7423	None
7424	None
7425	None
7426	None
7427	None
7428	None
7429	None
7430	None
7431	None
7432	None
7433	None
7434	None
7435	None
7436	None
7437	None
7438	None
7439	None
7440	None
7441	None
7442	None
7443	None
7444	None
7445	None
7446	None
7447	None
7448	None
7449	None
7450	None
7451	None
7452	None
7453	None
7454	None
7455	None
7456	None
7457	None
7458	None
7459	None
7460	None
7461	None
7462	None
7463	None
7464	None
7465	None
7466	None
7467	None
7468	None
7469	None
7470	None
7471	None
7472	None
7473	None
7474	None
7475	None
7476	None
7477	None
7478	None
7479	None
7480	None
7481	None
7482	None
7483	None
7484	None
7485	None
7486	None
7487	None
7488	None
7489	None
7490	None
7491	None
7492	None
7493	None
7494	None
7495	None
7496	None
7497	None
7498	None
7499	None
7500	None
7501	None
7502	None
7503	None
7504	None
7505	None
7506	None
7507	None
7508	None
7509	None
7510	None
7511	None
7512	None
7513	None
7514	None
7515	None
7516	None
7517	None
7518	None
7519	None
7520	None
7521	None
7522	None
7523	None
7524	None
7525	None
7526	None
7527	None
7528	None
7529	None
7530	None
7531	None
7532	None
7533	None
7534	None
7535	None
7536	None
7537	None
7538	None
7539	None
7540	None
7541	None
7542	None
7543	None
7544	None
7545	None
7546	None
7547	None
7548	None
7549	None
7550	None
7551	None
7552	None
7553	None
7554	None
7555	None
7556	None
7557	None
7558	None
7559	None
7560	None
7561	None
7562	None
7563	None
7564	None
7565	None
7566	None
7567	None
7568	None
7569	None
7570	None
7571	None
7572	None
7573	None
7574	None
7575	None
7576	None
7577	None
7578	None
7579	None
7580	None
7581	None
7582	None
7583	None
7584	None
7585	None
7586	None
7587	None
7588	None
7589	None
7590	None
7591	None
7592	None
7593	None
7594	None
7595	None
7596	None
7597	None
7598	None
7599	None
7600	None
7601	None
7602	None
7603	None
7604	None
7605	None
7606	None
7607	None
7608	None
7609	None
7610	None
7611	None
7612	None
7613	None
7614	None
7615	None
7616	None
7617	None
7618	None
7619	None
7620	None
7621	None
7622	None
7623	None
7624	None
7625	None
7626	None
7627	None
7628	None
7629	None
7630	None
7631	None
7632	None
7633	None
7634	None
7635	None
7636	None
7637	None
7638	None
7639	None
7640	None
7641	None
7642	None
7643	None
7644	None
7645	None
7646	None
7647	None
7648	None
7649	None
7650	None
7651	None
7652	None
7653	None
7654	None
7655	None
7656	None
7657	None
7658	None
7659	None
7660	None
7661	None
7662	None
7663	None
7664	None
7665	None
7666	None
7667	None
7668	None
7669	None
7670	None
7671	None
7672	None
7673	None
7674	None
7675	None
7676	None
7677	None
7678	None
7679	None
7680	None
7681	None
7682	None
7683	None
7684	None
7685	None
7686	None
7687	None
7688	None
7689	None
7690	None
7691	None
7692	None
7693	None
7694	None
7695	None
7696	None
7697	None
7698	None
7699	None
7700	None
7701	None
7702	None
7703	None
7704	None
7705	None
7706	None
7707	None
7708	None
7709	None
7710	None
7711	None
7712	None
7713	None
7714	None
7715	None
7716	None
7717	None
7718	None
7719	None
7720	None
7721	None
7722	None
7723	None
7724	None
7725	None
7726	None
7727	None
7728	None
7729	None
7730	None
7731	None
7732	None
7733	None
7734	None
7735	None
7736	None
7737	None
7738	None
7739	None
7740	None
7741	None
7742	None
7743	None
7744	None
7745	None
7746	None
7747	None
7748	None
7749	None
7750	None
7751	None
7752	None
7753	None
7754	None
7755	None
7756	None
7757	None
7758	None
7759	None
7760	None
7761	None
7762	None
7763	None
7764	None
7765	None
7766	None
7767	None
7768	None
7769	None
7770	None
7771	None
7772	None
7773	None
7774	None
7775	None
7776	None
7777	None
7778	None
7779	None
7780	None
7781	None
7782	None
7783	None
7784	None
7785	None
7786	None
7787	None
7788	None
7789	None
7790	None
7791	None
7792	None
7793	None
7794	None
7795	None
7796	None
7797	None
7798	None
7799	None
7800	None
7801	None
7802	None
7803	None
7804	None
7805	None
7806	None
7807	None
7808	None
7809	None
7810	None
7811	None
7812	None
7813	None
7814	None
7815	None
7816	None
7817	None
7818	None
7819	None
7820	None
7821	None
7822	None
7823	None
7824	None
7825	None
7826	None
7827	None
7828	None
7829	None
7830	None
7831	None
7832	None
7833	None
7834	None
7835	None
7836	None
7837	None
7838	None
7839	None
7840	None
7841	None
7842	None
7843	None
7844	None
7845	None
7846	None
7847	None
7848	None
7849	None
7850	None
7851	None
7852	None
7853	None
7854	None
7855	None
7856	None
7857	None
7858	None
7859	None
7860	None
7861	None
7862	None
7863	None
7864	None
7865	None
7866	None
7867	None
7868	None
7869	None
7870	None
7871	None
7872	None
7873	None
7874	None
7875	None
7876	None
7877	None
7878	None
7879	None
7880	None
7881	None
7882	None
7883	None
7884	None
7885	None
7886	None
7887	None
7888	None
7889	None
7890	None
7891	None
7892	None
7893	None
7894	None
7895	None
7896	None
7897	None
7898	None
7899	None
7900	None
7901	None
7902	None
7903	None
7904	None
7905	None
7906	None
7907	None
7908	None
7909	None
7910	None
7911	None
7912	None
7913	None
7914	None
7915	None
7916	None
7917	None
7918	None
7919	None
7920	None
7921	None
7922	None
7923	None
7924	None
7925	None
7926	None
7927	None
7928	None
7929	None
7930	None
7931	None
7932	None
7933	None
7934	None
7935	None
7936	None
7937	None
7938	None
7939	None
7940	None
7941	None
7942	None
7943	None
7944	None
7945	None
7946	None
7947	None
7948	None
7949	None
7950	None
7951	None
7952	None
7953	None
7954	None
7955	None
7956	None
7957	None
7958	None
7959	None
7960	None
7961	None
7962	None
7963	None
7964	None
7965	None
7966	None
7967	None
7968	None
7969	None
7970	None
7971	None
7972	None
7973	None
7974	None
7975	None
7976	None
7977	None
7978	None
7979	None
7980	None
7981	None
7982	None
7983	None
7984	None
7985	None
7986	None
7987	None
7988	None
7989	None
7990	None
7991	None
7992	None
7993	None
7994	None
7995	None
7996	None
7997	None
7998	None
7999	None
8000	None
8001	None
8002	None
8003	None
8004	None
8005	None
8006	None
8007	None
8008	None
8009	None
8010	None
8011	None
8012	None
8013	None
8014	None
8015	None
8016	None
8017	None
8018	None
8019	None
8020	None
8021	None
8022	None
8023	None
8024	None
8025	None
8026	None
8027	None
8028	None
8029	None
8030	None
8031	None
8032	None
8033	None
8034	None
8035	None
8036	None
8037	None
8038	None
8039	None
8040	None
8041	None
8042	None
8043	None
8044	None
8045	None
8046	None
8047	None
8048	None
8049	None
8050	None
8051	None
8052	None
8053	None
8054	None
8055	None
8056	None
8057	None
8058	None
8059	None
8060	None
8061	None
8062	None
8063	None
8064	None
8065	None
8066	None
8067	None
8068	None
8069	None
8070	None
8071	None
8072	None
8073	None
8074	None
8075	None
8076	None
8077	None
8078	None
8079	None
8080	None
8081	None
8082	None
8083	None
8084	None
8085	None
8086	None
8087	None
8088	None
8089	None
8090	None
8091	None
8092	None
8093	None
8094	None
8095	None
8096	None
8097	None
8098	None
8099	None
8100	None
8101	None
8102	None
8103	None
8104	None
8105	None
8106	None
8107	None
8108	None
8109	None
8110	None
8111	None
8112	None
8113	None
8114	None
8115	None
8116	None
8117	None
8118	None
8119	None
8120	None
8121	None
8122	None
8123	None
8124	None
8125	None
8126	None
8127	None
8128	None
8129	None
8130	None
8131	None
8132	None
8133	None
8134	None
8135	None
8136	None
8137	None
8138	None
8139	None
8140	None
8141	None
8142	None
8143	None
8144	None
8145	None
8146	None
8147	None
8148	None
8149	None
8150	None
8151	None
8152	None
8153	None
8154	None
8155	None
8156	None
8157	None
8158	None
8159	None
8160	None
8161	None
8162	None
8163	None
8164	None
8165	None
8166	None
8167	None
8168	None
8169	None
8170	None
8171	None
8172	None
8173	None
8174	None
8175	None
8176	None
8177	None
8178	None
8179	None
8180	None
8181	None
8182	None
8183	None
8184	None
8185	None
8186	None
8187	None
8188	None
8189	None
8190	None
8191	None
8192	None
8193	None
8194	None
8195	None
8196	None
8197	None
8198	None
8199	None
8200	None
8201	None
8202	None
8203	None
8204	None
8205	None
8206	None
8207	None
8208	None
8209	None
8210	None
8211	None
8212	None
8213	None
8214	None
8215	None
8216	None
8217	None
8218	None
8219	None
8220	None
8221	None
8222	None
8223	None
8224	None
8225	None
8226	None
8227	None
8228	None
8229	None
8230	None
8231	None
8232	None
8233	None
8234	None
8235	None
8236	None
8237	None
8238	None
8239	None
8240	None
8241	None
8242	None
8243	None
8244	None
8245	None
8246	None
8247	None
8248	None
8249	None
8250	None
8251	None
8252	None
8253	None
8254	None
8255	None
8256	None
8257	None
8258	None
8259	None
8260	None
8261	None
8262	None
8263	None
8264	None
8265	None
8266	None
8267	None
8268	None
8269	None
8270	None
8271	None
8272	None
8273	None
8274	None
8275	None
8276	None
8277	None
8278	None
8279	None
8280	None
8281	None
8282	None
8283	None
8284	None
8285	None
8286	None
8287	None
8288	None
8289	None
8290	None
8291	None
8292	None
8293	None
8294	None
8295	None
8296	None
8297	None
8298	None
8299	None
8300	None
8301	None
8302	None
8303	None
8304	None
8305	None
8306	None
8307	None
8308	None
8309	None
8310	None
8311	None
8312	None
8313	None
8314	None
8315	None
8316	None
8317	None
8318	None
8319	None
8320	None
8321	None
8322	None
8323	None
8324	None
8325	None
8326	None
8327	None
8328	None
8329	None
8330	None
8331	None
8332	None
8333	None
8334	None
8335	None
8336	None
8337	None
8338	None
8339	None
8340	None
8341	None
8342	None
8343	None
8344	None
8345	None
8346	None
8347	None
8348	None
8349	None
8350	None
8351	None
8352	None
8353	None
8354	None
8355	None
8356	None
8357	None
8358	None
8359	None
8360	None
8361	None
8362	None
8363	None
8364	None
8365	None
8366	None
8367	None
8368	None
8369	None
8370	None
8371	None
8372	None
8373	None
8374	None
8375	None
8376	None
8377	None
8378	None
8379	None
8380	None
8381	None
8382	None
8383	None
8384	None
8385	None
8386	None
8387	None
8388	None
8389	None
8390	None
8391	None
8392	None
8393	None
8394	None
8395	None
8396	None
8397	None
8398	None
8399	None
8400	None
8401	None
8402	None
8403	None
8404	None
8405	None
8406	None
8407	None
8408	None
8409	None
8410	None
8411	None
8412	None
8413	None
8414	None
8415	None
8416	None
8417	None
8418	None
8419	None
8420	None
8421	None
8422	None
8423	None
8424	None
8425	None
8426	None
8427	None
8428	None
8429	None
8430	None
8431	None
8432	None
8433	None
8434	None
8435	None
8436	None
8437	None
8438	None
8439	None
8440	None
8441	None
8442	None
8443	None
8444	None
8445	None
8446	None
8447	None
8448	None
8449	None
8450	None
8451	None
8452	None
8453	None
8454	None
8455	None
8456	None
8457	None
8458	None
8459	None
8460	None
8461	None
8462	None
8463	None
8464	None
8465	None
8466	None
8467	None
8468	None
8469	None
8470	None
8471	None
8472	None
8473	None
8474	None
8475	None
8476	None
8477	None
8478	None
8479	None
8480	None
8481	None
8482	None
8483	None
8484	None
8485	None
8486	None
8487	None
8488	None
8489	None
8490	None
8491	None
8492	None
8493	None
8494	None
8495	None
8496	None
8497	None
8498	None
8499	None
8500	None
8501	None
8502	None
8503	None
8504	None
8505	None
8506	None
8507	None
8508	None
8509	None
8510	None
8511	None
8512	None
8513	None
8514	None
8515	None
8516	None
8517	None
8518	None
8519	None
8520	None
8521	None
8522	None
8523	None
8524	None
8525	None
8526	None
8527	None
8528	None
8529	None
8530	None
8531	None
8532	None
8533	None
8534	None
8535	None
8536	None
8537	None
8538	None
8539	None
8540	None
8541	None
8542	None
8543	None
8544	None
8545	None
8546	None
8547	None
8548	None
8549	None
8550	None
8551	None
8552	None
8553	None
8554	None
8555	None
8556	None
8557	None
8558	None
8559	None
8560	None
8561	None
8562	None
8563	None
8564	None
8565	None
8566	None
8567	None
8568	None
8569	None
8570	None
8571	None
8572	None
8573	None
8574	None
8575	None
8576	None
8577	None
8578	None
8579	None
8580	None
8581	None
8582	None
8583	None
8584	None
8585	None
8586	None
8587	None
8588	None
8589	None
8590	None
8591	None
8592	None
8593	None
8594	None
8595	None
8596	None
8597	None
8598	None
8599	None
8600	None
8601	None
8602	None
8603	None
8604	None
8605	None
8606	None
8607	None
8608	None
8609	None
8610	None
8611	None
8612	None
8613	None
8614	None
8615	None
8616	None
8617	None
8618	None
8619	None
8620	None
8621	None
8622	None
8623	None
8624	None
8625	None
8626	None
8627	None
8628	None
8629	None
8630	None
8631	None
8632	None
8633	None
8634	None
8635	None
8636	None
8637	None
8638	None
8639	None
8640	None
8641	None
8642	None
8643	None
8644	None
8645	None
8646	None
8647	None
8648	None
8649	None
8650	None
8651	None
8652	None
8653	None
8654	None
8655	None
8656	None
8657	None
8658	None
8659	None
8660	None
8661	None
8662	None
8663	None
8664	None
8665	None
8666	None
8667	None
8668	None
8669	None
8670	None
8671	None
8672	None
8673	None
8674	None
8675	None
8676	None
8677	None
8678	None
8679	None
8680	None
8681	None
8682	None
8683	None
8684	None
8685	None
8686	None
8687	None
8688	None
8689	None
8690	None
8691	None
8692	None
8693	None
8694	None
8695	None
8696	None
8697	None
8698	None
8699	None
8700	None
8701	None
8702	None
8703	None
8704	None
8705	None
8706	None
8707	None
8708	None
8709	None
8710	None
8711	None
8712	None
8713	None
8714	None
8715	None
8716	None
8717	None
8718	None
8719	None
8720	None
8721	None
8722	None
8723	None
8724	None
8725	None
8726	None
8727	None
8728	None
8729	None
8730	None
8731	None
8732	None
8733	None
8734	None
8735	None
8736	None
8737	None
8738	None
8739	None
8740	None
8741	None
8742	None
8743	None
8744	None
8745	None
8746	None
8747	None
8748	None
8749	None
8750	None
8751	None
8752	None
8753	None
8754	None
8755	None
8756	None
8757	None
8758	None
8759	None
8760	None
8761	None
8762	None
8763	None
8764	None
8765	None
8766	None
8767	None
8768	None
8769	None
8770	None
8771	None
8772	None
8773	None
8774	None
8775	None
8776	None
8777	None
8778	None
8779	None
8780	None
8781	None
8782	None
8783	None
8784	None
8785	None
