2310 matches
['halomatch.py', 'Runs/', 'LCDM_vanilla', 'SymA_DM', '64', '.5', 'match_LCDM_vanilla_SymA_DM']
LCDM_vanilla	SymA_DM
0	0
1	1
2	2
3	3
4	5
5	7
6	6
7	4
8	11
9	12
10	10
11	9
12	8
13	15
14	14
15	16
16	17
17	19
18	18
19	20
20	28
21	21
22	22
23	23
24	24
25	25
26	26
27	29
28	27
29	30
30	33
31	52
32	31
33	32
34	45
35	41
36	40
37	47
38	None
39	36
40	37
41	48
42	39
43	34
44	50
45	53
46	44
47	43
48	46
49	49
50	57
51	54
52	63
53	55
54	42
55	None
56	59
57	58
58	60
59	65
60	56
61	67
62	61
63	144
64	66
65	84
66	62
67	69
68	76
69	74
70	75
71	83
72	79
73	73
74	70
75	71
76	85
77	68
78	80
79	77
80	82
81	81
82	64
83	102
84	99
85	94
86	78
87	93
88	87
89	130
90	90
91	104
92	98
93	92
94	None
95	105
96	89
97	91
98	106
99	118
100	199
101	110
102	101
103	103
104	100
105	113
106	111
107	108
108	96
109	109
110	120
111	112
112	121
113	123
114	119
115	115
116	127
117	126
118	95
119	114
120	129
121	171
122	None
123	116
124	131
125	132
126	138
127	117
128	None
129	122
130	133
131	142
132	None
133	136
134	139
135	125
136	166
137	198
138	134
139	128
140	124
141	154
142	149
143	148
144	162
145	195
146	160
147	140
148	147
149	145
150	211
151	200
152	151
153	183
154	157
155	141
156	150
157	189
158	146
159	152
160	156
161	190
162	143
163	168
164	169
165	192
166	175
167	184
168	137
169	153
170	165
171	158
172	173
173	159
174	202
175	179
176	243
177	181
178	197
179	178
180	201
181	214
182	207
183	226
184	170
185	239
186	188
187	218
188	177
189	155
190	361
191	193
192	176
193	275
194	None
195	223
196	185
197	216
198	222
199	161
200	253
201	187
202	210
203	180
204	224
205	212
206	219
207	None
208	215
209	217
210	350
211	256
212	205
213	470
214	273
215	225
216	258
217	231
218	233
219	196
220	234
221	322
222	286
223	247
224	390
225	209
226	267
227	186
228	None
229	240
230	277
231	269
232	242
233	326
234	257
235	259
236	1076
237	334
238	241
239	281
240	340
241	244
242	293
243	280
244	285
245	255
246	263
247	246
248	261
249	426
250	272
251	686
252	332
253	235
254	163
255	311
256	None
257	278
258	338
259	408
260	229
261	365
262	317
263	230
264	328
265	283
266	None
267	324
268	None
269	None
270	399
271	431
272	264
273	276
274	213
275	260
276	309
277	237
278	387
279	339
280	298
281	291
282	None
283	327
284	352
285	448
286	282
287	393
288	228
289	373
290	367
291	355
292	319
293	262
294	None
295	279
296	292
297	410
298	238
299	None
300	501
301	531
302	506
303	245
304	299
305	454
306	None
307	401
308	307
309	436
310	313
311	266
312	None
313	416
314	414
315	386
316	None
317	362
318	402
319	374
320	None
321	443
322	673
323	None
324	435
325	564
326	457
327	388
328	363
329	None
330	303
331	919
332	325
333	None
334	252
335	611
336	None
337	186
338	None
339	290
340	289
341	320
342	434
343	310
344	433
345	463
346	385
347	None
348	None
349	395
350	302
351	None
352	538
353	342
354	301
355	None
356	333
357	304
358	None
359	331
360	489
361	305
362	375
363	308
364	None
365	345
366	572
367	558
368	None
369	519
370	1043
371	515
372	530
373	711
374	369
375	None
376	488
377	357
378	532
379	582
380	None
381	492
382	None
383	406
384	430
385	539
386	None
387	438
388	677
389	381
390	811
391	379
392	475
393	664
394	537
395	1057
396	641
397	526
398	None
399	500
400	360
401	428
402	344
403	512
404	353
405	None
406	551
407	None
408	389
409	None
410	None
411	None
412	727
413	None
414	599
415	323
416	None
417	312
418	459
419	535
420	1725
421	None
422	649
423	None
424	772
425	421
426	None
427	612
428	None
429	None
430	432
431	464
432	None
433	1405
434	762
435	716
436	None
437	461
438	910
439	None
440	550
441	813
442	384
443	493
444	None
445	417
446	786
447	376
448	None
449	None
450	400
451	397
452	None
453	499
454	392
455	497
456	None
457	502
458	451
459	None
460	520
461	None
462	460
463	439
464	None
465	825
466	536
467	409
468	462
469	None
470	None
471	553
472	549
473	830
474	None
475	None
476	None
477	494
478	511
479	412
480	479
481	992
482	None
483	496
484	759
485	510
486	620
487	768
488	None
489	None
490	467
491	815
492	1104
493	None
494	None
495	None
496	None
497	1491
498	None
499	498
500	None
501	300
502	1008
503	None
504	456
505	415
506	692
507	548
508	None
509	569
510	611
511	600
512	480
513	473
514	None
515	562
516	1739
517	476
518	690
519	None
520	528
521	None
522	2997
523	943
524	620
525	648
526	None
527	None
528	None
529	None
530	524
531	759
532	1043
533	None
534	586
535	701
536	None
537	None
538	640
539	554
540	903
541	None
542	None
543	None
544	1731
545	None
546	682
547	None
548	411
549	792
550	None
551	None
552	None
553	None
554	None
555	637
556	868
557	None
558	None
559	516
560	None
561	None
562	586
563	542
564	None
565	693
566	764
567	None
568	567
569	None
570	None
571	468
572	None
573	680
574	None
575	662
576	None
577	None
578	660
579	565
580	1124
581	None
582	634
583	715
584	698
585	744
586	577
587	503
588	575
589	None
590	734
591	None
592	None
593	None
594	None
595	None
596	754
597	699
598	None
599	None
600	597
601	1104
602	753
603	645
604	None
605	None
606	None
607	527
608	None
609	627
610	None
611	None
612	705
613	1725
614	775
615	None
616	None
617	1482
618	778
619	None
620	None
621	None
622	800
623	602
624	None
625	890
626	592
627	366
628	None
629	1588
630	None
631	465
632	1838
633	None
634	827
635	None
636	None
637	None
638	1328
639	631
640	1394
641	None
642	None
643	1035
644	846
645	766
646	688
647	None
648	None
649	689
650	595
651	665
652	None
653	712
654	None
655	None
656	1128
657	None
658	587
659	None
660	None
661	817
662	763
663	747
664	1177
665	None
666	720
667	None
668	None
669	None
670	1057
671	418
672	943
673	685
674	842
675	None
676	None
677	None
678	876
679	None
680	932
681	853
682	733
683	1508
684	929
685	784
686	675
687	782
688	None
689	788
690	None
691	736
692	713
693	314
694	647
695	None
696	972
697	1218
698	None
699	None
700	None
701	None
702	919
703	None
704	None
705	1502
706	801
707	None
708	None
709	None
710	None
711	1074
712	696
713	795
714	None
715	None
716	None
717	730
718	None
719	None
720	None
721	None
722	841
723	722
724	None
725	None
726	None
727	None
728	None
729	None
730	None
731	None
732	None
733	787
734	None
735	None
736	None
737	2007
738	None
739	None
740	None
741	891
742	None
743	None
744	1385
745	None
746	1150
747	960
748	None
749	860
750	1501
751	None
752	1784
753	None
754	None
755	None
756	1729
757	None
758	None
759	1541
760	1052
761	1129
762	None
763	None
764	949
765	862
766	1251
767	None
768	None
769	793
770	314
771	935
772	1324
773	None
774	1339
775	None
776	None
777	None
778	804
779	None
780	None
781	None
782	None
783	1314
784	None
785	None
786	1977
787	820
788	834
789	None
790	1153
791	None
792	957
793	None
794	1026
795	None
796	883
797	None
798	1052
799	1838
800	975
801	None
802	1257
803	None
804	None
805	None
806	1104
807	None
808	None
809	None
810	None
811	None
812	None
813	None
814	1302
815	None
816	777
817	None
818	None
819	1317
820	1146
821	1053
822	930
823	None
824	907
825	None
826	None
827	None
828	987
829	901
830	1364
831	None
832	916
833	None
834	1073
835	None
836	None
837	None
838	1082
839	1359
840	None
841	2537
842	1915
843	864
844	1205
845	1870
846	371
847	1384
848	None
849	None
850	None
851	None
852	None
853	1030
854	1556
855	1003
856	923
857	None
858	None
859	None
860	1064
861	None
862	None
863	1677
864	None
865	1000
866	None
867	619
868	None
869	None
870	973
871	None
872	None
873	1091
874	None
875	None
876	2402
877	1458
878	None
879	None
880	2642
881	1398
882	1827
883	None
884	1231
885	None
886	1204
887	1051
888	None
889	None
890	None
891	None
892	None
893	None
894	1035
895	None
896	None
897	None
898	1124
899	None
900	None
901	None
902	None
903	None
904	None
905	None
906	None
907	1444
908	2702
909	None
910	1751
911	None
912	None
913	None
914	None
915	2953
916	None
917	1442
918	1689
919	1137
920	None
921	None
922	None
923	1392
924	614
925	None
926	None
927	1223
928	None
929	None
930	1322
931	1244
932	None
933	1045
934	None
935	1448
936	None
937	None
938	None
939	None
940	None
941	2243
942	None
943	1626
944	None
945	None
946	1364
947	None
948	2133
949	None
950	None
951	2102
952	None
953	None
954	None
955	None
956	None
957	1565
958	1119
959	1887
960	1484
961	294
962	1272
963	886
964	None
965	None
966	None
967	None
968	None
969	None
970	None
971	1673
972	555
973	None
974	1239
975	None
976	None
977	1709
978	None
979	None
980	None
981	None
982	2207
983	None
984	3234
985	1098
986	None
987	1084
988	None
989	None
990	None
991	None
992	2887
993	None
994	None
995	None
996	351
997	None
998	None
999	2477
1000	None
1001	1787
1002	1018
1003	None
1004	None
1005	1354
1006	None
1007	1326
1008	2790
1009	1416
1010	None
1011	None
1012	1251
1013	None
1014	None
1015	None
1016	None
1017	None
1018	None
1019	None
1020	2106
1021	1527
1022	None
1023	1141
1024	None
1025	None
1026	1276
1027	None
1028	None
1029	None
1030	None
1031	None
1032	None
1033	None
1034	2615
1035	2076
1036	2809
1037	None
1038	None
1039	836
1040	284
1041	1306
1042	None
1043	1090
1044	1878
1045	1977
1046	1423
1047	None
1048	1389
1049	None
1050	2666
1051	1848
1052	None
1053	1818
1054	1541
1055	1162
1056	3270
1057	None
1058	None
1059	None
1060	2767
1061	None
1062	806
1063	None
1064	2540
1065	1626
1066	None
1067	2752
1068	2668
1069	None
1070	None
1071	None
1072	1458
1073	3524
1074	2333
1075	None
1076	1376
1077	None
1078	None
1079	None
1080	2547
1081	1512
1082	765
1083	None
1084	None
1085	1305
1086	None
1087	1849
1088	None
1089	3174
1090	1882
1091	447
1092	None
1093	287
1094	None
1095	None
1096	None
1097	None
1098	1885
1099	1322
1100	None
1101	3015
1102	None
1103	3472
1104	None
1105	None
1106	1599
1107	None
1108	None
1109	2184
1110	None
1111	None
1112	3442
1113	None
1114	3163
1115	None
1116	None
1117	None
1118	None
1119	1136
1120	None
1121	1293
1122	None
1123	None
1124	None
1125	None
1126	3241
1127	1556
1128	None
1129	None
1130	None
1131	None
1132	None
1133	None
1134	None
1135	None
1136	None
1137	1408
1138	None
1139	None
1140	None
1141	None
1142	None
1143	None
1144	None
1145	None
1146	1587
1147	None
1148	None
1149	None
1150	1163
1151	None
1152	1671
1153	None
1154	None
1155	None
1156	None
1157	None
1158	3825
1159	1463
1160	None
1161	1808
1162	None
1163	2422
1164	1491
1165	None
1166	None
1167	3385
1168	1444
1169	None
1170	3501
1171	None
1172	None
1173	2919
1174	None
1175	None
1176	None
1177	None
1178	None
1179	None
1180	None
1181	1550
1182	None
1183	None
1184	None
1185	None
1186	None
1187	None
1188	1411
1189	None
1190	None
1191	None
1192	None
1193	None
1194	None
1195	None
1196	None
1197	None
1198	2740
1199	1304
1200	1734
1201	None
1202	1934
1203	None
1204	3408
1205	None
1206	2374
1207	1754
1208	3341
1209	None
1210	1714
1211	None
1212	3375
1213	1677
1214	None
1215	1861
1216	None
1217	None
1218	3371
1219	None
1220	None
1221	None
1222	None
1223	2708
1224	None
1225	None
1226	None
1227	None
1228	1465
1229	None
1230	None
1231	3045
1232	1882
1233	None
1234	2346
1235	None
1236	None
1237	2078
1238	None
1239	None
1240	None
1241	2968
1242	2644
1243	None
1244	None
1245	None
1246	1990
1247	None
1248	None
1249	2577
1250	None
1251	None
1252	3793
1253	None
1254	None
1255	None
1256	1514
1257	1570
1258	None
1259	1676
1260	None
1261	None
1262	2540
1263	None
1264	None
1265	809
1266	None
1267	None
1268	None
1269	None
1270	3681
1271	2997
1272	None
1273	None
1274	None
1275	None
1276	None
1277	None
1278	None
1279	3712
1280	None
1281	1808
1282	None
1283	None
1284	None
1285	None
1286	1801
1287	1944
1288	1857
1289	None
1290	None
1291	2086
1292	None
1293	None
1294	None
1295	None
1296	None
1297	2309
1298	None
1299	2164
1300	None
1301	None
1302	None
1303	None
1304	None
1305	None
1306	None
1307	None
1308	None
1309	None
1310	None
1311	None
1312	1524
1313	None
1314	2242
1315	1565
1316	None
1317	None
1318	3666
1319	3264
1320	None
1321	None
1322	None
1323	None
1324	None
1325	None
1326	3670
1327	2547
1328	None
1329	1875
1330	None
1331	None
1332	None
1333	None
1334	None
1335	3883
1336	1927
1337	None
1338	1825
1339	2676
1340	1780
1341	4158
1342	1554
1343	None
1344	None
1345	None
1346	2339
1347	3240
1348	1648
1349	1380
1350	1859
1351	None
1352	3776
1353	2697
1354	None
1355	None
1356	1878
1357	2064
1358	None
1359	1939
1360	316
1361	None
1362	None
1363	679
1364	None
1365	3700
1366	None
1367	None
1368	None
1369	None
1370	2923
1371	2705
1372	None
1373	2000
1374	4053
1375	1385
1376	1482
1377	None
1378	2026
1379	4168
1380	3381
1381	3105
1382	None
1383	None
1384	None
1385	None
1386	None
1387	None
1388	None
1389	None
1390	None
1391	None
1392	1822
1393	None
1394	None
1395	1969
1396	2752
1397	3135
1398	None
1399	None
1400	None
1401	None
1402	None
1403	663
1404	3625
1405	2847
1406	None
1407	None
1408	1747
1409	None
1410	1623
1411	1976
1412	None
1413	4538
1414	2765
1415	None
1416	3210
1417	None
1418	None
1419	None
1420	None
1421	1012
1422	None
1423	2201
1424	None
1425	None
1426	1944
1427	None
1428	None
1429	None
1430	4200
1431	2815
1432	2142
1433	1980
1434	None
1435	None
1436	None
1437	1552
1438	None
1439	2037
1440	None
1441	None
1442	None
1443	2166
1444	None
1445	None
1446	None
1447	None
1448	None
1449	None
1450	None
1451	1987
1452	None
1453	2861
1454	None
1455	4402
1456	1800
1457	2083
1458	3742
1459	None
1460	2027
1461	3421
1462	None
1463	2068
1464	None
1465	None
1466	None
1467	2230
1468	3149
1469	1932
1470	1233
1471	976
1472	2206
1473	None
1474	None
1475	None
1476	1879
1477	None
1478	2187
1479	None
1480	None
1481	990
1482	None
1483	None
1484	None
1485	None
1486	None
1487	None
1488	1894
1489	None
1490	None
1491	None
1492	None
1493	None
1494	None
1495	None
1496	None
1497	None
1498	None
1499	None
1500	None
1501	2605
1502	4692
1503	None
1504	None
1505	4609
1506	4251
1507	3421
1508	None
1509	None
1510	2186
1511	None
1512	None
1513	5156
1514	441
1515	None
1516	None
1517	None
1518	2246
1519	None
1520	None
1521	4085
1522	None
1523	4390
1524	None
1525	2796
1526	458
1527	None
1528	None
1529	None
1530	None
1531	None
1532	1219
1533	None
1534	None
1535	None
1536	3500
1537	None
1538	None
1539	3137
1540	1948
1541	None
1542	None
1543	None
1544	None
1545	None
1546	None
1547	None
1548	None
1549	None
1550	None
1551	None
1552	None
1553	None
1554	681
1555	2306
1556	3742
1557	None
1558	4239
1559	None
1560	None
1561	None
1562	None
1563	None
1564	None
1565	2597
1566	590
1567	None
1568	None
1569	3230
1570	None
1571	None
1572	2444
1573	None
1574	4335
1575	5453
1576	2936
1577	545
1578	None
1579	None
1580	2988
1581	2484
1582	None
1583	None
1584	None
1585	None
1586	None
1587	None
1588	2273
1589	None
1590	None
1591	None
1592	None
1593	2555
1594	None
1595	None
1596	4702
1597	None
1598	4714
1599	4084
1600	4751
1601	None
1602	None
1603	None
1604	4822
1605	None
1606	None
1607	None
1608	None
1609	None
1610	None
1611	None
1612	None
1613	1122
1614	2819
1615	None
1616	2576
1617	3260
1618	None
1619	None
1620	None
1621	None
1622	None
1623	3898
1624	None
1625	None
1626	None
1627	3661
1628	None
1629	2570
1630	None
1631	None
1632	None
1633	3771
1634	None
1635	2597
1636	None
1637	None
1638	None
1639	3369
1640	453
1641	None
1642	4656
1643	None
1644	1557
1645	None
1646	None
1647	1032
1648	None
1649	None
1650	3422
1651	None
1652	4402
1653	None
1654	4387
1655	2394
1656	None
1657	5619
1658	None
1659	1085
1660	2445
1661	2281
1662	4499
1663	4637
1664	512
1665	None
1666	1298
1667	None
1668	2392
1669	1767
1670	None
1671	None
1672	None
1673	None
1674	None
1675	None
1676	5456
1677	None
1678	None
1679	None
1680	4597
1681	2404
1682	None
1683	2653
1684	None
1685	None
1686	None
1687	None
1688	3839
1689	None
1690	None
1691	3725
1692	2440
1693	None
1694	None
1695	None
1696	None
1697	478
1698	3154
1699	5154
1700	None
1701	None
1702	None
1703	2992
1704	None
1705	None
1706	1217
1707	None
1708	None
1709	None
1710	2488
1711	None
1712	2570
1713	None
1714	5686
1715	2930
1716	3195
1717	None
1718	5889
1719	None
1720	None
1721	None
1722	None
1723	None
1724	3041
1725	4523
1726	None
1727	5949
1728	None
1729	None
1730	None
1731	None
1732	3931
1733	None
1734	None
1735	None
1736	None
1737	None
1738	None
1739	3695
1740	2597
1741	3371
1742	None
1743	6047
1744	None
1745	None
1746	None
1747	5435
1748	None
1749	None
1750	2706
1751	3419
1752	2358
1753	None
1754	None
1755	None
1756	None
1757	None
1758	5593
1759	5367
1760	None
1761	3033
1762	None
1763	5640
1764	None
1765	None
1766	None
1767	1067
1768	None
1769	3031
1770	None
1771	None
1772	None
1773	4133
1774	None
1775	None
1776	4545
1777	5248
1778	5700
1779	5943
1780	None
1781	None
1782	4364
1783	None
1784	None
1785	None
1786	None
1787	None
1788	None
1789	None
1790	None
1791	3555
1792	None
1793	None
1794	5622
1795	2827
1796	4277
1797	None
1798	2929
1799	3146
1800	529
1801	2774
1802	1559
1803	2106
1804	6014
1805	3352
1806	None
1807	None
1808	None
1809	3926
1810	5497
1811	4810
1812	None
1813	None
1814	5857
1815	None
1816	None
1817	None
1818	None
1819	4452
1820	None
1821	None
1822	6733
1823	2496
1824	None
1825	None
1826	1077
1827	None
1828	None
1829	None
1830	None
1831	None
1832	None
1833	None
1834	4848
1835	None
1836	None
1837	None
1838	None
1839	None
1840	4235
1841	None
1842	5578
1843	6946
1844	None
1845	None
1846	6961
1847	3228
1848	5354
1849	1753
1850	None
1851	3161
1852	None
1853	1915
1854	3559
1855	None
1856	4359
1857	5625
1858	None
1859	None
1860	658
1861	None
1862	3791
1863	None
1864	6260
1865	None
1866	4715
1867	None
1868	None
1869	None
1870	None
1871	None
1872	None
1873	3132
1874	6670
1875	None
1876	5791
1877	6437
1878	None
1879	2193
1880	None
1881	None
1882	None
1883	None
1884	5770
1885	6224
1886	None
1887	3094
1888	None
1889	3439
1890	None
1891	2996
1892	5854
1893	None
1894	6944
1895	632
1896	3290
1897	3253
1898	None
1899	None
1900	None
1901	5044
1902	None
1903	3193
1904	None
1905	None
1906	None
1907	4461
1908	None
1909	3980
1910	3875
1911	None
1912	5535
1913	5653
1914	2026
1915	None
1916	None
1917	3426
1918	None
1919	None
1920	6324
1921	None
1922	None
1923	None
1924	None
1925	None
1926	5126
1927	4493
1928	None
1929	None
1930	None
1931	None
1932	3997
1933	None
1934	5749
1935	6720
1936	7115
1937	None
1938	4392
1939	1958
1940	4118
1941	None
1942	1501
1943	1916
1944	None
1945	None
1946	None
1947	None
1948	1768
1949	None
1950	None
1951	5269
1952	7727
1953	2151
1954	6447
1955	None
1956	7392
1957	None
1958	7467
1959	None
1960	None
1961	2420
1962	1499
1963	None
1964	3725
1965	None
1966	4537
1967	None
1968	None
1969	None
1970	None
1971	None
1972	5997
1973	4450
1974	6722
1975	None
1976	None
1977	3939
1978	None
1979	6629
1980	4053
1981	2077
1982	None
1983	None
1984	None
1985	None
1986	None
1987	None
1988	3336
1989	None
1990	None
1991	1966
1992	4602
1993	1982
1994	None
1995	None
1996	2044
1997	None
1998	None
1999	None
2000	None
2001	None
2002	None
2003	7369
2004	None
2005	None
2006	None
2007	1633
2008	None
2009	None
2010	1403
2011	3419
2012	7765
2013	None
2014	2287
2015	4895
2016	3219
2017	None
2018	None
2019	None
2020	751
2021	None
2022	4072
2023	None
2024	5851
2025	3695
2026	None
2027	None
2028	None
2029	None
2030	1182
2031	None
2032	None
2033	3515
2034	None
2035	2420
2036	3885
2037	None
2038	None
2039	None
2040	6334
2041	None
2042	None
2043	None
2044	None
2045	2123
2046	7192
2047	4614
2048	672
2049	None
2050	3975
2051	None
2052	None
2053	6563
2054	None
2055	None
2056	3836
2057	None
2058	None
2059	7490
2060	None
2061	None
2062	6337
2063	None
2064	None
2065	None
2066	5229
2067	6311
2068	1159
2069	None
2070	5522
2071	None
2072	2978
2073	2226
2074	None
2075	None
2076	7308
2077	None
2078	5641
2079	None
2080	None
2081	None
2082	None
2083	2555
2084	None
2085	4673
2086	None
2087	2030
2088	None
2089	None
2090	None
2091	None
2092	2872
2093	None
2094	5486
2095	5363
2096	4336
2097	None
2098	None
2099	None
2100	None
2101	None
2102	3015
2103	756
2104	6305
2105	None
2106	None
2107	None
2108	None
2109	None
2110	4575
2111	None
2112	None
2113	5079
2114	6645
2115	None
2116	3904
2117	None
2118	None
2119	1383
2120	None
2121	None
2122	6001
2123	2575
2124	None
2125	None
2126	None
2127	5344
2128	2343
2129	5783
2130	8812
2131	3697
2132	None
2133	5809
2134	2647
2135	6210
2136	None
2137	5373
2138	None
2139	None
2140	7631
2141	2203
2142	None
2143	4632
2144	None
2145	5762
2146	2467
2147	2198
2148	3251
2149	None
2150	None
2151	None
2152	2633
2153	2961
2154	None
2155	2517
2156	3261
2157	6849
2158	None
2159	5345
2160	None
2161	1853
2162	2128
2163	None
2164	None
2165	None
2166	None
2167	3144
2168	None
2169	1287
2170	5004
2171	None
2172	6415
2173	None
2174	None
2175	1308
2176	4114
2177	None
2178	None
2179	None
2180	None
2181	None
2182	2364
2183	None
2184	None
2185	None
2186	None
2187	5000
2188	None
2189	4767
2190	5166
2191	2164
2192	1500
2193	4056
2194	2780
2195	7543
2196	5880
2197	None
2198	None
2199	4000
2200	1309
2201	None
2202	4929
2203	None
2204	None
2205	6715
2206	None
2207	None
2208	1258
2209	None
2210	None
2211	947
2212	4511
2213	3644
2214	3202
2215	5200
2216	5336
2217	5494
2218	911
2219	3304
2220	None
2221	5147
2222	2794
2223	None
2224	None
2225	4102
2226	3775
2227	856
2228	4199
2229	2629
2230	2928
2231	9241
2232	None
2233	2962
2234	3120
2235	None
2236	4336
2237	None
2238	None
2239	1114
2240	4130
2241	None
2242	None
2243	2051
2244	5104
2245	None
2246	None
2247	None
2248	863
2249	5575
2250	2848
2251	None
2252	None
2253	None
2254	None
2255	3475
2256	None
2257	1107
2258	2460
2259	None
2260	None
2261	1396
2262	None
2263	None
2264	2975
2265	None
2266	None
2267	None
2268	None
2269	1396
2270	None
2271	4374
2272	4263
2273	3641
2274	None
2275	5666
2276	5304
2277	None
2278	2371
2279	None
2280	3473
2281	1349
2282	3587
2283	894
2284	None
2285	3235
2286	None
2287	None
2288	None
2289	None
2290	None
2291	None
2292	3213
2293	None
2294	None
2295	None
2296	None
2297	4943
2298	2726
2299	None
2300	None
2301	3501
2302	None
2303	3544
2304	None
2305	1098
2306	None
2307	None
2308	None
2309	6770
2310	5446
2311	3711
2312	None
2313	None
2314	None
2315	None
2316	None
2317	6106
2318	2929
2319	None
2320	None
2321	2051
2322	None
2323	None
2324	4881
2325	None
2326	None
2327	None
2328	None
2329	None
2330	None
2331	None
2332	None
2333	None
2334	None
2335	2817
2336	2180
2337	None
2338	None
2339	2066
2340	None
2341	2980
2342	None
2343	None
2344	None
2345	None
2346	6087
2347	4335
2348	None
2349	None
2350	None
2351	None
2352	None
2353	None
2354	None
2355	None
2356	None
2357	None
2358	None
2359	2991
2360	None
2361	None
2362	None
2363	None
2364	5730
2365	None
2366	None
2367	None
2368	7268
2369	None
2370	None
2371	6317
2372	None
2373	4625
2374	None
2375	None
2376	None
2377	1887
2378	None
2379	5116
2380	None
2381	3178
2382	None
2383	None
2384	None
2385	None
2386	None
2387	None
2388	None
2389	None
2390	2911
2391	None
2392	7781
2393	None
2394	2893
2395	1004
2396	978
2397	2813
2398	5210
2399	None
2400	5481
2401	4033
2402	3472
2403	None
2404	4126
2405	None
2406	3401
2407	9588
2408	None
2409	2676
2410	5686
2411	None
2412	4973
2413	None
2414	6251
2415	None
2416	None
2417	5601
2418	None
2419	5883
2420	None
2421	3272
2422	None
2423	None
2424	None
2425	None
2426	None
2427	None
2428	None
2429	8857
2430	3435
2431	1150
2432	None
2433	2825
2434	None
2435	None
2436	None
2437	None
2438	3461
2439	None
2440	None
2441	1591
2442	None
2443	None
2444	5493
2445	None
2446	None
2447	None
2448	None
2449	None
2450	3501
2451	None
2452	4509
2453	3364
2454	None
2455	5946
2456	None
2457	5162
2458	1600
2459	None
2460	6114
2461	None
2462	3187
2463	None
2464	None
2465	None
2466	4163
2467	None
2468	3899
2469	None
2470	5357
2471	5166
2472	3130
2473	3555
2474	2744
2475	None
2476	None
2477	6393
2478	None
2479	4385
2480	None
2481	None
2482	2900
2483	None
2484	4145
2485	None
2486	None
2487	None
2488	None
2489	None
2490	None
2491	None
2492	7084
2493	None
2494	5605
2495	None
2496	4748
2497	None
2498	5281
2499	None
2500	None
2501	3413
2502	None
2503	None
2504	6171
2505	None
2506	4059
2507	None
2508	1995
2509	None
2510	None
2511	4947
2512	None
2513	None
2514	None
2515	3432
2516	3901
2517	None
2518	4793
2519	None
2520	None
2521	7440
2522	2746
2523	6079
2524	5240
2525	None
2526	6200
2527	None
2528	None
2529	6048
2530	6631
2531	7315
2532	None
2533	None
2534	5179
2535	None
2536	None
2537	7339
2538	6596
2539	1150
2540	4247
2541	None
2542	None
2543	4729
2544	3020
2545	None
2546	None
2547	None
2548	None
2549	6411
2550	None
2551	4478
2552	3420
2553	4492
2554	None
2555	None
2556	None
2557	None
2558	2844
2559	7732
2560	1258
2561	None
2562	None
2563	None
2564	None
2565	None
2566	4547
2567	None
2568	None
2569	None
2570	3539
2571	None
2572	6283
2573	None
2574	None
2575	None
2576	None
2577	None
2578	None
2579	3278
2580	7332
2581	1597
2582	1361
2583	None
2584	1116
2585	None
2586	1892
2587	None
2588	None
2589	None
2590	6652
2591	3702
2592	None
2593	None
2594	None
2595	None
2596	None
2597	None
2598	None
2599	5764
2600	None
2601	None
2602	None
2603	4565
2604	None
2605	None
2606	6760
2607	None
2608	3664
2609	None
2610	None
2611	None
2612	1287
2613	None
2614	None
2615	None
2616	None
2617	3232
2618	None
2619	1164
2620	1396
2621	None
2622	3621
2623	None
2624	6358
2625	None
2626	None
2627	None
2628	1281
2629	None
2630	1998
2631	None
2632	8049
2633	None
2634	None
2635	None
2636	7152
2637	None
2638	5417
2639	1143
2640	None
2641	5743
2642	None
2643	None
2644	None
2645	5251
2646	None
2647	None
2648	4545
2649	4783
2650	4173
2651	None
2652	5379
2653	None
2654	None
2655	4004
2656	None
2657	None
2658	None
2659	None
2660	4855
2661	2177
2662	None
2663	None
2664	None
2665	None
2666	None
2667	3260
2668	None
2669	None
2670	None
2671	None
2672	None
2673	None
2674	None
2675	4359
2676	None
2677	None
2678	None
2679	None
2680	3746
2681	None
2682	5973
2683	None
2684	3684
2685	None
2686	6475
2687	None
2688	None
2689	6996
2690	None
2691	4569
2692	None
2693	None
2694	None
2695	5494
2696	3833
2697	None
2698	4515
2699	5926
2700	None
2701	None
2702	None
2703	None
2704	7467
2705	6369
2706	5665
2707	6015
2708	4926
2709	None
2710	7235
2711	None
2712	None
2713	None
2714	None
2715	None
2716	None
2717	7066
2718	None
2719	4666
2720	5317
2721	None
2722	None
2723	4792
2724	5193
2725	4785
2726	None
2727	None
2728	None
2729	6190
2730	None
2731	3829
2732	None
2733	5848
2734	4413
2735	7452
2736	None
2737	5303
2738	None
2739	4565
2740	None
2741	1892
2742	None
2743	None
2744	5940
2745	None
2746	None
2747	None
2748	None
2749	4937
2750	None
2751	None
2752	4141
2753	None
2754	None
2755	None
2756	None
2757	2616
2758	None
2759	None
2760	4402
2761	3799
2762	None
2763	3878
2764	None
2765	None
2766	4123
2767	None
2768	None
2769	5756
2770	None
2771	None
2772	None
2773	5133
2774	None
2775	None
2776	4365
2777	6226
2778	None
2779	None
2780	1810
2781	5299
2782	None
2783	2526
2784	None
2785	5491
2786	3105
2787	6300
2788	None
2789	None
2790	4187
2791	None
2792	1667
2793	None
2794	4614
2795	4715
2796	4981
2797	None
2798	2809
2799	6630
2800	None
2801	None
2802	1380
2803	None
2804	None
2805	6196
2806	None
2807	None
2808	None
2809	None
2810	None
2811	None
2812	None
2813	3618
2814	3468
2815	None
2816	None
2817	None
2818	None
2819	None
2820	4075
2821	3862
2822	4263
2823	5516
2824	1745
2825	None
2826	None
2827	None
2828	None
2829	None
2830	4554
2831	5791
2832	4712
2833	None
2834	None
2835	None
2836	None
2837	7605
2838	None
2839	4179
2840	None
2841	6809
2842	4588
2843	7156
2844	7350
2845	None
2846	None
2847	4412
2848	None
2849	None
2850	None
2851	6297
2852	None
2853	None
2854	6953
2855	None
2856	None
2857	None
2858	None
2859	4356
2860	None
2861	None
2862	None
2863	None
2864	6760
2865	6974
2866	None
2867	None
2868	None
2869	None
2870	7923
2871	None
2872	None
2873	3957
2874	None
2875	8031
2876	None
2877	3100
2878	3136
2879	None
2880	None
2881	None
2882	None
2883	3528
2884	None
2885	None
2886	None
2887	None
2888	None
2889	None
2890	None
2891	1287
2892	4134
2893	7357
2894	None
2895	6315
2896	5427
2897	None
2898	None
2899	1862
2900	4839
2901	None
2902	None
2903	None
2904	None
2905	None
2906	None
2907	7613
2908	None
2909	None
2910	4087
2911	5229
2912	None
2913	None
2914	None
2915	None
2916	None
2917	8406
2918	None
2919	None
2920	5450
2921	None
2922	None
2923	2154
2924	None
2925	None
2926	8275
2927	None
2928	None
2929	5668
2930	None
2931	None
2932	7945
2933	None
2934	None
2935	None
2936	6687
2937	None
2938	None
2939	None
2940	None
2941	2589
2942	None
2943	7073
2944	4351
2945	None
2946	None
2947	6852
2948	5112
2949	None
2950	None
2951	None
2952	None
2953	5524
2954	None
2955	None
2956	6568
2957	None
2958	None
2959	6665
2960	6777
2961	None
2962	None
2963	1410
2964	None
2965	None
2966	5768
2967	None
2968	None
2969	7709
2970	4222
2971	None
2972	4665
2973	None
2974	None
2975	3803
2976	None
2977	5523
2978	None
2979	9227
2980	None
2981	7562
2982	None
2983	7121
2984	5370
2985	3464
2986	5450
2987	None
2988	8005
2989	None
2990	None
2991	1467
2992	None
2993	5446
2994	None
2995	None
2996	None
2997	None
2998	None
2999	4059
3000	None
3001	None
3002	None
3003	None
3004	None
3005	5669
3006	5602
3007	None
3008	None
3009	6391
3010	8297
3011	None
3012	None
3013	None
3014	7609
3015	3423
3016	8892
3017	None
3018	None
3019	3427
3020	None
3021	None
3022	None
3023	None
3024	None
3025	None
3026	None
3027	None
3028	4617
3029	None
3030	8180
3031	4305
3032	6902
3033	None
3034	None
3035	None
3036	None
3037	None
3038	None
3039	None
3040	6792
3041	None
3042	None
3043	None
3044	None
3045	5961
3046	None
3047	None
3048	None
3049	5631
3050	None
3051	4217
3052	None
3053	None
3054	5591
3055	None
3056	None
3057	4794
3058	6210
3059	None
3060	3765
3061	4981
3062	None
3063	6566
3064	None
3065	None
3066	None
3067	3909
3068	8727
3069	4761
3070	5464
3071	None
3072	None
3073	6201
3074	None
3075	6530
3076	None
3077	None
3078	8005
3079	None
3080	None
3081	1911
3082	None
3083	1846
3084	None
3085	5565
3086	None
3087	None
3088	None
3089	8112
3090	None
3091	None
3092	8338
3093	None
3094	7138
3095	None
3096	None
3097	None
3098	6970
3099	None
3100	5261
3101	7228
3102	4687
3103	None
3104	6506
3105	None
3106	None
3107	None
3108	None
3109	None
3110	None
3111	None
3112	9384
3113	None
3114	None
3115	None
3116	7104
3117	None
3118	6562
3119	None
3120	8186
3121	2222
3122	None
3123	None
3124	None
3125	None
3126	None
3127	None
3128	8510
3129	None
3130	None
3131	None
3132	None
3133	7446
3134	5970
3135	None
3136	None
3137	None
3138	None
3139	None
3140	5168
3141	None
3142	None
3143	None
3144	2188
3145	5099
3146	None
3147	None
3148	None
3149	2294
3150	5827
3151	6399
3152	None
3153	6036
3154	None
3155	5442
3156	4251
3157	None
3158	None
3159	5139
3160	6856
3161	None
3162	None
3163	None
3164	8473
3165	None
3166	6255
3167	None
3168	5222
3169	5576
3170	None
3171	4364
3172	None
3173	4357
3174	None
3175	None
3176	5743
3177	None
3178	3689
3179	9578
3180	5252
3181	None
3182	None
3183	None
3184	None
3185	None
3186	None
3187	None
3188	1585
3189	None
3190	None
3191	None
3192	None
3193	None
3194	6552
3195	None
3196	None
3197	None
3198	7120
3199	None
3200	None
3201	8264
3202	None
3203	1991
3204	None
3205	6562
3206	None
3207	5702
3208	4338
3209	None
3210	None
3211	None
3212	None
3213	4689
3214	5653
3215	None
3216	4553
3217	2804
3218	4574
3219	None
3220	5367
3221	8249
3222	4892
3223	None
3224	None
3225	7372
3226	None
3227	None
3228	8219
3229	None
3230	None
3231	6773
3232	8603
3233	None
3234	None
3235	4711
3236	None
3237	7881
3238	6019
3239	None
3240	6669
3241	5384
3242	None
3243	6745
3244	5951
3245	None
3246	None
3247	8952
3248	None
3249	None
3250	None
3251	None
3252	6640
3253	None
3254	None
3255	4203
3256	7071
3257	None
3258	None
3259	None
3260	None
3261	None
3262	2393
3263	5083
3264	1957
3265	None
3266	None
3267	None
3268	None
3269	None
3270	5137
3271	None
3272	4554
3273	None
3274	1871
3275	5093
3276	5757
3277	1967
3278	None
3279	None
3280	3901
3281	None
3282	None
3283	None
3284	8212
3285	4207
3286	None
3287	4791
3288	None
3289	6808
3290	None
3291	None
3292	5161
3293	None
3294	6265
3295	1711
3296	None
3297	5629
3298	None
3299	None
3300	None
3301	None
3302	3830
3303	None
3304	5851
3305	None
3306	None
3307	5848
3308	None
3309	None
3310	None
3311	None
3312	None
3313	None
3314	None
3315	2265
3316	None
3317	6657
3318	None
3319	None
3320	None
3321	7209
3322	None
3323	5924
3324	None
3325	6337
3326	7451
3327	6305
3328	6007
3329	None
3330	None
3331	None
3332	9169
3333	None
3334	5379
3335	None
3336	None
3337	None
3338	5168
3339	5240
3340	4819
3341	None
3342	6095
3343	None
3344	None
3345	7041
3346	None
3347	None
3348	None
3349	None
3350	None
3351	None
3352	5285
3353	None
3354	7129
3355	None
3356	None
3357	8485
3358	None
3359	5094
3360	8721
3361	None
3362	None
3363	None
3364	None
3365	6409
3366	None
3367	7985
3368	2045
3369	5052
3370	None
3371	7715
3372	None
3373	7155
3374	None
3375	9476
3376	None
3377	5746
3378	None
3379	6638
3380	None
3381	3171
3382	5517
3383	None
3384	None
3385	None
3386	7404
3387	7239
3388	5935
3389	None
3390	None
3391	None
3392	None
3393	None
3394	None
3395	6530
3396	None
3397	None
3398	None
3399	None
3400	7148
3401	4960
3402	None
3403	5128
3404	None
3405	8025
3406	None
3407	9073
3408	5736
3409	None
3410	7065
3411	4306
3412	None
3413	None
3414	None
3415	None
3416	None
3417	None
3418	None
3419	None
3420	7116
3421	None
3422	None
3423	None
3424	None
3425	None
3426	5234
3427	None
3428	None
3429	None
3430	None
3431	None
3432	None
3433	9133
3434	None
3435	None
3436	8969
3437	None
3438	None
3439	5359
3440	None
3441	9300
3442	None
3443	None
3444	6142
3445	5609
3446	None
3447	None
3448	None
3449	6944
3450	None
3451	5152
3452	None
3453	8283
3454	None
3455	None
3456	None
3457	1824
3458	9587
3459	7989
3460	None
3461	None
3462	None
3463	None
3464	None
3465	6230
3466	None
3467	None
3468	None
3469	1726
3470	None
3471	3882
3472	None
3473	None
3474	None
3475	9072
3476	None
3477	6096
3478	None
3479	None
3480	5453
3481	None
3482	1753
3483	None
3484	None
3485	None
3486	None
3487	None
3488	None
3489	3660
3490	None
3491	4942
3492	5506
3493	None
3494	None
3495	None
3496	None
3497	None
3498	None
3499	None
3500	3433
3501	None
3502	6188
3503	None
3504	9293
3505	10082
3506	None
3507	6588
3508	None
3509	None
3510	None
3511	None
3512	7645
3513	None
3514	5587
3515	6725
3516	None
3517	None
3518	None
3519	6836
3520	5788
3521	None
3522	6217
3523	9421
3524	None
3525	None
3526	6005
3527	None
3528	10474
3529	7081
3530	8685
3531	None
3532	None
3533	None
3534	8833
3535	None
3536	8501
3537	6793
3538	None
3539	None
3540	None
3541	None
3542	2927
3543	4838
3544	None
3545	None
3546	9206
3547	1952
3548	4910
3549	5827
3550	9992
3551	9782
3552	None
3553	6378
3554	None
3555	None
3556	6812
3557	6322
3558	5644
3559	None
3560	None
3561	None
3562	None
3563	6483
3564	None
3565	6559
3566	5461
3567	None
3568	2830
3569	None
3570	4573
3571	6528
3572	5080
3573	10785
3574	None
3575	6964
3576	7431
3577	6042
3578	10211
3579	None
3580	None
3581	2765
3582	None
3583	None
3584	None
3585	None
3586	None
3587	None
3588	4368
3589	None
3590	9315
3591	6019
3592	None
3593	None
3594	None
3595	None
3596	9260
3597	None
3598	None
3599	5640
3600	None
3601	None
3602	None
3603	8185
3604	None
3605	None
3606	2262
3607	None
3608	None
3609	None
3610	None
3611	4453
3612	None
3613	None
3614	None
3615	None
3616	None
3617	None
3618	None
3619	None
3620	None
3621	4509
3622	None
3623	None
3624	None
3625	None
3626	None
3627	None
3628	None
3629	3932
3630	None
3631	None
3632	None
3633	10105
3634	None
3635	9019
3636	6544
3637	7837
3638	6103
3639	None
3640	None
3641	5487
3642	6561
3643	None
3644	None
3645	None
3646	3091
3647	None
3648	None
3649	None
3650	None
3651	None
3652	None
3653	None
3654	9763
3655	None
3656	None
3657	None
3658	7384
3659	4247
3660	None
3661	None
3662	None
3663	None
3664	None
3665	None
3666	None
3667	None
3668	None
3669	None
3670	2616
3671	1957
3672	9243
3673	None
3674	3239
3675	7108
3676	None
3677	None
3678	None
3679	None
3680	None
3681	None
3682	None
3683	5919
3684	None
3685	8499
3686	None
3687	None
3688	None
3689	None
3690	None
3691	6494
3692	5981
3693	None
3694	None
3695	3119
3696	None
3697	None
3698	None
3699	None
3700	None
3701	None
3702	4308
3703	None
3704	None
3705	None
3706	None
3707	None
3708	None
3709	None
3710	None
3711	None
3712	None
3713	None
3714	None
3715	None
3716	None
3717	None
3718	None
3719	None
3720	None
3721	None
3722	None
3723	None
3724	None
3725	None
3726	None
3727	2171
3728	None
3729	None
3730	None
3731	None
3732	None
3733	6568
3734	5138
3735	None
3736	None
3737	None
3738	None
3739	7207
3740	None
3741	None
3742	None
3743	None
3744	None
3745	None
3746	None
3747	None
3748	None
3749	7940
3750	None
3751	None
3752	2354
3753	None
3754	1909
3755	None
3756	None
3757	None
3758	None
3759	None
3760	None
3761	None
3762	None
3763	None
3764	6403
3765	5923
3766	None
3767	None
3768	None
3769	6215
3770	8371
3771	None
3772	None
3773	None
3774	8155
3775	None
3776	None
3777	None
3778	None
3779	6474
3780	8874
3781	None
3782	None
3783	None
3784	None
3785	None
3786	7484
3787	3033
3788	None
3789	None
3790	None
3791	3048
3792	None
3793	None
3794	None
3795	None
3796	8201
3797	None
3798	None
3799	None
3800	None
3801	None
3802	None
3803	None
3804	None
3805	None
3806	None
3807	None
3808	None
3809	None
3810	None
3811	None
3812	None
3813	None
3814	None
3815	None
3816	None
3817	None
3818	8950
3819	7047
3820	None
3821	None
3822	8834
3823	None
3824	None
3825	None
3826	None
3827	None
3828	None
3829	2351
3830	None
3831	8202
3832	None
3833	None
3834	None
3835	None
3836	None
3837	None
3838	5278
3839	None
3840	None
3841	None
3842	None
3843	4193
3844	None
3845	None
3846	None
3847	7337
3848	9195
3849	2823
3850	None
3851	None
3852	3050
3853	None
3854	None
3855	None
3856	None
3857	8892
3858	9482
3859	6476
3860	None
3861	8606
3862	None
3863	6821
3864	6369
3865	5811
3866	None
3867	None
3868	None
3869	9683
3870	6462
3871	3672
3872	7231
3873	2045
3874	None
3875	None
3876	None
3877	7392
3878	None
3879	None
3880	None
3881	None
3882	3048
3883	None
3884	None
3885	None
3886	None
3887	None
3888	4521
3889	9132
3890	None
3891	2097
3892	1960
3893	5461
3894	None
3895	7685
3896	None
3897	9209
3898	None
3899	None
3900	None
3901	3423
3902	None
3903	None
3904	5951
3905	None
3906	None
3907	None
3908	None
3909	8844
3910	None
3911	8637
3912	None
3913	None
3914	6516
3915	None
3916	None
3917	5832
3918	9289
3919	9479
3920	9398
3921	None
3922	None
3923	None
3924	None
3925	None
3926	6346
3927	None
3928	None
3929	8438
3930	None
3931	8056
3932	6585
3933	4219
3934	None
3935	None
3936	6781
3937	None
3938	None
3939	2081
3940	None
3941	None
3942	None
3943	None
3944	3648
3945	10409
3946	None
3947	6686
3948	None
3949	None
3950	None
3951	None
3952	5841
3953	None
3954	None
3955	8915
3956	None
3957	6449
3958	6547
3959	None
3960	None
3961	None
3962	None
3963	None
3964	None
3965	None
3966	None
3967	None
3968	None
3969	None
3970	3908
3971	None
3972	None
3973	6336
3974	None
3975	None
3976	None
3977	None
3978	None
3979	None
3980	None
3981	6207
3982	2735
3983	None
3984	None
3985	None
3986	None
3987	9484
3988	None
3989	None
3990	None
3991	None
3992	None
3993	None
3994	None
3995	None
3996	None
3997	None
3998	None
3999	None
4000	None
4001	2623
4002	4174
4003	None
4004	None
4005	None
4006	None
4007	None
4008	None
4009	None
4010	None
4011	5178
4012	None
4013	None
4014	None
4015	None
4016	2614
4017	None
4018	None
4019	8581
4020	None
4021	None
4022	None
4023	1999
4024	None
4025	4519
4026	2377
4027	None
4028	None
4029	None
4030	3911
4031	None
4032	None
4033	None
4034	None
4035	4977
4036	None
4037	None
4038	None
4039	None
4040	None
4041	None
4042	None
4043	None
4044	None
4045	None
4046	None
4047	None
4048	None
4049	None
4050	None
4051	None
4052	None
4053	None
4054	None
4055	None
4056	None
4057	None
4058	None
4059	None
4060	None
4061	None
4062	None
4063	None
4064	None
4065	None
4066	None
4067	None
4068	None
4069	None
4070	None
4071	None
4072	None
4073	None
4074	None
4075	None
4076	None
4077	None
4078	None
4079	None
4080	None
4081	None
4082	None
4083	None
4084	None
4085	None
4086	7918
4087	None
4088	None
4089	None
4090	None
4091	None
4092	None
4093	None
4094	None
4095	None
4096	None
4097	None
4098	None
4099	None
4100	None
4101	None
4102	None
4103	None
4104	7624
4105	None
4106	None
4107	None
4108	None
4109	None
4110	None
4111	None
4112	None
4113	None
4114	2478
4115	None
4116	None
4117	None
4118	None
4119	None
4120	None
4121	None
4122	None
4123	None
4124	None
4125	None
4126	None
4127	None
4128	None
4129	None
4130	None
4131	None
4132	None
4133	5146
4134	None
4135	None
4136	None
4137	None
4138	None
4139	None
4140	None
4141	2509
4142	None
4143	None
4144	None
4145	None
4146	None
4147	None
4148	None
4149	None
4150	None
4151	3469
4152	None
4153	None
4154	None
4155	None
4156	None
4157	None
4158	3103
4159	None
4160	None
4161	None
4162	None
4163	None
4164	None
4165	None
4166	None
4167	None
4168	None
4169	None
4170	None
4171	None
4172	None
4173	None
4174	None
4175	None
4176	2180
4177	None
4178	None
4179	None
4180	None
4181	None
4182	None
4183	None
4184	None
4185	None
4186	None
4187	None
4188	None
4189	2177
4190	None
4191	None
4192	None
4193	None
4194	None
4195	None
4196	None
4197	None
4198	None
4199	8012
4200	None
4201	None
4202	5179
4203	None
4204	3882
4205	2224
4206	None
4207	None
4208	None
4209	None
4210	None
4211	None
4212	None
4213	5002
4214	None
4215	None
4216	None
4217	None
4218	None
4219	None
4220	None
4221	None
4222	5057
4223	None
4224	None
4225	None
4226	None
4227	None
4228	None
4229	None
4230	3087
4231	None
4232	None
4233	None
4234	None
4235	None
4236	None
4237	None
4238	3052
4239	None
4240	None
4241	None
4242	None
4243	None
4244	None
4245	None
4246	None
4247	None
4248	None
4249	None
4250	None
4251	None
4252	None
4253	None
4254	None
4255	None
4256	3949
4257	None
4258	None
4259	None
4260	None
4261	None
4262	None
4263	None
4264	None
4265	None
4266	None
4267	None
4268	None
4269	3395
4270	None
4271	None
4272	None
4273	None
4274	None
4275	None
4276	2582
4277	None
4278	None
4279	None
4280	None
4281	None
4282	None
4283	None
4284	None
4285	4735
4286	None
4287	None
4288	None
4289	None
4290	None
4291	None
4292	None
4293	None
4294	3251
4295	None
4296	None
4297	None
4298	2830
4299	None
4300	9492
4301	None
4302	None
4303	None
4304	None
4305	4242
4306	None
4307	None
4308	None
4309	None
4310	3066
4311	None
4312	None
4313	None
4314	None
4315	None
4316	None
4317	None
4318	None
4319	None
4320	2294
4321	None
4322	None
4323	None
4324	None
4325	None
4326	None
4327	None
4328	None
4329	None
4330	None
4331	3066
4332	None
4333	None
4334	None
4335	None
4336	6547
4337	None
4338	5211
4339	2252
4340	None
4341	None
4342	None
4343	None
4344	None
4345	None
4346	None
4347	None
4348	None
4349	None
4350	2927
4351	None
4352	None
4353	None
4354	None
4355	None
4356	None
4357	None
4358	None
4359	None
4360	None
4361	None
4362	None
4363	2425
4364	4012
4365	4542
4366	None
4367	None
4368	None
4369	9704
4370	None
4371	None
4372	None
4373	2982
4374	None
4375	None
4376	None
4377	None
4378	None
4379	None
4380	None
4381	None
4382	None
4383	None
4384	None
4385	None
4386	None
4387	None
4388	None
4389	None
4390	None
4391	None
4392	None
4393	None
4394	None
4395	None
4396	None
4397	None
4398	None
4399	None
4400	5376
4401	None
4402	None
4403	None
4404	None
4405	None
4406	None
4407	None
4408	None
4409	None
4410	None
4411	None
4412	None
4413	None
4414	None
4415	3509
4416	2480
4417	None
4418	None
4419	None
4420	None
4421	None
4422	None
4423	None
4424	None
4425	None
4426	None
4427	None
4428	None
4429	None
4430	None
4431	None
4432	None
4433	None
4434	None
4435	2349
4436	None
4437	None
4438	None
4439	None
4440	None
4441	None
4442	None
4443	None
4444	None
4445	None
4446	None
4447	None
4448	2393
4449	None
4450	None
4451	None
4452	None
4453	2637
4454	None
4455	4866
4456	None
4457	None
4458	None
4459	None
4460	None
4461	None
4462	None
4463	None
4464	None
4465	None
4466	None
4467	None
4468	None
4469	None
4470	None
4471	None
4472	None
4473	4066
4474	4121
4475	None
4476	None
4477	None
4478	None
4479	None
4480	None
4481	None
4482	None
4483	None
4484	None
4485	None
4486	None
4487	None
4488	None
4489	None
4490	None
4491	None
4492	None
4493	None
4494	None
4495	None
4496	None
4497	3830
4498	None
4499	None
4500	None
4501	None
4502	None
4503	3777
4504	None
4505	None
4506	None
4507	None
4508	None
4509	None
4510	None
4511	None
4512	None
4513	None
4514	None
4515	None
4516	None
4517	None
4518	None
4519	None
4520	None
4521	None
4522	None
4523	None
4524	None
4525	None
4526	None
4527	None
4528	None
4529	None
4530	None
4531	None
4532	2952
4533	None
4534	None
4535	None
4536	None
4537	None
4538	None
4539	None
4540	None
4541	None
4542	None
4543	None
4544	2695
4545	None
4546	None
4547	None
4548	None
4549	None
4550	None
4551	None
4552	None
4553	None
4554	None
4555	None
4556	None
4557	None
4558	None
4559	None
4560	None
4561	None
4562	8650
4563	2518
4564	4397
4565	None
4566	None
4567	None
4568	None
4569	5127
4570	None
4571	None
4572	5817
4573	None
4574	None
4575	None
4576	None
4577	None
4578	None
4579	None
4580	None
4581	None
4582	None
4583	None
4584	None
4585	None
4586	None
4587	None
4588	None
4589	None
4590	None
4591	None
4592	None
4593	None
4594	None
4595	None
4596	None
4597	5133
4598	None
4599	None
4600	None
4601	None
4602	None
4603	None
4604	None
4605	None
4606	None
4607	2980
4608	None
4609	None
4610	None
4611	None
4612	None
4613	None
4614	None
4615	None
4616	2741
4617	None
4618	None
4619	None
4620	None
4621	None
4622	4955
4623	None
4624	None
4625	None
4626	None
4627	None
4628	None
4629	None
4630	None
4631	None
4632	None
4633	None
4634	4878
4635	None
4636	None
4637	None
4638	5756
4639	None
4640	None
4641	None
4642	None
4643	None
4644	None
4645	None
4646	None
4647	None
4648	None
4649	None
4650	None
4651	3108
4652	None
4653	None
4654	None
4655	None
4656	None
4657	None
4658	None
4659	None
4660	None
4661	None
4662	None
4663	2542
4664	3578
4665	None
4666	None
4667	None
4668	None
4669	None
4670	None
4671	None
4672	None
4673	None
4674	None
4675	None
4676	None
4677	None
4678	5190
4679	None
4680	None
4681	3188
4682	None
4683	None
4684	3189
4685	None
4686	None
4687	None
4688	None
4689	None
4690	None
4691	None
4692	None
4693	None
4694	None
4695	None
4696	None
4697	None
4698	None
4699	3752
4700	None
4701	None
4702	None
4703	None
4704	None
4705	None
4706	None
4707	None
4708	None
4709	None
4710	None
4711	None
4712	None
4713	None
4714	None
4715	None
4716	4762
4717	None
4718	None
4719	None
4720	None
4721	None
4722	None
4723	None
4724	None
4725	None
4726	None
4727	None
4728	None
4729	2623
4730	None
4731	None
4732	None
4733	None
4734	None
4735	None
4736	None
4737	None
4738	None
4739	5015
4740	None
4741	None
4742	None
4743	None
4744	None
4745	None
4746	None
4747	None
4748	5558
4749	None
4750	None
4751	3585
4752	3108
4753	None
4754	None
4755	None
4756	None
4757	None
4758	None
4759	None
4760	None
4761	None
4762	None
4763	None
4764	None
4765	None
4766	3427
4767	None
4768	5739
4769	None
4770	None
4771	None
4772	None
4773	None
4774	3788
4775	None
4776	5558
4777	None
4778	None
4779	None
4780	None
4781	None
4782	None
4783	None
4784	None
4785	None
4786	None
4787	None
4788	5780
4789	None
4790	None
4791	None
4792	None
4793	3237
4794	None
4795	None
4796	None
4797	None
4798	None
4799	None
4800	None
4801	None
4802	None
4803	None
4804	None
4805	None
4806	None
4807	None
4808	None
4809	4397
4810	None
4811	None
4812	None
4813	None
4814	None
4815	None
4816	2819
4817	None
4818	None
4819	None
4820	6156
4821	None
4822	None
4823	None
4824	3475
4825	None
4826	None
4827	None
4828	None
4829	3391
4830	None
4831	3784
4832	None
4833	None
4834	None
4835	None
4836	None
4837	None
4838	None
4839	None
4840	None
4841	None
4842	None
4843	None
4844	None
4845	None
4846	2687
4847	None
4848	None
4849	None
4850	None
4851	None
4852	None
4853	None
4854	None
4855	None
4856	None
4857	None
4858	3032
4859	3660
4860	None
4861	None
4862	None
4863	None
4864	None
4865	None
4866	None
4867	None
4868	None
4869	3395
4870	None
4871	None
4872	None
4873	None
4874	None
4875	None
4876	None
4877	5623
4878	None
4879	8839
4880	None
4881	None
4882	3072
4883	None
4884	None
4885	None
4886	None
4887	None
4888	None
4889	6325
4890	None
4891	5864
4892	None
4893	None
4894	None
4895	None
4896	None
4897	None
4898	None
4899	None
4900	6582
4901	5780
4902	None
4903	2926
4904	None
4905	None
4906	None
4907	3396
4908	None
4909	None
4910	None
4911	3568
4912	2873
4913	None
4914	None
4915	2984
4916	None
4917	None
4918	None
4919	None
4920	None
4921	None
4922	None
4923	None
4924	None
4925	None
4926	None
4927	None
4928	None
4929	None
4930	None
4931	None
4932	None
4933	4441
4934	None
4935	3108
4936	3006
4937	None
4938	None
4939	None
4940	None
4941	None
4942	None
4943	None
4944	None
4945	4045
4946	3470
4947	None
4948	None
4949	None
4950	None
4951	None
4952	None
4953	5816
4954	3628
4955	None
4956	None
4957	7733
4958	4868
4959	None
4960	6263
4961	5909
4962	None
4963	6040
4964	5566
4965	3996
4966	None
4967	5645
4968	None
4969	None
4970	6125
4971	None
4972	6024
4973	3643
4974	5660
4975	4708
4976	None
4977	None
4978	None
4979	2913
4980	3830
4981	4610
4982	None
4983	None
4984	None
4985	3297
4986	5145
4987	5761
4988	None
4989	3163
4990	6373
4991	4568
4992	None
4993	None
4994	6104
4995	None
4996	None
4997	None
4998	6169
4999	None
5000	4121
5001	3452
5002	None
5003	5723
5004	6410
5005	6667
5006	4688
5007	3098
5008	None
5009	None
5010	6966
5011	None
5012	None
5013	None
5014	None
5015	None
5016	4121
5017	4641
5018	6866
5019	3386
5020	3281
5021	3268
5022	None
5023	4083
5024	3423
5025	3911
5026	None
5027	None
5028	None
5029	None
5030	4816
5031	None
5032	None
5033	None
5034	None
5035	6127
5036	None
5037	5080
5038	3510
5039	None
5040	3171
5041	9378
5042	None
5043	3913
5044	None
5045	None
5046	3283
5047	None
5048	3297
5049	5723
5050	6869
5051	3394
5052	None
5053	3466
5054	6545
5055	None
5056	None
5057	5211
5058	6518
5059	None
5060	4545
5061	None
5062	None
5063	6326
5064	5425
5065	None
5066	5378
5067	3424
5068	3993
5069	4484
5070	3538
5071	5556
5072	None
5073	4735
5074	None
5075	None
5076	5062
5077	4919
5078	4838
5079	None
5080	3325
5081	None
5082	None
5083	5959
5084	3985
5085	5015
5086	None
5087	None
5088	7034
5089	4535
5090	5304
5091	6430
5092	None
5093	3714
5094	4427
5095	None
5096	4415
5097	None
5098	6295
5099	None
5100	5702
5101	None
5102	3660
5103	None
5104	None
5105	7454
5106	4708
5107	5238
5108	4883
5109	None
5110	5591
5111	8361
5112	None
5113	3997
5114	None
5115	3455
5116	7062
5117	5145
5118	9540
5119	4264
5120	3503
5121	None
5122	None
5123	3798
5124	3699
5125	7145
5126	3831
5127	3554
5128	None
5129	7034
5130	3723
5131	None
5132	6185
5133	5842
5134	6524
5135	None
5136	4242
5137	10049
5138	5308
5139	4568
5140	7510
5141	7323
5142	7149
5143	None
5144	5947
5145	None
5146	4815
5147	None
5148	5623
5149	3880
5150	3705
5151	None
5152	None
5153	None
5154	4288
5155	None
5156	4422
5157	None
5158	3954
5159	3743
5160	None
5161	4071
5162	None
5163	8292
5164	4975
5165	7849
5166	None
5167	None
5168	None
5169	None
5170	6682
5171	3859
5172	None
5173	None
5174	4467
5175	4654
5176	None
5177	None
5178	8739
5179	4795
5180	8982
5181	6091
5182	7016
5183	6495
5184	4340
5185	4739
5186	4815
5187	None
5188	4949
5189	7430
5190	5649
5191	4512
5192	None
5193	5524
5194	5783
5195	4005
5196	None
5197	9486
5198	7429
5199	None
5200	6157
5201	None
5202	6053
5203	4185
5204	None
5205	3875
5206	6107
5207	None
5208	7146
5209	6918
5210	3894
5211	4201
5212	None
5213	4016
5214	7647
5215	None
5216	4048
5217	7236
5218	5566
5219	None
5220	5262
5221	7738
5222	None
5223	6759
5224	None
5225	4930
5226	None
5227	7128
5228	None
5229	7612
5230	None
5231	6847
5232	None
5233	4018
5234	None
5235	None
5236	None
5237	5890
5238	6041
5239	4397
5240	None
5241	4918
5242	5960
5243	8253
5244	None
5245	None
5246	None
5247	5895
5248	None
5249	7537
5250	8025
5251	8241
5252	4534
5253	6247
5254	None
5255	4174
5256	None
5257	4406
5258	4018
5259	None
5260	7367
5261	None
5262	7259
5263	4561
5264	None
5265	4156
5266	6982
5267	None
5268	5734
5269	None
5270	None
5271	8463
5272	4107
5273	None
5274	None
5275	4301
5276	None
5277	7930
5278	7872
5279	4690
5280	5455
5281	5514
5282	None
5283	4185
5284	7771
5285	6073
5286	5517
5287	8503
5288	None
5289	6042
5290	8057
5291	6161
5292	4633
5293	None
5294	None
5295	5196
5296	None
5297	None
5298	8313
5299	7035
5300	None
5301	None
5302	4326
5303	4843
5304	None
5305	None
5306	5627
5307	None
5308	None
5309	4911
5310	None
5311	4642
5312	6290
5313	5656
5314	None
5315	6620
5316	None
5317	None
5318	None
5319	9468
5320	None
5321	None
5322	None
5323	None
5324	None
5325	None
5326	7100
5327	4765
5328	8403
5329	4843
5330	None
5331	None
5332	6146
5333	None
5334	6282
5335	None
5336	None
5337	None
5338	None
5339	None
5340	7902
5341	None
5342	7179
5343	4786
5344	None
5345	None
5346	5542
5347	7727
5348	6042
5349	7925
5350	None
5351	4542
5352	None
5353	None
5354	None
5355	4424
5356	4773
5357	None
5358	7062
5359	None
5360	None
5361	4919
5362	None
5363	None
5364	6872
5365	None
5366	None
5367	6069
5368	None
5369	7978
5370	7567
5371	4633
5372	None
5373	None
5374	None
5375	None
5376	None
5377	5368
5378	7967
5379	4834
5380	6235
5381	7435
5382	7735
5383	7112
5384	None
5385	None
5386	7785
5387	None
5388	6423
5389	4663
5390	None
5391	None
5392	None
5393	None
5394	5674
5395	7325
5396	7147
5397	None
5398	8579
5399	5558
5400	6683
5401	None
5402	None
5403	None
5404	7757
5405	4650
5406	None
5407	None
5408	None
5409	8043
5410	None
5411	None
5412	8807
5413	None
5414	4707
5415	None
5416	None
5417	None
5418	None
5419	None
5420	8858
5421	7168
5422	5928
5423	None
5424	None
5425	None
5426	None
5427	None
5428	7902
5429	None
5430	None
5431	4837
5432	6332
5433	5350
5434	None
5435	4939
5436	None
5437	5080
5438	None
5439	None
5440	None
5441	8940
5442	None
5443	None
5444	6199
5445	8807
5446	None
5447	5560
5448	7124
5449	5566
5450	None
5451	None
5452	4834
5453	None
5454	7638
5455	4708
5456	None
5457	None
5458	None
5459	None
5460	6109
5461	None
5462	None
5463	None
5464	None
5465	None
5466	9492
5467	8370
5468	7832
5469	5943
5470	None
5471	None
5472	7790
5473	7042
5474	None
5475	None
5476	None
5477	7352
5478	None
5479	7292
5480	None
5481	None
5482	None
5483	5379
5484	None
5485	None
5486	None
5487	5121
5488	None
5489	7379
5490	5542
5491	9181
5492	None
5493	4844
5494	None
5495	6682
5496	None
5497	None
5498	None
5499	None
5500	7377
5501	8793
5502	None
5503	None
5504	None
5505	None
5506	4941
5507	None
5508	None
5509	None
5510	None
5511	None
5512	None
5513	7262
5514	5627
5515	None
5516	None
5517	9614
5518	None
5519	5974
5520	None
5521	7901
5522	9683
5523	7559
5524	None
5525	8332
5526	9584
5527	6731
5528	None
5529	None
5530	None
5531	None
5532	None
5533	None
5534	9516
5535	None
5536	None
5537	None
5538	4949
5539	5871
5540	None
5541	5679
5542	6411
5543	6766
5544	7042
5545	8705
5546	8396
5547	4980
5548	None
5549	None
5550	None
5551	None
5552	None
5553	8430
5554	5359
5555	None
5556	7698
5557	None
5558	None
5559	None
5560	8111
5561	None
5562	None
5563	None
5564	None
5565	None
5566	8507
5567	None
5568	None
5569	7294
5570	None
5571	6134
5572	None
5573	6280
5574	None
5575	7978
5576	None
5577	7217
5578	None
5579	5438
5580	None
5581	None
5582	None
5583	None
5584	6230
5585	6710
5586	None
5587	None
5588	7042
5589	None
5590	None
5591	None
5592	7571
5593	None
5594	8818
5595	None
5596	None
5597	8845
5598	None
5599	7959
5600	6230
5601	None
5602	9079
5603	None
5604	9593
5605	None
5606	None
5607	None
5608	7471
5609	None
5610	7088
5611	9649
5612	None
5613	None
5614	None
5615	None
5616	None
5617	None
5618	5656
5619	5436
5620	None
5621	None
5622	None
5623	None
5624	None
5625	None
5626	None
5627	7598
5628	6024
5629	None
5630	9663
5631	None
5632	None
5633	5276
5634	8568
5635	None
5636	None
5637	5378
5638	None
5639	7345
5640	8802
5641	None
5642	None
5643	None
5644	None
5645	None
5646	5500
5647	None
5648	None
5649	8229
5650	7714
5651	5305
5652	5305
5653	None
5654	7442
5655	None
5656	6340
5657	None
5658	None
5659	6859
5660	10004
5661	None
5662	None
5663	10174
5664	None
5665	None
5666	None
5667	None
5668	None
5669	None
5670	None
5671	None
5672	10249
5673	None
5674	5535
5675	8173
5676	9663
5677	None
5678	9274
5679	None
5680	6250
5681	5765
5682	None
5683	None
5684	None
5685	None
5686	None
5687	None
5688	None
5689	7497
5690	None
5691	None
5692	None
5693	None
5694	None
5695	None
5696	None
5697	None
5698	None
5699	None
5700	None
5701	None
5702	None
5703	None
5704	None
5705	None
5706	None
5707	None
5708	None
5709	None
5710	None
5711	None
5712	None
5713	None
5714	None
5715	None
5716	None
5717	None
5718	None
5719	None
5720	None
5721	None
5722	None
5723	None
5724	None
5725	None
5726	None
5727	None
5728	None
5729	None
5730	None
5731	None
5732	None
5733	None
5734	None
5735	None
5736	None
5737	None
5738	None
5739	None
5740	None
5741	None
5742	None
5743	None
5744	None
5745	None
5746	None
5747	None
5748	None
5749	None
5750	None
5751	None
5752	None
5753	None
5754	None
5755	None
5756	None
5757	None
5758	None
5759	None
5760	None
5761	None
5762	None
5763	None
5764	None
5765	None
5766	None
5767	None
5768	None
5769	None
5770	None
5771	None
5772	None
5773	None
5774	None
5775	None
5776	None
5777	None
5778	None
5779	None
5780	None
5781	None
5782	None
5783	None
5784	None
5785	None
5786	None
5787	None
5788	None
5789	None
5790	None
5791	None
5792	None
5793	None
5794	None
5795	None
5796	None
5797	None
5798	None
5799	None
5800	None
5801	None
5802	None
5803	None
5804	None
5805	None
5806	None
5807	None
5808	None
5809	None
5810	None
5811	None
5812	None
5813	None
5814	None
5815	None
5816	None
5817	None
5818	None
5819	None
5820	None
5821	None
5822	None
5823	None
5824	None
5825	None
5826	None
5827	None
5828	None
5829	None
5830	None
5831	None
5832	None
5833	None
5834	None
5835	None
5836	None
5837	None
5838	None
5839	None
5840	None
5841	None
5842	None
5843	None
5844	None
5845	None
5846	None
5847	None
5848	None
5849	None
5850	None
5851	None
5852	None
5853	None
5854	None
5855	None
5856	None
5857	None
5858	None
5859	None
5860	None
5861	None
5862	None
5863	None
5864	None
5865	None
5866	None
5867	None
5868	None
5869	None
5870	None
5871	None
5872	None
5873	None
5874	None
5875	None
5876	None
5877	None
5878	None
5879	None
5880	None
5881	None
5882	None
5883	None
5884	None
5885	None
5886	None
5887	None
5888	None
5889	None
5890	None
5891	None
5892	None
5893	None
5894	None
5895	None
5896	None
5897	None
5898	None
5899	None
5900	None
5901	None
5902	None
5903	None
5904	None
5905	None
5906	None
5907	None
5908	None
5909	None
5910	None
5911	None
5912	None
5913	None
5914	None
5915	None
5916	None
5917	None
5918	None
5919	None
5920	None
5921	None
5922	None
5923	None
5924	None
5925	None
5926	None
5927	None
5928	None
5929	None
5930	None
5931	None
5932	None
5933	None
5934	None
5935	None
5936	None
5937	None
5938	None
5939	None
5940	None
5941	None
5942	None
5943	None
5944	None
5945	None
5946	None
5947	None
5948	None
5949	None
5950	None
5951	None
5952	None
5953	None
5954	None
5955	None
5956	None
5957	None
5958	None
5959	None
5960	None
5961	None
5962	None
5963	None
5964	None
5965	None
5966	None
5967	None
5968	None
5969	None
5970	None
5971	None
5972	None
5973	None
5974	None
5975	None
5976	None
5977	None
5978	None
5979	None
5980	None
5981	None
5982	None
5983	None
5984	None
5985	None
5986	None
5987	None
5988	None
5989	None
5990	None
5991	None
5992	None
5993	None
5994	None
5995	None
5996	None
5997	None
5998	None
5999	None
6000	None
6001	None
6002	None
6003	None
6004	None
6005	None
6006	None
6007	None
6008	None
6009	None
6010	None
6011	None
6012	None
6013	None
6014	None
6015	None
6016	None
6017	None
6018	None
6019	None
6020	None
6021	None
6022	None
6023	None
6024	None
6025	None
6026	None
6027	None
6028	None
6029	None
6030	None
6031	None
6032	None
6033	None
6034	None
6035	None
6036	None
6037	None
6038	None
6039	None
6040	None
6041	None
6042	None
6043	None
6044	None
6045	None
6046	None
6047	None
6048	None
6049	None
6050	None
6051	None
6052	None
6053	None
6054	None
6055	None
6056	None
6057	None
6058	None
6059	None
6060	None
6061	None
6062	None
6063	None
6064	None
6065	None
6066	None
6067	None
6068	None
6069	None
6070	None
6071	None
6072	None
6073	None
6074	None
6075	None
6076	None
6077	None
6078	None
6079	None
6080	None
6081	None
6082	None
6083	None
6084	None
6085	None
6086	None
6087	None
6088	None
6089	None
6090	None
6091	None
6092	None
6093	None
6094	None
6095	None
6096	None
6097	None
6098	None
6099	None
6100	None
6101	None
6102	None
6103	None
6104	None
6105	None
6106	None
6107	None
6108	None
6109	None
6110	None
6111	None
6112	None
6113	None
6114	None
6115	None
6116	None
6117	None
6118	None
6119	None
6120	None
6121	None
6122	None
6123	None
6124	None
6125	None
6126	None
6127	None
6128	None
6129	None
6130	None
6131	None
6132	None
6133	None
6134	None
6135	None
6136	None
6137	None
6138	None
6139	None
6140	None
6141	None
6142	None
6143	None
6144	None
6145	None
6146	None
6147	None
6148	None
6149	None
6150	None
6151	None
6152	None
6153	None
6154	None
6155	None
6156	None
6157	None
6158	None
6159	None
6160	None
6161	None
6162	None
6163	None
6164	None
6165	None
6166	None
6167	None
6168	None
6169	None
6170	None
6171	None
6172	None
6173	None
6174	None
6175	None
6176	None
6177	None
6178	None
6179	None
6180	None
6181	None
6182	None
6183	None
6184	None
6185	None
6186	None
6187	None
6188	None
6189	None
6190	None
6191	None
6192	None
6193	None
6194	None
6195	None
6196	None
6197	None
6198	None
6199	None
6200	None
6201	None
6202	None
6203	None
6204	None
6205	None
6206	None
6207	None
6208	None
6209	None
6210	None
6211	None
6212	None
6213	None
6214	None
6215	None
6216	None
6217	None
6218	None
6219	None
6220	None
6221	None
6222	None
6223	None
6224	None
6225	None
6226	None
6227	None
6228	None
6229	None
6230	None
6231	None
6232	None
6233	None
6234	None
6235	None
6236	None
6237	None
6238	None
6239	None
6240	None
6241	None
6242	None
6243	None
6244	None
6245	None
6246	None
6247	None
6248	None
6249	None
6250	None
6251	None
6252	None
6253	None
6254	None
6255	None
6256	None
6257	None
6258	None
6259	None
6260	None
6261	None
6262	None
6263	None
6264	None
6265	None
6266	None
6267	None
6268	None
6269	None
6270	None
6271	None
6272	None
6273	None
6274	None
6275	None
6276	None
6277	None
6278	None
6279	None
6280	None
6281	None
6282	None
6283	None
6284	None
6285	None
6286	None
6287	None
6288	None
6289	None
6290	None
6291	None
6292	None
6293	None
6294	None
6295	None
6296	None
6297	None
6298	None
6299	None
6300	None
6301	None
6302	None
6303	None
6304	None
6305	None
6306	None
6307	None
6308	None
6309	None
6310	None
6311	None
6312	None
6313	None
6314	None
6315	None
6316	None
6317	None
6318	None
6319	None
6320	None
6321	None
6322	None
6323	None
6324	None
6325	None
6326	None
6327	None
6328	None
6329	None
6330	None
6331	None
6332	None
6333	None
6334	None
6335	None
6336	None
6337	None
6338	None
6339	None
6340	None
6341	None
6342	None
6343	None
6344	None
6345	None
6346	None
6347	None
6348	None
6349	None
6350	None
6351	None
6352	None
6353	None
6354	None
6355	None
6356	None
6357	None
6358	None
6359	None
6360	None
6361	None
6362	None
6363	None
6364	None
6365	None
6366	None
6367	None
6368	None
6369	None
6370	None
6371	None
6372	None
6373	None
6374	None
6375	None
6376	None
6377	None
6378	None
6379	None
6380	None
6381	None
6382	None
6383	None
6384	None
6385	None
6386	None
6387	None
6388	None
6389	None
6390	None
6391	None
6392	None
6393	None
6394	None
6395	None
6396	None
6397	None
6398	None
6399	None
6400	None
6401	None
6402	None
6403	None
6404	None
6405	None
6406	None
6407	None
6408	None
6409	None
6410	None
6411	None
6412	None
6413	None
6414	None
6415	None
6416	None
6417	None
6418	None
6419	None
6420	None
6421	None
6422	None
6423	None
6424	None
6425	None
6426	None
6427	None
6428	None
6429	None
6430	None
6431	None
6432	None
6433	None
6434	None
6435	None
6436	None
6437	None
6438	None
6439	None
6440	None
6441	None
6442	None
6443	None
6444	None
6445	None
6446	None
6447	None
6448	None
6449	None
6450	None
6451	None
6452	None
6453	None
6454	None
6455	None
6456	None
6457	None
6458	None
6459	None
6460	None
6461	None
6462	None
6463	None
6464	None
6465	None
6466	None
6467	None
6468	None
6469	None
6470	None
6471	None
6472	None
6473	None
6474	None
6475	None
6476	None
6477	None
6478	None
6479	None
6480	None
6481	None
6482	None
6483	None
6484	None
6485	None
6486	None
6487	None
6488	None
6489	None
6490	None
6491	None
6492	None
6493	None
6494	None
6495	None
6496	None
6497	None
6498	None
6499	None
6500	None
6501	None
6502	None
6503	None
6504	None
6505	None
6506	None
6507	None
6508	None
6509	None
6510	None
6511	None
6512	None
6513	None
6514	None
6515	None
6516	None
6517	None
6518	None
6519	None
6520	None
6521	None
6522	None
6523	None
6524	None
6525	None
6526	None
6527	None
6528	None
6529	None
6530	None
6531	None
6532	None
6533	None
6534	None
6535	None
6536	None
6537	None
6538	None
6539	None
6540	None
6541	None
6542	None
6543	None
6544	None
6545	None
6546	None
6547	None
6548	None
6549	None
6550	None
6551	None
6552	None
6553	None
6554	None
6555	None
6556	None
6557	None
6558	None
6559	None
6560	None
6561	None
6562	None
6563	None
6564	None
6565	None
6566	None
6567	None
6568	None
6569	None
6570	None
6571	None
6572	None
6573	None
6574	None
6575	None
6576	None
6577	None
6578	None
6579	None
6580	None
6581	None
6582	None
6583	None
6584	None
6585	None
6586	None
6587	None
6588	None
6589	None
6590	None
6591	None
6592	None
6593	None
6594	None
6595	None
6596	None
6597	None
6598	None
6599	None
6600	None
6601	None
6602	None
6603	None
6604	None
6605	None
6606	None
6607	None
6608	None
6609	None
6610	None
6611	None
6612	None
6613	None
6614	None
6615	None
6616	None
6617	None
6618	None
6619	None
6620	None
6621	None
6622	None
6623	None
6624	None
6625	None
6626	None
6627	None
6628	None
6629	None
6630	None
6631	None
6632	None
6633	None
6634	None
6635	None
6636	None
6637	None
6638	None
6639	None
6640	None
6641	None
6642	None
6643	None
6644	None
6645	None
6646	None
6647	None
6648	None
6649	None
6650	None
6651	None
6652	None
6653	None
6654	None
6655	None
6656	None
6657	None
6658	None
6659	None
6660	None
6661	None
6662	None
6663	None
6664	None
6665	None
6666	None
6667	None
6668	None
6669	None
6670	None
6671	None
6672	None
6673	None
6674	None
6675	None
6676	None
6677	None
6678	None
6679	None
6680	None
6681	None
6682	None
6683	None
6684	None
6685	None
6686	None
6687	None
6688	None
6689	None
6690	None
6691	None
6692	None
6693	None
6694	None
6695	None
6696	None
6697	None
6698	None
6699	None
6700	None
6701	None
6702	None
6703	None
6704	None
6705	None
6706	None
6707	None
6708	None
6709	None
6710	None
6711	None
6712	None
6713	None
6714	None
6715	None
6716	None
6717	None
6718	None
6719	None
6720	None
6721	None
6722	None
6723	None
6724	None
6725	None
6726	None
6727	None
6728	None
6729	None
6730	None
6731	None
6732	None
6733	None
6734	None
6735	None
6736	None
6737	None
6738	None
6739	None
6740	None
6741	None
6742	None
6743	None
6744	None
6745	None
6746	None
6747	None
6748	None
6749	None
6750	None
6751	None
6752	None
6753	None
6754	None
6755	None
6756	None
6757	None
6758	None
6759	None
6760	None
6761	None
6762	None
6763	None
6764	None
6765	None
6766	None
6767	None
6768	None
6769	None
6770	None
6771	None
6772	None
6773	None
6774	None
6775	None
6776	None
6777	None
6778	None
6779	None
6780	None
6781	None
6782	None
6783	None
6784	None
6785	None
6786	None
6787	None
6788	None
6789	None
6790	None
6791	None
6792	None
6793	None
6794	None
6795	None
6796	None
6797	None
6798	None
6799	None
6800	None
6801	None
6802	None
6803	None
6804	None
6805	None
6806	None
6807	None
6808	None
6809	None
6810	None
6811	None
6812	None
6813	None
6814	None
6815	None
6816	None
6817	None
6818	None
6819	None
6820	None
6821	None
6822	None
6823	None
6824	None
6825	None
6826	None
6827	None
6828	None
6829	None
6830	None
6831	None
6832	None
6833	None
6834	None
6835	None
6836	None
6837	None
6838	None
6839	None
6840	None
6841	None
6842	None
6843	None
6844	None
6845	None
6846	None
6847	None
6848	None
6849	None
6850	None
6851	None
6852	None
6853	None
6854	None
6855	None
6856	None
6857	None
6858	None
6859	None
6860	None
6861	None
6862	None
6863	None
6864	None
6865	None
6866	None
6867	None
6868	None
6869	None
6870	None
6871	None
6872	None
6873	None
6874	None
6875	None
6876	None
6877	None
6878	None
6879	None
6880	None
6881	None
6882	None
6883	None
6884	None
6885	None
6886	None
6887	None
6888	None
6889	None
6890	None
6891	None
6892	None
6893	None
6894	None
6895	None
6896	None
6897	None
6898	None
6899	None
6900	None
6901	None
6902	None
6903	None
6904	None
6905	None
6906	None
6907	None
6908	None
6909	None
6910	None
6911	None
6912	None
6913	None
6914	None
6915	None
6916	None
6917	None
6918	None
6919	None
6920	None
6921	None
6922	None
6923	None
6924	None
6925	None
6926	None
6927	None
6928	None
6929	None
6930	None
6931	None
6932	None
6933	None
6934	None
6935	None
6936	None
6937	None
6938	None
6939	None
6940	None
6941	None
6942	None
6943	None
6944	None
6945	None
6946	None
6947	None
6948	None
6949	None
6950	None
6951	None
6952	None
6953	None
6954	None
6955	None
6956	None
6957	None
6958	None
6959	None
6960	None
6961	None
6962	None
6963	None
6964	None
6965	None
6966	None
6967	None
6968	None
6969	None
6970	None
6971	None
6972	None
6973	None
6974	None
6975	None
6976	None
6977	None
6978	None
6979	None
6980	None
6981	None
6982	None
6983	None
6984	None
6985	None
6986	None
6987	None
6988	None
6989	None
6990	None
6991	None
6992	None
6993	None
6994	None
6995	None
6996	None
6997	None
6998	None
6999	None
7000	None
7001	None
7002	None
7003	None
7004	None
7005	None
7006	None
7007	None
7008	None
7009	None
7010	None
7011	None
7012	None
7013	None
7014	None
7015	None
7016	None
7017	None
7018	None
7019	None
7020	None
7021	None
7022	None
7023	None
7024	None
7025	None
7026	None
7027	None
7028	None
7029	None
7030	None
7031	None
7032	None
7033	None
7034	None
7035	None
7036	None
7037	None
7038	None
7039	None
7040	None
7041	None
7042	None
7043	None
7044	None
7045	None
7046	None
7047	None
7048	None
7049	None
7050	None
7051	None
7052	None
7053	None
7054	None
7055	None
7056	None
7057	None
7058	None
7059	None
7060	None
7061	None
7062	None
7063	None
7064	None
7065	None
7066	None
7067	None
7068	None
7069	None
7070	None
7071	None
7072	None
7073	None
7074	None
7075	None
7076	None
7077	None
7078	None
7079	None
7080	None
7081	None
7082	None
7083	None
7084	None
7085	None
7086	None
7087	None
7088	None
7089	None
7090	None
7091	None
7092	None
7093	None
7094	None
7095	None
7096	None
7097	None
7098	None
7099	None
7100	None
7101	None
7102	None
7103	None
7104	None
7105	None
7106	None
7107	None
7108	None
7109	None
7110	None
7111	None
7112	None
7113	None
7114	None
7115	None
7116	None
7117	None
7118	None
7119	None
7120	None
7121	None
7122	None
7123	None
7124	None
7125	None
7126	None
7127	None
7128	None
7129	None
7130	None
7131	None
7132	None
7133	None
7134	None
7135	None
7136	None
7137	None
7138	None
7139	None
7140	None
7141	None
7142	None
7143	None
7144	None
7145	None
7146	None
7147	None
7148	None
7149	None
7150	None
7151	None
7152	None
7153	None
7154	None
7155	None
7156	None
7157	None
7158	None
7159	None
7160	None
7161	None
7162	None
7163	None
7164	None
7165	None
7166	None
7167	None
7168	None
7169	None
7170	None
7171	None
7172	None
7173	None
7174	None
7175	None
7176	None
7177	None
7178	None
7179	None
7180	None
7181	None
7182	None
7183	None
7184	None
7185	None
7186	None
7187	None
7188	None
7189	None
7190	None
7191	None
7192	None
7193	None
7194	None
7195	None
7196	None
7197	None
7198	None
7199	None
7200	None
7201	None
7202	None
7203	None
7204	None
7205	None
7206	None
7207	None
7208	None
7209	None
7210	None
7211	None
7212	None
7213	None
7214	None
7215	None
7216	None
7217	None
7218	None
7219	None
7220	None
7221	None
7222	None
7223	None
7224	None
7225	None
7226	None
7227	None
7228	None
7229	None
7230	None
7231	None
7232	None
7233	None
7234	None
7235	None
7236	None
7237	None
7238	None
7239	None
7240	None
7241	None
7242	None
7243	None
7244	None
7245	None
7246	None
7247	None
7248	None
7249	None
7250	None
7251	None
7252	None
7253	None
7254	None
7255	None
7256	None
7257	None
7258	None
7259	None
7260	None
7261	None
7262	None
7263	None
7264	None
7265	None
7266	None
7267	None
7268	None
7269	None
7270	None
7271	None
7272	None
7273	None
7274	None
7275	None
7276	None
7277	None
7278	None
7279	None
7280	None
7281	None
7282	None
7283	None
7284	None
7285	None
7286	None
7287	None
7288	None
7289	None
7290	None
7291	None
7292	None
7293	None
7294	None
7295	None
7296	None
7297	None
7298	None
7299	None
7300	None
7301	None
7302	None
7303	None
7304	None
7305	None
7306	None
7307	None
7308	None
7309	None
7310	None
7311	None
7312	None
7313	None
7314	None
7315	None
7316	None
7317	None
7318	None
7319	None
7320	None
7321	None
7322	None
7323	None
7324	None
7325	None
7326	None
7327	None
7328	None
7329	None
7330	None
7331	None
7332	None
7333	None
7334	None
7335	None
7336	None
7337	None
7338	None
7339	None
7340	None
7341	None
7342	None
7343	None
7344	None
7345	None
7346	None
7347	None
7348	None
7349	None
7350	None
7351	None
7352	None
7353	None
7354	None
7355	None
7356	None
7357	None
7358	None
7359	None
7360	None
7361	None
7362	None
7363	None
7364	None
7365	None
7366	None
7367	None
7368	None
7369	None
7370	None
7371	None
7372	None
7373	None
7374	None
7375	None
7376	None
7377	None
7378	None
7379	None
7380	None
7381	None
7382	None
7383	None
7384	None
7385	None
7386	None
7387	None
7388	None
7389	None
7390	None
7391	None
7392	None
7393	None
7394	None
7395	None
7396	None
7397	None
7398	None
7399	None
7400	None
7401	None
7402	None
7403	None
7404	None
7405	None
7406	None
7407	None
7408	None
7409	None
7410	None
7411	None
7412	None
7413	None
7414	None
7415	None
7416	None
7417	None
7418	None
7419	None
7420	None
7421	None
7422	None
7423	None
7424	None
7425	None
7426	None
7427	None
7428	None
7429	None
7430	None
7431	None
7432	None
7433	None
7434	None
7435	None
7436	None
7437	None
7438	None
7439	None
7440	None
7441	None
7442	None
7443	None
7444	None
7445	None
7446	None
7447	None
7448	None
7449	None
7450	None
7451	None
7452	None
7453	None
7454	None
7455	None
7456	None
7457	None
7458	None
7459	None
7460	None
7461	None
7462	None
7463	None
7464	None
7465	None
7466	None
7467	None
7468	None
7469	None
7470	None
7471	None
7472	None
7473	None
7474	None
7475	None
7476	None
7477	None
7478	None
7479	None
7480	None
7481	None
7482	None
7483	None
7484	None
7485	None
7486	None
7487	None
7488	None
7489	None
7490	None
7491	None
7492	None
7493	None
7494	None
7495	None
7496	None
7497	None
7498	None
7499	None
7500	None
7501	None
7502	None
7503	None
7504	None
7505	None
7506	None
7507	None
7508	None
7509	None
7510	None
7511	None
7512	None
7513	None
7514	None
7515	None
7516	None
7517	None
7518	None
7519	None
7520	None
7521	None
7522	None
7523	None
7524	None
7525	None
7526	None
7527	None
7528	None
7529	None
7530	None
7531	None
7532	None
7533	None
7534	None
7535	None
7536	None
7537	None
7538	None
7539	None
7540	None
7541	None
7542	None
7543	None
7544	None
7545	None
7546	None
7547	None
7548	None
7549	None
7550	None
7551	None
7552	None
7553	None
7554	None
7555	None
7556	None
7557	None
7558	None
7559	None
7560	None
7561	None
7562	None
7563	None
7564	None
7565	None
7566	None
7567	None
7568	None
7569	None
7570	None
7571	None
7572	None
7573	None
7574	None
7575	None
7576	None
7577	None
7578	None
7579	None
7580	None
7581	None
7582	None
7583	None
7584	None
7585	None
7586	None
7587	None
7588	None
7589	None
7590	None
7591	None
7592	None
7593	None
7594	None
7595	None
7596	None
7597	None
7598	None
7599	None
7600	None
7601	None
7602	None
7603	None
7604	None
7605	None
7606	None
7607	None
7608	None
7609	None
7610	None
7611	None
7612	None
7613	None
7614	None
7615	None
7616	None
7617	None
7618	None
7619	None
7620	None
7621	None
7622	None
7623	None
7624	None
7625	None
7626	None
7627	None
7628	None
7629	None
7630	None
7631	None
7632	None
7633	None
7634	None
7635	None
7636	None
7637	None
7638	None
7639	None
7640	None
7641	None
7642	None
7643	None
7644	None
7645	None
7646	None
7647	None
7648	None
7649	None
7650	None
7651	None
7652	None
7653	None
7654	None
7655	None
7656	None
7657	None
7658	None
7659	None
7660	None
7661	None
7662	None
7663	None
7664	None
7665	None
7666	None
7667	None
7668	None
7669	None
7670	None
7671	None
7672	None
7673	None
7674	None
7675	None
7676	None
7677	None
7678	None
7679	None
7680	None
7681	None
7682	None
7683	None
7684	None
7685	None
7686	None
7687	None
7688	None
7689	None
7690	None
7691	None
7692	None
7693	None
7694	None
7695	None
7696	None
7697	None
7698	None
7699	None
7700	None
7701	None
7702	None
7703	None
7704	None
7705	None
7706	None
7707	None
7708	None
7709	None
7710	None
7711	None
7712	None
7713	None
7714	None
7715	None
7716	None
7717	None
7718	None
7719	None
7720	None
7721	None
7722	None
7723	None
7724	None
7725	None
7726	None
7727	None
7728	None
7729	None
7730	None
7731	None
7732	None
7733	None
7734	None
7735	None
7736	None
7737	None
7738	None
7739	None
7740	None
7741	None
7742	None
7743	None
7744	None
7745	None
7746	None
7747	None
7748	None
7749	None
7750	None
7751	None
7752	None
7753	None
7754	None
7755	None
7756	None
7757	None
7758	None
7759	None
7760	None
7761	None
7762	None
7763	None
7764	None
7765	None
7766	None
7767	None
7768	None
7769	None
7770	None
7771	None
7772	None
7773	None
7774	None
7775	None
7776	None
7777	None
7778	None
7779	None
7780	None
7781	None
7782	None
7783	None
7784	None
7785	None
7786	None
7787	None
7788	None
7789	None
7790	None
7791	None
7792	None
7793	None
7794	None
7795	None
7796	None
7797	None
7798	None
7799	None
7800	None
7801	None
7802	None
7803	None
7804	None
7805	None
7806	None
7807	None
7808	None
7809	None
7810	None
7811	None
7812	None
7813	None
7814	None
7815	None
7816	None
7817	None
7818	None
7819	None
7820	None
7821	None
7822	None
7823	None
7824	None
7825	None
7826	None
7827	None
7828	None
7829	None
7830	None
7831	None
7832	None
7833	None
7834	None
7835	None
7836	None
7837	None
7838	None
7839	None
7840	None
7841	None
7842	None
7843	None
7844	None
7845	None
7846	None
7847	None
7848	None
7849	None
7850	None
7851	None
7852	None
7853	None
7854	None
7855	None
7856	None
7857	None
7858	None
7859	None
7860	None
7861	None
7862	None
7863	None
7864	None
7865	None
7866	None
7867	None
7868	None
7869	None
7870	None
7871	None
7872	None
7873	None
7874	None
7875	None
7876	None
7877	None
7878	None
7879	None
7880	None
7881	None
7882	None
7883	None
7884	None
7885	None
7886	None
7887	None
7888	None
7889	None
7890	None
7891	None
7892	None
7893	None
7894	None
7895	None
7896	None
7897	None
7898	None
7899	None
7900	None
7901	None
7902	None
7903	None
7904	None
7905	None
7906	None
7907	None
7908	None
7909	None
7910	None
7911	None
7912	None
7913	None
7914	None
7915	None
7916	None
7917	None
7918	None
7919	None
7920	None
7921	None
7922	None
7923	None
7924	None
7925	None
7926	None
7927	None
7928	None
7929	None
7930	None
7931	None
7932	None
7933	None
7934	None
7935	None
7936	None
7937	None
7938	None
7939	None
7940	None
7941	None
7942	None
7943	None
7944	None
7945	None
7946	None
7947	None
7948	None
7949	None
7950	None
7951	None
7952	None
7953	None
7954	None
7955	None
7956	None
7957	None
7958	None
7959	None
7960	None
7961	None
7962	None
7963	None
7964	None
7965	None
7966	None
7967	None
7968	None
7969	None
7970	None
7971	None
7972	None
7973	None
7974	None
7975	None
7976	None
7977	None
7978	None
7979	None
7980	None
7981	None
7982	None
7983	None
7984	None
7985	None
7986	None
7987	None
7988	None
7989	None
7990	None
7991	None
7992	None
7993	None
7994	None
7995	None
7996	None
7997	None
7998	None
7999	None
8000	None
8001	None
8002	None
8003	None
8004	None
8005	None
8006	None
8007	None
8008	None
8009	None
8010	None
8011	None
8012	None
8013	None
8014	None
8015	None
8016	None
8017	None
8018	None
8019	None
8020	None
8021	None
8022	None
8023	None
8024	None
8025	None
8026	None
8027	None
8028	None
8029	None
8030	None
8031	None
8032	None
8033	None
8034	None
8035	None
8036	None
8037	None
8038	None
8039	None
8040	None
8041	None
8042	None
8043	None
8044	None
8045	None
8046	None
8047	None
8048	None
8049	None
8050	None
8051	None
8052	None
8053	None
8054	None
8055	None
8056	None
8057	None
8058	None
8059	None
8060	None
8061	None
8062	None
8063	None
8064	None
8065	None
8066	None
8067	None
8068	None
8069	None
8070	None
8071	None
8072	None
8073	None
8074	None
8075	None
8076	None
8077	None
8078	None
8079	None
8080	None
8081	None
8082	None
8083	None
8084	None
8085	None
8086	None
8087	None
8088	None
8089	None
8090	None
8091	None
8092	None
8093	None
8094	None
8095	None
8096	None
8097	None
8098	None
8099	None
8100	None
8101	None
8102	None
8103	None
8104	None
8105	None
8106	None
8107	None
8108	None
8109	None
8110	None
8111	None
8112	None
8113	None
8114	None
8115	None
8116	None
8117	None
8118	None
8119	None
8120	None
8121	None
8122	None
8123	None
8124	None
8125	None
8126	None
8127	None
8128	None
8129	None
8130	None
8131	None
8132	None
8133	None
8134	None
8135	None
8136	None
8137	None
8138	None
8139	None
8140	None
8141	None
8142	None
8143	None
8144	None
8145	None
8146	None
8147	None
8148	None
8149	None
8150	None
8151	None
8152	None
8153	None
8154	None
8155	None
8156	None
8157	None
8158	None
8159	None
8160	None
8161	None
8162	None
8163	None
8164	None
8165	None
8166	None
8167	None
8168	None
8169	None
8170	None
8171	None
8172	None
8173	None
8174	None
8175	None
8176	None
8177	None
8178	None
8179	None
8180	None
8181	None
8182	None
8183	None
8184	None
8185	None
8186	None
8187	None
8188	None
8189	None
8190	None
8191	None
8192	None
8193	None
8194	None
8195	None
8196	None
8197	None
8198	None
8199	None
8200	None
8201	None
8202	None
8203	None
8204	None
8205	None
8206	None
8207	None
8208	None
8209	None
8210	None
8211	None
8212	None
8213	None
8214	None
8215	None
8216	None
8217	None
8218	None
8219	None
8220	None
8221	None
8222	None
8223	None
8224	None
8225	None
8226	None
8227	None
8228	None
8229	None
8230	None
8231	None
8232	None
8233	None
8234	None
8235	None
8236	None
8237	None
8238	None
8239	None
8240	None
8241	None
8242	None
8243	None
8244	None
8245	None
8246	None
8247	None
8248	None
8249	None
8250	None
8251	None
8252	None
8253	None
8254	None
8255	None
8256	None
8257	None
8258	None
8259	None
8260	None
8261	None
8262	None
8263	None
8264	None
8265	None
8266	None
8267	None
8268	None
8269	None
8270	None
8271	None
8272	None
8273	None
8274	None
8275	None
8276	None
8277	None
8278	None
8279	None
8280	None
8281	None
8282	None
8283	None
8284	None
8285	None
8286	None
8287	None
8288	None
8289	None
8290	None
8291	None
8292	None
8293	None
8294	None
8295	None
8296	None
8297	None
8298	None
8299	None
8300	None
8301	None
8302	None
8303	None
8304	None
8305	None
8306	None
8307	None
8308	None
8309	None
8310	None
8311	None
8312	None
8313	None
8314	None
8315	None
8316	None
8317	None
8318	None
8319	None
8320	None
8321	None
8322	None
8323	None
8324	None
8325	None
8326	None
8327	None
8328	None
8329	None
8330	None
8331	None
8332	None
8333	None
8334	None
8335	None
8336	None
8337	None
8338	None
8339	None
8340	None
8341	None
8342	None
8343	None
8344	None
8345	None
8346	None
8347	None
8348	None
8349	None
8350	None
8351	None
8352	None
8353	None
8354	None
8355	None
8356	None
8357	None
8358	None
8359	None
8360	None
8361	None
8362	None
8363	None
8364	None
8365	None
8366	None
8367	None
8368	None
8369	None
8370	None
8371	None
8372	None
8373	None
8374	None
8375	None
8376	None
8377	None
8378	None
8379	None
8380	None
8381	None
8382	None
8383	None
8384	None
8385	None
8386	None
8387	None
8388	None
8389	None
8390	None
8391	None
8392	None
8393	None
8394	None
8395	None
8396	None
8397	None
8398	None
8399	None
8400	None
8401	None
8402	None
8403	None
8404	None
8405	None
8406	None
8407	None
8408	None
8409	None
8410	None
8411	None
8412	None
8413	None
8414	None
8415	None
8416	None
8417	None
8418	None
8419	None
8420	None
8421	None
8422	None
8423	None
8424	None
8425	None
8426	None
8427	None
8428	None
8429	None
8430	None
8431	None
8432	None
8433	None
8434	None
8435	None
8436	None
8437	None
8438	None
8439	None
8440	None
8441	None
8442	None
8443	None
8444	None
8445	None
8446	None
8447	None
8448	None
8449	None
8450	None
8451	None
8452	None
8453	None
8454	None
8455	None
8456	None
8457	None
8458	None
8459	None
8460	None
8461	None
8462	None
8463	None
8464	None
8465	None
8466	None
8467	None
8468	None
8469	None
8470	None
8471	None
8472	None
8473	None
8474	None
8475	None
8476	None
8477	None
8478	None
8479	None
8480	None
8481	None
8482	None
8483	None
8484	None
8485	None
8486	None
8487	None
8488	None
8489	None
8490	None
8491	None
8492	None
8493	None
8494	None
8495	None
8496	None
8497	None
8498	None
8499	None
8500	None
8501	None
8502	None
8503	None
8504	None
8505	None
8506	None
8507	None
8508	None
8509	None
8510	None
8511	None
8512	None
8513	None
8514	None
8515	None
8516	None
8517	None
8518	None
8519	None
8520	None
8521	None
8522	None
8523	None
8524	None
8525	None
8526	None
8527	None
8528	None
8529	None
8530	None
8531	None
8532	None
8533	None
8534	None
8535	None
8536	None
8537	None
8538	None
8539	None
8540	None
8541	None
8542	None
8543	None
8544	None
8545	None
8546	None
8547	None
8548	None
8549	None
8550	None
8551	None
8552	None
8553	None
8554	None
8555	None
8556	None
8557	None
8558	None
8559	None
8560	None
8561	None
8562	None
8563	None
8564	None
8565	None
8566	None
8567	None
8568	None
8569	None
8570	None
8571	None
8572	None
8573	None
8574	None
8575	None
8576	None
8577	None
8578	None
8579	None
8580	None
8581	None
8582	None
8583	None
8584	None
8585	None
8586	None
8587	None
8588	None
8589	None
8590	None
8591	None
8592	None
8593	None
8594	None
8595	None
8596	None
8597	None
8598	None
8599	None
8600	None
8601	None
8602	None
8603	None
8604	None
8605	None
8606	None
8607	None
8608	None
8609	None
8610	None
8611	None
8612	None
8613	None
8614	None
8615	None
8616	None
8617	None
8618	None
8619	None
8620	None
8621	None
8622	None
8623	None
8624	None
8625	None
8626	None
8627	None
8628	None
8629	None
8630	None
8631	None
8632	None
8633	None
8634	None
8635	None
8636	None
8637	None
8638	None
8639	None
8640	None
8641	None
8642	None
8643	None
8644	None
8645	None
8646	None
8647	None
8648	None
8649	None
8650	None
8651	None
8652	None
8653	None
8654	None
8655	None
8656	None
8657	None
8658	None
8659	None
8660	None
8661	None
8662	None
8663	None
8664	None
8665	None
8666	None
8667	None
8668	None
8669	None
8670	None
8671	None
8672	None
8673	None
8674	None
8675	None
8676	None
8677	None
8678	None
8679	None
8680	None
8681	None
8682	None
8683	None
8684	None
8685	None
8686	None
8687	None
8688	None
8689	None
8690	None
8691	None
8692	None
8693	None
8694	None
8695	None
8696	None
8697	None
8698	None
8699	None
8700	None
8701	None
8702	None
8703	None
8704	None
8705	None
8706	None
8707	None
8708	None
8709	None
8710	None
8711	None
8712	None
8713	None
8714	None
8715	None
8716	None
8717	None
8718	None
8719	None
8720	None
8721	None
8722	None
8723	None
8724	None
8725	None
8726	None
8727	None
8728	None
8729	None
8730	None
8731	None
8732	None
8733	None
8734	None
8735	None
8736	None
8737	None
8738	None
8739	None
8740	None
8741	None
8742	None
8743	None
8744	None
8745	None
8746	None
8747	None
8748	None
8749	None
8750	None
8751	None
8752	None
8753	None
8754	None
8755	None
8756	None
8757	None
8758	None
8759	None
8760	None
8761	None
8762	None
8763	None
8764	None
8765	None
8766	None
8767	None
8768	None
8769	None
8770	None
8771	None
8772	None
8773	None
8774	None
8775	None
8776	None
8777	None
8778	None
8779	None
8780	None
8781	None
8782	None
8783	None
8784	None
8785	None
