3738 matches
['halomatch.py', 'Runs/', 'LCDM_vanilla', 'LCDM_cool_star', '64', '.5', 'match_LCDM_vanilla_LCDM_cool_star_SN']
LCDM_vanilla	LCDM_cool_star
0	0
1	1
2	2
3	3
4	5
5	7
6	6
7	21
8	10
9	11
10	21
11	13
12	8
13	14
14	12
15	16
16	15
17	17
18	20
19	18
20	19
21	24
22	29
23	32
24	23
25	28
26	22
27	26
28	30
29	40
30	33
31	27
32	41
33	35
34	37
35	39
36	36
37	34
38	None
39	44
40	47
41	25
42	43
43	31
44	49
45	50
46	45
47	55
48	42
49	48
50	52
51	46
52	59
53	56
54	76
55	61
56	53
57	54
58	51
59	57
60	66
61	70
62	67
63	127
64	62
65	58
66	73
67	81
68	79
69	68
70	75
71	72
72	63
73	74
74	82
75	88
76	65
77	71
78	90
79	64
80	69
81	78
82	98
83	60
84	87
85	101
86	134
87	108
88	77
89	94
90	105
91	179
92	86
93	117
94	100
95	96
96	104
97	97
98	110
99	95
100	120
101	106
102	93
103	92
104	130
105	83
106	103
107	80
108	125
109	133
110	147
111	149
112	124
113	166
114	99
115	129
116	155
117	102
118	143
119	118
120	137
121	318
122	84
123	132
124	146
125	167
126	139
127	131
128	85
129	151
130	183
131	174
132	144
133	178
134	182
135	158
136	116
137	163
138	121
139	187
140	119
141	140
142	161
143	122
144	145
145	173
146	176
147	171
148	148
149	197
150	415
151	141
152	168
153	177
154	205
155	115
156	222
157	157
158	175
159	203
160	184
161	170
162	200
163	196
164	107
165	159
166	113
167	232
168	164
169	153
170	214
171	172
172	128
173	165
174	663
175	114
176	192
177	109
178	189
179	162
180	263
181	285
182	257
183	352
184	201
185	298
186	230
187	206
188	249
189	213
190	194
191	207
192	190
193	343
194	150
195	265
196	217
197	169
198	245
199	452
200	204
201	220
202	208
203	198
204	123
205	223
206	295
207	202
208	216
209	226
210	244
211	241
212	252
213	290
214	338
215	152
216	262
217	267
218	288
219	195
220	280
221	403
222	384
223	311
224	126
225	246
226	307
227	620
228	215
229	242
230	323
231	142
232	315
233	218
234	330
235	322
236	186
237	209
238	191
239	227
240	385
241	188
242	136
243	326
244	316
245	281
246	313
247	286
248	320
249	193
250	301
251	277
252	349
253	221
254	224
255	229
256	234
257	419
258	482
259	154
260	337
261	251
262	344
263	284
264	394
265	317
266	348
267	521
268	332
269	180
270	465
271	427
272	342
273	254
274	260
275	283
276	364
277	300
278	275
279	210
280	238
281	304
282	135
283	268
284	331
285	460
286	310
287	236
288	279
289	357
290	396
291	302
292	278
293	294
294	420
295	235
296	261
297	405
298	269
299	381
300	486
301	211
302	457
303	255
304	305
305	476
306	474
307	477
308	287
309	418
310	156
311	253
312	432
313	410
314	293
315	327
316	273
317	412
318	511
319	409
320	498
321	446
322	527
323	366
324	377
325	335
326	471
327	493
328	367
329	784
330	231
331	1123
332	308
333	390
334	292
335	462
336	360
337	None
338	248
339	350
340	289
341	386
342	454
343	282
344	438
345	522
346	404
347	259
348	483
349	378
350	309
351	297
352	503
353	314
354	271
355	402
356	414
357	445
358	324
359	328
360	160
361	400
362	401
363	243
364	237
365	415
366	469
367	548
368	873
369	None
370	595
371	199
372	500
373	361
374	382
375	499
376	586
377	373
378	303
379	554
380	369
381	564
382	358
383	380
384	336
385	264
386	525
387	270
388	472
389	228
390	589
391	372
392	585
393	506
394	579
395	566
396	651
397	604
398	333
399	660
400	387
401	467
402	341
403	296
404	379
405	354
406	691
407	760
408	407
409	590
410	644
411	351
412	587
413	833
414	383
415	321
416	276
417	370
418	491
419	291
420	516
421	431
422	633
423	723
424	655
425	441
426	461
427	505
428	None
429	429
430	433
431	473
432	733
433	778
434	757
435	649
436	464
437	406
438	810
439	359
440	299
441	718
442	334
443	411
444	666
445	436
446	805
447	389
448	688
449	399
450	325
451	393
452	434
453	233
454	451
455	705
456	689
457	347
458	423
459	920
460	605
461	667
462	442
463	455
464	1118
465	397
466	363
467	256
468	470
469	700
470	558
471	306
472	509
473	853
474	699
475	592
476	704
477	539
478	355
479	447
480	562
481	1014
482	376
483	340
484	388
485	475
486	439
487	552
488	598
489	512
490	504
491	721
492	827
493	416
494	1285
495	855
496	596
497	408
498	212
499	426
500	951
501	None
502	1015
503	421
504	395
505	459
506	413
507	549
508	526
509	468
510	440
511	637
512	466
513	274
514	450
515	584
516	356
517	346
518	639
519	453
520	544
521	581
522	1197
523	752
524	None
525	375
526	339
527	593
528	622
529	624
530	514
531	657
532	580
533	None
534	611
535	631
536	490
537	574
538	661
539	553
540	725
541	None
542	576
543	517
544	1090
545	374
546	671
547	2797
548	None
549	444
550	897
551	543
552	480
553	613
554	430
555	614
556	319
557	487
558	510
559	551
560	456
561	563
562	617
563	818
564	546
565	560
566	672
567	751
568	1045
569	523
570	492
571	458
572	519
573	650
574	571
575	437
576	443
577	530
578	537
579	507
580	635
581	495
582	513
583	448
584	602
585	892
586	542
587	626
588	555
589	779
590	561
591	1250
592	735
593	258
594	656
595	597
596	715
597	502
598	488
599	None
600	701
601	804
602	673
603	706
604	685
605	680
606	594
607	449
608	1136
609	684
610	648
611	716
612	545
613	726
614	709
615	711
616	600
617	1691
618	646
619	615
620	583
621	638
622	424
623	365
624	None
625	742
626	606
627	653
628	532
629	570
630	494
631	481
632	840
633	748
634	786
635	812
636	547
637	768
638	710
639	636
640	727
641	675
642	None
643	630
644	753
645	645
646	652
647	533
648	767
649	744
650	582
651	508
652	846
653	720
654	616
655	640
656	1065
657	538
658	567
659	750
660	719
661	761
662	659
663	577
664	788
665	609
666	654
667	540
668	764
669	736
670	832
671	901
672	None
673	745
674	669
675	770
676	572
677	879
678	802
679	550
680	894
681	782
682	696
683	732
684	565
685	737
686	599
687	641
688	678
689	693
690	914
691	787
692	588
693	620
694	679
695	665
696	619
697	559
698	601
699	1271
700	677
701	686
702	612
703	775
704	777
705	None
706	623
707	1778
708	747
709	982
710	1013
711	776
712	627
713	834
714	536
715	820
716	789
717	647
718	882
719	707
720	837
721	642
722	724
723	422
724	900
725	682
726	658
727	607
728	758
729	826
730	815
731	435
732	755
733	694
734	898
735	772
736	771
737	919
738	907
739	774
740	910
741	463
742	838
743	714
744	662
745	848
746	4423
747	870
748	628
749	746
750	1256
751	556
752	864
753	861
754	610
755	749
756	916
757	912
758	835
759	917
760	831
761	674
762	1124
763	618
764	842
765	668
766	670
767	765
768	928
769	781
770	3012
771	793
772	868
773	703
774	859
775	850
776	785
777	809
778	535
779	1121
780	895
781	867
782	935
783	1086
784	1131
785	769
786	866
787	687
788	796
789	906
790	1195
791	625
792	780
793	1233
794	531
795	1012
796	763
797	None
798	817
799	840
800	851
801	975
802	541
803	1029
804	932
805	1082
806	952
807	702
808	909
809	964
810	2255
811	501
812	1150
813	578
814	1039
815	876
816	739
817	1009
818	643
819	884
820	973
821	957
822	856
823	803
824	629
825	823
826	698
827	931
828	766
829	791
830	1382
831	960
832	773
833	1031
834	969
835	1462
836	1257
837	933
838	929
839	729
840	1083
841	1064
842	3067
843	722
844	938
845	1199
846	2208
847	1427
848	1043
849	956
850	None
851	819
852	811
853	1041
854	1151
855	958
856	1018
857	865
858	913
859	961
860	1092
861	963
862	965
863	871
864	1188
865	1342
866	880
867	965
868	889
869	None
870	896
871	520
872	976
873	993
874	822
875	926
876	852
877	836
878	825
879	890
880	828
881	886
882	945
883	1510
884	924
885	1299
886	988
887	943
888	None
889	983
890	862
891	1112
892	954
893	874
894	1002
895	860
896	None
897	1085
898	959
899	1149
900	981
901	849
902	970
903	872
904	1061
905	903
906	None
907	814
908	941
909	1008
910	1057
911	795
912	1148
913	799
914	877
915	1351
916	1505
917	1368
918	1005
919	922
920	None
921	1191
922	1056
923	1255
924	None
925	731
926	1001
927	798
928	None
929	1316
930	1095
931	1075
932	1027
933	824
934	854
935	1010
936	790
937	946
938	1472
939	1310
940	None
941	1219
942	1084
943	1312
944	1378
945	949
946	991
947	939
948	977
949	990
950	1248
951	1166
952	575
953	1215
954	1185
955	1066
956	1152
957	968
958	792
959	2459
960	847
961	3340
962	1067
963	1094
964	1135
965	918
966	1102
967	1245
968	858
969	1004
970	1107
971	1144
972	3646
973	1350
974	1155
975	1261
976	940
977	1176
978	955
979	None
980	1162
981	740
982	925
983	923
984	None
985	743
986	1028
987	908
988	1198
989	1047
990	1138
991	756
992	944
993	None
994	800
995	1033
996	3166
997	518
998	1023
999	1076
1000	1336
1001	1354
1002	980
1003	1127
1004	1538
1005	936
1006	1006
1007	1115
1008	None
1009	1373
1010	1122
1011	992
1012	1377
1013	801
1014	942
1015	1146
1016	1173
1017	1145
1018	1305
1019	1432
1020	1474
1021	875
1022	843
1023	621
1024	2826
1025	1386
1026	1391
1027	741
1028	None
1029	915
1030	1024
1031	1021
1032	1167
1033	1429
1034	1190
1035	2305
1036	1050
1037	1274
1038	937
1039	1116
1040	1583
1041	1077
1042	979
1043	985
1044	1816
1045	1203
1046	1106
1047	1072
1048	1296
1049	1189
1050	1157
1051	1355
1052	1206
1053	1037
1054	1254
1055	1120
1056	1054
1057	2617
1058	1073
1059	1186
1060	966
1061	1181
1062	995
1063	1016
1064	1214
1065	829
1066	1140
1067	1275
1068	1169
1069	948
1070	1179
1071	1384
1072	950
1073	1119
1074	None
1075	973
1076	893
1077	1207
1078	1104
1079	1049
1080	1017
1081	1088
1082	904
1083	1081
1084	1225
1085	1030
1086	1272
1087	1356
1088	841
1089	1235
1090	1154
1091	1365
1092	1320
1093	891
1094	998
1095	1240
1096	1287
1097	1052
1098	1369
1099	1022
1100	1301
1101	1238
1102	971
1103	None
1104	1295
1105	1126
1106	813
1107	1708
1108	1213
1109	821
1110	1063
1111	1627
1112	1333
1113	1217
1114	1044
1115	999
1116	1477
1117	1069
1118	1334
1119	1317
1120	1111
1121	1234
1122	1293
1123	1592
1124	1294
1125	1110
1126	1349
1127	1475
1128	1232
1129	1289
1130	1163
1131	1419
1132	None
1133	1103
1134	1588
1135	1177
1136	1153
1137	1170
1138	1267
1139	None
1140	1323
1141	1463
1142	1345
1143	902
1144	None
1145	1498
1146	1048
1147	1125
1148	1055
1149	1250
1150	988
1151	1079
1152	807
1153	1513
1154	1283
1155	885
1156	934
1157	1401
1158	None
1159	1352
1160	None
1161	1244
1162	1270
1163	1180
1164	1476
1165	1398
1166	1639
1167	1494
1168	1183
1169	1442
1170	2345
1171	1068
1172	1168
1173	None
1174	1194
1175	None
1176	1253
1177	None
1178	1308
1179	1091
1180	1080
1181	1228
1182	1327
1183	1210
1184	1216
1185	1058
1186	1242
1187	1220
1188	1094
1189	1070
1190	1540
1191	1251
1192	1586
1193	None
1194	1297
1195	1000
1196	1347
1197	1097
1198	1558
1199	1280
1200	1346
1201	1363
1202	1262
1203	1550
1204	1564
1205	1341
1206	1435
1207	986
1208	2454
1209	1424
1210	1396
1211	1418
1212	1236
1213	1399
1214	1161
1215	1318
1216	1164
1217	1329
1218	1466
1219	2236
1220	1192
1221	None
1222	1322
1223	1568
1224	1587
1225	1224
1226	1441
1227	888
1228	1640
1229	1269
1230	1390
1231	1134
1232	1117
1233	1666
1234	1260
1235	None
1236	1353
1237	1380
1238	1096
1239	1184
1240	3241
1241	1187
1242	1437
1243	1300
1244	1508
1245	1339
1246	1218
1247	1133
1248	None
1249	962
1250	1247
1251	None
1252	1414
1253	1036
1254	None
1255	1243
1256	1226
1257	1227
1258	1547
1259	2246
1260	1794
1261	None
1262	1214
1263	1448
1264	738
1265	1459
1266	1706
1267	None
1268	1668
1269	1374
1270	1222
1271	1650
1272	1773
1273	1204
1274	1534
1275	1636
1276	None
1277	1579
1278	1561
1279	1532
1280	1286
1281	1357
1282	1465
1283	1174
1284	1340
1285	1171
1286	1661
1287	1622
1288	1420
1289	1574
1290	1348
1291	930
1292	1446
1293	1577
1294	1362
1295	1381
1296	1499
1297	1591
1298	1653
1299	1473
1300	1259
1301	1302
1302	1282
1303	1089
1304	1444
1305	1530
1306	1739
1307	None
1308	1209
1309	1231
1310	1684
1311	1332
1312	1309
1313	1359
1314	1413
1315	1223
1316	1557
1317	1758
1318	1947
1319	2928
1320	1489
1321	None
1322	1370
1323	1361
1324	1311
1325	1426
1326	1485
1327	692
1328	None
1329	1098
1330	1797
1331	1281
1332	1632
1333	None
1334	1101
1335	1375
1336	1553
1337	1781
1338	1290
1339	1315
1340	1383
1341	1430
1342	3577
1343	1258
1344	1531
1345	1552
1346	None
1347	2998
1348	1620
1349	1720
1350	1818
1351	1672
1352	1509
1353	1450
1354	1394
1355	None
1356	1816
1357	1957
1358	1451
1359	1729
1360	3534
1361	1343
1362	1445
1363	690
1364	1490
1365	2688
1366	1853
1367	None
1368	1165
1369	None
1370	1740
1371	1725
1372	None
1373	2367
1374	1486
1375	1241
1376	1273
1377	1366
1378	2040
1379	None
1380	1307
1381	1600
1382	None
1383	1306
1384	1364
1385	1719
1386	1613
1387	1789
1388	1598
1389	1470
1390	1616
1391	1597
1392	1405
1393	1265
1394	1629
1395	1651
1396	1367
1397	1871
1398	None
1399	1563
1400	1731
1401	2657
1402	1338
1403	None
1404	1551
1405	1559
1406	1617
1407	1843
1408	1478
1409	1606
1410	1423
1411	1610
1412	1469
1413	2758
1414	1593
1415	1674
1416	1415
1417	1388
1418	1572
1419	1605
1420	1621
1421	1278
1422	1907
1423	1603
1424	1642
1425	None
1426	1582
1427	1793
1428	3194
1429	1533
1430	1861
1431	1421
1432	2028
1433	1074
1434	1480
1435	1967
1436	None
1437	1411
1438	1607
1439	1726
1440	None
1441	None
1442	1515
1443	1746
1444	1736
1445	1422
1446	1507
1447	1662
1448	1449
1449	1854
1450	1567
1451	2437
1452	1657
1453	1623
1454	2251
1455	1795
1456	1376
1457	3335
1458	2001
1459	1945
1460	1682
1461	1634
1462	1819
1463	1575
1464	1812
1465	1525
1466	1679
1467	1700
1468	1693
1469	1433
1470	632
1471	1393
1472	1392
1473	1527
1474	1491
1475	1822
1476	1810
1477	1631
1478	1545
1479	None
1480	1330
1481	1071
1482	1782
1483	2109
1484	1471
1485	3091
1486	1562
1487	1796
1488	1602
1489	1578
1490	1522
1491	2095
1492	1862
1493	1688
1494	1596
1495	1626
1496	1724
1497	1673
1498	None
1499	1765
1500	None
1501	1641
1502	1544
1503	1987
1504	1410
1505	1752
1506	1831
1507	1779
1508	1762
1509	1496
1510	2341
1511	1805
1512	None
1513	2105
1514	3411
1515	None
1516	1646
1517	1737
1518	1589
1519	3109
1520	1569
1521	3424
1522	3358
1523	1883
1524	1733
1525	1483
1526	887
1527	1748
1528	1806
1529	None
1530	None
1531	1611
1532	927
1533	1766
1534	1440
1535	None
1536	1965
1537	1526
1538	1659
1539	1504
1540	1850
1541	None
1542	2953
1543	2353
1544	2521
1545	1555
1546	1604
1547	4138
1548	1594
1549	1918
1550	830
1551	None
1552	987
1553	3795
1554	634
1555	1857
1556	1624
1557	1905
1558	1913
1559	1824
1560	None
1561	None
1562	1770
1563	3359
1564	1696
1565	3778
1566	497
1567	1663
1568	3447
1569	1601
1570	None
1571	1977
1572	2122
1573	None
1574	1705
1575	1848
1576	3819
1577	697
1578	1864
1579	None
1580	1695
1581	2262
1582	3245
1583	None
1584	1664
1585	1750
1586	1932
1587	3280
1588	2162
1589	2060
1590	1970
1591	3283
1592	2176
1593	1938
1594	1790
1595	1785
1596	None
1597	None
1598	1648
1599	2985
1600	1623
1601	2156
1602	2171
1603	1804
1604	2202
1605	2082
1606	1774
1607	1745
1608	None
1609	1841
1610	2112
1611	None
1612	1915
1613	978
1614	1670
1615	1714
1616	1518
1617	2097
1618	2526
1619	1529
1620	1647
1621	1964
1622	None
1623	3925
1624	3462
1625	1615
1626	1754
1627	1838
1628	1839
1629	1757
1630	1799
1631	2103
1632	984
1633	2428
1634	1800
1635	2782
1636	1675
1637	None
1638	1997
1639	2419
1640	3394
1641	None
1642	None
1643	1747
1644	2314
1645	1979
1646	1958
1647	967
1648	None
1649	1761
1650	3308
1651	1814
1652	3904
1653	None
1654	1807
1655	1576
1656	1966
1657	1833
1658	2247
1659	1595
1660	2142
1661	3322
1662	1645
1663	1936
1664	2580
1665	1971
1666	1288
1667	2410
1668	1753
1669	1879
1670	1829
1671	2327
1672	2432
1673	1655
1674	None
1675	2183
1676	1760
1677	1931
1678	1743
1679	1897
1680	1986
1681	1995
1682	2076
1683	2204
1684	1735
1685	2048
1686	2215
1687	None
1688	2325
1689	2012
1690	None
1691	2264
1692	2166
1693	1855
1694	2296
1695	2011
1696	2199
1697	3579
1698	1677
1699	2034
1700	2057
1701	1955
1702	2404
1703	3429
1704	2053
1705	3333
1706	1371
1707	None
1708	2019
1709	3330
1710	1715
1711	1976
1712	3150
1713	3551
1714	3556
1715	3774
1716	2046
1717	3570
1718	1981
1719	1877
1720	2382
1721	None
1722	1956
1723	1694
1724	1093
1725	1872
1726	1813
1727	2470
1728	1656
1729	1809
1730	3361
1731	2321
1732	3983
1733	2113
1734	1925
1735	2160
1736	2320
1737	1933
1738	2451
1739	2238
1740	3778
1741	2340
1742	None
1743	2141
1744	2423
1745	1948
1746	1834
1747	2157
1748	None
1749	None
1750	2079
1751	2369
1752	None
1753	2191
1754	2521
1755	2346
1756	2297
1757	2496
1758	2882
1759	None
1760	2588
1761	2506
1762	3748
1763	2224
1764	2283
1765	2554
1766	1972
1767	3338
1768	2316
1769	2463
1770	1667
1771	2225
1772	2458
1773	3448
1774	2408
1775	2304
1776	None
1777	None
1778	None
1779	2006
1780	1007
1781	2623
1782	5436
1783	2210
1784	None
1785	2127
1786	2031
1787	2313
1788	2298
1789	None
1790	1943
1791	1939
1792	None
1793	2008
1794	1888
1795	3598
1796	4134
1797	1062
1798	2163
1799	2581
1800	3650
1801	None
1802	1139
1803	1042
1804	2285
1805	3663
1806	2366
1807	2266
1808	2461
1809	2024
1810	2390
1811	None
1812	2230
1813	None
1814	2063
1815	2035
1816	3354
1817	2425
1818	None
1819	3542
1820	2360
1821	2396
1822	2558
1823	2403
1824	2472
1825	1172
1826	1685
1827	None
1828	2473
1829	1882
1830	2468
1831	None
1832	1842
1833	None
1834	2696
1835	2429
1836	2101
1837	2568
1838	2491
1839	2287
1840	None
1841	3648
1842	3336
1843	3422
1844	1692
1845	1940
1846	None
1847	2726
1848	2010
1849	4132
1850	2625
1851	2192
1852	None
1853	3067
1854	3754
1855	3382
1856	2144
1857	2529
1858	None
1859	2515
1860	2252
1861	2119
1862	2246
1863	2328
1864	None
1865	3442
1866	2203
1867	2471
1868	2535
1869	3704
1870	None
1871	None
1872	2569
1873	None
1874	None
1875	3425
1876	2587
1877	None
1878	1324
1879	2077
1880	2630
1881	None
1882	2562
1883	None
1884	2493
1885	2422
1886	2723
1887	3975
1888	2918
1889	2397
1890	2484
1891	1109
1892	2681
1893	None
1894	4283
1895	1723
1896	2826
1897	3493
1898	2059
1899	2232
1900	2546
1901	4639
1902	None
1903	2552
1904	3916
1905	2475
1906	1142
1907	2501
1908	2292
1909	2589
1910	None
1911	1991
1912	2620
1913	2489
1914	1279
1915	2506
1916	2455
1917	1630
1918	2564
1919	None
1920	5006
1921	2293
1922	2627
1923	2523
1924	2763
1925	3459
1926	2677
1927	2714
1928	1211
1929	2503
1930	2792
1931	3488
1932	1954
1933	3994
1934	2774
1935	None
1936	5168
1937	None
1938	4107
1939	None
1940	4148
1941	2595
1942	3653
1943	2165
1944	None
1945	3539
1946	None
1947	None
1948	1397
1949	2752
1950	2704
1951	2598
1952	2979
1953	1264
1954	5287
1955	None
1956	4028
1957	1922
1958	None
1959	None
1960	None
1961	1801
1962	3492
1963	3533
1964	2300
1965	3517
1966	2687
1967	2394
1968	None
1969	2742
1970	2652
1971	2759
1972	None
1973	None
1974	3183
1975	2859
1976	2680
1977	2286
1978	2788
1979	3880
1980	2480
1981	1237
1982	None
1983	3834
1984	2646
1985	2631
1986	3575
1987	3482
1988	2309
1989	None
1990	3491
1991	1484
1992	3673
1993	1514
1994	None
1995	None
1996	1407
1997	3560
1998	2378
1999	2570
2000	2898
2001	3508
2002	1620
2003	4361
2004	2237
2005	None
2006	3402
2007	1434
2008	2533
2009	None
2010	1460
2011	2380
2012	2377
2013	2214
2014	2863
2015	4250
2016	2181
2017	2871
2018	None
2019	3637
2020	3760
2021	3767
2022	3610
2023	3753
2024	2923
2025	2883
2026	2791
2027	1406
2028	3587
2029	3527
2030	3844
2031	1519
2032	3499
2033	None
2034	None
2035	1266
2036	3624
2037	3573
2038	1467
2039	4245
2040	None
2041	3589
2042	3503
2043	None
2044	None
2045	1276
2046	None
2047	2672
2048	2359
2049	None
2050	2462
2051	None
2052	2636
2053	3519
2054	1335
2055	3715
2056	2477
2057	5297
2058	1431
2059	2904
2060	4200
2061	5117
2062	5366
2063	2992
2064	None
2065	5188
2066	5120
2067	3351
2068	1252
2069	None
2070	5786
2071	3707
2072	2292
2073	None
2074	2479
2075	3279
2076	4264
2077	1458
2078	3540
2079	3672
2080	3654
2081	None
2082	None
2083	1461
2084	1502
2085	1730
2086	None
2087	1690
2088	None
2089	3800
2090	2319
2091	3616
2092	1321
2093	None
2094	3591
2095	5446
2096	3934
2097	1697
2098	5574
2099	1681
2100	3249
2101	1891
2102	1844
2103	3817
2104	2819
2105	5564
2106	2017
2107	3725
2108	3722
2109	1728
2110	1417
2111	3784
2112	3543
2113	5618
2114	4346
2115	None
2116	None
2117	None
2118	1798
2119	1428
2120	5532
2121	3928
2122	2896
2123	3415
2124	None
2125	1608
2126	None
2127	3072
2128	1584
2129	3055
2130	3718
2131	3745
2132	5439
2133	5401
2134	1823
2135	3015
2136	None
2137	3699
2138	None
2139	None
2140	3702
2141	2009
2142	None
2143	None
2144	None
2145	5437
2146	3374
2147	1968
2148	3594
2149	3733
2150	5879
2151	3141
2152	3000
2153	1516
2154	None
2155	1776
2156	2154
2157	None
2158	3466
2159	3952
2160	None
2161	2502
2162	1767
2163	3901
2164	None
2165	None
2166	1704
2167	2005
2168	1721
2169	3760
2170	None
2171	2148
2172	3830
2173	1482
2174	3156
2175	4992
2176	1902
2177	4607
2178	2586
2179	3984
2180	5267
2181	None
2182	2305
2183	1652
2184	3251
2185	3793
2186	1744
2187	None
2188	1768
2189	4230
2190	5701
2191	2184
2192	1644
2193	3163
2194	2278
2195	5647
2196	4246
2197	4014
2198	1969
2199	3741
2200	3720
2201	1566
2202	5308
2203	996
2204	1787
2205	3524
2206	5229
2207	5457
2208	4418
2209	1937
2210	3288
2211	3328
2212	2120
2213	1565
2214	1718
2215	1927
2216	4293
2217	2021
2218	4307
2219	1541
2220	None
2221	None
2222	1878
2223	None
2224	2250
2225	1866
2226	2613
2227	2884
2228	3100
2229	1899
2230	2235
2231	3211
2232	None
2233	1772
2234	2084
2235	2509
2236	6932
2237	2744
2238	1917
2239	4847
2240	3247
2241	2561
2242	1873
2243	3796
2244	5798
2245	4047
2246	5412
2247	None
2248	3449
2249	None
2250	3479
2251	3412
2252	None
2253	1497
2254	1808
2255	2015
2256	1904
2257	4395
2258	2355
2259	1523
2260	3083
2261	4740
2262	1929
2263	1963
2264	2303
2265	2197
2266	2147
2267	1742
2268	1830
2269	4367
2270	3520
2271	None
2272	1835
2273	2146
2274	3635
2275	None
2276	1895
2277	None
2278	3469
2279	None
2280	4236
2281	1786
2282	3759
2283	4525
2284	1784
2285	4141
2286	1751
2287	4653
2288	2000
2289	4794
2290	5520
2291	2608
2292	2088
2293	2116
2294	None
2295	2058
2296	3315
2297	1983
2298	3472
2299	None
2300	2635
2301	2081
2302	2174
2303	None
2304	2016
2305	1511
2306	5598
2307	2188
2308	1874
2309	4266
2310	2020
2311	2002
2312	2996
2313	2049
2314	2158
2315	1908
2316	None
2317	2261
2318	2632
2319	None
2320	3390
2321	1712
2322	5551
2323	2220
2324	2085
2325	2332
2326	None
2327	2026
2328	None
2329	None
2330	None
2331	1701
2332	3367
2333	None
2334	3249
2335	2276
2336	4773
2337	2361
2338	1959
2339	2537
2340	5424
2341	3403
2342	1846
2343	None
2344	2134
2345	None
2346	2507
2347	2219
2348	2519
2349	2195
2350	2107
2351	None
2352	4846
2353	2198
2354	None
2355	2318
2356	3525
2357	2137
2358	1990
2359	2342
2360	2070
2361	2441
2362	1880
2363	None
2364	1792
2365	None
2366	None
2367	2411
2368	None
2369	2407
2370	5762
2371	6023
2372	2186
2373	5272
2374	None
2375	2294
2376	1920
2377	2459
2378	4723
2379	3212
2380	2399
2381	3452
2382	None
2383	None
2384	4513
2385	None
2386	3541
2387	2405
2388	2370
2389	None
2390	2194
2391	2248
2392	5878
2393	2213
2394	2087
2395	1998
2396	3369
2397	1946
2398	2228
2399	4961
2400	3414
2401	None
2402	None
2403	1935
2404	1909
2405	2381
2406	2817
2407	6126
2408	3474
2409	2023
2410	4754
2411	None
2412	4756
2413	None
2414	None
2415	None
2416	2212
2417	3255
2418	None
2419	2349
2420	3566
2421	2271
2422	None
2423	2431
2424	2055
2425	None
2426	None
2427	3131
2428	None
2429	None
2430	1811
2431	4423
2432	None
2433	3653
2434	2033
2435	None
2436	None
2437	4690
2438	2528
2439	None
2440	None
2441	4742
2442	2185
2443	None
2444	None
2445	2683
2446	4198
2447	2426
2448	3430
2449	2310
2450	2345
2451	2600
2452	2407
2453	3651
2454	None
2455	5118
2456	None
2457	3278
2458	3154
2459	1759
2460	3446
2461	None
2462	2391
2463	2075
2464	2102
2465	2424
2466	1852
2467	None
2468	2499
2469	2169
2470	2474
2471	2618
2472	2259
2473	4042
2474	3423
2475	None
2476	None
2477	None
2478	1536
2479	3567
2480	3513
2481	None
2482	2434
2483	None
2484	3395
2485	None
2486	None
2487	None
2488	None
2489	None
2490	2769
2491	None
2492	None
2493	2284
2494	2269
2495	2668
2496	4564
2497	2547
2498	None
2499	None
2500	2557
2501	None
2502	None
2503	2221
2504	2443
2505	2308
2506	3039
2507	None
2508	2105
2509	None
2510	3513
2511	2602
2512	3522
2513	None
2514	3438
2515	2916
2516	5425
2517	None
2518	2445
2519	2755
2520	2640
2521	5240
2522	5458
2523	2254
2524	4455
2525	None
2526	1847
2527	None
2528	3523
2529	3019
2530	None
2531	None
2532	1826
2533	6252
2534	3753
2535	2750
2536	2324
2537	2722
2538	2124
2539	5093
2540	5097
2541	None
2542	None
2543	5571
2544	2933
2545	2211
2546	4394
2547	7193
2548	None
2549	2373
2550	None
2551	None
2552	3475
2553	2367
2554	2516
2555	3439
2556	3321
2557	2513
2558	2054
2559	5443
2560	4942
2561	5113
2562	2720
2563	3545
2564	None
2565	None
2566	4128
2567	None
2568	2781
2569	2289
2570	2804
2571	3348
2572	5706
2573	3380
2574	None
2575	2315
2576	2968
2577	None
2578	1921
2579	2343
2580	3656
2581	5326
2582	4423
2583	None
2584	1337
2585	None
2586	1698
2587	None
2588	2629
2589	2780
2590	3554
2591	5443
2592	3409
2593	3268
2594	None
2595	2531
2596	3531
2597	2842
2598	None
2599	2465
2600	3850
2601	5172
2602	5251
2603	2542
2604	2731
2605	2487
2606	5407
2607	2665
2608	3708
2609	2243
2610	None
2611	5483
2612	5223
2613	None
2614	3876
2615	3066
2616	2239
2617	2729
2618	None
2619	2606
2620	4367
2621	None
2622	None
2623	None
2624	2421
2625	None
2626	5023
2627	2312
2628	5127
2629	None
2630	2415
2631	2374
2632	3809
2633	2439
2634	3461
2635	None
2636	3611
2637	2216
2638	4758
2639	3037
2640	None
2641	3823
2642	2429
2643	3679
2644	2387
2645	None
2646	2164
2647	None
2648	4551
2649	2995
2650	3099
2651	3606
2652	4433
2653	3501
2654	2488
2655	2695
2656	3710
2657	None
2658	2550
2659	3632
2660	3456
2661	3328
2662	2876
2663	2811
2664	None
2665	2486
2666	2783
2667	None
2668	None
2669	4178
2670	2624
2671	None
2672	2805
2673	2280
2674	3517
2675	None
2676	2715
2677	3609
2678	4339
2679	None
2680	4015
2681	None
2682	None
2683	3254
2684	3640
2685	2522
2686	None
2687	2664
2688	None
2689	3870
2690	3630
2691	5329
2692	2655
2693	3555
2694	3440
2695	2850
2696	3755
2697	3569
2698	2972
2699	2874
2700	2032
2701	3518
2702	2338
2703	2643
2704	2078
2705	2256
2706	3682
2707	2581
2708	2658
2709	3504
2710	2356
2711	None
2712	None
2713	2584
2714	2670
2715	None
2716	4281
2717	3620
2718	None
2719	5280
2720	2532
2721	2583
2722	3572
2723	4572
2724	3252
2725	3505
2726	3507
2727	5126
2728	2553
2729	None
2730	None
2731	4164
2732	5000
2733	2498
2734	3552
2735	3470
2736	2900
2737	3467
2738	3001
2739	3558
2740	2835
2741	5200
2742	1990
2743	2281
2744	2928
2745	2469
2746	None
2747	4761
2748	None
2749	3946
2750	None
2751	3605
2752	2818
2753	None
2754	4771
2755	None
2756	2841
2757	5320
2758	2626
2759	5258
2760	2833
2761	3530
2762	3942
2763	2745
2764	2414
2765	3753
2766	2974
2767	2494
2768	2335
2769	2843
2770	None
2771	None
2772	3574
2773	2074
2774	None
2775	3698
2776	None
2777	3732
2778	4062
2779	None
2780	2231
2781	3311
2782	2604
2783	3796
2784	3584
2785	3651
2786	None
2787	None
2788	None
2789	2299
2790	2460
2791	2967
2792	5620
2793	3705
2794	2675
2795	4995
2796	3865
2797	2926
2798	2707
2799	None
2800	2890
2801	3864
2802	5427
2803	2952
2804	2449
2805	None
2806	2947
2807	3665
2808	None
2809	3510
2810	3004
2811	3975
2812	3853
2813	2808
2814	3435
2815	None
2816	None
2817	3602
2818	None
2819	3583
2820	4869
2821	2548
2822	3528
2823	3578
2824	6128
2825	None
2826	2481
2827	2633
2828	None
2829	3719
2830	2987
2831	3675
2832	2984
2833	3016
2834	None
2835	2357
2836	None
2837	4082
2838	3590
2839	None
2840	3580
2841	2650
2842	3623
2843	2504
2844	None
2845	2539
2846	3993
2847	2983
2848	2739
2849	2686
2850	None
2851	2748
2852	2892
2853	None
2854	None
2855	3597
2856	2740
2857	4987
2858	None
2859	4342
2860	2258
2861	3441
2862	None
2863	None
2864	5407
2865	5175
2866	None
2867	None
2868	2732
2869	5506
2870	None
2871	None
2872	5369
2873	7003
2874	3742
2875	5397
2876	None
2877	5294
2878	5109
2879	3667
2880	2438
2881	2946
2882	3615
2883	None
2884	None
2885	None
2886	None
2887	3045
2888	3664
2889	None
2890	4040
2891	5967
2892	3341
2893	3803
2894	2794
2895	2776
2896	2991
2897	5418
2898	None
2899	6236
2900	2913
2901	3950
2902	5569
2903	3455
2904	None
2905	None
2906	None
2907	5782
2908	3789
2909	3906
2910	2976
2911	5120
2912	3514
2913	2541
2914	None
2915	None
2916	2766
2917	3683
2918	2712
2919	3419
2920	2448
2921	None
2922	None
2923	4626
2924	3930
2925	2467
2926	None
2927	2949
2928	None
2929	2717
2930	3031
2931	None
2932	None
2933	3662
2934	5419
2935	5545
2936	5274
2937	None
2938	3670
2939	3078
2940	2767
2941	5316
2942	3086
2943	3642
2944	None
2945	2385
2946	3604
2947	2906
2948	3113
2949	5602
2950	3932
2951	3820
2952	3695
2953	5410
2954	3746
2955	None
2956	4560
2957	4262
2958	4321
2959	4866
2960	5405
2961	None
2962	2270
2963	5474
2964	None
2965	None
2966	3599
2967	4276
2968	None
2969	5070
2970	4019
2971	3607
2972	4239
2973	3163
2974	None
2975	5183
2976	5566
2977	2939
2978	2944
2979	4149
2980	3738
2981	4133
2982	3781
2983	4622
2984	4291
2985	2427
2986	3021
2987	3973
2988	3700
2989	2607
2990	3808
2991	4895
2992	4448
2993	4255
2994	3893
2995	3811
2996	2533
2997	3104
2998	3042
2999	2824
3000	None
3001	2784
3002	2785
3003	5037
3004	2639
3005	4710
3006	5953
3007	None
3008	None
3009	None
3010	None
3011	None
3012	3062
3013	None
3014	5133
3015	4757
3016	3029
3017	3999
3018	3909
3019	6208
3020	5699
3021	None
3022	None
3023	3729
3024	None
3025	3491
3026	None
3027	None
3028	None
3029	5627
3030	5429
3031	2730
3032	5165
3033	2649
3034	3841
3035	3339
3036	4629
3037	3849
3038	3983
3039	2854
3040	None
3041	None
3042	4024
3043	3085
3044	3804
3045	2846
3046	None
3047	3938
3048	5604
3049	2599
3050	5421
3051	5321
3052	3588
3053	None
3054	2986
3055	2765
3056	2931
3057	2885
3058	5353
3059	3892
3060	3716
3061	3865
3062	None
3063	5770
3064	None
3065	5313
3066	None
3067	3028
3068	4015
3069	4086
3070	3213
3071	4013
3072	3571
3073	4076
3074	3875
3075	3529
3076	4207
3077	3174
3078	None
3079	4306
3080	3918
3081	2273
3082	None
3083	5555
3084	None
3085	4991
3086	None
3087	None
3088	3549
3089	5394
3090	3750
3091	None
3092	4035
3093	2689
3094	3557
3095	4390
3096	5259
3097	5441
3098	None
3099	3617
3100	5375
3101	4104
3102	2988
3103	5481
3104	3388
3105	4366
3106	2786
3107	None
3108	3207
3109	3230
3110	2897
3111	None
3112	None
3113	None
3114	None
3115	2937
3116	2544
3117	2549
3118	None
3119	None
3120	5322
3121	3127
3122	None
3123	None
3124	4329
3125	None
3126	3564
3127	4185
3128	4046
3129	3138
3130	4174
3131	5206
3132	5342
3133	5157
3134	5278
3135	3869
3136	4233
3137	2961
3138	3822
3139	2936
3140	3937
3141	None
3142	None
3143	None
3144	5516
3145	2882
3146	3151
3147	None
3148	4600
3149	3065
3150	3915
3151	4497
3152	3751
3153	3831
3154	2851
3155	None
3156	3677
3157	5289
3158	3858
3159	3925
3160	5781
3161	None
3162	None
3163	5583
3164	None
3165	4565
3166	None
3167	2930
3168	None
3169	3776
3170	4097
3171	5436
3172	None
3173	2853
3174	3215
3175	None
3176	4934
3177	5584
3178	4367
3179	5630
3180	2044
3181	None
3182	None
3183	None
3184	None
3185	2812
3186	None
3187	None
3188	1881
3189	None
3190	4867
3191	None
3192	3643
3193	None
3194	5848
3195	None
3196	2807
3197	None
3198	3116
3199	3084
3200	None
3201	5570
3202	5772
3203	5676
3204	2559
3205	4035
3206	None
3207	5728
3208	2820
3209	3111
3210	4000
3211	4103
3212	2993
3213	4225
3214	3236
3215	3890
3216	4369
3217	2620
3218	4018
3219	3860
3220	3728
3221	5466
3222	5234
3223	None
3224	2877
3225	4002
3226	2803
3227	4294
3228	None
3229	3709
3230	3254
3231	3080
3232	4975
3233	None
3234	3123
3235	3919
3236	5298
3237	None
3238	3691
3239	3826
3240	6725
3241	4569
3242	3654
3243	None
3244	4111
3245	None
3246	5330
3247	6086
3248	3969
3249	3724
3250	None
3251	5360
3252	3752
3253	4095
3254	None
3255	2131
3256	3690
3257	3768
3258	3125
3259	4199
3260	5601
3261	3883
3262	2790
3263	4192
3264	5149
3265	6959
3266	None
3267	None
3268	None
3269	4074
3270	3988
3271	4270
3272	4499
3273	3827
3274	4219
3275	None
3276	4907
3277	4038
3278	2566
3279	None
3280	3064
3281	None
3282	None
3283	None
3284	None
3285	2644
3286	4143
3287	4117
3288	None
3289	8005
3290	5880
3291	None
3292	5373
3293	3092
3294	3053
3295	None
3296	2894
3297	None
3298	4328
3299	3998
3300	None
3301	3730
3302	5676
3303	2867
3304	2923
3305	None
3306	4674
3307	None
3308	3191
3309	4210
3310	4857
3311	None
3312	5703
3313	None
3314	4391
3315	5378
3316	None
3317	None
3318	None
3319	2836
3320	5785
3321	None
3322	4887
3323	5036
3324	None
3325	5366
3326	3821
3327	3184
3328	None
3329	3838
3330	3949
3331	4137
3332	4167
3333	2703
3334	2616
3335	None
3336	None
3337	None
3338	4545
3339	4455
3340	5845
3341	4107
3342	5306
3343	3902
3344	3957
3345	3987
3346	2674
3347	None
3348	3118
3349	None
3350	None
3351	None
3352	4254
3353	4594
3354	4173
3355	None
3356	None
3357	None
3358	None
3359	5844
3360	4197
3361	3958
3362	None
3363	None
3364	None
3365	3879
3366	None
3367	5675
3368	3381
3369	2980
3370	3816
3371	3966
3372	3840
3373	3881
3374	5283
3375	None
3376	3961
3377	4655
3378	4051
3379	3148
3380	3977
3381	6647
3382	3924
3383	3420
3384	3952
3385	4251
3386	None
3387	2685
3388	5169
3389	None
3390	4091
3391	None
3392	None
3393	None
3394	3762
3395	3036
3396	None
3397	4131
3398	None
3399	None
3400	5745
3401	2565
3402	None
3403	4084
3404	4129
3405	5765
3406	4063
3407	3258
3408	3905
3409	None
3410	5288
3411	2093
3412	5344
3413	2969
3414	5767
3415	2938
3416	3185
3417	None
3418	4625
3419	2226
3420	3936
3421	5361
3422	None
3423	None
3424	None
3425	4018
3426	4719
3427	5495
3428	None
3429	None
3430	3192
3431	3208
3432	None
3433	4096
3434	3363
3435	5707
3436	3010
3437	3995
3438	None
3439	3054
3440	None
3441	5670
3442	5160
3443	5725
3444	5379
3445	5669
3446	3899
3447	5329
3448	4092
3449	4022
3450	4195
3451	4741
3452	4405
3453	5593
3454	5716
3455	None
3456	5403
3457	2914
3458	None
3459	4860
3460	None
3461	2721
3462	3981
3463	3226
3464	2935
3465	2217
3466	5793
3467	None
3468	4004
3469	5857
3470	None
3471	4821
3472	3017
3473	4244
3474	3867
3475	5899
3476	4435
3477	3965
3478	5360
3479	None
3480	4322
3481	3807
3482	4132
3483	5858
3484	2977
3485	4239
3486	None
3487	3240
3488	4629
3489	5801
3490	6046
3491	2957
3492	7173
3493	3978
3494	None
3495	4413
3496	4124
3497	4374
3498	None
3499	5450
3500	2917
3501	5830
3502	6591
3503	3199
3504	4238
3505	5097
3506	None
3507	None
3508	4274
3509	5408
3510	None
3511	4060
3512	None
3513	3261
3514	5467
3515	4113
3516	None
3517	5106
3518	None
3519	None
3520	4180
3521	5839
3522	2982
3523	None
3524	None
3525	None
3526	None
3527	None
3528	5863
3529	6083
3530	5800
3531	None
3532	2663
3533	None
3534	3923
3535	4169
3536	6283
3537	4566
3538	None
3539	None
3540	None
3541	4126
3542	3107
3543	4065
3544	3002
3545	4548
3546	None
3547	3898
3548	2857
3549	4732
3550	5965
3551	None
3552	None
3553	3960
3554	4089
3555	3219
3556	4406
3557	4623
3558	4234
3559	4139
3560	None
3561	4247
3562	4052
3563	4901
3564	None
3565	2887
3566	3056
3567	4874
3568	4688
3569	5632
3570	4434
3571	4660
3572	4043
3573	5399
3574	4511
3575	4324
3576	None
3577	7674
3578	None
3579	None
3580	None
3581	4845
3582	None
3583	None
3584	4692
3585	3227
3586	None
3587	2713
3588	3171
3589	4078
3590	4462
3591	4358
3592	None
3593	4177
3594	5018
3595	5943
3596	5505
3597	5832
3598	3229
3599	3273
3600	None
3601	4220
3602	6066
3603	5151
3604	None
3605	4910
3606	5453
3607	4318
3608	None
3609	4265
3610	None
3611	5380
3612	None
3613	2828
3614	None
3615	5586
3616	None
3617	4392
3618	None
3619	None
3620	4541
3621	3018
3622	4634
3623	3264
3624	4108
3625	None
3626	None
3627	None
3628	None
3629	4215
3630	3964
3631	None
3632	4409
3633	None
3634	4263
3635	3253
3636	3780
3637	5396
3638	5856
3639	None
3640	None
3641	4426
3642	3866
3643	None
3644	None
3645	4053
3646	3731
3647	4032
3648	None
3649	4338
3650	None
3651	None
3652	None
3653	None
3654	None
3655	None
3656	None
3657	None
3658	3233
3659	3955
3660	4129
3661	None
3662	None
3663	None
3664	None
3665	None
3666	4119
3667	5884
3668	3129
3669	None
3670	5320
3671	5149
3672	None
3673	None
3674	6592
3675	4460
3676	None
3677	None
3678	None
3679	3813
3680	None
3681	None
3682	None
3683	4355
3684	4363
3685	4243
3686	None
3687	None
3688	None
3689	None
3690	None
3691	4672
3692	4009
3693	5832
3694	None
3695	3248
3696	None
3697	None
3698	3926
3699	None
3700	None
3701	None
3702	3046
3703	None
3704	None
3705	None
3706	None
3707	None
3708	None
3709	None
3710	None
3711	None
3712	None
3713	None
3714	None
3715	3814
3716	None
3717	None
3718	None
3719	None
3720	None
3721	None
3722	None
3723	None
3724	None
3725	None
3726	3904
3727	3304
3728	None
3729	None
3730	None
3731	None
3732	None
3733	5642
3734	6794
3735	None
3736	None
3737	3052
3738	None
3739	4801
3740	None
3741	3907
3742	None
3743	None
3744	None
3745	None
3746	None
3747	None
3748	None
3749	None
3750	None
3751	4094
3752	4038
3753	None
3754	3842
3755	None
3756	None
3757	None
3758	None
3759	None
3760	None
3761	5193
3762	None
3763	4457
3764	None
3765	5732
3766	None
3767	5895
3768	None
3769	2997
3770	None
3771	None
3772	None
3773	None
3774	5635
3775	None
3776	None
3777	5744
3778	None
3779	5587
3780	5623
3781	None
3782	None
3783	3835
3784	None
3785	None
3786	None
3787	2702
3788	None
3789	None
3790	None
3791	5967
3792	None
3793	None
3794	None
3795	None
3796	6362
3797	4163
3798	None
3799	5684
3800	None
3801	None
3802	None
3803	None
3804	4072
3805	5977
3806	None
3807	None
3808	None
3809	5683
3810	None
3811	None
3812	None
3813	None
3814	None
3815	None
3816	None
3817	None
3818	None
3819	5449
3820	None
3821	None
3822	4179
3823	None
3824	None
3825	None
3826	4509
3827	None
3828	None
3829	4433
3830	None
3831	4071
3832	None
3833	5327
3834	None
3835	5470
3836	None
3837	4439
3838	None
3839	None
3840	None
3841	None
3842	5769
3843	7049
3844	3927
3845	None
3846	None
3847	None
3848	4183
3849	2418
3850	None
3851	None
3852	2376
3853	None
3854	5824
3855	None
3856	None
3857	7153
3858	None
3859	3385
3860	None
3861	6182
3862	None
3863	4662
3864	4298
3865	4316
3866	None
3867	4249
3868	None
3869	4029
3870	None
3871	2724
3872	4259
3873	3381
3874	4347
3875	4067
3876	None
3877	6623
3878	None
3879	2889
3880	None
3881	None
3882	6603
3883	None
3884	None
3885	None
3886	None
3887	5529
3888	3843
3889	4441
3890	5371
3891	4021
3892	2450
3893	4222
3894	None
3895	4532
3896	None
3897	None
3898	6268
3899	4930
3900	None
3901	3182
3902	None
3903	5799
3904	None
3905	3128
3906	None
3907	None
3908	None
3909	None
3910	None
3911	None
3912	4446
3913	2350
3914	4508
3915	4337
3916	None
3917	4277
3918	5460
3919	None
3920	4383
3921	None
3922	None
3923	None
3924	None
3925	None
3926	5454
3927	None
3928	None
3929	3175
3930	None
3931	6339
3932	5828
3933	3426
3934	None
3935	None
3936	4401
3937	None
3938	None
3939	4069
3940	None
3941	None
3942	None
3943	None
3944	3989
3945	None
3946	None
3947	4934
3948	None
3949	None
3950	None
3951	4286
3952	5774
3953	4389
3954	None
3955	4283
3956	None
3957	None
3958	None
3959	None
3960	None
3961	None
3962	None
3963	5560
3964	None
3965	None
3966	None
3967	None
3968	6119
3969	None
3970	3169
3971	None
3972	None
3973	None
3974	None
3975	None
3976	None
3977	None
3978	None
3979	None
3980	None
3981	2847
3982	3095
3983	None
3984	None
3985	None
3986	None
3987	5062
3988	None
3989	None
3990	None
3991	None
3992	None
3993	None
3994	None
3995	None
3996	None
3997	None
3998	None
3999	None
4000	None
4001	2910
4002	6987
4003	None
4004	None
4005	None
4006	None
4007	None
4008	None
4009	5150
4010	None
4011	5290
4012	None
4013	None
4014	None
4015	None
4016	3293
4017	None
4018	None
4019	4135
4020	None
4021	None
4022	None
4023	6296
4024	None
4025	4249
4026	3614
4027	None
4028	None
4029	None
4030	3914
4031	None
4032	None
4033	None
4034	None
4035	4979
4036	None
4037	None
4038	None
4039	None
4040	None
4041	None
4042	None
4043	None
4044	None
4045	None
4046	None
4047	None
4048	None
4049	None
4050	None
4051	None
4052	None
4053	None
4054	None
4055	None
4056	None
4057	None
4058	None
4059	None
4060	None
4061	None
4062	None
4063	None
4064	None
4065	None
4066	None
4067	None
4068	None
4069	None
4070	None
4071	None
4072	None
4073	None
4074	None
4075	None
4076	None
4077	6078
4078	None
4079	2654
4080	None
4081	None
4082	None
4083	None
4084	None
4085	None
4086	4314
4087	None
4088	None
4089	None
4090	None
4091	None
4092	None
4093	None
4094	None
4095	None
4096	None
4097	None
4098	None
4099	None
4100	4196
4101	None
4102	None
4103	None
4104	None
4105	None
4106	None
4107	None
4108	None
4109	None
4110	None
4111	None
4112	None
4113	None
4114	6732
4115	None
4116	None
4117	None
4118	None
4119	None
4120	None
4121	None
4122	None
4123	None
4124	None
4125	None
4126	None
4127	None
4128	None
4129	None
4130	None
4131	None
4132	None
4133	5174
4134	None
4135	None
4136	None
4137	None
4138	None
4139	None
4140	None
4141	None
4142	None
4143	None
4144	None
4145	None
4146	None
4147	None
4148	None
4149	None
4150	None
4151	None
4152	None
4153	None
4154	None
4155	None
4156	None
4157	None
4158	5981
4159	None
4160	None
4161	None
4162	None
4163	None
4164	None
4165	None
4166	None
4167	None
4168	None
4169	None
4170	None
4171	None
4172	None
4173	None
4174	None
4175	None
4176	4081
4177	None
4178	None
4179	None
4180	None
4181	None
4182	None
4183	None
4184	None
4185	None
4186	None
4187	None
4188	None
4189	6919
4190	None
4191	None
4192	6117
4193	None
4194	None
4195	None
4196	None
4197	None
4198	None
4199	4099
4200	None
4201	None
4202	None
4203	None
4204	5431
4205	3538
4206	None
4207	None
4208	None
4209	None
4210	None
4211	None
4212	None
4213	6033
4214	None
4215	None
4216	None
4217	None
4218	None
4219	None
4220	None
4221	None
4222	2667
4223	None
4224	None
4225	None
4226	None
4227	None
4228	None
4229	None
4230	5040
4231	None
4232	None
4233	None
4234	None
4235	None
4236	None
4237	None
4238	7004
4239	None
4240	None
4241	None
4242	None
4243	None
4244	None
4245	None
4246	None
4247	None
4248	None
4249	None
4250	None
4251	None
4252	None
4253	None
4254	None
4255	None
4256	3846
4257	None
4258	3659
4259	None
4260	None
4261	None
4262	None
4263	None
4264	None
4265	None
4266	None
4267	None
4268	None
4269	2707
4270	None
4271	None
4272	None
4273	None
4274	None
4275	None
4276	3069
4277	None
4278	None
4279	None
4280	None
4281	None
4282	None
4283	None
4284	None
4285	3652
4286	None
4287	None
4288	None
4289	None
4290	None
4291	None
4292	None
4293	None
4294	3801
4295	None
4296	None
4297	None
4298	3787
4299	None
4300	None
4301	None
4302	None
4303	None
4304	None
4305	3386
4306	None
4307	None
4308	None
4309	None
4310	3095
4311	None
4312	None
4313	None
4314	None
4315	None
4316	None
4317	None
4318	None
4319	None
4320	3089
4321	None
4322	None
4323	None
4324	None
4325	None
4326	None
4327	None
4328	None
4329	None
4330	None
4331	4301
4332	None
4333	None
4334	None
4335	None
4336	2637
4337	None
4338	5857
4339	6298
4340	None
4341	None
4342	None
4343	None
4344	None
4345	None
4346	None
4347	None
4348	None
4349	None
4350	3140
4351	None
4352	None
4353	None
4354	None
4355	None
4356	None
4357	None
4358	None
4359	None
4360	None
4361	None
4362	None
4363	4356
4364	4608
4365	3379
4366	None
4367	None
4368	None
4369	4087
4370	None
4371	None
4372	None
4373	2912
4374	None
4375	None
4376	None
4377	None
4378	None
4379	None
4380	None
4381	None
4382	None
4383	None
4384	2577
4385	None
4386	None
4387	None
4388	None
4389	None
4390	None
4391	None
4392	None
4393	None
4394	None
4395	None
4396	None
4397	None
4398	None
4399	None
4400	4122
4401	None
4402	None
4403	None
4404	None
4405	None
4406	None
4407	None
4408	None
4409	None
4410	None
4411	None
4412	None
4413	None
4414	None
4415	3536
4416	2314
4417	None
4418	None
4419	5726
4420	None
4421	None
4422	None
4423	None
4424	None
4425	None
4426	None
4427	None
4428	None
4429	None
4430	None
4431	None
4432	None
4433	None
4434	None
4435	2656
4436	None
4437	None
4438	None
4439	None
4440	None
4441	None
4442	None
4443	None
4444	None
4445	5155
4446	None
4447	None
4448	None
4449	None
4450	None
4451	None
4452	None
4453	6262
4454	None
4455	3343
4456	None
4457	None
4458	None
4459	None
4460	None
4461	None
4462	None
4463	None
4464	None
4465	None
4466	None
4467	None
4468	None
4469	None
4470	None
4471	None
4472	None
4473	3155
4474	3497
4475	None
4476	None
4477	None
4478	None
4479	None
4480	None
4481	None
4482	None
4483	None
4484	None
4485	None
4486	None
4487	None
4488	None
4489	None
4490	None
4491	None
4492	None
4493	None
4494	None
4495	None
4496	None
4497	6061
4498	None
4499	None
4500	None
4501	None
4502	4295
4503	7078
4504	None
4505	None
4506	None
4507	None
4508	None
4509	None
4510	None
4511	None
4512	None
4513	None
4514	None
4515	None
4516	None
4517	None
4518	None
4519	None
4520	None
4521	None
4522	None
4523	None
4524	None
4525	None
4526	None
4527	None
4528	None
4529	None
4530	None
4531	None
4532	6391
4533	None
4534	None
4535	None
4536	None
4537	None
4538	None
4539	None
4540	None
4541	None
4542	None
4543	None
4544	6507
4545	None
4546	None
4547	None
4548	None
4549	None
4550	None
4551	None
4552	None
4553	None
4554	None
4555	None
4556	None
4557	None
4558	None
4559	None
4560	None
4561	None
4562	2690
4563	None
4564	3898
4565	None
4566	None
4567	None
4568	None
4569	6647
4570	None
4571	None
4572	7501
4573	None
4574	None
4575	None
4576	None
4577	None
4578	None
4579	None
4580	None
4581	None
4582	None
4583	None
4584	None
4585	None
4586	None
4587	None
4588	None
4589	None
4590	None
4591	None
4592	None
4593	None
4594	None
4595	None
4596	None
4597	2582
4598	None
4599	None
4600	None
4601	None
4602	None
4603	None
4604	None
4605	None
4606	None
4607	None
4608	None
4609	None
4610	None
4611	None
4612	None
4613	None
4614	None
4615	None
4616	3878
4617	None
4618	None
4619	None
4620	6809
4621	None
4622	3852
4623	None
4624	None
4625	None
4626	None
4627	None
4628	2500
4629	None
4630	None
4631	None
4632	None
4633	None
4634	3038
4635	None
4636	None
4637	None
4638	3190
4639	None
4640	None
4641	None
4642	None
4643	None
4644	None
4645	None
4646	None
4647	None
4648	None
4649	None
4650	None
4651	6469
4652	None
4653	None
4654	None
4655	None
4656	None
4657	None
4658	None
4659	None
4660	None
4661	None
4662	None
4663	3263
4664	3266
4665	None
4666	None
4667	3685
4668	5376
4669	None
4670	None
4671	None
4672	None
4673	4008
4674	None
4675	None
4676	None
4677	5272
4678	3293
4679	None
4680	None
4681	6686
4682	None
4683	None
4684	3266
4685	None
4686	2813
4687	None
4688	None
4689	None
4690	None
4691	None
4692	None
4693	None
4694	None
4695	None
4696	None
4697	None
4698	4638
4699	3498
4700	None
4701	None
4702	None
4703	None
4704	None
4705	None
4706	None
4707	None
4708	None
4709	None
4710	None
4711	None
4712	None
4713	None
4714	None
4715	None
4716	6953
4717	None
4718	None
4719	None
4720	None
4721	None
4722	None
4723	None
4724	None
4725	None
4726	None
4727	None
4728	None
4729	6139
4730	None
4731	None
4732	None
4733	None
4734	None
4735	None
4736	None
4737	None
4738	None
4739	4510
4740	None
4741	None
4742	None
4743	None
4744	None
4745	None
4746	None
4747	None
4748	6990
4749	None
4750	None
4751	7134
4752	6663
4753	None
4754	None
4755	None
4756	None
4757	None
4758	None
4759	None
4760	None
4761	None
4762	None
4763	None
4764	None
4765	None
4766	6208
4767	None
4768	None
4769	None
4770	None
4771	None
4772	None
4773	None
4774	4429
4775	None
4776	6026
4777	None
4778	None
4779	None
4780	None
4781	None
4782	None
4783	None
4784	None
4785	None
4786	None
4787	None
4788	5461
4789	None
4790	None
4791	None
4792	None
4793	6186
4794	None
4795	None
4796	None
4797	None
4798	None
4799	None
4800	None
4801	None
4802	None
4803	None
4804	None
4805	None
4806	None
4807	None
4808	None
4809	7219
4810	None
4811	None
4812	None
4813	None
4814	None
4815	None
4816	6554
4817	None
4818	None
4819	None
4820	6634
4821	None
4822	None
4823	None
4824	3536
4825	None
4826	None
4827	None
4828	None
4829	6289
4830	None
4831	5972
4832	None
4833	None
4834	None
4835	None
4836	None
4837	None
4838	None
4839	None
4840	None
4841	None
4842	None
4843	None
4844	None
4845	None
4846	3114
4847	None
4848	None
4849	None
4850	None
4851	None
4852	None
4853	None
4854	None
4855	None
4856	None
4857	None
4858	4955
4859	3022
4860	None
4861	None
4862	None
4863	None
4864	None
4865	None
4866	6966
4867	None
4868	None
4869	2707
4870	None
4871	None
4872	None
4873	None
4874	None
4875	None
4876	2611
4877	6902
4878	None
4879	4420
4880	None
4881	None
4882	3391
4883	None
4884	None
4885	None
4886	None
4887	None
4888	None
4889	7255
4890	None
4891	7464
4892	3644
4893	None
4894	None
4895	None
4896	None
4897	None
4898	None
4899	None
4900	3661
4901	2741
4902	None
4903	7020
4904	None
4905	None
4906	None
4907	7072
4908	None
4909	None
4910	None
4911	6738
4912	6894
4913	None
4914	None
4915	6441
4916	None
4917	None
4918	None
4919	None
4920	None
4921	None
4922	None
4923	None
4924	None
4925	None
4926	None
4927	4487
4928	None
4929	3692
4930	3828
4931	None
4932	None
4933	7034
4934	None
4935	7217
4936	3417
4937	None
4938	None
4939	None
4940	None
4941	None
4942	None
4943	None
4944	5585
4945	7291
4946	6228
4947	None
4948	None
4949	4309
4950	None
4951	None
4952	None
4953	4155
4954	6569
4955	None
4956	None
4957	None
4958	None
4959	None
4960	6720
4961	3547
4962	None
4963	7267
4964	6915
4965	3521
4966	None
4967	3819
4968	None
4969	None
4970	3231
4971	None
4972	7116
4973	None
4974	7199
4975	3368
4976	None
4977	None
4978	None
4979	3739
4980	7023
4981	5512
4982	None
4983	4471
4984	None
4985	4289
4986	4967
4987	2981
4988	None
4989	4440
4990	7131
4991	6980
4992	None
4993	None
4994	6545
4995	None
4996	None
4997	None
4998	6628
4999	None
5000	None
5001	6647
5002	None
5003	6687
5004	6973
5005	7257
5006	None
5007	6932
5008	2611
5009	None
5010	None
5011	None
5012	None
5013	None
5014	None
5015	None
5016	None
5017	2728
5018	3221
5019	2705
5020	7135
5021	7049
5022	None
5023	3713
5024	6734
5025	3500
5026	None
5027	None
5028	None
5029	None
5030	6996
5031	None
5032	4055
5033	None
5034	None
5035	7087
5036	None
5037	7281
5038	3798
5039	5868
5040	3222
5041	4724
5042	None
5043	6405
5044	3641
5045	None
5046	3423
5047	None
5048	4301
5049	6946
5050	4217
5051	7118
5052	None
5053	4033
5054	6732
5055	None
5056	5835
5057	None
5058	4586
5059	None
5060	4551
5061	None
5062	None
5063	6919
5064	6387
5065	4640
5066	6683
5067	7085
5068	7144
5069	7169
5070	6974
5071	4675
5072	None
5073	7160
5074	None
5075	None
5076	6997
5077	4232
5078	7074
5079	None
5080	5458
5081	None
5082	None
5083	2907
5084	7142
5085	6800
5086	None
5087	None
5088	6956
5089	None
5090	3096
5091	7042
5092	None
5093	6732
5094	7315
5095	None
5096	6827
5097	4066
5098	3561
5099	None
5100	5356
5101	6075
5102	3022
5103	7163
5104	None
5105	7199
5106	7177
5107	None
5108	7172
5109	None
5110	4776
5111	None
5112	None
5113	7105
5114	None
5115	5894
5116	None
5117	4967
5118	4290
5119	7035
5120	3734
5121	4472
5122	None
5123	7014
5124	7116
5125	7135
5126	3269
5127	None
5128	None
5129	7117
5130	3365
5131	None
5132	7141
5133	6109
5134	None
5135	None
5136	3356
5137	4772
5138	3603
5139	6689
5140	7109
5141	7063
5142	5680
5143	3944
5144	7335
5145	None
5146	3272
5147	4181
5148	7015
5149	3417
5150	6689
5151	None
5152	None
5153	None
5154	7091
5155	None
5156	7133
5157	None
5158	6902
5159	3228
5160	None
5161	7128
5162	None
5163	5526
5164	7133
5165	5350
5166	5357
5167	3921
5168	None
5169	3980
5170	4862
5171	7354
5172	3304
5173	4786
5174	4813
5175	7337
5176	None
5177	None
5178	3967
5179	7175
5180	None
5181	6969
5182	7106
5183	4365
5184	7126
5185	3836
5186	6817
5187	None
5188	7164
5189	5472
5190	7420
5191	3453
5192	6551
5193	4161
5194	5637
5195	4470
5196	None
5197	4512
5198	7337
5199	6934
5200	6979
5201	None
5202	2572
5203	5141
5204	None
5205	3319
5206	7215
5207	5628
5208	7596
5209	7623
5210	3371
5211	4844
5212	3477
5213	7143
5214	7104
5215	None
5216	4676
5217	4514
5218	6915
5219	None
5220	7232
5221	7195
5222	7178
5223	7127
5224	None
5225	7051
5226	None
5227	3150
5228	4397
5229	7183
5230	4221
5231	7187
5232	None
5233	7149
5234	None
5235	None
5236	5198
5237	None
5238	3161
5239	7219
5240	None
5241	7535
5242	7139
5243	7279
5244	None
5245	None
5246	None
5247	7514
5248	None
5249	3608
5250	5765
5251	7023
5252	3454
5253	7193
5254	None
5255	6987
5256	None
5257	4056
5258	7149
5259	None
5260	3873
5261	None
5262	7242
5263	7112
5264	5227
5265	7123
5266	7279
5267	None
5268	4300
5269	None
5270	None
5271	7107
5272	6972
5273	6934
5274	None
5275	7195
5276	None
5277	6142
5278	3239
5279	3562
5280	7287
5281	4236
5282	None
5283	5349
5284	None
5285	7021
5286	3886
5287	7159
5288	None
5289	6202
5290	4205
5291	5794
5292	None
5293	None
5294	None
5295	3345
5296	None
5297	None
5298	7174
5299	7222
5300	None
5301	None
5302	None
5303	7148
5304	None
5305	None
5306	7094
5307	None
5308	None
5309	6777
5310	6815
5311	7325
5312	3188
5313	7120
5314	None
5315	7914
5316	4574
5317	None
5318	7452
5319	5649
5320	None
5321	None
5322	None
5323	None
5324	None
5325	None
5326	5610
5327	7550
5328	5970
5329	7145
5330	None
5331	None
5332	None
5333	None
5334	7161
5335	None
5336	3737
5337	None
5338	4857
5339	3863
5340	7165
5341	7237
5342	7115
5343	3324
5344	None
5345	None
5346	7249
5347	3437
5348	7674
5349	4544
5350	None
5351	5489
5352	None
5353	None
5354	None
5355	7186
5356	3502
5357	None
5358	None
5359	5455
5360	None
5361	6302
5362	4295
5363	None
5364	7234
5365	None
5366	None
5367	7325
5368	7228
5369	7311
5370	7074
5371	7954
5372	None
5373	None
5374	None
5375	None
5376	None
5377	4421
5378	6971
5379	7337
5380	3947
5381	7227
5382	7077
5383	7539
5384	None
5385	None
5386	7789
5387	None
5388	7886
5389	7239
5390	None
5391	None
5392	None
5393	None
5394	7206
5395	7941
5396	7224
5397	None
5398	7361
5399	6990
5400	8133
5401	None
5402	None
5403	None
5404	3268
5405	7157
5406	None
5407	None
5408	7130
5409	5088
5410	None
5411	None
5412	7086
5413	None
5414	4863
5415	None
5416	None
5417	None
5418	None
5419	None
5420	7241
5421	3868
5422	5072
5423	None
5424	None
5425	None
5426	None
5427	None
5428	6796
5429	None
5430	None
5431	7198
5432	7725
5433	7171
5434	None
5435	4156
5436	None
5437	7281
5438	None
5439	7018
5440	4410
5441	7247
5442	None
5443	None
5444	7238
5445	5406
5446	None
5447	3476
5448	None
5449	6915
5450	None
5451	None
5452	8010
5453	None
5454	3694
5455	7177
5456	4369
5457	None
5458	None
5459	None
5460	7341
5461	None
5462	None
5463	None
5464	None
5465	None
5466	3542
5467	7807
5468	4952
5469	7362
5470	None
5471	None
5472	7289
5473	7113
5474	None
5475	None
5476	None
5477	7676
5478	None
5479	7230
5480	7013
5481	None
5482	None
5483	4433
5484	None
5485	None
5486	None
5487	7394
5488	None
5489	7191
5490	7218
5491	6309
5492	None
5493	None
5494	None
5495	4862
5496	None
5497	None
5498	None
5499	None
5500	7261
5501	7256
5502	None
5503	None
5504	None
5505	None
5506	7347
5507	None
5508	None
5509	None
5510	5726
5511	None
5512	None
5513	7419
5514	7147
5515	None
5516	None
5517	5963
5518	None
5519	7286
5520	None
5521	8107
5522	4029
5523	7343
5524	5970
5525	4230
5526	7268
5527	7269
5528	None
5529	None
5530	None
5531	None
5532	None
5533	None
5534	None
5535	6916
5536	None
5537	None
5538	6906
5539	6906
5540	None
5541	7393
5542	5697
5543	5244
5544	7251
5545	7291
5546	7387
5547	7568
5548	None
5549	None
5550	None
5551	None
5552	None
5553	7263
5554	None
5555	None
5556	5398
5557	None
5558	None
5559	None
5560	6875
5561	None
5562	None
5563	None
5564	None
5565	None
5566	None
5567	None
5568	None
5569	7377
5570	None
5571	6915
5572	None
5573	7429
5574	None
5575	7273
5576	None
5577	7166
5578	None
5579	7205
5580	None
5581	None
5582	None
5583	None
5584	4327
5585	4442
5586	None
5587	None
5588	7568
5589	None
5590	None
5591	None
5592	5845
5593	None
5594	None
5595	None
5596	None
5597	4705
5598	None
5599	7335
5600	4484
5601	None
5602	None
5603	None
5604	7954
5605	None
5606	None
5607	None
5608	7317
5609	None
5610	4756
5611	7211
5612	None
5613	None
5614	None
5615	None
5616	None
5617	None
5618	7557
5619	4900
5620	None
5621	None
5622	None
5623	3618
5624	None
5625	None
5626	None
5627	6815
5628	8077
5629	None
5630	8009
5631	None
5632	None
5633	7411
5634	7194
5635	None
5636	None
5637	None
5638	None
5639	8124
5640	7572
5641	None
5642	None
5643	None
5644	None
5645	None
5646	6225
5647	None
5648	None
5649	7374
5650	7356
5651	7450
5652	7450
5653	None
5654	4222
5655	None
5656	None
5657	None
5658	None
5659	6823
5660	7365
5661	None
5662	None
5663	7880
5664	None
5665	None
5666	None
5667	None
5668	None
5669	None
5670	None
5671	None
5672	None
5673	5658
5674	7519
5675	6302
5676	8009
5677	None
5678	8220
5679	None
5680	7359
5681	7498
5682	None
5683	None
5684	None
5685	None
5686	5461
5687	None
5688	None
5689	7326
5690	None
5691	None
5692	None
5693	None
5694	None
5695	None
5696	None
5697	None
5698	None
5699	None
5700	None
5701	None
5702	None
5703	None
5704	None
5705	None
5706	None
5707	None
5708	None
5709	None
5710	None
5711	None
5712	None
5713	None
5714	None
5715	None
5716	None
5717	None
5718	None
5719	None
5720	None
5721	None
5722	None
5723	None
5724	None
5725	None
5726	None
5727	None
5728	None
5729	None
5730	None
5731	None
5732	None
5733	None
5734	None
5735	None
5736	None
5737	None
5738	None
5739	None
5740	None
5741	None
5742	None
5743	None
5744	None
5745	None
5746	None
5747	None
5748	None
5749	None
5750	None
5751	None
5752	None
5753	None
5754	None
5755	None
5756	None
5757	None
5758	None
5759	None
5760	None
5761	None
5762	None
5763	None
5764	None
5765	None
5766	None
5767	None
5768	None
5769	None
5770	None
5771	None
5772	None
5773	None
5774	None
5775	None
5776	None
5777	None
5778	None
5779	None
5780	None
5781	None
5782	None
5783	None
5784	None
5785	None
5786	None
5787	None
5788	None
5789	None
5790	None
5791	None
5792	None
5793	None
5794	None
5795	None
5796	None
5797	None
5798	None
5799	None
5800	None
5801	None
5802	None
5803	None
5804	None
5805	None
5806	None
5807	None
5808	None
5809	None
5810	None
5811	None
5812	None
5813	None
5814	None
5815	None
5816	None
5817	None
5818	None
5819	None
5820	None
5821	None
5822	None
5823	None
5824	None
5825	None
5826	None
5827	None
5828	None
5829	None
5830	None
5831	None
5832	None
5833	None
5834	None
5835	None
5836	None
5837	None
5838	None
5839	None
5840	None
5841	None
5842	None
5843	None
5844	None
5845	None
5846	None
5847	None
5848	None
5849	None
5850	None
5851	None
5852	None
5853	None
5854	None
5855	None
5856	None
5857	None
5858	None
5859	None
5860	None
5861	None
5862	None
5863	None
5864	None
5865	None
5866	None
5867	None
5868	None
5869	None
5870	None
5871	None
5872	None
5873	None
5874	None
5875	None
5876	None
5877	None
5878	None
5879	None
5880	None
5881	None
5882	None
5883	None
5884	None
5885	None
5886	None
5887	None
5888	None
5889	None
5890	None
5891	None
5892	None
5893	None
5894	None
5895	None
5896	None
5897	None
5898	None
5899	None
5900	None
5901	None
5902	None
5903	None
5904	None
5905	None
5906	None
5907	None
5908	None
5909	None
5910	None
5911	None
5912	None
5913	None
5914	None
5915	None
5916	None
5917	None
5918	None
5919	None
5920	None
5921	None
5922	None
5923	None
5924	None
5925	None
5926	None
5927	None
5928	None
5929	None
5930	None
5931	None
5932	None
5933	None
5934	None
5935	None
5936	None
5937	None
5938	None
5939	None
5940	None
5941	None
5942	None
5943	None
5944	None
5945	None
5946	None
5947	None
5948	None
5949	None
5950	None
5951	None
5952	None
5953	None
5954	None
5955	None
5956	None
5957	None
5958	None
5959	None
5960	None
5961	None
5962	None
5963	None
5964	None
5965	None
5966	None
5967	None
5968	None
5969	None
5970	None
5971	None
5972	None
5973	None
5974	None
5975	None
5976	None
5977	None
5978	None
5979	None
5980	None
5981	None
5982	None
5983	None
5984	None
5985	None
5986	None
5987	None
5988	None
5989	None
5990	None
5991	None
5992	None
5993	None
5994	None
5995	None
5996	None
5997	None
5998	None
5999	None
6000	None
6001	None
6002	None
6003	None
6004	None
6005	None
6006	None
6007	None
6008	None
6009	None
6010	None
6011	None
6012	None
6013	None
6014	None
6015	None
6016	None
6017	None
6018	None
6019	None
6020	None
6021	None
6022	None
6023	None
6024	None
6025	None
6026	None
6027	None
6028	None
6029	None
6030	None
6031	None
6032	None
6033	None
6034	None
6035	None
6036	None
6037	None
6038	None
6039	None
6040	None
6041	None
6042	None
6043	None
6044	None
6045	None
6046	None
6047	None
6048	None
6049	None
6050	None
6051	None
6052	None
6053	None
6054	None
6055	None
6056	None
6057	None
6058	None
6059	None
6060	None
6061	None
6062	None
6063	None
6064	None
6065	None
6066	None
6067	None
6068	None
6069	None
6070	None
6071	None
6072	None
6073	None
6074	None
6075	None
6076	None
6077	None
6078	None
6079	None
6080	None
6081	None
6082	None
6083	None
6084	None
6085	None
6086	None
6087	None
6088	None
6089	None
6090	None
6091	None
6092	None
6093	None
6094	None
6095	None
6096	None
6097	None
6098	None
6099	None
6100	None
6101	None
6102	None
6103	None
6104	None
6105	None
6106	None
6107	None
6108	None
6109	None
6110	None
6111	None
6112	None
6113	None
6114	None
6115	None
6116	None
6117	None
6118	None
6119	None
6120	None
6121	None
6122	None
6123	None
6124	None
6125	None
6126	None
6127	None
6128	None
6129	None
6130	None
6131	None
6132	None
6133	None
6134	None
6135	None
6136	None
6137	None
6138	None
6139	None
6140	None
6141	None
6142	None
6143	None
6144	None
6145	None
6146	None
6147	None
6148	None
6149	None
6150	None
6151	None
6152	None
6153	None
6154	None
6155	None
6156	None
6157	None
6158	None
6159	None
6160	None
6161	None
6162	None
6163	None
6164	None
6165	None
6166	None
6167	None
6168	None
6169	None
6170	None
6171	None
6172	None
6173	None
6174	None
6175	None
6176	None
6177	None
6178	None
6179	None
6180	None
6181	None
6182	None
6183	None
6184	None
6185	None
6186	None
6187	None
6188	None
6189	None
6190	None
6191	None
6192	None
6193	None
6194	None
6195	None
6196	None
6197	None
6198	None
6199	None
6200	None
6201	None
6202	None
6203	None
6204	None
6205	None
6206	None
6207	None
6208	None
6209	None
6210	None
6211	None
6212	None
6213	None
6214	None
6215	None
6216	None
6217	None
6218	None
6219	None
6220	None
6221	None
6222	None
6223	None
6224	None
6225	None
6226	None
6227	None
6228	None
6229	None
6230	None
6231	None
6232	None
6233	None
6234	None
6235	None
6236	None
6237	None
6238	None
6239	None
6240	None
6241	None
6242	None
6243	None
6244	None
6245	None
6246	None
6247	None
6248	None
6249	None
6250	None
6251	None
6252	None
6253	None
6254	None
6255	None
6256	None
6257	None
6258	None
6259	None
6260	None
6261	None
6262	None
6263	None
6264	None
6265	None
6266	None
6267	None
6268	None
6269	None
6270	None
6271	None
6272	None
6273	None
6274	None
6275	None
6276	None
6277	None
6278	None
6279	None
6280	None
6281	None
6282	None
6283	None
6284	None
6285	None
6286	None
6287	None
6288	None
6289	None
6290	None
6291	None
6292	None
6293	None
6294	None
6295	None
6296	None
6297	None
6298	None
6299	None
6300	None
6301	None
6302	None
6303	None
6304	None
6305	None
6306	None
6307	None
6308	None
6309	None
6310	None
6311	None
6312	None
6313	None
6314	None
6315	None
6316	None
6317	None
6318	None
6319	None
6320	None
6321	None
6322	None
6323	None
6324	None
6325	None
6326	None
6327	None
6328	None
6329	None
6330	None
6331	None
6332	None
6333	None
6334	None
6335	None
6336	None
6337	None
6338	None
6339	None
6340	None
6341	None
6342	None
6343	None
6344	None
6345	None
6346	None
6347	None
6348	None
6349	None
6350	None
6351	None
6352	None
6353	None
6354	None
6355	None
6356	None
6357	None
6358	None
6359	None
6360	None
6361	None
6362	None
6363	None
6364	None
6365	None
6366	None
6367	None
6368	None
6369	None
6370	None
6371	None
6372	None
6373	None
6374	None
6375	None
6376	None
6377	None
6378	None
6379	None
6380	None
6381	None
6382	None
6383	None
6384	None
6385	None
6386	None
6387	None
6388	None
6389	None
6390	None
6391	None
6392	None
6393	None
6394	None
6395	None
6396	None
6397	None
6398	None
6399	None
6400	None
6401	None
6402	None
6403	None
6404	None
6405	None
6406	None
6407	None
6408	None
6409	None
6410	None
6411	None
6412	None
6413	None
6414	None
6415	None
6416	None
6417	None
6418	None
6419	None
6420	None
6421	None
6422	None
6423	None
6424	None
6425	None
6426	None
6427	None
6428	None
6429	None
6430	None
6431	None
6432	None
6433	None
6434	None
6435	None
6436	None
6437	None
6438	None
6439	None
6440	None
6441	None
6442	None
6443	None
6444	None
6445	None
6446	None
6447	None
6448	None
6449	None
6450	None
6451	None
6452	None
6453	None
6454	None
6455	None
6456	None
6457	None
6458	None
6459	None
6460	None
6461	None
6462	None
6463	None
6464	None
6465	None
6466	None
6467	None
6468	None
6469	None
6470	None
6471	None
6472	None
6473	None
6474	None
6475	None
6476	None
6477	None
6478	None
6479	None
6480	None
6481	None
6482	None
6483	None
6484	None
6485	None
6486	None
6487	None
6488	None
6489	None
6490	None
6491	None
6492	None
6493	None
6494	None
6495	None
6496	None
6497	None
6498	None
6499	None
6500	None
6501	None
6502	None
6503	None
6504	None
6505	None
6506	None
6507	None
6508	None
6509	None
6510	None
6511	None
6512	None
6513	None
6514	None
6515	None
6516	None
6517	None
6518	None
6519	None
6520	None
6521	None
6522	None
6523	None
6524	None
6525	None
6526	None
6527	None
6528	None
6529	None
6530	None
6531	None
6532	None
6533	None
6534	None
6535	None
6536	None
6537	None
6538	None
6539	None
6540	None
6541	None
6542	None
6543	None
6544	None
6545	None
6546	None
6547	None
6548	None
6549	None
6550	None
6551	None
6552	None
6553	None
6554	None
6555	None
6556	None
6557	None
6558	None
6559	None
6560	None
6561	None
6562	None
6563	None
6564	None
6565	None
6566	None
6567	None
6568	None
6569	None
6570	None
6571	None
6572	None
6573	None
6574	None
6575	None
6576	None
6577	None
6578	None
6579	None
6580	None
6581	None
6582	None
6583	None
6584	None
6585	None
6586	None
6587	None
6588	None
6589	None
6590	None
6591	None
6592	None
6593	None
6594	None
6595	None
6596	None
6597	None
6598	None
6599	None
6600	None
6601	None
6602	None
6603	None
6604	None
6605	None
6606	None
6607	None
6608	None
6609	None
6610	None
6611	None
6612	None
6613	None
6614	None
6615	None
6616	None
6617	None
6618	None
6619	None
6620	None
6621	None
6622	None
6623	None
6624	None
6625	None
6626	None
6627	None
6628	None
6629	None
6630	None
6631	None
6632	None
6633	None
6634	None
6635	None
6636	None
6637	None
6638	None
6639	None
6640	None
6641	None
6642	None
6643	None
6644	None
6645	None
6646	None
6647	None
6648	None
6649	None
6650	None
6651	None
6652	None
6653	None
6654	None
6655	None
6656	None
6657	None
6658	None
6659	None
6660	None
6661	None
6662	None
6663	None
6664	None
6665	None
6666	None
6667	None
6668	None
6669	None
6670	None
6671	None
6672	None
6673	None
6674	None
6675	None
6676	None
6677	None
6678	None
6679	None
6680	None
6681	None
6682	None
6683	None
6684	None
6685	None
6686	None
6687	None
6688	None
6689	None
6690	None
6691	None
6692	None
6693	None
6694	None
6695	None
6696	None
6697	None
6698	None
6699	None
6700	None
6701	None
6702	None
6703	None
6704	None
6705	None
6706	None
6707	None
6708	None
6709	None
6710	None
6711	None
6712	None
6713	None
6714	None
6715	None
6716	None
6717	None
6718	None
6719	None
6720	None
6721	None
6722	None
6723	None
6724	None
6725	None
6726	None
6727	None
6728	None
6729	None
6730	None
6731	None
6732	None
6733	None
6734	None
6735	None
6736	None
6737	None
6738	None
6739	None
6740	None
6741	None
6742	None
6743	None
6744	None
6745	None
6746	None
6747	None
6748	None
6749	None
6750	None
6751	None
6752	None
6753	None
6754	None
6755	None
6756	None
6757	None
6758	None
6759	None
6760	None
6761	None
6762	None
6763	None
6764	None
6765	None
6766	None
6767	None
6768	None
6769	None
6770	None
6771	None
6772	None
6773	None
6774	None
6775	None
6776	None
6777	None
6778	None
6779	None
6780	None
6781	None
6782	None
6783	None
6784	None
6785	None
6786	None
6787	None
6788	None
6789	None
6790	None
6791	None
6792	None
6793	None
6794	None
6795	None
6796	None
6797	None
6798	None
6799	None
6800	None
6801	None
6802	None
6803	None
6804	None
6805	None
6806	None
6807	None
6808	None
6809	None
6810	None
6811	None
6812	None
6813	None
6814	None
6815	None
6816	None
6817	None
6818	None
6819	None
6820	None
6821	None
6822	None
6823	None
6824	None
6825	None
6826	None
6827	None
6828	None
6829	None
6830	None
6831	None
6832	None
6833	None
6834	None
6835	None
6836	None
6837	None
6838	None
6839	None
6840	None
6841	None
6842	None
6843	None
6844	None
6845	None
6846	None
6847	None
6848	None
6849	None
6850	None
6851	None
6852	None
6853	None
6854	None
6855	None
6856	None
6857	None
6858	None
6859	None
6860	None
6861	None
6862	None
6863	None
6864	None
6865	None
6866	None
6867	None
6868	None
6869	None
6870	None
6871	None
6872	None
6873	None
6874	None
6875	None
6876	None
6877	None
6878	None
6879	None
6880	None
6881	None
6882	None
6883	None
6884	None
6885	None
6886	None
6887	None
6888	None
6889	None
6890	None
6891	None
6892	None
6893	None
6894	None
6895	None
6896	None
6897	None
6898	None
6899	None
6900	None
6901	None
6902	None
6903	None
6904	None
6905	None
6906	None
6907	None
6908	None
6909	None
6910	None
6911	None
6912	None
6913	None
6914	None
6915	None
6916	None
6917	None
6918	None
6919	None
6920	None
6921	None
6922	None
6923	None
6924	None
6925	None
6926	None
6927	None
6928	None
6929	None
6930	None
6931	None
6932	None
6933	None
6934	None
6935	None
6936	None
6937	None
6938	None
6939	None
6940	None
6941	None
6942	None
6943	None
6944	None
6945	None
6946	None
6947	None
6948	None
6949	None
6950	None
6951	None
6952	None
6953	None
6954	None
6955	None
6956	None
6957	None
6958	None
6959	None
6960	None
6961	None
6962	None
6963	None
6964	None
6965	None
6966	None
6967	None
6968	None
6969	None
6970	None
6971	None
6972	None
6973	None
6974	None
6975	None
6976	None
6977	None
6978	None
6979	None
6980	None
6981	None
6982	None
6983	None
6984	None
6985	None
6986	None
6987	None
6988	None
6989	None
6990	None
6991	None
6992	None
6993	None
6994	None
6995	None
6996	None
6997	None
6998	None
6999	None
7000	None
7001	None
7002	None
7003	None
7004	None
7005	None
7006	None
7007	None
7008	None
7009	None
7010	None
7011	None
7012	None
7013	None
7014	None
7015	None
7016	None
7017	None
7018	None
7019	None
7020	None
7021	None
7022	None
7023	None
7024	None
7025	None
7026	None
7027	None
7028	None
7029	None
7030	None
7031	None
7032	None
7033	None
7034	None
7035	None
7036	None
7037	None
7038	None
7039	None
7040	None
7041	None
7042	None
7043	None
7044	None
7045	None
7046	None
7047	None
7048	None
7049	None
7050	None
7051	None
7052	None
7053	None
7054	None
7055	None
7056	None
7057	None
7058	None
7059	None
7060	None
7061	None
7062	None
7063	None
7064	None
7065	None
7066	None
7067	None
7068	None
7069	None
7070	None
7071	None
7072	None
7073	None
7074	None
7075	None
7076	None
7077	None
7078	None
7079	None
7080	None
7081	None
7082	None
7083	None
7084	None
7085	None
7086	None
7087	None
7088	None
7089	None
7090	None
7091	None
7092	None
7093	None
7094	None
7095	None
7096	None
7097	None
7098	None
7099	None
7100	None
7101	None
7102	None
7103	None
7104	None
7105	None
7106	None
7107	None
7108	None
7109	None
7110	None
7111	None
7112	None
7113	None
7114	None
7115	None
7116	None
7117	None
7118	None
7119	None
7120	None
7121	None
7122	None
7123	None
7124	None
7125	None
7126	None
7127	None
7128	None
7129	None
7130	None
7131	None
7132	None
7133	None
7134	None
7135	None
7136	None
7137	None
7138	None
7139	None
7140	None
7141	None
7142	None
7143	None
7144	None
7145	None
7146	None
7147	None
7148	None
7149	None
7150	None
7151	None
7152	None
7153	None
7154	None
7155	None
7156	None
7157	None
7158	None
7159	None
7160	None
7161	None
7162	None
7163	None
7164	None
7165	None
7166	None
7167	None
7168	None
7169	None
7170	None
7171	None
7172	None
7173	None
7174	None
7175	None
7176	None
7177	None
7178	None
7179	None
7180	None
7181	None
7182	None
7183	None
7184	None
7185	None
7186	None
7187	None
7188	None
7189	None
7190	None
7191	None
7192	None
7193	None
7194	None
7195	None
7196	None
7197	None
7198	None
7199	None
7200	None
7201	None
7202	None
7203	None
7204	None
7205	None
7206	None
7207	None
7208	None
7209	None
7210	None
7211	None
7212	None
7213	None
7214	None
7215	None
7216	None
7217	None
7218	None
7219	None
7220	None
7221	None
7222	None
7223	None
7224	None
7225	None
7226	None
7227	None
7228	None
7229	None
7230	None
7231	None
7232	None
7233	None
7234	None
7235	None
7236	None
7237	None
7238	None
7239	None
7240	None
7241	None
7242	None
7243	None
7244	None
7245	None
7246	None
7247	None
7248	None
7249	None
7250	None
7251	None
7252	None
7253	None
7254	None
7255	None
7256	None
7257	None
7258	None
7259	None
7260	None
7261	None
7262	None
7263	None
7264	None
7265	None
7266	None
7267	None
7268	None
7269	None
7270	None
7271	None
7272	None
7273	None
7274	None
7275	None
7276	None
7277	None
7278	None
7279	None
7280	None
7281	None
7282	None
7283	None
7284	None
7285	None
7286	None
7287	None
7288	None
7289	None
7290	None
7291	None
7292	None
7293	None
7294	None
7295	None
7296	None
7297	None
7298	None
7299	None
7300	None
7301	None
7302	None
7303	None
7304	None
7305	None
7306	None
7307	None
7308	None
7309	None
7310	None
7311	None
7312	None
7313	None
7314	None
7315	None
7316	None
7317	None
7318	None
7319	None
7320	None
7321	None
7322	None
7323	None
7324	None
7325	None
7326	None
7327	None
7328	None
7329	None
7330	None
7331	None
7332	None
7333	None
7334	None
7335	None
7336	None
7337	None
7338	None
7339	None
7340	None
7341	None
7342	None
7343	None
7344	None
7345	None
7346	None
7347	None
7348	None
7349	None
7350	None
7351	None
7352	None
7353	None
7354	None
7355	None
7356	None
7357	None
7358	None
7359	None
7360	None
7361	None
7362	None
7363	None
7364	None
7365	None
7366	None
7367	None
7368	None
7369	None
7370	None
7371	None
7372	None
7373	None
7374	None
7375	None
7376	None
7377	None
7378	None
7379	None
7380	None
7381	None
7382	None
7383	None
7384	None
7385	None
7386	None
7387	None
7388	None
7389	None
7390	None
7391	None
7392	None
7393	None
7394	None
7395	None
7396	None
7397	None
7398	None
7399	None
7400	None
7401	None
7402	None
7403	None
7404	None
7405	None
7406	None
7407	None
7408	None
7409	None
7410	None
7411	None
7412	None
7413	None
7414	None
7415	None
7416	None
7417	None
7418	None
7419	None
7420	None
7421	None
7422	None
7423	None
7424	None
7425	None
7426	None
7427	None
7428	None
7429	None
7430	None
7431	None
7432	None
7433	None
7434	None
7435	None
7436	None
7437	None
7438	None
7439	None
7440	None
7441	None
7442	None
7443	None
7444	None
7445	None
7446	None
7447	None
7448	None
7449	None
7450	None
7451	None
7452	None
7453	None
7454	None
7455	None
7456	None
7457	None
7458	None
7459	None
7460	None
7461	None
7462	None
7463	None
7464	None
7465	None
7466	None
7467	None
7468	None
7469	None
7470	None
7471	None
7472	None
7473	None
7474	None
7475	None
7476	None
7477	None
7478	None
7479	None
7480	None
7481	None
7482	None
7483	None
7484	None
7485	None
7486	None
7487	None
7488	None
7489	None
7490	None
7491	None
7492	None
7493	None
7494	None
7495	None
7496	None
7497	None
7498	None
7499	None
7500	None
7501	None
7502	None
7503	None
7504	None
7505	None
7506	None
7507	None
7508	None
7509	None
7510	None
7511	None
7512	None
7513	None
7514	None
7515	None
7516	None
7517	None
7518	None
7519	None
7520	None
7521	None
7522	None
7523	None
7524	None
7525	None
7526	None
7527	None
7528	None
7529	None
7530	None
7531	None
7532	None
7533	None
7534	None
7535	None
7536	None
7537	None
7538	None
7539	None
7540	None
7541	None
7542	None
7543	None
7544	None
7545	None
7546	None
7547	None
7548	None
7549	None
7550	None
7551	None
7552	None
7553	None
7554	None
7555	None
7556	None
7557	None
7558	None
7559	None
7560	None
7561	None
7562	None
7563	None
7564	None
7565	None
7566	None
7567	None
7568	None
7569	None
7570	None
7571	None
7572	None
7573	None
7574	None
7575	None
7576	None
7577	None
7578	None
7579	None
7580	None
7581	None
7582	None
7583	None
7584	None
7585	None
7586	None
7587	None
7588	None
7589	None
7590	None
7591	None
7592	None
7593	None
7594	None
7595	None
7596	None
7597	None
7598	None
7599	None
7600	None
7601	None
7602	None
7603	None
7604	None
7605	None
7606	None
7607	None
7608	None
7609	None
7610	None
7611	None
7612	None
7613	None
7614	None
7615	None
7616	None
7617	None
7618	None
7619	None
7620	None
7621	None
7622	None
7623	None
7624	None
7625	None
7626	None
7627	None
7628	None
7629	None
7630	None
7631	None
7632	None
7633	None
7634	None
7635	None
7636	None
7637	None
7638	None
7639	None
7640	None
7641	None
7642	None
7643	None
7644	None
7645	None
7646	None
7647	None
7648	None
7649	None
7650	None
7651	None
7652	None
7653	None
7654	None
7655	None
7656	None
7657	None
7658	None
7659	None
7660	None
7661	None
7662	None
7663	None
7664	None
7665	None
7666	None
7667	None
7668	None
7669	None
7670	None
7671	None
7672	None
7673	None
7674	None
7675	None
7676	None
7677	None
7678	None
7679	None
7680	None
7681	None
7682	None
7683	None
7684	None
7685	None
7686	None
7687	None
7688	None
7689	None
7690	None
7691	None
7692	None
7693	None
7694	None
7695	None
7696	None
7697	None
7698	None
7699	None
7700	None
7701	None
7702	None
7703	None
7704	None
7705	None
7706	None
7707	None
7708	None
7709	None
7710	None
7711	None
7712	None
7713	None
7714	None
7715	None
7716	None
7717	None
7718	None
7719	None
7720	None
7721	None
7722	None
7723	None
7724	None
7725	None
7726	None
7727	None
7728	None
7729	None
7730	None
7731	None
7732	None
7733	None
7734	None
7735	None
7736	None
7737	None
7738	None
7739	None
7740	None
7741	None
7742	None
7743	None
7744	None
7745	None
7746	None
7747	None
7748	None
7749	None
7750	None
7751	None
7752	None
7753	None
7754	None
7755	None
7756	None
7757	None
7758	None
7759	None
7760	None
7761	None
7762	None
7763	None
7764	None
7765	None
7766	None
7767	None
7768	None
7769	None
7770	None
7771	None
7772	None
7773	None
7774	None
7775	None
7776	None
7777	None
7778	None
7779	None
7780	None
7781	None
7782	None
7783	None
7784	None
7785	None
7786	None
7787	None
7788	None
7789	None
7790	None
7791	None
7792	None
7793	None
7794	None
7795	None
7796	None
7797	None
7798	None
7799	None
7800	None
7801	None
7802	None
7803	None
7804	None
7805	None
7806	None
7807	None
7808	None
7809	None
7810	None
7811	None
7812	None
7813	None
7814	None
7815	None
7816	None
7817	None
7818	None
7819	None
7820	None
7821	None
7822	None
7823	None
7824	None
7825	None
7826	None
7827	None
7828	None
7829	None
7830	None
7831	None
7832	None
7833	None
7834	None
7835	None
7836	None
7837	None
7838	None
7839	None
7840	None
7841	None
7842	None
7843	None
7844	None
7845	None
7846	None
7847	None
7848	None
7849	None
7850	None
7851	None
7852	None
7853	None
7854	None
7855	None
7856	None
7857	None
7858	None
7859	None
7860	None
7861	None
7862	None
7863	None
7864	None
7865	None
7866	None
7867	None
7868	None
7869	None
7870	None
7871	None
7872	None
7873	None
7874	None
7875	None
7876	None
7877	None
7878	None
7879	None
7880	None
7881	None
7882	None
7883	None
7884	None
7885	None
7886	None
7887	None
7888	None
7889	None
7890	None
7891	None
7892	None
7893	None
7894	None
7895	None
7896	None
7897	None
7898	None
7899	None
7900	None
7901	None
7902	None
7903	None
7904	None
7905	None
7906	None
7907	None
7908	None
7909	None
7910	None
7911	None
7912	None
7913	None
7914	None
7915	None
7916	None
7917	None
7918	None
7919	None
7920	None
7921	None
7922	None
7923	None
7924	None
7925	None
7926	None
7927	None
7928	None
7929	None
7930	None
7931	None
7932	None
7933	None
7934	None
7935	None
7936	None
7937	None
7938	None
7939	None
7940	None
7941	None
7942	None
7943	None
7944	None
7945	None
7946	None
7947	None
7948	None
7949	None
7950	None
7951	None
7952	None
7953	None
7954	None
7955	None
7956	None
7957	None
7958	None
7959	None
7960	None
7961	None
7962	None
7963	None
7964	None
7965	None
7966	None
7967	None
7968	None
7969	None
7970	None
7971	None
7972	None
7973	None
7974	None
7975	None
7976	None
7977	None
7978	None
7979	None
7980	None
7981	None
7982	None
7983	None
7984	None
7985	None
7986	None
7987	None
7988	None
7989	None
7990	None
7991	None
7992	None
7993	None
7994	None
7995	None
7996	None
7997	None
7998	None
7999	None
8000	None
8001	None
8002	None
8003	None
8004	None
8005	None
8006	None
8007	None
8008	None
8009	None
8010	None
8011	None
8012	None
8013	None
8014	None
8015	None
8016	None
8017	None
8018	None
8019	None
8020	None
8021	None
8022	None
8023	None
8024	None
8025	None
8026	None
8027	None
8028	None
8029	None
8030	None
8031	None
8032	None
8033	None
8034	None
8035	None
8036	None
8037	None
8038	None
8039	None
8040	None
8041	None
8042	None
8043	None
8044	None
8045	None
8046	None
8047	None
8048	None
8049	None
8050	None
8051	None
8052	None
8053	None
8054	None
8055	None
8056	None
8057	None
8058	None
8059	None
8060	None
8061	None
8062	None
8063	None
8064	None
8065	None
8066	None
8067	None
8068	None
8069	None
8070	None
8071	None
8072	None
8073	None
8074	None
8075	None
8076	None
8077	None
8078	None
8079	None
8080	None
8081	None
8082	None
8083	None
8084	None
8085	None
8086	None
8087	None
8088	None
8089	None
8090	None
8091	None
8092	None
8093	None
8094	None
8095	None
8096	None
8097	None
8098	None
8099	None
8100	None
8101	None
8102	None
8103	None
8104	None
8105	None
8106	None
8107	None
8108	None
8109	None
8110	None
8111	None
8112	None
8113	None
8114	None
8115	None
8116	None
8117	None
8118	None
8119	None
8120	None
8121	None
8122	None
8123	None
8124	None
8125	None
8126	None
8127	None
8128	None
8129	None
8130	None
8131	None
8132	None
8133	None
8134	None
8135	None
8136	None
8137	None
8138	None
8139	None
8140	None
8141	None
8142	None
8143	None
8144	None
8145	None
8146	None
8147	None
8148	None
8149	None
8150	None
8151	None
8152	None
8153	None
8154	None
8155	None
8156	None
8157	None
8158	None
8159	None
8160	None
8161	None
8162	None
8163	None
8164	None
8165	None
8166	None
8167	None
8168	None
8169	None
8170	None
8171	None
8172	None
8173	None
8174	None
8175	None
8176	None
8177	None
8178	None
8179	None
8180	None
8181	None
8182	None
8183	None
8184	None
8185	None
8186	None
8187	None
8188	None
8189	None
8190	None
8191	None
8192	None
8193	None
8194	None
8195	None
8196	None
8197	None
8198	None
8199	None
8200	None
8201	None
8202	None
8203	None
8204	None
8205	None
8206	None
8207	None
8208	None
8209	None
8210	None
8211	None
8212	None
8213	None
8214	None
8215	None
8216	None
8217	None
8218	None
8219	None
8220	None
8221	None
8222	None
8223	None
8224	None
8225	None
8226	None
8227	None
8228	None
8229	None
8230	None
8231	None
8232	None
8233	None
8234	None
8235	None
8236	None
8237	None
8238	None
8239	None
8240	None
8241	None
8242	None
8243	None
8244	None
8245	None
8246	None
8247	None
8248	None
8249	None
8250	None
8251	None
8252	None
8253	None
8254	None
8255	None
8256	None
8257	None
8258	None
8259	None
8260	None
8261	None
8262	None
8263	None
8264	None
8265	None
8266	None
8267	None
8268	None
8269	None
8270	None
8271	None
8272	None
8273	None
8274	None
8275	None
8276	None
8277	None
8278	None
8279	None
8280	None
8281	None
8282	None
8283	None
8284	None
8285	None
8286	None
8287	None
8288	None
8289	None
8290	None
8291	None
8292	None
8293	None
8294	None
8295	None
8296	None
8297	None
8298	None
8299	None
8300	None
8301	None
8302	None
8303	None
8304	None
8305	None
8306	None
8307	None
8308	None
8309	None
8310	None
8311	None
8312	None
8313	None
8314	None
8315	None
8316	None
8317	None
8318	None
8319	None
8320	None
8321	None
8322	None
8323	None
8324	None
8325	None
8326	None
8327	None
8328	None
8329	None
8330	None
8331	None
8332	None
8333	None
8334	None
8335	None
8336	None
8337	None
8338	None
8339	None
8340	None
8341	None
8342	None
8343	None
8344	None
8345	None
8346	None
8347	None
8348	None
8349	None
8350	None
8351	None
8352	None
8353	None
8354	None
8355	None
8356	None
8357	None
8358	None
8359	None
8360	None
8361	None
8362	None
8363	None
8364	None
8365	None
8366	None
8367	None
8368	None
8369	None
8370	None
8371	None
8372	None
8373	None
8374	None
8375	None
8376	None
8377	None
8378	None
8379	None
8380	None
8381	None
8382	None
8383	None
8384	None
8385	None
8386	None
8387	None
8388	None
8389	None
8390	None
8391	None
8392	None
8393	None
8394	None
8395	None
8396	None
8397	None
8398	None
8399	None
8400	None
8401	None
8402	None
8403	None
8404	None
8405	None
8406	None
8407	None
8408	None
8409	None
8410	None
8411	None
8412	None
8413	None
8414	None
8415	None
8416	None
8417	None
8418	None
8419	None
8420	None
8421	None
8422	None
8423	None
8424	None
8425	None
8426	None
8427	None
8428	None
8429	None
8430	None
8431	None
8432	None
8433	None
8434	None
8435	None
8436	None
8437	None
8438	None
8439	None
8440	None
8441	None
8442	None
8443	None
8444	None
8445	None
8446	None
8447	None
8448	None
8449	None
8450	None
8451	None
8452	None
8453	None
8454	None
8455	None
8456	None
8457	None
8458	None
8459	None
8460	None
8461	None
8462	None
8463	None
8464	None
8465	None
8466	None
8467	None
8468	None
8469	None
8470	None
8471	None
8472	None
8473	None
8474	None
8475	None
8476	None
8477	None
8478	None
8479	None
8480	None
8481	None
8482	None
8483	None
8484	None
8485	None
8486	None
8487	None
8488	None
8489	None
8490	None
8491	None
8492	None
8493	None
8494	None
8495	None
8496	None
8497	None
8498	None
8499	None
8500	None
8501	None
8502	None
8503	None
8504	None
8505	None
8506	None
8507	None
8508	None
8509	None
8510	None
8511	None
8512	None
8513	None
8514	None
8515	None
8516	None
8517	None
8518	None
8519	None
8520	None
8521	None
8522	None
8523	None
8524	None
8525	None
8526	None
8527	None
8528	None
8529	None
8530	None
8531	None
8532	None
8533	None
8534	None
8535	None
8536	None
8537	None
8538	None
8539	None
8540	None
8541	None
8542	None
8543	None
8544	None
8545	None
8546	None
8547	None
8548	None
8549	None
8550	None
8551	None
8552	None
8553	None
8554	None
8555	None
8556	None
8557	None
8558	None
8559	None
8560	None
8561	None
8562	None
8563	None
8564	None
8565	None
8566	None
8567	None
8568	None
8569	None
8570	None
8571	None
8572	None
8573	None
8574	None
8575	None
8576	None
8577	None
8578	None
8579	None
8580	None
8581	None
8582	None
8583	None
8584	None
8585	None
8586	None
8587	None
8588	None
8589	None
8590	None
8591	None
8592	None
8593	None
8594	None
8595	None
8596	None
8597	None
8598	None
8599	None
8600	None
8601	None
8602	None
8603	None
8604	None
8605	None
8606	None
8607	None
8608	None
8609	None
8610	None
8611	None
8612	None
8613	None
8614	None
8615	None
8616	None
8617	None
8618	None
8619	None
8620	None
8621	None
8622	None
8623	None
8624	None
8625	None
8626	None
8627	None
8628	None
8629	None
8630	None
8631	None
8632	None
8633	None
8634	None
8635	None
8636	None
8637	None
8638	None
8639	None
8640	None
8641	None
8642	None
8643	None
8644	None
8645	None
8646	None
8647	None
8648	None
8649	None
8650	None
8651	None
8652	None
8653	None
8654	None
8655	None
8656	None
8657	None
8658	None
8659	None
8660	None
8661	None
8662	None
8663	None
8664	None
8665	None
8666	None
8667	None
8668	None
8669	None
8670	None
8671	None
8672	None
8673	None
8674	None
8675	None
8676	None
8677	None
8678	None
8679	None
8680	None
8681	None
8682	None
8683	None
8684	None
8685	None
8686	None
8687	None
8688	None
8689	None
8690	None
8691	None
8692	None
8693	None
8694	None
8695	None
8696	None
8697	None
8698	None
8699	None
8700	None
8701	None
8702	None
8703	None
8704	None
8705	None
8706	None
8707	None
8708	None
8709	None
8710	None
8711	None
8712	None
8713	None
8714	None
8715	None
8716	None
8717	None
8718	None
8719	None
8720	None
8721	None
8722	None
8723	None
8724	None
8725	None
8726	None
8727	None
8728	None
8729	None
8730	None
8731	None
8732	None
8733	None
8734	None
8735	None
8736	None
8737	None
8738	None
8739	None
8740	None
8741	None
8742	None
8743	None
8744	None
8745	None
8746	None
8747	None
8748	None
8749	None
8750	None
8751	None
8752	None
8753	None
8754	None
8755	None
8756	None
8757	None
8758	None
8759	None
8760	None
8761	None
8762	None
8763	None
8764	None
8765	None
8766	None
8767	None
8768	None
8769	None
8770	None
8771	None
8772	None
8773	None
8774	None
8775	None
8776	None
8777	None
8778	None
8779	None
8780	None
8781	None
8782	None
8783	None
8784	None
8785	None
