3257 matches
['halomatch.py', 'Runs/', 'LCDM_vanilla', 'SymC_vanilla', '64', '.5', 'match_LCDM_vanilla_SymC_vanilla']
LCDM_vanilla	SymC_vanilla
0	0
1	1
2	2
3	3
4	4
5	5
6	7
7	21
8	11
9	10
10	6
11	9
12	8
13	14
14	12
15	15
16	17
17	16
18	18
19	19
20	26
21	22
22	20
23	23
24	27
25	24
26	25
27	29
28	30
29	28
30	37
31	None
32	31
33	32
34	42
35	39
36	40
37	46
38	111
39	41
40	36
41	None
42	34
43	35
44	47
45	49
46	50
47	52
48	43
49	51
50	54
51	48
52	60
53	53
54	33
55	38
56	61
57	55
58	62
59	57
60	69
61	78
62	58
63	111
64	65
65	122
66	59
67	70
68	68
69	121
70	64
71	89
72	103
73	77
74	71
75	75
76	90
77	67
78	80
79	84
80	82
81	76
82	None
83	93
84	129
85	156
86	None
87	107
88	81
89	173
90	212
91	212
92	85
93	95
94	None
95	110
96	83
97	None
98	91
99	99
100	152
101	126
102	None
103	87
104	100
105	86
106	94
107	102
108	98
109	109
110	106
111	88
112	119
113	130
114	116
115	164
116	153
117	None
118	108
119	101
120	136
121	128
122	398
123	None
124	105
125	125
126	133
127	112
128	None
129	114
130	132
131	131
132	None
133	138
134	142
135	147
136	194
137	140
138	None
139	None
140	104
141	167
142	151
143	148
144	145
145	None
146	169
147	155
148	149
149	146
150	484
151	None
152	120
153	168
154	162
155	127
156	124
157	154
158	None
159	182
160	139
161	170
162	150
163	157
164	206
165	161
166	281
167	171
168	None
169	177
170	174
171	159
172	None
173	None
174	224
175	160
176	264
177	185
178	205
179	184
180	198
181	213
182	217
183	242
184	172
185	719
186	None
187	197
188	447
189	144
190	None
191	175
192	470
193	None
194	815
195	263
196	188
197	186
198	207
199	214
200	319
201	183
202	209
203	166
204	227
205	None
206	225
207	None
208	200
209	190
210	288
211	276
212	None
213	308
214	330
215	None
216	None
217	266
218	None
219	211
220	251
221	259
222	None
223	245
224	694
225	215
226	244
227	None
228	446
229	235
230	None
231	250
232	None
233	337
234	None
235	237
236	None
237	249
238	537
239	258
240	322
241	None
242	289
243	271
244	262
245	None
246	246
247	601
248	247
249	337
250	304
251	None
252	295
253	261
254	407
255	321
256	None
257	278
258	303
259	None
260	256
261	None
262	306
263	None
264	323
265	269
266	437
267	329
268	285
269	231
270	346
271	None
272	None
273	412
274	None
275	None
276	287
277	270
278	None
279	268
280	296
281	299
282	272
283	450
284	None
285	388
286	307
287	None
288	238
289	None
290	None
291	None
292	None
293	255
294	470
295	408
296	727
297	360
298	265
299	None
300	426
301	475
302	458
303	733
304	None
305	363
306	None
307	708
308	None
309	396
310	229
311	273
312	None
313	431
314	None
315	383
316	None
317	None
318	378
319	None
320	None
321	316
322	1111
323	274
324	525
325	432
326	503
327	392
328	298
329	None
330	None
331	None
332	257
333	None
334	260
335	None
336	None
337	None
338	None
339	313
340	314
341	356
342	424
343	331
344	364
345	None
346	333
347	None
348	377
349	532
350	365
351	598
352	451
353	384
354	347
355	None
356	354
357	497
358	507
359	405
360	324
361	1265
362	320
363	309
364	None
365	456
366	None
367	409
368	None
369	None
370	861
371	604
372	541
373	386
374	None
375	None
376	1357
377	300
378	798
379	None
380	None
381	1283
382	492
383	280
384	None
385	474
386	None
387	None
388	733
389	379
390	476
391	385
392	1265
393	940
394	None
395	762
396	1281
397	495
398	403
399	420
400	436
401	None
402	None
403	512
404	397
405	None
406	749
407	None
408	None
409	None
410	None
411	None
412	None
413	519
414	1169
415	None
416	596
417	345
418	435
419	995
420	1421
421	441
422	524
423	None
424	1487
425	357
426	743
427	646
428	None
429	399
430	423
431	343
432	None
433	1129
434	None
435	None
436	None
437	None
438	1850
439	None
440	None
441	827
442	None
443	478
444	None
445	380
446	718
447	None
448	None
449	None
450	None
451	509
452	None
453	439
454	None
455	466
456	606
457	417
458	None
459	648
460	527
461	700
462	415
463	670
464	None
465	None
466	445
467	None
468	None
469	536
470	473
471	422
472	630
473	530
474	None
475	413
476	None
477	1391
478	634
479	406
480	866
481	576
482	None
483	564
484	1319
485	None
486	None
487	638
488	555
489	None
490	None
491	936
492	1432
493	None
494	1148
495	None
496	None
497	633
498	427
499	None
500	611
501	1048
502	734
503	None
504	617
505	558
506	1101
507	526
508	477
509	None
510	1450
511	494
512	642
513	531
514	None
515	699
516	None
517	None
518	None
519	None
520	444
521	None
522	2105
523	None
524	None
525	758
526	538
527	None
528	627
529	681
530	948
531	1319
532	861
533	None
534	None
535	1140
536	686
537	None
538	493
539	None
540	849
541	None
542	None
543	None
544	950
545	None
546	575
547	677
548	None
549	809
550	None
551	None
552	641
553	None
554	581
555	778
556	569
557	None
558	None
559	430
560	None
561	None
562	None
563	None
564	None
565	572
566	903
567	None
568	863
569	None
570	1000
571	None
572	None
573	703
574	None
575	688
576	1293
577	None
578	659
579	471
580	958
581	None
582	994
583	803
584	748
585	645
586	697
587	587
588	666
589	None
590	772
591	None
592	None
593	None
594	433
595	504
596	644
597	489
598	None
599	553
600	None
601	1432
602	887
603	935
604	None
605	739
606	None
607	None
608	1116
609	510
610	481
611	789
612	None
613	None
614	760
615	693
616	None
617	1491
618	824
619	None
620	1111
621	671
622	None
623	731
624	None
625	559
626	464
627	969
628	None
629	None
630	None
631	490
632	655
633	856
634	854
635	None
636	None
637	None
638	664
639	968
640	769
641	557
642	None
643	1422
644	698
645	783
646	508
647	None
648	612
649	None
650	None
651	None
652	None
653	831
654	None
655	1169
656	1567
657	None
658	None
659	None
660	None
661	673
662	735
663	1438
664	None
665	None
666	680
667	None
668	None
669	None
670	705
671	860
672	1274
673	None
674	858
675	None
676	None
677	560
678	618
679	1099
680	636
681	1796
682	599
683	None
684	907
685	468
686	930
687	813
688	None
689	None
690	1748
691	764
692	584
693	1090
694	None
695	797
696	750
697	1837
698	None
699	647
700	None
701	None
702	1544
703	808
704	None
705	None
706	726
707	None
708	862
709	None
710	1318
711	1507
712	811
713	None
714	None
715	540
716	None
717	548
718	None
719	None
720	None
721	None
722	745
723	483
724	None
725	722
726	None
727	573
728	None
729	None
730	None
731	None
732	None
733	639
734	None
735	878
736	None
737	1488
738	None
739	None
740	None
741	927
742	None
743	None
744	1552
745	None
746	1746
747	952
748	None
749	582
750	2069
751	None
752	None
753	658
754	None
755	None
756	None
757	1248
758	916
759	None
760	2190
761	820
762	948
763	None
764	1319
765	586
766	1025
767	847
768	None
769	983
770	1090
771	834
772	2128
773	650
774	781
775	None
776	923
777	None
778	None
779	1144
780	None
781	610
782	None
783	982
784	None
785	None
786	1533
787	657
788	591
789	None
790	None
791	None
792	1009
793	None
794	938
795	None
796	None
797	715
798	2190
799	655
800	963
801	None
802	871
803	767
804	None
805	913
806	1432
807	1454
808	None
809	717
810	2172
811	1573
812	None
813	2044
814	1030
815	None
816	901
817	None
818	None
819	1598
820	1085
821	None
822	1530
823	522
824	961
825	None
826	563
827	915
828	835
829	625
830	994
831	None
832	838
833	707
834	818
835	None
836	804
837	None
838	1073
839	None
840	839
841	1773
842	1588
843	965
844	1235
845	1302
846	1289
847	1726
848	None
849	954
850	1738
851	896
852	None
853	801
854	1332
855	903
856	None
857	None
858	704
859	1194
860	1180
861	None
862	None
863	2097
864	None
865	1046
866	819
867	654
868	None
869	905
870	1437
871	997
872	None
873	914
874	None
875	556
876	None
877	None
878	814
879	None
880	981
881	1130
882	1864
883	None
884	812
885	None
886	1557
887	990
888	None
889	None
890	None
891	None
892	702
893	974
894	1422
895	889
896	None
897	761
898	955
899	None
900	None
901	891
902	1112
903	None
904	785
905	729
906	None
907	None
908	1592
909	765
910	1677
911	None
912	960
913	None
914	None
915	None
916	859
917	1813
918	2414
919	1222
920	None
921	None
922	None
923	1676
924	None
925	None
926	900
927	None
928	None
929	None
930	1425
931	1473
932	None
933	1849
934	None
935	1487
936	2199
937	None
938	1182
939	None
940	None
941	1725
942	1543
943	None
944	None
945	None
946	994
947	None
948	1573
949	934
950	1081
951	2471
952	None
953	964
954	None
955	None
956	833
957	1141
958	1358
959	1314
960	1560
961	832
962	1137
963	1328
964	830
965	None
966	1066
967	1240
968	None
969	None
970	882
971	1436
972	1087
973	1181
974	1015
975	1006
976	1051
977	788
978	779
979	None
980	None
981	None
982	None
983	None
984	1461
985	1063
986	None
987	1095
988	1119
989	None
990	1449
991	2206
992	None
993	None
994	1956
995	970
996	1206
997	None
998	None
999	1766
1000	1007
1001	1459
1002	1208
1003	837
1004	None
1005	2562
1006	1830
1007	895
1008	None
1009	1149
1010	None
1011	805
1012	1025
1013	None
1014	None
1015	1105
1016	None
1017	885
1018	1017
1019	1330
1020	None
1021	1038
1022	1032
1023	949
1024	2011
1025	1815
1026	1109
1027	None
1028	None
1029	None
1030	807
1031	1455
1032	None
1033	None
1034	1359
1035	1395
1036	1496
1037	None
1038	1437
1039	840
1040	1190
1041	1931
1042	None
1043	None
1044	1602
1045	1533
1046	1644
1047	932
1048	None
1049	1064
1050	1175
1051	2060
1052	679
1053	1039
1054	None
1055	1021
1056	1847
1057	None
1058	None
1059	1127
1060	None
1061	1407
1062	1074
1063	None
1064	1401
1065	None
1066	706
1067	2522
1068	1326
1069	988
1070	1233
1071	None
1072	None
1073	1035
1074	2123
1075	None
1076	1269
1077	None
1078	None
1079	1377
1080	1537
1081	1585
1082	1179
1083	1058
1084	None
1085	1717
1086	None
1087	1889
1088	None
1089	1358
1090	1707
1091	1686
1092	None
1093	822
1094	791
1095	None
1096	None
1097	1239
1098	1100
1099	1425
1100	1214
1101	None
1102	1339
1103	2759
1104	1099
1105	1370
1106	2007
1107	1577
1108	None
1109	1729
1110	None
1111	None
1112	1348
1113	None
1114	None
1115	1089
1116	None
1117	None
1118	1514
1119	1315
1120	None
1121	1848
1122	None
1123	1460
1124	1463
1125	1131
1126	2319
1127	None
1128	1465
1129	1228
1130	None
1131	1543
1132	None
1133	None
1134	1200
1135	None
1136	956
1137	None
1138	1065
1139	None
1140	None
1141	None
1142	None
1143	1385
1144	None
1145	None
1146	None
1147	None
1148	None
1149	1856
1150	1557
1151	1209
1152	1067
1153	None
1154	2146
1155	None
1156	None
1157	None
1158	None
1159	1974
1160	None
1161	1538
1162	1440
1163	1187
1164	2355
1165	None
1166	1446
1167	None
1168	2687
1169	2052
1170	2815
1171	1638
1172	None
1173	None
1174	None
1175	None
1176	1581
1177	None
1178	1217
1179	None
1180	977
1181	1320
1182	1194
1183	None
1184	1018
1185	None
1186	None
1187	1327
1188	2165
1189	1669
1190	None
1191	1084
1192	None
1193	None
1194	1361
1195	959
1196	None
1197	1133
1198	None
1199	1260
1200	1696
1201	1835
1202	1223
1203	1641
1204	None
1205	1376
1206	2663
1207	1490
1208	2657
1209	None
1210	1826
1211	1918
1212	1808
1213	2097
1214	None
1215	1168
1216	1275
1217	1479
1218	1925
1219	1419
1220	1251
1221	2128
1222	1124
1223	2599
1224	1329
1225	893
1226	1244
1227	None
1228	1277
1229	2220
1230	None
1231	1176
1232	1707
1233	1903
1234	2562
1235	None
1236	None
1237	2922
1238	None
1239	1305
1240	1122
1241	2150
1242	3174
1243	None
1244	1754
1245	None
1246	1545
1247	None
1248	None
1249	2885
1250	None
1251	None
1252	2772
1253	993
1254	1632
1255	1765
1256	1135
1257	1363
1258	1576
1259	1218
1260	None
1261	None
1262	1868
1263	1542
1264	None
1265	1088
1266	None
1267	None
1268	1755
1269	1756
1270	1352
1271	2105
1272	1411
1273	None
1274	None
1275	None
1276	None
1277	1589
1278	None
1279	1271
1280	1453
1281	1700
1282	1196
1283	None
1284	None
1285	1613
1286	1387
1287	1675
1288	1814
1289	1620
1290	1564
1291	2076
1292	1583
1293	1435
1294	1505
1295	1817
1296	None
1297	1396
1298	1226
1299	2437
1300	None
1301	1394
1302	1262
1303	1673
1304	1152
1305	1483
1306	1721
1307	None
1308	1106
1309	None
1310	None
1311	None
1312	1799
1313	None
1314	2405
1315	1639
1316	None
1317	1741
1318	1631
1319	3271
1320	None
1321	None
1322	1134
1323	1828
1324	1341
1325	None
1326	None
1327	1537
1328	1616
1329	2066
1330	1412
1331	1532
1332	None
1333	None
1334	1493
1335	None
1336	1471
1337	1846
1338	2229
1339	None
1340	931
1341	2909
1342	1988
1343	1569
1344	1325
1345	1723
1346	1703
1347	None
1348	1623
1349	1928
1350	1757
1351	1421
1352	None
1353	1257
1354	1539
1355	1630
1356	1602
1357	1199
1358	1318
1359	2080
1360	1324
1361	1621
1362	None
1363	1408
1364	None
1365	None
1366	1698
1367	None
1368	None
1369	None
1370	2414
1371	2770
1372	None
1373	2857
1374	2063
1375	1552
1376	2605
1377	1161
1378	1311
1379	None
1380	None
1381	1976
1382	1366
1383	None
1384	None
1385	1731
1386	1689
1387	1733
1388	1914
1389	1403
1390	1650
1391	1443
1392	1716
1393	1444
1394	None
1395	2022
1396	1692
1397	2962
1398	1263
1399	1683
1400	1529
1401	1317
1402	None
1403	1360
1404	3469
1405	2637
1406	1428
1407	1562
1408	1236
1409	2099
1410	1878
1411	2178
1412	None
1413	2004
1414	1350
1415	1024
1416	1418
1417	None
1418	1902
1419	1466
1420	2229
1421	1730
1422	1480
1423	2662
1424	1014
1425	1649
1426	1675
1427	2401
1428	1677
1429	None
1430	1238
1431	2325
1432	1549
1433	1561
1434	1413
1435	1296
1436	None
1437	1258
1438	None
1439	1838
1440	None
1441	1655
1442	None
1443	989
1444	1527
1445	1679
1446	1881
1447	1574
1448	None
1449	1801
1450	1252
1451	1840
1452	1669
1453	2595
1454	None
1455	2840
1456	1594
1457	1047
1458	1759
1459	None
1460	1790
1461	2333
1462	1710
1463	2618
1464	None
1465	1930
1466	1584
1467	1520
1468	3586
1469	1785
1470	1083
1471	1747
1472	1245
1473	None
1474	1715
1475	1681
1476	2231
1477	None
1478	1989
1479	2040
1480	1310
1481	1590
1482	2193
1483	1811
1484	1737
1485	1607
1486	1039
1487	None
1488	2250
1489	None
1490	1300
1491	2191
1492	None
1493	1795
1494	None
1495	1789
1496	1307
1497	None
1498	1844
1499	1674
1500	1891
1501	2096
1502	1894
1503	1508
1504	1657
1505	1323
1506	1503
1507	2333
1508	None
1509	2212
1510	2278
1511	2241
1512	None
1513	2360
1514	1284
1515	None
1516	1606
1517	2174
1518	1114
1519	None
1520	1523
1521	1786
1522	1763
1523	None
1524	None
1525	2776
1526	1316
1527	1290
1528	1624
1529	2037
1530	None
1531	1612
1532	1287
1533	1308
1534	1264
1535	1490
1536	2096
1537	None
1538	1334
1539	None
1540	1210
1541	1713
1542	2991
1543	None
1544	None
1545	2042
1546	None
1547	2853
1548	1659
1549	1709
1550	975
1551	None
1552	1882
1553	None
1554	1617
1555	2350
1556	1684
1557	None
1558	1452
1559	None
1560	1791
1561	2374
1562	2266
1563	None
1564	1825
1565	2422
1566	1441
1567	1852
1568	2920
1569	2255
1570	None
1571	1940
1572	2147
1573	None
1574	None
1575	None
1576	2383
1577	1367
1578	2067
1579	2365
1580	3654
1581	2940
1582	None
1583	None
1584	None
1585	1942
1586	1951
1587	2254
1588	2565
1589	2048
1590	2075
1591	2133
1592	2074
1593	2187
1594	2407
1595	1946
1596	1464
1597	2839
1598	1680
1599	3847
1600	2390
1601	None
1602	None
1603	None
1604	2283
1605	2113
1606	1586
1607	2045
1608	None
1609	2601
1610	None
1611	None
1612	2112
1613	941
1614	1622
1615	1447
1616	1781
1617	3084
1618	1955
1619	None
1620	2134
1621	1859
1622	None
1623	3965
1624	1467
1625	None
1626	1990
1627	1662
1628	2117
1629	1563
1630	2184
1631	2025
1632	None
1633	1906
1634	1876
1635	None
1636	1136
1637	2138
1638	2418
1639	4320
1640	1386
1641	2211
1642	None
1643	1216
1644	2157
1645	2288
1646	2058
1647	1986
1648	None
1649	1823
1650	1816
1651	2409
1652	2158
1653	None
1654	4034
1655	2413
1656	2023
1657	1520
1658	2367
1659	1736
1660	2544
1661	1912
1662	1266
1663	1261
1664	1337
1665	2606
1666	None
1667	1640
1668	2560
1669	1672
1670	2127
1671	2477
1672	2363
1673	None
1674	None
1675	None
1676	1678
1677	1803
1678	1900
1679	1797
1680	2426
1681	2582
1682	2384
1683	2433
1684	2012
1685	2868
1686	1802
1687	2167
1688	None
1689	2389
1690	None
1691	1818
1692	2050
1693	2152
1694	2102
1695	2274
1696	1944
1697	1522
1698	2581
1699	2298
1700	1871
1701	2335
1702	1690
1703	2756
1704	1919
1705	2090
1706	1610
1707	2281
1708	1865
1709	1904
1710	2314
1711	None
1712	1685
1713	2340
1714	4016
1715	3195
1716	2628
1717	None
1718	None
1719	1970
1720	2225
1721	None
1722	1502
1723	2279
1724	922
1725	2600
1726	2353
1727	2445
1728	None
1729	2629
1730	1762
1731	2253
1732	3831
1733	1962
1734	2573
1735	1267
1736	1633
1737	None
1738	2086
1739	3351
1740	2422
1741	3023
1742	None
1743	2016
1744	1718
1745	2161
1746	None
1747	2124
1748	2421
1749	2494
1750	3445
1751	2531
1752	2083
1753	2321
1754	None
1755	1842
1756	None
1757	2584
1758	1851
1759	None
1760	1985
1761	1658
1762	2609
1763	2511
1764	2518
1765	1948
1766	2432
1767	1785
1768	2622
1769	2469
1770	1619
1771	2446
1772	None
1773	2885
1774	2551
1775	2267
1776	None
1777	None
1778	None
1779	1750
1780	None
1781	None
1782	4101
1783	None
1784	None
1785	2404
1786	2020
1787	None
1788	2848
1789	None
1790	1806
1791	3669
1792	None
1793	None
1794	2558
1795	2506
1796	4361
1797	1468
1798	2100
1799	3345
1800	1467
1801	2605
1802	979
1803	None
1804	2761
1805	4209
1806	2800
1807	2515
1808	2649
1809	1927
1810	1943
1811	2814
1812	None
1813	1191
1814	2316
1815	2567
1816	2836
1817	2723
1818	None
1819	4285
1820	2858
1821	2813
1822	2767
1823	2534
1824	2342
1825	None
1826	1597
1827	2177
1828	None
1829	2473
1830	None
1831	None
1832	2644
1833	None
1834	4266
1835	2415
1836	None
1837	2698
1838	3021
1839	2420
1840	None
1841	2985
1842	4801
1843	None
1844	2738
1845	2616
1846	None
1847	3279
1848	2369
1849	2032
1850	1887
1851	1771
1852	2479
1853	1588
1854	4037
1855	None
1856	2440
1857	2945
1858	2793
1859	None
1860	1457
1861	2715
1862	3392
1863	3992
1864	2674
1865	2635
1866	2478
1867	2624
1868	2480
1869	2484
1870	None
1871	None
1872	None
1873	None
1874	None
1875	2438
1876	3087
1877	2424
1878	None
1879	1727
1880	2476
1881	1812
1882	1572
1883	None
1884	2880
1885	2773
1886	2998
1887	3369
1888	2625
1889	3526
1890	2958
1891	1259
1892	2947
1893	2412
1894	4876
1895	1429
1896	2011
1897	None
1898	None
1899	2847
1900	2771
1901	4597
1902	2545
1903	2875
1904	2766
1905	2724
1906	1390
1907	2678
1908	2574
1909	3032
1910	3336
1911	2498
1912	4187
1913	3089
1914	1311
1915	1658
1916	2295
1917	1894
1918	2071
1919	2240
1920	2089
1921	2398
1922	1793
1923	3064
1924	2168
1925	None
1926	None
1927	None
1928	1513
1929	2992
1930	2776
1931	None
1932	1909
1933	3158
1934	3139
1935	5005
1936	3193
1937	None
1938	4626
1939	1504
1940	2472
1941	2741
1942	2069
1943	1010
1944	2833
1945	None
1946	3044
1947	2804
1948	1625
1949	3110
1950	3386
1951	3120
1952	None
1953	2024
1954	2619
1955	2745
1956	2216
1957	1512
1958	None
1959	3213
1960	2010
1961	2248
1962	1409
1963	2366
1964	None
1965	4903
1966	2806
1967	3068
1968	2245
1969	3169
1970	3818
1971	None
1972	None
1973	1510
1974	3013
1975	3051
1976	2879
1977	None
1978	3155
1979	4595
1980	4319
1981	1338
1982	1982
1983	2739
1984	2883
1985	2862
1986	None
1987	3010
1988	2874
1989	None
1990	None
1991	1282
1992	None
1993	1662
1994	2214
1995	3204
1996	2243
1997	2364
1998	None
1999	None
2000	3054
2001	2896
2002	1623
2003	None
2004	3173
2005	None
2006	2055
2007	2065
2008	None
2009	None
2010	1354
2011	None
2012	3099
2013	1609
2014	None
2015	4478
2016	None
2017	3077
2018	None
2019	None
2020	1921
2021	3114
2022	3380
2023	3618
2024	None
2025	4422
2026	1601
2027	1379
2028	None
2029	None
2030	1556
2031	1870
2032	1805
2033	3112
2034	None
2035	2302
2036	2886
2037	3208
2038	1836
2039	3035
2040	None
2041	3097
2042	3732
2043	1820
2044	3265
2045	1720
2046	3108
2047	3708
2048	1494
2049	3053
2050	3193
2051	3118
2052	1462
2053	4000
2054	1368
2055	3189
2056	3192
2057	3011
2058	1470
2059	None
2060	None
2061	None
2062	None
2063	2844
2064	None
2065	3187
2066	None
2067	3392
2068	1524
2069	None
2070	5609
2071	3465
2072	2574
2073	1691
2074	3589
2075	2457
2076	4912
2077	1560
2078	3025
2079	3481
2080	3209
2081	None
2082	None
2083	2187
2084	1784
2085	3756
2086	None
2087	1967
2088	1660
2089	3170
2090	1831
2091	3698
2092	2631
2093	None
2094	2908
2095	None
2096	1237
2097	1666
2098	3330
2099	1654
2100	2895
2101	None
2102	None
2103	1600
2104	3350
2105	None
2106	None
2107	3142
2108	3808
2109	None
2110	None
2111	3196
2112	None
2113	2754
2114	None
2115	None
2116	None
2117	None
2118	1917
2119	1656
2120	None
2121	3509
2122	3289
2123	3114
2124	1792
2125	None
2126	None
2127	5250
2128	2735
2129	4997
2130	3244
2131	3470
2132	3615
2133	2965
2134	3071
2135	3227
2136	1548
2137	None
2138	1203
2139	1936
2140	3342
2141	1423
2142	1550
2143	1938
2144	None
2145	5331
2146	1388
2147	3171
2148	5051
2149	4053
2150	3634
2151	4334
2152	2814
2153	3746
2154	None
2155	2673
2156	2103
2157	None
2158	2572
2159	3579
2160	2268
2161	1861
2162	1430
2163	3837
2164	None
2165	None
2166	1605
2167	3306
2168	2215
2169	1663
2170	None
2171	2057
2172	3526
2173	None
2174	4264
2175	1745
2176	2234
2177	None
2178	2221
2179	3995
2180	None
2181	1653
2182	1395
2183	2459
2184	1884
2185	4166
2186	None
2187	2143
2188	1702
2189	3887
2190	None
2191	3578
2192	1783
2193	None
2194	2781
2195	5876
2196	None
2197	4852
2198	2013
2199	None
2200	1734
2201	1949
2202	3699
2203	1608
2204	None
2205	None
2206	3663
2207	4186
2208	1652
2209	2289
2210	None
2211	2091
2212	2539
2213	2391
2214	2734
2215	1618
2216	4367
2217	2239
2218	1686
2219	3048
2220	2280
2221	4823
2222	None
2223	None
2224	2707
2225	2303
2226	2924
2227	None
2228	3527
2229	2093
2230	2900
2231	4268
2232	None
2233	2115
2234	2443
2235	2349
2236	1979
2237	None
2238	2145
2239	1719
2240	1890
2241	None
2242	1575
2243	2296
2244	6127
2245	None
2246	4303
2247	2157
2248	1648
2249	2381
2250	2874
2251	2692
2252	None
2253	1670
2254	1541
2255	2680
2256	2510
2257	None
2258	3009
2259	2062
2260	3706
2261	1863
2262	None
2263	2769
2264	3448
2265	None
2266	2634
2267	2009
2268	2341
2269	1863
2270	3003
2271	None
2272	4136
2273	2956
2274	2823
2275	4129
2276	None
2277	1690
2278	2015
2279	None
2280	2944
2281	2061
2282	3510
2283	1744
2284	2320
2285	None
2286	2207
2287	None
2288	2560
2289	2549
2290	3783
2291	1404
2292	2980
2293	None
2294	2386
2295	1959
2296	None
2297	4109
2298	2264
2299	2694
2300	None
2301	2815
2302	2785
2303	None
2304	2242
2305	1688
2306	3511
2307	2084
2308	2519
2309	4466
2310	2726
2311	2120
2312	5058
2313	1908
2314	2247
2315	None
2316	None
2317	None
2318	1807
2319	None
2320	2454
2321	2557
2322	4728
2323	2166
2324	2163
2325	2927
2326	4052
2327	1788
2328	2905
2329	None
2330	None
2331	None
2332	None
2333	None
2334	2895
2335	2832
2336	1596
2337	2394
2338	2634
2339	1858
2340	4391
2341	1999
2342	1720
2343	None
2344	4288
2345	1980
2346	1773
2347	None
2348	2846
2349	2553
2350	2265
2351	None
2352	4348
2353	2870
2354	None
2355	2563
2356	2966
2357	3092
2358	4263
2359	2170
2360	2460
2361	2487
2362	None
2363	None
2364	2526
2365	3575
2366	None
2367	4451
2368	4224
2369	3670
2370	4688
2371	4029
2372	2343
2373	4383
2374	None
2375	None
2376	4206
2377	None
2378	None
2379	None
2380	3222
2381	4089
2382	2699
2383	None
2384	None
2385	2695
2386	2952
2387	1306
2388	None
2389	None
2390	2996
2391	None
2392	5240
2393	None
2394	1703
2395	1635
2396	1735
2397	2850
2398	None
2399	4423
2400	None
2401	None
2402	2759
2403	2834
2404	1911
2405	2774
2406	3742
2407	4527
2408	2671
2409	3407
2410	4016
2411	3136
2412	None
2413	2502
2414	4474
2415	2566
2416	3147
2417	1905
2418	2272
2419	None
2420	2722
2421	2693
2422	3536
2423	2554
2424	2307
2425	None
2426	None
2427	2064
2428	2733
2429	None
2430	2328
2431	1746
2432	None
2433	2069
2434	2915
2435	None
2436	None
2437	2922
2438	2941
2439	2150
2440	None
2441	None
2442	2517
2443	None
2444	None
2445	None
2446	2452
2447	None
2448	2688
2449	2285
2450	2468
2451	None
2452	3036
2453	4474
2454	2967
2455	None
2456	None
2457	3063
2458	2111
2459	1841
2460	None
2461	None
2462	3531
2463	None
2464	2757
2465	1687
2466	2194
2467	None
2468	4045
2469	2843
2470	None
2471	2770
2472	2029
2473	3203
2474	1728
2475	None
2476	None
2477	2991
2478	None
2479	None
2480	2503
2481	None
2482	1712
2483	None
2484	2324
2485	2682
2486	3056
2487	None
2488	2973
2489	3211
2490	3177
2491	None
2492	None
2493	2872
2494	2428
2495	2873
2496	2654
2497	2816
2498	None
2499	2471
2500	2926
2501	2776
2502	None
2503	None
2504	5127
2505	2585
2506	1986
2507	2736
2508	2360
2509	None
2510	None
2511	2393
2512	2993
2513	None
2514	2598
2515	3692
2516	3236
2517	None
2518	4442
2519	2925
2520	2483
2521	2817
2522	2347
2523	2779
2524	5485
2525	None
2526	2430
2527	2541
2528	2942
2529	4987
2530	None
2531	None
2532	None
2533	None
2534	3618
2535	2597
2536	1732
2537	3062
2538	2205
2539	1819
2540	None
2541	None
2542	None
2543	5134
2544	None
2545	2708
2546	3682
2547	2397
2548	2928
2549	None
2550	None
2551	4270
2552	None
2553	4347
2554	None
2555	2271
2556	None
2557	None
2558	2803
2559	3650
2560	2233
2561	2559
2562	3058
2563	None
2564	None
2565	None
2566	2475
2567	None
2568	3175
2569	3200
2570	3141
2571	None
2572	4172
2573	3862
2574	None
2575	2536
2576	2937
2577	None
2578	2861
2579	2890
2580	2954
2581	1701
2582	1932
2583	2957
2584	1832
2585	None
2586	2101
2587	2672
2588	3274
2589	3148
2590	3667
2591	3650
2592	1840
2593	3145
2594	2873
2595	2497
2596	2740
2597	3587
2598	3071
2599	4527
2600	2950
2601	2591
2602	2721
2603	2624
2604	1873
2605	2068
2606	2963
2607	3653
2608	4629
2609	2703
2610	3166
2611	3352
2612	1892
2613	None
2614	2342
2615	3797
2616	2046
2617	1953
2618	None
2619	1743
2620	1863
2621	None
2622	2312
2623	None
2624	None
2625	2449
2626	2836
2627	3024
2628	1901
2629	None
2630	2218
2631	2131
2632	3090
2633	2641
2634	2653
2635	4871
2636	3326
2637	None
2638	5127
2639	2061
2640	3061
2641	3168
2642	None
2643	3891
2644	2851
2645	5068
2646	3306
2647	3356
2648	3259
2649	3713
2650	None
2651	None
2652	2319
2653	None
2654	2930
2655	3458
2656	2648
2657	3085
2658	3150
2659	3140
2660	None
2661	2091
2662	3487
2663	3000
2664	4341
2665	None
2666	2673
2667	3084
2668	None
2669	3194
2670	3066
2671	None
2672	None
2673	2824
2674	3145
2675	None
2676	None
2677	None
2678	3578
2679	None
2680	2529
2681	3067
2682	None
2683	None
2684	2892
2685	2732
2686	2809
2687	3198
2688	3633
2689	4311
2690	None
2691	None
2692	3214
2693	2841
2694	2974
2695	2661
2696	4385
2697	3283
2698	4502
2699	3242
2700	3188
2701	2960
2702	3451
2703	3005
2704	2753
2705	None
2706	None
2707	None
2708	3266
2709	3373
2710	None
2711	None
2712	None
2713	3430
2714	3297
2715	2943
2716	None
2717	3127
2718	None
2719	3960
2720	2798
2721	3304
2722	None
2723	2731
2724	2911
2725	2489
2726	3223
2727	4948
2728	3004
2729	None
2730	3586
2731	3647
2732	None
2733	3045
2734	3107
2735	3165
2736	3489
2737	2933
2738	3180
2739	4667
2740	3050
2741	2632
2742	4263
2743	2979
2744	3271
2745	2533
2746	2474
2747	1766
2748	2981
2749	None
2750	2820
2751	3275
2752	3707
2753	None
2754	2835
2755	2791
2756	3728
2757	2195
2758	2789
2759	3191
2760	2840
2761	3273
2762	2830
2763	None
2764	2620
2765	3368
2766	4301
2767	3532
2768	2949
2769	5004
2770	None
2771	3122
2772	3230
2773	1874
2774	None
2775	2890
2776	4438
2777	5627
2778	3614
2779	3006
2780	2027
2781	None
2782	3300
2783	2557
2784	3295
2785	4474
2786	1976
2787	3240
2788	2997
2789	3197
2790	2869
2791	3731
2792	2092
2793	3302
2794	3428
2795	3885
2796	4120
2797	3124
2798	1309
2799	4318
2800	5826
2801	3630
2802	1928
2803	3583
2804	3128
2805	None
2806	3674
2807	3153
2808	2978
2809	2907
2810	3048
2811	3369
2812	None
2813	5377
2814	3917
2815	None
2816	3117
2817	3433
2818	2964
2819	4276
2820	5198
2821	2924
2822	3298
2823	3829
2824	2051
2825	None
2826	None
2827	3325
2828	3863
2829	2709
2830	3171
2831	3087
2832	4851
2833	None
2834	3040
2835	1975
2836	3480
2837	4047
2838	2705
2839	3328
2840	3727
2841	3385
2842	4562
2843	3512
2844	None
2845	None
2846	6480
2847	None
2848	3030
2849	2899
2850	3135
2851	2808
2852	3502
2853	None
2854	3324
2855	3052
2856	3477
2857	None
2858	None
2859	3059
2860	3174
2861	None
2862	None
2863	3235
2864	5835
2865	5487
2866	None
2867	None
2868	None
2869	3443
2870	None
2871	None
2872	3752
2873	None
2874	3865
2875	3822
2876	None
2877	1950
2878	1921
2879	6134
2880	2971
2881	3252
2882	3309
2883	4232
2884	2959
2885	None
2886	None
2887	3537
2888	3668
2889	None
2890	3284
2891	1969
2892	3999
2893	3377
2894	3776
2895	3408
2896	3022
2897	3394
2898	None
2899	None
2900	3207
2901	3417
2902	3410
2903	None
2904	None
2905	2657
2906	None
2907	3437
2908	3720
2909	4004
2910	4131
2911	None
2912	4702
2913	3249
2914	None
2915	3163
2916	3517
2917	3205
2918	3312
2919	2923
2920	3880
2921	None
2922	3453
2923	2180
2924	3673
2925	2778
2926	3464
2927	3406
2928	None
2929	3468
2930	3878
2931	None
2932	None
2933	3261
2934	4305
2935	4197
2936	3332
2937	None
2938	3631
2939	4013
2940	3483
2941	3014
2942	3318
2943	3469
2944	3431
2945	2264
2946	3529
2947	3897
2948	3645
2949	4046
2950	3753
2951	3341
2952	3292
2953	5860
2954	4790
2955	None
2956	5849
2957	None
2958	4240
2959	6106
2960	None
2961	3178
2962	5826
2963	1987
2964	None
2965	3362
2966	3226
2967	None
2968	None
2969	3646
2970	3639
2971	3390
2972	4934
2973	None
2974	None
2975	3665
2976	3974
2977	3343
2978	4171
2979	6307
2980	3714
2981	None
2982	3538
2983	3416
2984	6183
2985	3871
2986	5355
2987	4118
2988	3642
2989	4304
2990	3535
2991	None
2992	4591
2993	5658
2994	4020
2995	3991
2996	None
2997	3595
2998	3868
2999	None
3000	3834
3001	4287
3002	3359
3003	3711
3004	None
3005	3137
3006	5385
3007	None
3008	3850
3009	3812
3010	4373
3011	3431
3012	4291
3013	None
3014	5753
3015	1824
3016	4620
3017	3896
3018	3946
3019	1937
3020	None
3021	2718
3022	5908
3023	3011
3024	4566
3025	None
3026	2863
3027	3728
3028	3819
3029	None
3030	3781
3031	2217
3032	3989
3033	4435
3034	3848
3035	None
3036	3524
3037	4323
3038	3831
3039	3047
3040	3233
3041	None
3042	3796
3043	4060
3044	None
3045	5425
3046	5951
3047	3411
3048	None
3049	3640
3050	4096
3051	2962
3052	3828
3053	None
3054	4083
3055	3379
3056	3418
3057	5091
3058	6437
3059	None
3060	3509
3061	3460
3062	None
3063	4727
3064	None
3065	3518
3066	None
3067	3231
3068	None
3069	4798
3070	2918
3071	4601
3072	None
3073	None
3074	4061
3075	3055
3076	4269
3077	5463
3078	None
3079	4374
3080	3201
3081	1854
3082	3566
3083	2627
3084	3686
3085	3810
3086	None
3087	3533
3088	1862
3089	6362
3090	2988
3091	None
3092	3570
3093	3493
3094	3420
3095	3788
3096	None
3097	3813
3098	None
3099	3906
3100	5872
3101	3592
3102	3403
3103	4284
3104	4742
3105	3603
3106	3282
3107	3520
3108	4640
3109	None
3110	3978
3111	4526
3112	3833
3113	None
3114	None
3115	4375
3116	3439
3117	3651
3118	4807
3119	3563
3120	3825
3121	2206
3122	3241
3123	None
3124	4165
3125	3134
3126	3539
3127	3908
3128	3809
3129	4005
3130	None
3131	2031
3132	None
3133	None
3134	5438
3135	3104
3136	4035
3137	3255
3138	3185
3139	3689
3140	5013
3141	None
3142	4686
3143	3412
3144	2286
3145	3985
3146	3869
3147	3471
3148	3280
3149	2716
3150	4490
3151	4821
3152	None
3153	5890
3154	4300
3155	6245
3156	3305
3157	None
3158	4779
3159	3965
3160	None
3161	2381
3162	4023
3163	3482
3164	3929
3165	4330
3166	None
3167	5903
3168	4043
3169	None
3170	4520
3171	3785
3172	4451
3173	4824
3174	None
3175	3320
3176	3381
3177	1866
3178	2304
3179	4567
3180	2621
3181	None
3182	None
3183	3799
3184	3281
3185	2936
3186	None
3187	None
3188	1932
3189	None
3190	4064
3191	None
3192	4126
3193	None
3194	4029
3195	None
3196	3649
3197	4385
3198	3625
3199	None
3200	None
3201	4207
3202	4192
3203	2035
3204	2893
3205	3570
3206	None
3207	4697
3208	4148
3209	3769
3210	4239
3211	3888
3212	3872
3213	4062
3214	4893
3215	3802
3216	3838
3217	None
3218	3710
3219	3879
3220	5044
3221	6417
3222	4927
3223	None
3224	3260
3225	3759
3226	3772
3227	3987
3228	None
3229	4146
3230	3715
3231	4255
3232	None
3233	4868
3234	5014
3235	4940
3236	4421
3237	None
3238	4290
3239	None
3240	4309
3241	5984
3242	None
3243	4219
3244	5000
3245	None
3246	4355
3247	3525
3248	3528
3249	3709
3250	3544
3251	None
3252	None
3253	3313
3254	None
3255	1599
3256	3557
3257	3627
3258	3576
3259	4880
3260	None
3261	3739
3262	2380
3263	None
3264	2906
3265	3442
3266	3979
3267	3687
3268	None
3269	2078
3270	3861
3271	4533
3272	4089
3273	4071
3274	2008
3275	5085
3276	4830
3277	2038
3278	4065
3279	4878
3280	2429
3281	3402
3282	None
3283	None
3284	4904
3285	4196
3286	4156
3287	3751
3288	None
3289	3717
3290	None
3291	3622
3292	5303
3293	None
3294	None
3295	2047
3296	3786
3297	4725
3298	None
3299	3745
3300	3893
3301	5133
3302	1997
3303	None
3304	None
3305	None
3306	None
3307	3670
3308	4234
3309	3705
3310	5284
3311	3839
3312	None
3313	3652
3314	None
3315	1924
3316	None
3317	None
3318	None
3319	4009
3320	3783
3321	3976
3322	5971
3323	3577
3324	None
3325	None
3326	4751
3327	None
3328	4042
3329	None
3330	4267
3331	4113
3332	None
3333	4206
3334	4177
3335	None
3336	None
3337	6286
3338	3658
3339	5485
3340	2632
3341	4626
3342	2889
3343	4994
3344	3620
3345	None
3346	None
3347	3830
3348	4058
3349	4059
3350	None
3351	None
3352	None
3353	6028
3354	3764
3355	None
3356	3867
3357	None
3358	None
3359	4081
3360	4190
3361	4001
3362	None
3363	None
3364	None
3365	None
3366	5272
3367	3740
3368	2400
3369	4576
3370	3881
3371	4202
3372	3751
3373	None
3374	3904
3375	None
3376	3875
3377	None
3378	4532
3379	5316
3380	4034
3381	1926
3382	5184
3383	None
3384	3933
3385	4648
3386	4195
3387	1860
3388	5406
3389	6079
3390	4428
3391	3597
3392	None
3393	None
3394	None
3395	3574
3396	4072
3397	2877
3398	None
3399	None
3400	4860
3401	3591
3402	None
3403	3790
3404	4598
3405	None
3406	5116
3407	4501
3408	3907
3409	None
3410	4084
3411	3344
3412	None
3413	2877
3414	3956
3415	3962
3416	None
3417	None
3418	6348
3419	1933
3420	4144
3421	3859
3422	None
3423	4011
3424	None
3425	3710
3426	5361
3427	4365
3428	None
3429	None
3430	3959
3431	4393
3432	None
3433	3853
3434	None
3435	4545
3436	None
3437	4209
3438	3890
3439	3293
3440	None
3441	4965
3442	4149
3443	4792
3444	3945
3445	5875
3446	4583
3447	3889
3448	4161
3449	None
3450	4483
3451	None
3452	4388
3453	5738
3454	4489
3455	None
3456	2019
3457	2085
3458	None
3459	5225
3460	None
3461	4455
3462	3943
3463	4675
3464	4394
3465	1646
3466	5972
3467	None
3468	3938
3469	2003
3470	None
3471	None
3472	4107
3473	4557
3474	4188
3475	4586
3476	4844
3477	6343
3478	4168
3479	None
3480	None
3481	1512
3482	2014
3483	4750
3484	3984
3485	4934
3486	None
3487	2130
3488	4099
3489	1984
3490	3939
3491	6129
3492	6309
3493	None
3494	None
3495	4251
3496	None
3497	5140
3498	4137
3499	None
3500	4996
3501	4405
3502	5964
3503	None
3504	4057
3505	None
3506	4352
3507	4492
3508	4384
3509	3994
3510	None
3511	4570
3512	6539
3513	4719
3514	5063
3515	5936
3516	None
3517	None
3518	None
3519	6522
3520	3916
3521	None
3522	None
3523	3864
3524	None
3525	4253
3526	5677
3527	None
3528	6027
3529	5233
3530	4763
3531	None
3532	5304
3533	None
3534	4153
3535	4706
3536	5096
3537	None
3538	4228
3539	None
3540	None
3541	4598
3542	1957
3543	3340
3544	4528
3545	4002
3546	None
3547	1929
3548	None
3549	4490
3550	4793
3551	7152
3552	5460
3553	5801
3554	4507
3555	4842
3556	4494
3557	4496
3558	4666
3559	6237
3560	None
3561	4163
3562	4677
3563	None
3564	None
3565	4080
3566	4258
3567	None
3568	2542
3569	None
3570	5192
3571	5655
3572	4556
3573	4514
3574	None
3575	4659
3576	6599
3577	4831
3578	None
3579	None
3580	4044
3581	2677
3582	None
3583	None
3584	6092
3585	None
3586	6863
3587	3398
3588	3192
3589	4085
3590	5279
3591	4290
3592	None
3593	5587
3594	4518
3595	4580
3596	4580
3597	4101
3598	5391
3599	None
3600	None
3601	4380
3602	2059
3603	None
3604	None
3605	None
3606	2713
3607	4503
3608	None
3609	4417
3610	None
3611	3210
3612	None
3613	4652
3614	None
3615	4995
3616	None
3617	None
3618	None
3619	4497
3620	7088
3621	3045
3622	4467
3623	4815
3624	5163
3625	4517
3626	None
3627	None
3628	None
3629	4344
3630	4180
3631	None
3632	None
3633	None
3634	4599
3635	4515
3636	4943
3637	3779
3638	4185
3639	None
3640	None
3641	4773
3642	6818
3643	None
3644	None
3645	4917
3646	3199
3647	5295
3648	None
3649	3844
3650	None
3651	None
3652	None
3653	None
3654	4822
3655	None
3656	None
3657	None
3658	4439
3659	3314
3660	4598
3661	None
3662	None
3663	None
3664	None
3665	None
3666	4627
3667	None
3668	3712
3669	None
3670	2195
3671	2061
3672	None
3673	None
3674	2201
3675	4612
3676	None
3677	None
3678	4134
3679	3694
3680	None
3681	None
3682	None
3683	4140
3684	4833
3685	3935
3686	None
3687	None
3688	None
3689	None
3690	None
3691	5143
3692	3750
3693	4101
3694	None
3695	3315
3696	None
3697	None
3698	4432
3699	None
3700	None
3701	None
3702	3530
3703	None
3704	None
3705	None
3706	None
3707	None
3708	None
3709	None
3710	None
3711	None
3712	None
3713	None
3714	None
3715	None
3716	None
3717	None
3718	None
3719	None
3720	5078
3721	None
3722	None
3723	None
3724	None
3725	None
3726	4853
3727	2171
3728	None
3729	None
3730	None
3731	None
3732	None
3733	None
3734	5283
3735	None
3736	None
3737	4092
3738	None
3739	None
3740	None
3741	4181
3742	None
3743	None
3744	None
3745	4959
3746	None
3747	None
3748	None
3749	None
3750	None
3751	4382
3752	2300
3753	None
3754	2162
3755	None
3756	None
3757	None
3758	3646
3759	None
3760	None
3761	4297
3762	None
3763	3811
3764	5288
3765	4254
3766	None
3767	3926
3768	None
3769	4198
3770	None
3771	None
3772	None
3773	None
3774	4426
3775	None
3776	None
3777	4955
3778	None
3779	4483
3780	4227
3781	None
3782	None
3783	None
3784	None
3785	4200
3786	4858
3787	2125
3788	None
3789	None
3790	None
3791	1969
3792	None
3793	None
3794	None
3795	None
3796	None
3797	4885
3798	None
3799	5935
3800	None
3801	None
3802	None
3803	None
3804	2087
3805	3972
3806	5367
3807	None
3808	3898
3809	4791
3810	4616
3811	None
3812	None
3813	None
3814	None
3815	None
3816	None
3817	None
3818	None
3819	None
3820	None
3821	None
3822	4757
3823	None
3824	None
3825	None
3826	4603
3827	None
3828	5300
3829	2319
3830	None
3831	None
3832	None
3833	4018
3834	None
3835	None
3836	None
3837	5974
3838	None
3839	None
3840	None
3841	None
3842	4579
3843	3202
3844	5024
3845	None
3846	None
3847	None
3848	None
3849	2156
3850	None
3851	4508
3852	None
3853	None
3854	6457
3855	None
3856	5455
3857	4620
3858	4311
3859	4315
3860	None
3861	4068
3862	None
3863	6917
3864	4744
3865	None
3866	None
3867	None
3868	None
3869	6366
3870	None
3871	3398
3872	5602
3873	2400
3874	5795
3875	None
3876	None
3877	7049
3878	None
3879	None
3880	None
3881	None
3882	2233
3883	None
3884	None
3885	None
3886	None
3887	None
3888	3504
3889	4850
3890	4683
3891	2197
3892	None
3893	4897
3894	None
3895	4590
3896	None
3897	4126
3898	4522
3899	4326
3900	None
3901	2077
3902	None
3903	5102
3904	5000
3905	None
3906	None
3907	None
3908	3990
3909	5874
3910	3370
3911	None
3912	4119
3913	1879
3914	None
3915	None
3916	None
3917	4091
3918	4547
3919	4692
3920	4936
3921	None
3922	None
3923	None
3924	None
3925	None
3926	4909
3927	None
3928	None
3929	6892
3930	None
3931	4105
3932	None
3933	None
3934	None
3935	None
3936	4504
3937	4193
3938	None
3939	2309
3940	None
3941	4816
3942	None
3943	None
3944	2913
3945	None
3946	None
3947	5782
3948	None
3949	None
3950	None
3951	None
3952	5052
3953	4322
3954	None
3955	4813
3956	None
3957	None
3958	5241
3959	None
3960	None
3961	None
3962	None
3963	4533
3964	None
3965	None
3966	None
3967	None
3968	4802
3969	None
3970	2028
3971	None
3972	None
3973	5814
3974	None
3975	None
3976	None
3977	None
3978	None
3979	None
3980	None
3981	5605
3982	2109
3983	None
3984	None
3985	None
3986	None
3987	6523
3988	None
3989	None
3990	None
3991	7119
3992	None
3993	None
3994	None
3995	None
3996	None
3997	None
3998	None
3999	None
4000	None
4001	2224
4002	2204
4003	4345
4004	None
4005	None
4006	None
4007	None
4008	None
4009	3584
4010	None
4011	2999
4012	None
4013	None
4014	None
4015	None
4016	2579
4017	None
4018	None
4019	4695
4020	None
4021	None
4022	None
4023	2273
4024	None
4025	3492
4026	2783
4027	None
4028	None
4029	None
4030	2368
4031	None
4032	None
4033	None
4034	None
4035	4101
4036	None
4037	None
4038	None
4039	None
4040	None
4041	None
4042	None
4043	None
4044	None
4045	None
4046	None
4047	None
4048	None
4049	None
4050	None
4051	None
4052	None
4053	None
4054	None
4055	None
4056	None
4057	None
4058	None
4059	None
4060	None
4061	None
4062	None
4063	None
4064	None
4065	None
4066	None
4067	None
4068	None
4069	None
4070	None
4071	None
4072	None
4073	None
4074	None
4075	None
4076	None
4077	1707
4078	None
4079	2079
4080	None
4081	None
4082	None
4083	None
4084	None
4085	None
4086	4055
4087	None
4088	None
4089	None
4090	None
4091	None
4092	None
4093	None
4094	None
4095	None
4096	None
4097	None
4098	None
4099	None
4100	None
4101	None
4102	None
4103	None
4104	5496
4105	None
4106	None
4107	None
4108	None
4109	None
4110	None
4111	None
4112	None
4113	None
4114	None
4115	None
4116	None
4117	None
4118	None
4119	None
4120	None
4121	None
4122	None
4123	None
4124	None
4125	None
4126	None
4127	None
4128	None
4129	None
4130	None
4131	None
4132	None
4133	4456
4134	None
4135	None
4136	None
4137	None
4138	None
4139	None
4140	None
4141	None
4142	None
4143	None
4144	None
4145	None
4146	None
4147	None
4148	None
4149	None
4150	None
4151	2126
4152	None
4153	None
4154	None
4155	None
4156	None
4157	None
4158	2373
4159	None
4160	None
4161	None
4162	None
4163	None
4164	None
4165	None
4166	None
4167	None
4168	None
4169	None
4170	None
4171	None
4172	None
4173	None
4174	None
4175	None
4176	3323
4177	None
4178	None
4179	None
4180	None
4181	None
4182	None
4183	None
4184	None
4185	None
4186	None
4187	None
4188	None
4189	3267
4190	None
4191	None
4192	2310
4193	None
4194	None
4195	None
4196	None
4197	None
4198	None
4199	5743
4200	None
4201	None
4202	None
4203	None
4204	3361
4205	2189
4206	None
4207	None
4208	None
4209	None
4210	None
4211	None
4212	None
4213	4771
4214	None
4215	None
4216	None
4217	None
4218	None
4219	None
4220	None
4221	None
4222	4247
4223	None
4224	None
4225	None
4226	None
4227	None
4228	None
4229	None
4230	2580
4231	None
4232	None
4233	None
4234	None
4235	None
4236	None
4237	None
4238	2392
4239	None
4240	None
4241	None
4242	None
4243	None
4244	None
4245	None
4246	None
4247	None
4248	None
4249	None
4250	None
4251	None
4252	None
4253	None
4254	None
4255	None
4256	3438
4257	None
4258	2615
4259	None
4260	None
4261	None
4262	None
4263	None
4264	None
4265	None
4266	None
4267	None
4268	None
4269	2442
4270	None
4271	None
4272	None
4273	None
4274	None
4275	None
4276	2376
4277	None
4278	None
4279	None
4280	None
4281	None
4282	None
4283	None
4284	None
4285	3767
4286	None
4287	None
4288	None
4289	None
4290	None
4291	None
4292	None
4293	None
4294	2313
4295	None
4296	None
4297	None
4298	2655
4299	None
4300	5503
4301	None
4302	None
4303	None
4304	None
4305	3347
4306	None
4307	None
4308	None
4309	None
4310	3270
4311	None
4312	None
4313	None
4314	None
4315	None
4316	None
4317	None
4318	None
4319	None
4320	2716
4321	None
4322	None
4323	None
4324	None
4325	None
4326	None
4327	None
4328	None
4329	None
4330	None
4331	2427
4332	None
4333	None
4334	None
4335	None
4336	5241
4337	None
4338	2140
4339	2461
4340	None
4341	None
4342	None
4343	None
4344	None
4345	None
4346	None
4347	None
4348	None
4349	None
4350	2965
4351	None
4352	None
4353	None
4354	None
4355	None
4356	None
4357	None
4358	None
4359	None
4360	None
4361	None
4362	None
4363	2786
4364	3924
4365	2589
4366	None
4367	None
4368	None
4369	4233
4370	None
4371	None
4372	None
4373	2630
4374	None
4375	None
4376	None
4377	None
4378	None
4379	None
4380	None
4381	None
4382	None
4383	None
4384	None
4385	None
4386	None
4387	None
4388	None
4389	None
4390	None
4391	None
4392	None
4393	None
4394	None
4395	None
4396	None
4397	None
4398	None
4399	None
4400	None
4401	None
4402	None
4403	None
4404	None
4405	None
4406	None
4407	None
4408	None
4409	None
4410	None
4411	None
4412	None
4413	None
4414	None
4415	3804
4416	2344
4417	None
4418	None
4419	None
4420	None
4421	None
4422	None
4423	None
4424	None
4425	None
4426	None
4427	None
4428	None
4429	None
4430	None
4431	None
4432	None
4433	None
4434	None
4435	3835
4436	None
4437	None
4438	None
4439	None
4440	None
4441	None
4442	None
4443	None
4444	None
4445	3238
4446	None
4447	None
4448	2380
4449	None
4450	None
4451	None
4452	None
4453	2180
4454	None
4455	None
4456	None
4457	None
4458	None
4459	None
4460	None
4461	None
4462	None
4463	None
4464	None
4465	None
4466	None
4467	None
4468	None
4469	None
4470	None
4471	None
4472	None
4473	2339
4474	2647
4475	None
4476	None
4477	None
4478	None
4479	None
4480	None
4481	None
4482	None
4483	None
4484	None
4485	None
4486	None
4487	None
4488	None
4489	None
4490	None
4491	None
4492	None
4493	None
4494	None
4495	None
4496	None
4497	2932
4498	None
4499	None
4500	None
4501	None
4502	3882
4503	2822
4504	None
4505	None
4506	None
4507	None
4508	None
4509	None
4510	None
4511	None
4512	None
4513	None
4514	None
4515	None
4516	None
4517	None
4518	None
4519	None
4520	None
4521	None
4522	None
4523	None
4524	None
4525	None
4526	None
4527	None
4528	None
4529	None
4530	None
4531	None
4532	2921
4533	None
4534	None
4535	None
4536	None
4537	None
4538	None
4539	None
4540	None
4541	None
4542	None
4543	None
4544	2826
4545	None
4546	None
4547	None
4548	None
4549	None
4550	None
4551	None
4552	None
4553	None
4554	None
4555	None
4556	None
4557	None
4558	None
4559	None
4560	None
4561	None
4562	4347
4563	2377
4564	2269
4565	None
4566	None
4567	None
4568	None
4569	3184
4570	None
4571	None
4572	5541
4573	None
4574	None
4575	None
4576	None
4577	None
4578	None
4579	None
4580	None
4581	None
4582	None
4583	None
4584	None
4585	None
4586	None
4587	None
4588	None
4589	None
4590	None
4591	None
4592	None
4593	None
4594	None
4595	None
4596	None
4597	3983
4598	None
4599	None
4600	None
4601	None
4602	None
4603	None
4604	None
4605	None
4606	None
4607	2916
4608	None
4609	None
4610	None
4611	None
4612	None
4613	None
4614	None
4615	None
4616	2946
4617	None
4618	None
4619	None
4620	1912
4621	None
4622	3080
4623	None
4624	None
4625	None
4626	None
4627	None
4628	2866
4629	None
4630	None
4631	None
4632	None
4633	None
4634	3421
4635	None
4636	None
4637	None
4638	3613
4639	None
4640	None
4641	None
4642	None
4643	None
4644	None
4645	None
4646	None
4647	None
4648	None
4649	None
4650	None
4651	2470
4652	None
4653	None
4654	None
4655	None
4656	None
4657	None
4658	None
4659	None
4660	None
4661	None
4662	None
4663	2378
4664	3221
4665	None
4666	None
4667	2897
4668	2021
4669	None
4670	None
4671	None
4672	None
4673	None
4674	None
4675	None
4676	None
4677	4383
4678	2579
4679	None
4680	None
4681	2570
4682	None
4683	None
4684	3221
4685	None
4686	4758
4687	None
4688	None
4689	None
4690	None
4691	None
4692	None
4693	None
4694	None
4695	None
4696	None
4697	None
4698	None
4699	2562
4700	None
4701	None
4702	None
4703	None
4704	None
4705	None
4706	None
4707	None
4708	None
4709	None
4710	None
4711	None
4712	None
4713	None
4714	None
4715	None
4716	2828
4717	None
4718	None
4719	None
4720	None
4721	None
4722	None
4723	None
4724	None
4725	None
4726	None
4727	None
4728	None
4729	2465
4730	None
4731	None
4732	None
4733	None
4734	None
4735	None
4736	None
4737	None
4738	None
4739	3303
4740	None
4741	None
4742	None
4743	4577
4744	None
4745	None
4746	None
4747	None
4748	4082
4749	None
4750	None
4751	2665
4752	2470
4753	None
4754	None
4755	None
4756	None
4757	None
4758	None
4759	None
4760	None
4761	None
4762	None
4763	None
4764	None
4765	None
4766	2845
4767	None
4768	2380
4769	None
4770	None
4771	None
4772	None
4773	None
4774	4124
4775	None
4776	4082
4777	None
4778	None
4779	None
4780	None
4781	None
4782	None
4783	None
4784	None
4785	None
4786	None
4787	None
4788	3450
4789	None
4790	None
4791	None
4792	None
4793	3151
4794	None
4795	None
4796	None
4797	None
4798	None
4799	None
4800	None
4801	None
4802	None
4803	None
4804	None
4805	None
4806	None
4807	None
4808	None
4809	3660
4810	None
4811	None
4812	None
4813	None
4814	None
4815	None
4816	1622
4817	None
4818	None
4819	None
4820	4464
4821	None
4822	None
4823	None
4824	2680
4825	None
4826	None
4827	None
4828	None
4829	2651
4830	None
4831	3977
4832	None
4833	None
4834	None
4835	None
4836	None
4837	None
4838	None
4839	None
4840	None
4841	None
4842	None
4843	None
4844	None
4845	None
4846	2257
4847	None
4848	None
4849	None
4850	None
4851	None
4852	None
4853	None
4854	None
4855	None
4856	None
4857	None
4858	4203
4859	2690
4860	None
4861	None
4862	None
4863	None
4864	None
4865	None
4866	None
4867	None
4868	None
4869	2442
4870	None
4871	None
4872	None
4873	None
4874	None
4875	None
4876	None
4877	2627
4878	None
4879	4400
4880	None
4881	None
4882	2137
4883	None
4884	None
4885	None
4886	None
4887	None
4888	None
4889	2914
4890	None
4891	3383
4892	3296
4893	None
4894	None
4895	None
4896	None
4897	None
4898	None
4899	None
4900	5442
4901	None
4902	None
4903	2623
4904	None
4905	None
4906	None
4907	4645
4908	None
4909	None
4910	None
4911	2532
4912	None
4913	None
4914	None
4915	2464
4916	None
4917	None
4918	None
4919	None
4920	None
4921	None
4922	None
4923	None
4924	None
4925	None
4926	None
4927	None
4928	None
4929	3744
4930	3516
4931	None
4932	None
4933	4376
4934	None
4935	2712
4936	2466
4937	None
4938	None
4939	None
4940	None
4941	None
4942	None
4943	None
4944	3683
4945	2854
4946	3268
4947	None
4948	None
4949	None
4950	None
4951	None
4952	None
4953	3580
4954	3072
4955	None
4956	None
4957	3997
4958	4283
4959	None
4960	2938
4961	2244
4962	None
4963	2416
4964	2921
4965	4657
4966	None
4967	None
4968	None
4969	None
4970	2528
4971	None
4972	2884
4973	2555
4974	None
4975	2904
4976	None
4977	None
4978	None
4979	2514
4980	2982
4981	3225
4982	None
4983	4956
4984	None
4985	2685
4986	3610
4987	2331
4988	None
4989	2902
4990	4609
4991	3514
4992	None
4993	None
4994	None
4995	None
4996	None
4997	None
4998	4645
4999	None
5000	2647
5001	2878
5002	None
5003	3027
5004	None
5005	2965
5006	2716
5007	3554
5008	None
5009	None
5010	None
5011	None
5012	None
5013	None
5014	None
5015	None
5016	2697
5017	2499
5018	5172
5019	2888
5020	3496
5021	3202
5022	None
5023	None
5024	3002
5025	2368
5026	None
5027	None
5028	None
5029	None
5030	3565
5031	None
5032	5106
5033	None
5034	None
5035	2752
5036	None
5037	4556
5038	3041
5039	5357
5040	4718
5041	5372
5042	None
5043	3091
5044	None
5045	None
5046	3182
5047	None
5048	3270
5049	3784
5050	4294
5051	2645
5052	None
5053	2864
5054	4944
5055	None
5056	4244
5057	2737
5058	None
5059	None
5060	3259
5061	None
5062	3946
5063	3267
5064	4916
5065	3296
5066	4368
5067	4260
5068	3323
5069	3423
5070	2795
5071	3743
5072	None
5073	4169
5074	None
5075	None
5076	2831
5077	4558
5078	2660
5079	6409
5080	2946
5081	None
5082	None
5083	2082
5084	3301
5085	3303
5086	None
5087	None
5088	3088
5089	4386
5090	4379
5091	3515
5092	None
5093	3074
5094	3568
5095	None
5096	2675
5097	2164
5098	3920
5099	4628
5100	4286
5101	3510
5102	2690
5103	4368
5104	None
5105	5345
5106	3773
5107	3100
5108	2784
5109	None
5110	4083
5111	None
5112	None
5113	2929
5114	None
5115	5308
5116	4649
5117	3248
5118	4245
5119	4074
5120	3735
5121	4329
5122	None
5123	3596
5124	3409
5125	4155
5126	3308
5127	3132
5128	None
5129	3088
5130	4609
5131	None
5132	4220
5133	3840
5134	5733
5135	None
5136	3347
5137	4367
5138	4469
5139	3514
5140	2946
5141	3823
5142	4828
5143	3767
5144	4705
5145	4608
5146	2805
5147	None
5148	2823
5149	None
5150	3514
5151	None
5152	None
5153	3691
5154	3617
5155	None
5156	5419
5157	None
5158	3441
5159	3028
5160	None
5161	5468
5162	None
5163	None
5164	3534
5165	5322
5166	None
5167	3800
5168	None
5169	None
5170	5904
5171	3033
5172	4025
5173	5594
5174	4316
5175	3884
5176	4229
5177	None
5178	None
5179	3218
5180	4037
5181	4298
5182	4915
5183	None
5184	4222
5185	3820
5186	3671
5187	4351
5188	3157
5189	3388
5190	5759
5191	5246
5192	None
5193	5860
5194	4997
5195	3216
5196	None
5197	4312
5198	3395
5199	3735
5200	4141
5201	5723
5202	5512
5203	4845
5204	None
5205	5206
5206	3299
5207	4248
5208	3950
5209	5593
5210	None
5211	4621
5212	3573
5213	3582
5214	5817
5215	None
5216	5431
5217	5466
5218	4633
5219	None
5220	3629
5221	4690
5222	3263
5223	3971
5224	None
5225	5249
5226	4775
5227	5857
5228	4881
5229	3131
5230	5368
5231	None
5232	None
5233	5042
5234	None
5235	None
5236	2613
5237	5769
5238	3475
5239	3660
5240	None
5241	4073
5242	3276
5243	4922
5244	None
5245	None
5246	3142
5247	4476
5248	None
5249	5390
5250	None
5251	4460
5252	3602
5253	4471
5254	None
5255	3749
5256	None
5257	3372
5258	3988
5259	None
5260	5913
5261	None
5262	5025
5263	3457
5264	4032
5265	3600
5266	4175
5267	None
5268	4778
5269	None
5270	None
5271	5714
5272	3760
5273	3735
5274	None
5275	None
5276	None
5277	4063
5278	3154
5279	5509
5280	4950
5281	4174
5282	None
5283	4845
5284	4069
5285	5758
5286	4925
5287	4235
5288	None
5289	3934
5290	3702
5291	None
5292	3704
5293	None
5294	None
5295	4237
5296	None
5297	None
5298	4074
5299	4012
5300	None
5301	None
5302	None
5303	3405
5304	None
5305	None
5306	4142
5307	None
5308	None
5309	6040
5310	4008
5311	4076
5312	5056
5313	3514
5314	None
5315	5157
5316	4423
5317	None
5318	3473
5319	5493
5320	None
5321	None
5322	None
5323	None
5324	None
5325	None
5326	4117
5327	3886
5328	4720
5329	3609
5330	None
5331	None
5332	5413
5333	None
5334	3665
5335	None
5336	None
5337	None
5338	5284
5339	6258
5340	4116
5341	4036
5342	3344
5343	3522
5344	None
5345	None
5346	4160
5347	3870
5348	5847
5349	6199
5350	None
5351	3763
5352	None
5353	4070
5354	None
5355	3842
5356	3981
5357	None
5358	4649
5359	4903
5360	None
5361	3387
5362	3882
5363	None
5364	3473
5365	None
5366	None
5367	6269
5368	None
5369	4366
5370	4524
5371	3704
5372	None
5373	None
5374	None
5375	None
5376	None
5377	4794
5378	4028
5379	4461
5380	5397
5381	3855
5382	4122
5383	4189
5384	None
5385	None
5386	4711
5387	None
5388	5094
5389	4281
5390	None
5391	None
5392	None
5393	None
5394	3821
5395	4952
5396	5270
5397	None
5398	4283
5399	4082
5400	4354
5401	None
5402	None
5403	None
5404	4903
5405	3690
5406	None
5407	None
5408	3944
5409	3736
5410	None
5411	None
5412	None
5413	None
5414	3792
5415	None
5416	None
5417	None
5418	None
5419	None
5420	4246
5421	5539
5422	5377
5423	None
5424	None
5425	None
5426	None
5427	None
5428	4519
5429	None
5430	None
5431	4615
5432	4747
5433	4281
5434	None
5435	4178
5436	None
5437	4847
5438	None
5439	4167
5440	None
5441	6499
5442	None
5443	None
5444	3738
5445	5650
5446	None
5447	4353
5448	5128
5449	4487
5450	None
5451	None
5452	3884
5453	None
5454	3676
5455	3773
5456	None
5457	None
5458	None
5459	None
5460	4223
5461	None
5462	None
5463	None
5464	None
5465	None
5466	5503
5467	3912
5468	4940
5469	4006
5470	None
5471	None
5472	3734
5473	4829
5474	None
5475	None
5476	None
5477	4082
5478	None
5479	5345
5480	None
5481	None
5482	None
5483	6328
5484	None
5485	None
5486	None
5487	4663
5488	None
5489	4075
5490	4160
5491	6195
5492	None
5493	4038
5494	None
5495	4841
5496	None
5497	None
5498	None
5499	None
5500	4273
5501	4078
5502	None
5503	None
5504	None
5505	None
5506	6165
5507	None
5508	None
5509	None
5510	4022
5511	None
5512	None
5513	4050
5514	3761
5515	None
5516	None
5517	6625
5518	None
5519	5103
5520	None
5521	5364
5522	4033
5523	3684
5524	6516
5525	3887
5526	3651
5527	4808
5528	None
5529	None
5530	None
5531	None
5532	None
5533	None
5534	4087
5535	6084
5536	None
5537	None
5538	4114
5539	4271
5540	None
5541	4048
5542	5718
5543	4031
5544	4829
5545	4607
5546	6756
5547	4803
5548	None
5549	None
5550	None
5551	None
5552	None
5553	None
5554	4755
5555	None
5556	6400
5557	None
5558	None
5559	None
5560	3975
5561	None
5562	None
5563	None
5564	None
5565	None
5566	4729
5567	None
5568	None
5569	5468
5570	None
5571	5474
5572	None
5573	5664
5574	None
5575	4366
5576	None
5577	3953
5578	None
5579	4623
5580	None
5581	None
5582	None
5583	None
5584	3798
5585	6976
5586	None
5587	None
5588	4829
5589	None
5590	None
5591	None
5592	4416
5593	None
5594	4039
5595	None
5596	None
5597	6310
5598	None
5599	4705
5600	5321
5601	None
5602	4036
5603	None
5604	3936
5605	None
5606	None
5607	None
5608	4758
5609	None
5610	4112
5611	None
5612	None
5613	None
5614	None
5615	None
5616	None
5617	None
5618	5847
5619	6521
5620	None
5621	None
5622	None
5623	3964
5624	None
5625	None
5626	None
5627	4008
5628	4605
5629	None
5630	4272
5631	None
5632	None
5633	5221
5634	5800
5635	None
5636	None
5637	4368
5638	None
5639	4260
5640	3804
5641	None
5642	None
5643	None
5644	None
5645	None
5646	3963
5647	None
5648	None
5649	None
5650	6845
5651	5453
5652	5453
5653	None
5654	6109
5655	None
5656	None
5657	None
5658	None
5659	4111
5660	6597
5661	None
5662	None
5663	4611
5664	None
5665	None
5666	None
5667	None
5668	None
5669	None
5670	None
5671	None
5672	5519
5673	None
5674	4187
5675	4558
5676	4292
5677	None
5678	6808
5679	None
5680	5061
5681	5980
5682	None
5683	None
5684	None
5685	None
5686	None
5687	None
5688	None
5689	6984
5690	None
5691	None
5692	None
5693	None
5694	None
5695	None
5696	None
5697	None
5698	None
5699	None
5700	None
5701	None
5702	None
5703	None
5704	None
5705	None
5706	None
5707	None
5708	None
5709	None
5710	None
5711	None
5712	None
5713	None
5714	None
5715	None
5716	None
5717	None
5718	None
5719	None
5720	None
5721	None
5722	None
5723	None
5724	None
5725	None
5726	None
5727	None
5728	None
5729	None
5730	None
5731	None
5732	None
5733	None
5734	None
5735	None
5736	None
5737	None
5738	None
5739	None
5740	None
5741	None
5742	None
5743	None
5744	None
5745	None
5746	None
5747	None
5748	None
5749	None
5750	None
5751	None
5752	None
5753	None
5754	None
5755	None
5756	None
5757	None
5758	None
5759	None
5760	None
5761	None
5762	None
5763	None
5764	None
5765	None
5766	None
5767	None
5768	None
5769	None
5770	None
5771	None
5772	None
5773	None
5774	None
5775	None
5776	None
5777	None
5778	None
5779	None
5780	None
5781	None
5782	None
5783	None
5784	None
5785	None
5786	None
5787	None
5788	None
5789	None
5790	None
5791	None
5792	None
5793	None
5794	None
5795	None
5796	None
5797	None
5798	None
5799	None
5800	None
5801	None
5802	None
5803	None
5804	None
5805	None
5806	None
5807	None
5808	None
5809	None
5810	None
5811	None
5812	None
5813	None
5814	None
5815	None
5816	None
5817	None
5818	None
5819	None
5820	None
5821	None
5822	None
5823	None
5824	None
5825	None
5826	None
5827	None
5828	None
5829	None
5830	None
5831	None
5832	None
5833	None
5834	None
5835	None
5836	None
5837	None
5838	None
5839	None
5840	None
5841	None
5842	None
5843	None
5844	None
5845	None
5846	None
5847	None
5848	None
5849	None
5850	None
5851	None
5852	None
5853	None
5854	None
5855	None
5856	None
5857	None
5858	None
5859	None
5860	None
5861	None
5862	None
5863	None
5864	None
5865	None
5866	None
5867	None
5868	None
5869	None
5870	None
5871	None
5872	None
5873	None
5874	None
5875	None
5876	None
5877	None
5878	None
5879	None
5880	None
5881	None
5882	None
5883	None
5884	None
5885	None
5886	None
5887	None
5888	None
5889	None
5890	None
5891	None
5892	None
5893	None
5894	None
5895	None
5896	None
5897	None
5898	None
5899	None
5900	None
5901	None
5902	None
5903	None
5904	None
5905	None
5906	None
5907	None
5908	None
5909	None
5910	None
5911	None
5912	None
5913	None
5914	None
5915	None
5916	None
5917	None
5918	None
5919	None
5920	None
5921	None
5922	None
5923	None
5924	None
5925	None
5926	None
5927	None
5928	None
5929	None
5930	None
5931	None
5932	None
5933	None
5934	None
5935	None
5936	None
5937	None
5938	None
5939	None
5940	None
5941	None
5942	None
5943	None
5944	None
5945	None
5946	None
5947	None
5948	None
5949	None
5950	None
5951	None
5952	None
5953	None
5954	None
5955	None
5956	None
5957	None
5958	None
5959	None
5960	None
5961	None
5962	None
5963	None
5964	None
5965	None
5966	None
5967	None
5968	None
5969	None
5970	None
5971	None
5972	None
5973	None
5974	None
5975	None
5976	None
5977	None
5978	None
5979	None
5980	None
5981	None
5982	None
5983	None
5984	None
5985	None
5986	None
5987	None
5988	None
5989	None
5990	None
5991	None
5992	None
5993	None
5994	None
5995	None
5996	None
5997	None
5998	None
5999	None
6000	None
6001	None
6002	None
6003	None
6004	None
6005	None
6006	None
6007	None
6008	None
6009	None
6010	None
6011	None
6012	None
6013	None
6014	None
6015	None
6016	None
6017	None
6018	None
6019	None
6020	None
6021	None
6022	None
6023	None
6024	None
6025	None
6026	None
6027	None
6028	None
6029	None
6030	None
6031	None
6032	None
6033	None
6034	None
6035	None
6036	None
6037	None
6038	None
6039	None
6040	None
6041	None
6042	None
6043	None
6044	None
6045	None
6046	None
6047	None
6048	None
6049	None
6050	None
6051	None
6052	None
6053	None
6054	None
6055	None
6056	None
6057	None
6058	None
6059	None
6060	None
6061	None
6062	None
6063	None
6064	None
6065	None
6066	None
6067	None
6068	None
6069	None
6070	None
6071	None
6072	None
6073	None
6074	None
6075	None
6076	None
6077	None
6078	None
6079	None
6080	None
6081	None
6082	None
6083	None
6084	None
6085	None
6086	None
6087	None
6088	None
6089	None
6090	None
6091	None
6092	None
6093	None
6094	None
6095	None
6096	None
6097	None
6098	None
6099	None
6100	None
6101	None
6102	None
6103	None
6104	None
6105	None
6106	None
6107	None
6108	None
6109	None
6110	None
6111	None
6112	None
6113	None
6114	None
6115	None
6116	None
6117	None
6118	None
6119	None
6120	None
6121	None
6122	None
6123	None
6124	None
6125	None
6126	None
6127	None
6128	None
6129	None
6130	None
6131	None
6132	None
6133	None
6134	None
6135	None
6136	None
6137	None
6138	None
6139	None
6140	None
6141	None
6142	None
6143	None
6144	None
6145	None
6146	None
6147	None
6148	None
6149	None
6150	None
6151	None
6152	None
6153	None
6154	None
6155	None
6156	None
6157	None
6158	None
6159	None
6160	None
6161	None
6162	None
6163	None
6164	None
6165	None
6166	None
6167	None
6168	None
6169	None
6170	None
6171	None
6172	None
6173	None
6174	None
6175	None
6176	None
6177	None
6178	None
6179	None
6180	None
6181	None
6182	None
6183	None
6184	None
6185	None
6186	None
6187	None
6188	None
6189	None
6190	None
6191	None
6192	None
6193	None
6194	None
6195	None
6196	None
6197	None
6198	None
6199	None
6200	None
6201	None
6202	None
6203	None
6204	None
6205	None
6206	None
6207	None
6208	None
6209	None
6210	None
6211	None
6212	None
6213	None
6214	None
6215	None
6216	None
6217	None
6218	None
6219	None
6220	None
6221	None
6222	None
6223	None
6224	None
6225	None
6226	None
6227	None
6228	None
6229	None
6230	None
6231	None
6232	None
6233	None
6234	None
6235	None
6236	None
6237	None
6238	None
6239	None
6240	None
6241	None
6242	None
6243	None
6244	None
6245	None
6246	None
6247	None
6248	None
6249	None
6250	None
6251	None
6252	None
6253	None
6254	None
6255	None
6256	None
6257	None
6258	None
6259	None
6260	None
6261	None
6262	None
6263	None
6264	None
6265	None
6266	None
6267	None
6268	None
6269	None
6270	None
6271	None
6272	None
6273	None
6274	None
6275	None
6276	None
6277	None
6278	None
6279	None
6280	None
6281	None
6282	None
6283	None
6284	None
6285	None
6286	None
6287	None
6288	None
6289	None
6290	None
6291	None
6292	None
6293	None
6294	None
6295	None
6296	None
6297	None
6298	None
6299	None
6300	None
6301	None
6302	None
6303	None
6304	None
6305	None
6306	None
6307	None
6308	None
6309	None
6310	None
6311	None
6312	None
6313	None
6314	None
6315	None
6316	None
6317	None
6318	None
6319	None
6320	None
6321	None
6322	None
6323	None
6324	None
6325	None
6326	None
6327	None
6328	None
6329	None
6330	None
6331	None
6332	None
6333	None
6334	None
6335	None
6336	None
6337	None
6338	None
6339	None
6340	None
6341	None
6342	None
6343	None
6344	None
6345	None
6346	None
6347	None
6348	None
6349	None
6350	None
6351	None
6352	None
6353	None
6354	None
6355	None
6356	None
6357	None
6358	None
6359	None
6360	None
6361	None
6362	None
6363	None
6364	None
6365	None
6366	None
6367	None
6368	None
6369	None
6370	None
6371	None
6372	None
6373	None
6374	None
6375	None
6376	None
6377	None
6378	None
6379	None
6380	None
6381	None
6382	None
6383	None
6384	None
6385	None
6386	None
6387	None
6388	None
6389	None
6390	None
6391	None
6392	None
6393	None
6394	None
6395	None
6396	None
6397	None
6398	None
6399	None
6400	None
6401	None
6402	None
6403	None
6404	None
6405	None
6406	None
6407	None
6408	None
6409	None
6410	None
6411	None
6412	None
6413	None
6414	None
6415	None
6416	None
6417	None
6418	None
6419	None
6420	None
6421	None
6422	None
6423	None
6424	None
6425	None
6426	None
6427	None
6428	None
6429	None
6430	None
6431	None
6432	None
6433	None
6434	None
6435	None
6436	None
6437	None
6438	None
6439	None
6440	None
6441	None
6442	None
6443	None
6444	None
6445	None
6446	None
6447	None
6448	None
6449	None
6450	None
6451	None
6452	None
6453	None
6454	None
6455	None
6456	None
6457	None
6458	None
6459	None
6460	None
6461	None
6462	None
6463	None
6464	None
6465	None
6466	None
6467	None
6468	None
6469	None
6470	None
6471	None
6472	None
6473	None
6474	None
6475	None
6476	None
6477	None
6478	None
6479	None
6480	None
6481	None
6482	None
6483	None
6484	None
6485	None
6486	None
6487	None
6488	None
6489	None
6490	None
6491	None
6492	None
6493	None
6494	None
6495	None
6496	None
6497	None
6498	None
6499	None
6500	None
6501	None
6502	None
6503	None
6504	None
6505	None
6506	None
6507	None
6508	None
6509	None
6510	None
6511	None
6512	None
6513	None
6514	None
6515	None
6516	None
6517	None
6518	None
6519	None
6520	None
6521	None
6522	None
6523	None
6524	None
6525	None
6526	None
6527	None
6528	None
6529	None
6530	None
6531	None
6532	None
6533	None
6534	None
6535	None
6536	None
6537	None
6538	None
6539	None
6540	None
6541	None
6542	None
6543	None
6544	None
6545	None
6546	None
6547	None
6548	None
6549	None
6550	None
6551	None
6552	None
6553	None
6554	None
6555	None
6556	None
6557	None
6558	None
6559	None
6560	None
6561	None
6562	None
6563	None
6564	None
6565	None
6566	None
6567	None
6568	None
6569	None
6570	None
6571	None
6572	None
6573	None
6574	None
6575	None
6576	None
6577	None
6578	None
6579	None
6580	None
6581	None
6582	None
6583	None
6584	None
6585	None
6586	None
6587	None
6588	None
6589	None
6590	None
6591	None
6592	None
6593	None
6594	None
6595	None
6596	None
6597	None
6598	None
6599	None
6600	None
6601	None
6602	None
6603	None
6604	None
6605	None
6606	None
6607	None
6608	None
6609	None
6610	None
6611	None
6612	None
6613	None
6614	None
6615	None
6616	None
6617	None
6618	None
6619	None
6620	None
6621	None
6622	None
6623	None
6624	None
6625	None
6626	None
6627	None
6628	None
6629	None
6630	None
6631	None
6632	None
6633	None
6634	None
6635	None
6636	None
6637	None
6638	None
6639	None
6640	None
6641	None
6642	None
6643	None
6644	None
6645	None
6646	None
6647	None
6648	None
6649	None
6650	None
6651	None
6652	None
6653	None
6654	None
6655	None
6656	None
6657	None
6658	None
6659	None
6660	None
6661	None
6662	None
6663	None
6664	None
6665	None
6666	None
6667	None
6668	None
6669	None
6670	None
6671	None
6672	None
6673	None
6674	None
6675	None
6676	None
6677	None
6678	None
6679	None
6680	None
6681	None
6682	None
6683	None
6684	None
6685	None
6686	None
6687	None
6688	None
6689	None
6690	None
6691	None
6692	None
6693	None
6694	None
6695	None
6696	None
6697	None
6698	None
6699	None
6700	None
6701	None
6702	None
6703	None
6704	None
6705	None
6706	None
6707	None
6708	None
6709	None
6710	None
6711	None
6712	None
6713	None
6714	None
6715	None
6716	None
6717	None
6718	None
6719	None
6720	None
6721	None
6722	None
6723	None
6724	None
6725	None
6726	None
6727	None
6728	None
6729	None
6730	None
6731	None
6732	None
6733	None
6734	None
6735	None
6736	None
6737	None
6738	None
6739	None
6740	None
6741	None
6742	None
6743	None
6744	None
6745	None
6746	None
6747	None
6748	None
6749	None
6750	None
6751	None
6752	None
6753	None
6754	None
6755	None
6756	None
6757	None
6758	None
6759	None
6760	None
6761	None
6762	None
6763	None
6764	None
6765	None
6766	None
6767	None
6768	None
6769	None
6770	None
6771	None
6772	None
6773	None
6774	None
6775	None
6776	None
6777	None
6778	None
6779	None
6780	None
6781	None
6782	None
6783	None
6784	None
6785	None
6786	None
6787	None
6788	None
6789	None
6790	None
6791	None
6792	None
6793	None
6794	None
6795	None
6796	None
6797	None
6798	None
6799	None
6800	None
6801	None
6802	None
6803	None
6804	None
6805	None
6806	None
6807	None
6808	None
6809	None
6810	None
6811	None
6812	None
6813	None
6814	None
6815	None
6816	None
6817	None
6818	None
6819	None
6820	None
6821	None
6822	None
6823	None
6824	None
6825	None
6826	None
6827	None
6828	None
6829	None
6830	None
6831	None
6832	None
6833	None
6834	None
6835	None
6836	None
6837	None
6838	None
6839	None
6840	None
6841	None
6842	None
6843	None
6844	None
6845	None
6846	None
6847	None
6848	None
6849	None
6850	None
6851	None
6852	None
6853	None
6854	None
6855	None
6856	None
6857	None
6858	None
6859	None
6860	None
6861	None
6862	None
6863	None
6864	None
6865	None
6866	None
6867	None
6868	None
6869	None
6870	None
6871	None
6872	None
6873	None
6874	None
6875	None
6876	None
6877	None
6878	None
6879	None
6880	None
6881	None
6882	None
6883	None
6884	None
6885	None
6886	None
6887	None
6888	None
6889	None
6890	None
6891	None
6892	None
6893	None
6894	None
6895	None
6896	None
6897	None
6898	None
6899	None
6900	None
6901	None
6902	None
6903	None
6904	None
6905	None
6906	None
6907	None
6908	None
6909	None
6910	None
6911	None
6912	None
6913	None
6914	None
6915	None
6916	None
6917	None
6918	None
6919	None
6920	None
6921	None
6922	None
6923	None
6924	None
6925	None
6926	None
6927	None
6928	None
6929	None
6930	None
6931	None
6932	None
6933	None
6934	None
6935	None
6936	None
6937	None
6938	None
6939	None
6940	None
6941	None
6942	None
6943	None
6944	None
6945	None
6946	None
6947	None
6948	None
6949	None
6950	None
6951	None
6952	None
6953	None
6954	None
6955	None
6956	None
6957	None
6958	None
6959	None
6960	None
6961	None
6962	None
6963	None
6964	None
6965	None
6966	None
6967	None
6968	None
6969	None
6970	None
6971	None
6972	None
6973	None
6974	None
6975	None
6976	None
6977	None
6978	None
6979	None
6980	None
6981	None
6982	None
6983	None
6984	None
6985	None
6986	None
6987	None
6988	None
6989	None
6990	None
6991	None
6992	None
6993	None
6994	None
6995	None
6996	None
6997	None
6998	None
6999	None
7000	None
7001	None
7002	None
7003	None
7004	None
7005	None
7006	None
7007	None
7008	None
7009	None
7010	None
7011	None
7012	None
7013	None
7014	None
7015	None
7016	None
7017	None
7018	None
7019	None
7020	None
7021	None
7022	None
7023	None
7024	None
7025	None
7026	None
7027	None
7028	None
7029	None
7030	None
7031	None
7032	None
7033	None
7034	None
7035	None
7036	None
7037	None
7038	None
7039	None
7040	None
7041	None
7042	None
7043	None
7044	None
7045	None
7046	None
7047	None
7048	None
7049	None
7050	None
7051	None
7052	None
7053	None
7054	None
7055	None
7056	None
7057	None
7058	None
7059	None
7060	None
7061	None
7062	None
7063	None
7064	None
7065	None
7066	None
7067	None
7068	None
7069	None
7070	None
7071	None
7072	None
7073	None
7074	None
7075	None
7076	None
7077	None
7078	None
7079	None
7080	None
7081	None
7082	None
7083	None
7084	None
7085	None
7086	None
7087	None
7088	None
7089	None
7090	None
7091	None
7092	None
7093	None
7094	None
7095	None
7096	None
7097	None
7098	None
7099	None
7100	None
7101	None
7102	None
7103	None
7104	None
7105	None
7106	None
7107	None
7108	None
7109	None
7110	None
7111	None
7112	None
7113	None
7114	None
7115	None
7116	None
7117	None
7118	None
7119	None
7120	None
7121	None
7122	None
7123	None
7124	None
7125	None
7126	None
7127	None
7128	None
7129	None
7130	None
7131	None
7132	None
7133	None
7134	None
7135	None
7136	None
7137	None
7138	None
7139	None
7140	None
7141	None
7142	None
7143	None
7144	None
7145	None
7146	None
7147	None
7148	None
7149	None
7150	None
7151	None
7152	None
7153	None
7154	None
7155	None
7156	None
7157	None
7158	None
7159	None
7160	None
7161	None
7162	None
7163	None
7164	None
7165	None
7166	None
7167	None
7168	None
7169	None
7170	None
7171	None
7172	None
7173	None
7174	None
7175	None
7176	None
7177	None
7178	None
7179	None
7180	None
7181	None
7182	None
7183	None
7184	None
7185	None
7186	None
7187	None
7188	None
7189	None
7190	None
7191	None
7192	None
7193	None
7194	None
7195	None
7196	None
7197	None
7198	None
7199	None
7200	None
7201	None
7202	None
7203	None
7204	None
7205	None
7206	None
7207	None
7208	None
7209	None
7210	None
7211	None
7212	None
7213	None
7214	None
7215	None
7216	None
7217	None
7218	None
7219	None
7220	None
7221	None
7222	None
7223	None
7224	None
7225	None
7226	None
7227	None
7228	None
7229	None
7230	None
7231	None
7232	None
7233	None
7234	None
7235	None
7236	None
7237	None
7238	None
7239	None
7240	None
7241	None
7242	None
7243	None
7244	None
7245	None
7246	None
7247	None
7248	None
7249	None
7250	None
7251	None
7252	None
7253	None
7254	None
7255	None
7256	None
7257	None
7258	None
7259	None
7260	None
7261	None
7262	None
7263	None
7264	None
7265	None
7266	None
7267	None
7268	None
7269	None
7270	None
7271	None
7272	None
7273	None
7274	None
7275	None
7276	None
7277	None
7278	None
7279	None
7280	None
7281	None
7282	None
7283	None
7284	None
7285	None
7286	None
7287	None
7288	None
7289	None
7290	None
7291	None
7292	None
7293	None
7294	None
7295	None
7296	None
7297	None
7298	None
7299	None
7300	None
7301	None
7302	None
7303	None
7304	None
7305	None
7306	None
7307	None
7308	None
7309	None
7310	None
7311	None
7312	None
7313	None
7314	None
7315	None
7316	None
7317	None
7318	None
7319	None
7320	None
7321	None
7322	None
7323	None
7324	None
7325	None
7326	None
7327	None
7328	None
7329	None
7330	None
7331	None
7332	None
7333	None
7334	None
7335	None
7336	None
7337	None
7338	None
7339	None
7340	None
7341	None
7342	None
7343	None
7344	None
7345	None
7346	None
7347	None
7348	None
7349	None
7350	None
7351	None
7352	None
7353	None
7354	None
7355	None
7356	None
7357	None
7358	None
7359	None
7360	None
7361	None
7362	None
7363	None
7364	None
7365	None
7366	None
7367	None
7368	None
7369	None
7370	None
7371	None
7372	None
7373	None
7374	None
7375	None
7376	None
7377	None
7378	None
7379	None
7380	None
7381	None
7382	None
7383	None
7384	None
7385	None
7386	None
7387	None
7388	None
7389	None
7390	None
7391	None
7392	None
7393	None
7394	None
7395	None
7396	None
7397	None
7398	None
7399	None
7400	None
7401	None
7402	None
7403	None
7404	None
7405	None
7406	None
7407	None
7408	None
7409	None
7410	None
7411	None
7412	None
7413	None
7414	None
7415	None
7416	None
7417	None
7418	None
7419	None
7420	None
7421	None
7422	None
7423	None
7424	None
7425	None
7426	None
7427	None
7428	None
7429	None
7430	None
7431	None
7432	None
7433	None
7434	None
7435	None
7436	None
7437	None
7438	None
7439	None
7440	None
7441	None
7442	None
7443	None
7444	None
7445	None
7446	None
7447	None
7448	None
7449	None
7450	None
7451	None
7452	None
7453	None
7454	None
7455	None
7456	None
7457	None
7458	None
7459	None
7460	None
7461	None
7462	None
7463	None
7464	None
7465	None
7466	None
7467	None
7468	None
7469	None
7470	None
7471	None
7472	None
7473	None
7474	None
7475	None
7476	None
7477	None
7478	None
7479	None
7480	None
7481	None
7482	None
7483	None
7484	None
7485	None
7486	None
7487	None
7488	None
7489	None
7490	None
7491	None
7492	None
7493	None
7494	None
7495	None
7496	None
7497	None
7498	None
7499	None
7500	None
7501	None
7502	None
7503	None
7504	None
7505	None
7506	None
7507	None
7508	None
7509	None
7510	None
7511	None
7512	None
7513	None
7514	None
7515	None
7516	None
7517	None
7518	None
7519	None
7520	None
7521	None
7522	None
7523	None
7524	None
7525	None
7526	None
7527	None
7528	None
7529	None
7530	None
7531	None
7532	None
7533	None
7534	None
7535	None
7536	None
7537	None
7538	None
7539	None
7540	None
7541	None
7542	None
7543	None
7544	None
7545	None
7546	None
7547	None
7548	None
7549	None
7550	None
7551	None
7552	None
7553	None
7554	None
7555	None
7556	None
7557	None
7558	None
7559	None
7560	None
7561	None
7562	None
7563	None
7564	None
7565	None
7566	None
7567	None
7568	None
7569	None
7570	None
7571	None
7572	None
7573	None
7574	None
7575	None
7576	None
7577	None
7578	None
7579	None
7580	None
7581	None
7582	None
7583	None
7584	None
7585	None
7586	None
7587	None
7588	None
7589	None
7590	None
7591	None
7592	None
7593	None
7594	None
7595	None
7596	None
7597	None
7598	None
7599	None
7600	None
7601	None
7602	None
7603	None
7604	None
7605	None
7606	None
7607	None
7608	None
7609	None
7610	None
7611	None
7612	None
7613	None
7614	None
7615	None
7616	None
7617	None
7618	None
7619	None
7620	None
7621	None
7622	None
7623	None
7624	None
7625	None
7626	None
7627	None
7628	None
7629	None
7630	None
7631	None
7632	None
7633	None
7634	None
7635	None
7636	None
7637	None
7638	None
7639	None
7640	None
7641	None
7642	None
7643	None
7644	None
7645	None
7646	None
7647	None
7648	None
7649	None
7650	None
7651	None
7652	None
7653	None
7654	None
7655	None
7656	None
7657	None
7658	None
7659	None
7660	None
7661	None
7662	None
7663	None
7664	None
7665	None
7666	None
7667	None
7668	None
7669	None
7670	None
7671	None
7672	None
7673	None
7674	None
7675	None
7676	None
7677	None
7678	None
7679	None
7680	None
7681	None
7682	None
7683	None
7684	None
7685	None
7686	None
7687	None
7688	None
7689	None
7690	None
7691	None
7692	None
7693	None
7694	None
7695	None
7696	None
7697	None
7698	None
7699	None
7700	None
7701	None
7702	None
7703	None
7704	None
7705	None
7706	None
7707	None
7708	None
7709	None
7710	None
7711	None
7712	None
7713	None
7714	None
7715	None
7716	None
7717	None
7718	None
7719	None
7720	None
7721	None
7722	None
7723	None
7724	None
7725	None
7726	None
7727	None
7728	None
7729	None
7730	None
7731	None
7732	None
7733	None
7734	None
7735	None
7736	None
7737	None
7738	None
7739	None
7740	None
7741	None
7742	None
7743	None
7744	None
7745	None
7746	None
7747	None
7748	None
7749	None
7750	None
7751	None
7752	None
7753	None
7754	None
7755	None
7756	None
7757	None
7758	None
7759	None
7760	None
7761	None
7762	None
7763	None
7764	None
7765	None
7766	None
7767	None
7768	None
7769	None
7770	None
7771	None
7772	None
7773	None
7774	None
7775	None
7776	None
7777	None
7778	None
7779	None
7780	None
7781	None
7782	None
7783	None
7784	None
7785	None
7786	None
7787	None
7788	None
7789	None
7790	None
7791	None
7792	None
7793	None
7794	None
7795	None
7796	None
7797	None
7798	None
7799	None
7800	None
7801	None
7802	None
7803	None
7804	None
7805	None
7806	None
7807	None
7808	None
7809	None
7810	None
7811	None
7812	None
7813	None
7814	None
7815	None
7816	None
7817	None
7818	None
7819	None
7820	None
7821	None
7822	None
7823	None
7824	None
7825	None
7826	None
7827	None
7828	None
7829	None
7830	None
7831	None
7832	None
7833	None
7834	None
7835	None
7836	None
7837	None
7838	None
7839	None
7840	None
7841	None
7842	None
7843	None
7844	None
7845	None
7846	None
7847	None
7848	None
7849	None
7850	None
7851	None
7852	None
7853	None
7854	None
7855	None
7856	None
7857	None
7858	None
7859	None
7860	None
7861	None
7862	None
7863	None
7864	None
7865	None
7866	None
7867	None
7868	None
7869	None
7870	None
7871	None
7872	None
7873	None
7874	None
7875	None
7876	None
7877	None
7878	None
7879	None
7880	None
7881	None
7882	None
7883	None
7884	None
7885	None
7886	None
7887	None
7888	None
7889	None
7890	None
7891	None
7892	None
7893	None
7894	None
7895	None
7896	None
7897	None
7898	None
7899	None
7900	None
7901	None
7902	None
7903	None
7904	None
7905	None
7906	None
7907	None
7908	None
7909	None
7910	None
7911	None
7912	None
7913	None
7914	None
7915	None
7916	None
7917	None
7918	None
7919	None
7920	None
7921	None
7922	None
7923	None
7924	None
7925	None
7926	None
7927	None
7928	None
7929	None
7930	None
7931	None
7932	None
7933	None
7934	None
7935	None
7936	None
7937	None
7938	None
7939	None
7940	None
7941	None
7942	None
7943	None
7944	None
7945	None
7946	None
7947	None
7948	None
7949	None
7950	None
7951	None
7952	None
7953	None
7954	None
7955	None
7956	None
7957	None
7958	None
7959	None
7960	None
7961	None
7962	None
7963	None
7964	None
7965	None
7966	None
7967	None
7968	None
7969	None
7970	None
7971	None
7972	None
7973	None
7974	None
7975	None
7976	None
7977	None
7978	None
7979	None
7980	None
7981	None
7982	None
7983	None
7984	None
7985	None
7986	None
7987	None
7988	None
7989	None
7990	None
7991	None
7992	None
7993	None
7994	None
7995	None
7996	None
7997	None
7998	None
7999	None
8000	None
8001	None
8002	None
8003	None
8004	None
8005	None
8006	None
8007	None
8008	None
8009	None
8010	None
8011	None
8012	None
8013	None
8014	None
8015	None
8016	None
8017	None
8018	None
8019	None
8020	None
8021	None
8022	None
8023	None
8024	None
8025	None
8026	None
8027	None
8028	None
8029	None
8030	None
8031	None
8032	None
8033	None
8034	None
8035	None
8036	None
8037	None
8038	None
8039	None
8040	None
8041	None
8042	None
8043	None
8044	None
8045	None
8046	None
8047	None
8048	None
8049	None
8050	None
8051	None
8052	None
8053	None
8054	None
8055	None
8056	None
8057	None
8058	None
8059	None
8060	None
8061	None
8062	None
8063	None
8064	None
8065	None
8066	None
8067	None
8068	None
8069	None
8070	None
8071	None
8072	None
8073	None
8074	None
8075	None
8076	None
8077	None
8078	None
8079	None
8080	None
8081	None
8082	None
8083	None
8084	None
8085	None
8086	None
8087	None
8088	None
8089	None
8090	None
8091	None
8092	None
8093	None
8094	None
8095	None
8096	None
8097	None
8098	None
8099	None
8100	None
8101	None
8102	None
8103	None
8104	None
8105	None
8106	None
8107	None
8108	None
8109	None
8110	None
8111	None
8112	None
8113	None
8114	None
8115	None
8116	None
8117	None
8118	None
8119	None
8120	None
8121	None
8122	None
8123	None
8124	None
8125	None
8126	None
8127	None
8128	None
8129	None
8130	None
8131	None
8132	None
8133	None
8134	None
8135	None
8136	None
8137	None
8138	None
8139	None
8140	None
8141	None
8142	None
8143	None
8144	None
8145	None
8146	None
8147	None
8148	None
8149	None
8150	None
8151	None
8152	None
8153	None
8154	None
8155	None
8156	None
8157	None
8158	None
8159	None
8160	None
8161	None
8162	None
8163	None
8164	None
8165	None
8166	None
8167	None
8168	None
8169	None
8170	None
8171	None
8172	None
8173	None
8174	None
8175	None
8176	None
8177	None
8178	None
8179	None
8180	None
8181	None
8182	None
8183	None
8184	None
8185	None
8186	None
8187	None
8188	None
8189	None
8190	None
8191	None
8192	None
8193	None
8194	None
8195	None
8196	None
8197	None
8198	None
8199	None
8200	None
8201	None
8202	None
8203	None
8204	None
8205	None
8206	None
8207	None
8208	None
8209	None
8210	None
8211	None
8212	None
8213	None
8214	None
8215	None
8216	None
8217	None
8218	None
8219	None
8220	None
8221	None
8222	None
8223	None
8224	None
8225	None
8226	None
8227	None
8228	None
8229	None
8230	None
8231	None
8232	None
8233	None
8234	None
8235	None
8236	None
8237	None
8238	None
8239	None
8240	None
8241	None
8242	None
8243	None
8244	None
8245	None
8246	None
8247	None
8248	None
8249	None
8250	None
8251	None
8252	None
8253	None
8254	None
8255	None
8256	None
8257	None
8258	None
8259	None
8260	None
8261	None
8262	None
8263	None
8264	None
8265	None
8266	None
8267	None
8268	None
8269	None
8270	None
8271	None
8272	None
8273	None
8274	None
8275	None
8276	None
8277	None
8278	None
8279	None
8280	None
8281	None
8282	None
8283	None
8284	None
8285	None
8286	None
8287	None
8288	None
8289	None
8290	None
8291	None
8292	None
8293	None
8294	None
8295	None
8296	None
8297	None
8298	None
8299	None
8300	None
8301	None
8302	None
8303	None
8304	None
8305	None
8306	None
8307	None
8308	None
8309	None
8310	None
8311	None
8312	None
8313	None
8314	None
8315	None
8316	None
8317	None
8318	None
8319	None
8320	None
8321	None
8322	None
8323	None
8324	None
8325	None
8326	None
8327	None
8328	None
8329	None
8330	None
8331	None
8332	None
8333	None
8334	None
8335	None
8336	None
8337	None
8338	None
8339	None
8340	None
8341	None
8342	None
8343	None
8344	None
8345	None
8346	None
8347	None
8348	None
8349	None
8350	None
8351	None
8352	None
8353	None
8354	None
8355	None
8356	None
8357	None
8358	None
8359	None
8360	None
8361	None
8362	None
8363	None
8364	None
8365	None
8366	None
8367	None
8368	None
8369	None
8370	None
8371	None
8372	None
8373	None
8374	None
8375	None
8376	None
8377	None
8378	None
8379	None
8380	None
8381	None
8382	None
8383	None
8384	None
8385	None
8386	None
8387	None
8388	None
8389	None
8390	None
8391	None
8392	None
8393	None
8394	None
8395	None
8396	None
8397	None
8398	None
8399	None
8400	None
8401	None
8402	None
8403	None
8404	None
8405	None
8406	None
8407	None
8408	None
8409	None
8410	None
8411	None
8412	None
8413	None
8414	None
8415	None
8416	None
8417	None
8418	None
8419	None
8420	None
8421	None
8422	None
8423	None
8424	None
8425	None
8426	None
8427	None
8428	None
8429	None
8430	None
8431	None
8432	None
8433	None
8434	None
8435	None
8436	None
8437	None
8438	None
8439	None
8440	None
8441	None
8442	None
8443	None
8444	None
8445	None
8446	None
8447	None
8448	None
8449	None
8450	None
8451	None
8452	None
8453	None
8454	None
8455	None
8456	None
8457	None
8458	None
8459	None
8460	None
8461	None
8462	None
8463	None
8464	None
8465	None
8466	None
8467	None
8468	None
8469	None
8470	None
8471	None
8472	None
8473	None
8474	None
8475	None
8476	None
8477	None
8478	None
8479	None
8480	None
8481	None
8482	None
8483	None
8484	None
8485	None
8486	None
8487	None
8488	None
8489	None
8490	None
8491	None
8492	None
8493	None
8494	None
8495	None
8496	None
8497	None
8498	None
8499	None
8500	None
8501	None
8502	None
8503	None
8504	None
8505	None
8506	None
8507	None
8508	None
8509	None
8510	None
8511	None
8512	None
8513	None
8514	None
8515	None
8516	None
8517	None
8518	None
8519	None
8520	None
8521	None
8522	None
8523	None
8524	None
8525	None
8526	None
8527	None
8528	None
8529	None
8530	None
8531	None
8532	None
8533	None
8534	None
8535	None
8536	None
8537	None
8538	None
8539	None
8540	None
8541	None
8542	None
8543	None
8544	None
8545	None
8546	None
8547	None
8548	None
8549	None
8550	None
8551	None
8552	None
8553	None
8554	None
8555	None
8556	None
8557	None
8558	None
8559	None
8560	None
8561	None
8562	None
8563	None
8564	None
8565	None
8566	None
8567	None
8568	None
8569	None
8570	None
8571	None
8572	None
8573	None
8574	None
8575	None
8576	None
8577	None
8578	None
8579	None
8580	None
8581	None
8582	None
8583	None
8584	None
8585	None
8586	None
8587	None
8588	None
8589	None
8590	None
8591	None
8592	None
8593	None
8594	None
8595	None
8596	None
8597	None
8598	None
8599	None
8600	None
8601	None
8602	None
8603	None
8604	None
8605	None
8606	None
8607	None
8608	None
8609	None
8610	None
8611	None
8612	None
8613	None
8614	None
8615	None
8616	None
8617	None
8618	None
8619	None
8620	None
8621	None
8622	None
8623	None
8624	None
8625	None
8626	None
8627	None
8628	None
8629	None
8630	None
8631	None
8632	None
8633	None
8634	None
8635	None
8636	None
8637	None
8638	None
8639	None
8640	None
8641	None
8642	None
8643	None
8644	None
8645	None
8646	None
8647	None
8648	None
8649	None
8650	None
8651	None
8652	None
8653	None
8654	None
8655	None
8656	None
8657	None
8658	None
8659	None
8660	None
8661	None
8662	None
8663	None
8664	None
8665	None
8666	None
8667	None
8668	None
8669	None
8670	None
8671	None
8672	None
8673	None
8674	None
8675	None
8676	None
8677	None
8678	None
8679	None
8680	None
8681	None
8682	None
8683	None
8684	None
8685	None
8686	None
8687	None
8688	None
8689	None
8690	None
8691	None
8692	None
8693	None
8694	None
8695	None
8696	None
8697	None
8698	None
8699	None
8700	None
8701	None
8702	None
8703	None
8704	None
8705	None
8706	None
8707	None
8708	None
8709	None
8710	None
8711	None
8712	None
8713	None
8714	None
8715	None
8716	None
8717	None
8718	None
8719	None
8720	None
8721	None
8722	None
8723	None
8724	None
8725	None
8726	None
8727	None
8728	None
8729	None
8730	None
8731	None
8732	None
8733	None
8734	None
8735	None
8736	None
8737	None
8738	None
8739	None
8740	None
8741	None
8742	None
8743	None
8744	None
8745	None
8746	None
8747	None
8748	None
8749	None
8750	None
8751	None
8752	None
8753	None
8754	None
8755	None
8756	None
8757	None
8758	None
8759	None
8760	None
8761	None
8762	None
8763	None
8764	None
8765	None
8766	None
8767	None
8768	None
8769	None
8770	None
8771	None
8772	None
8773	None
8774	None
8775	None
8776	None
8777	None
8778	None
8779	None
8780	None
8781	None
8782	None
8783	None
8784	None
8785	None
