2299 matches
['halomatch.py', 'Runs/', 'LCDM_vanilla', 'SymD_cool_star', '64', '.5', 'match_LCDM_vanilla_SymD_cool_star']
LCDM_vanilla	SymD_cool_star
0	0
1	1
2	2
3	5
4	3
5	6
6	7
7	13
8	10
9	11
10	13
11	14
12	None
13	12
14	None
15	15
16	20
17	16
18	8
19	None
20	86
21	None
22	28
23	32
24	31
25	21
26	41
27	23
28	None
29	36
30	34
31	37
32	None
33	35
34	44
35	None
36	None
37	None
38	None
39	46
40	47
41	None
42	42
43	61
44	53
45	None
46	None
47	None
48	54
49	55
50	None
51	None
52	None
53	62
54	48
55	59
56	None
57	51
58	67
59	80
60	None
61	65
62	56
63	None
64	63
65	87
66	73
67	70
68	111
69	None
70	76
71	89
72	77
73	81
74	None
75	None
76	69
77	None
78	85
79	None
80	84
81	74
82	None
83	91
84	None
85	127
86	None
87	None
88	None
89	None
90	None
91	None
92	92
93	None
94	None
95	123
96	83
97	95
98	None
99	118
100	None
101	115
102	94
103	108
104	114
105	None
106	None
107	100
108	109
109	138
110	None
111	None
112	130
113	None
114	None
115	None
116	None
117	113
118	None
119	None
120	None
121	168
122	None
123	126
124	136
125	None
126	154
127	129
128	99
129	None
130	None
131	None
132	None
133	140
134	None
135	None
136	160
137	177
138	128
139	None
140	117
141	None
142	144
143	135
144	148
145	None
146	None
147	150
148	None
149	149
150	None
151	None
152	None
153	None
154	161
155	142
156	164
157	162
158	None
159	146
160	137
161	None
162	None
163	165
164	None
165	166
166	132
167	159
168	143
169	None
170	167
171	195
172	465
173	None
174	None
175	156
176	349
177	171
178	None
179	197
180	None
181	198
182	248
183	None
184	None
185	None
186	None
187	200
188	None
189	346
190	None
191	194
192	248
193	844
194	None
195	868
196	163
197	172
198	247
199	None
200	292
201	186
202	349
203	None
204	170
205	None
206	228
207	205
208	203
209	None
210	298
211	268
212	213
213	1384
214	None
215	None
216	None
217	257
218	212
219	None
220	223
221	307
222	None
223	None
224	None
225	206
226	255
227	525
228	None
229	214
230	240
231	None
232	None
233	None
234	226
235	199
236	510
237	322
238	258
239	313
240	None
241	246
242	243
243	None
244	234
245	None
246	465
247	381
248	270
249	None
250	207
251	None
252	277
253	209
254	None
255	452
256	None
257	276
258	None
259	478
260	191
261	377
262	297
263	None
264	None
265	242
266	1442
267	None
268	None
269	235
270	943
271	319
272	252
273	None
274	None
275	None
276	261
277	None
278	None
279	295
280	256
281	219
282	None
283	1447
284	None
285	352
286	None
287	None
288	None
289	None
290	None
291	None
292	301
293	263
294	363
295	346
296	326
297	341
298	180
299	271
300	375
301	468
302	None
303	None
304	None
305	975
306	None
307	736
308	None
309	None
310	336
311	269
312	403
313	296
314	364
315	None
316	None
317	None
318	None
319	339
320	1709
321	581
322	None
323	None
324	None
325	394
326	360
327	None
328	None
329	None
330	266
331	None
332	None
333	None
334	312
335	None
336	None
337	332
338	None
339	393
340	None
341	None
342	None
343	274
344	None
345	311
346	None
347	None
348	None
349	None
350	288
351	946
352	None
353	316
354	392
355	None
356	None
357	359
358	None
359	None
360	462
361	None
362	None
363	335
364	None
365	None
366	None
367	None
368	None
369	None
370	None
371	None
372	482
373	None
374	282
375	1036
376	None
377	281
378	915
379	None
380	None
381	None
382	None
383	289
384	368
385	342
386	None
387	267
388	1083
389	351
390	None
391	378
392	None
393	None
394	424
395	None
396	376
397	421
398	356
399	770
400	None
401	None
402	None
403	None
404	354
405	None
406	None
407	None
408	None
409	None
410	567
411	361
412	None
413	612
414	None
415	330
416	None
417	369
418	438
419	509
420	2149
421	906
422	None
423	None
424	None
425	None
426	None
427	466
428	None
429	436
430	None
431	384
432	None
433	None
434	None
435	None
436	None
437	None
438	None
439	None
440	456
441	484
442	None
443	409
444	None
445	433
446	None
447	365
448	None
449	386
450	None
451	395
452	374
453	1296
454	None
455	406
456	536
457	None
458	334
459	579
460	541
461	629
462	None
463	None
464	None
465	None
466	419
467	370
468	None
469	524
470	532
471	None
472	None
473	None
474	496
475	None
476	None
477	975
478	None
479	402
480	685
481	577
482	None
483	None
484	None
485	453
486	None
487	1846
488	469
489	379
490	391
491	None
492	None
493	429
494	746
495	None
496	819
497	480
498	None
499	None
500	641
501	None
502	637
503	432
504	None
505	355
506	None
507	455
508	None
509	None
510	None
511	475
512	459
513	398
514	1487
515	499
516	None
517	None
518	None
519	422
520	474
521	1846
522	None
523	None
524	None
525	597
526	1864
527	None
528	485
529	None
530	1514
531	None
532	None
533	None
534	1110
535	None
536	None
537	None
538	446
539	None
540	None
541	None
542	None
543	None
544	2188
545	None
546	None
547	None
548	1522
549	1514
550	562
551	540
552	None
553	483
554	517
555	1300
556	None
557	None
558	514
559	449
560	647
561	None
562	538
563	None
564	None
565	497
566	554
567	None
568	1595
569	None
570	None
571	454
572	404
573	472
574	None
575	None
576	None
577	431
578	558
579	None
580	1044
581	493
582	None
583	652
584	1273
585	1940
586	None
587	1828
588	None
589	None
590	530
591	None
592	None
593	None
594	None
595	513
596	559
597	665
598	None
599	606
600	596
601	None
602	None
603	None
604	1296
605	674
606	None
607	410
608	669
609	515
610	506
611	519
612	526
613	None
614	None
615	548
616	None
617	1442
618	None
619	None
620	None
621	None
622	None
623	None
624	None
625	2092
626	741
627	452
628	439
629	None
630	None
631	412
632	1929
633	None
634	627
635	None
636	611
637	511
638	None
639	None
640	None
641	542
642	None
643	721
644	671
645	None
646	750
647	None
648	None
649	None
650	None
651	619
652	1868
653	None
654	None
655	None
656	None
657	495
658	None
659	695
660	503
661	599
662	504
663	None
664	None
665	448
666	651
667	None
668	572
669	None
670	None
671	1447
672	None
673	None
674	None
675	None
676	None
677	None
678	None
679	None
680	608
681	None
682	701
683	None
684	982
685	None
686	None
687	544
688	None
689	None
690	None
691	None
692	None
693	427
694	467
695	None
696	None
697	549
698	551
699	None
700	None
701	None
702	1032
703	521
704	None
705	1829
706	924
707	None
708	683
709	529
710	None
711	None
712	712
713	None
714	833
715	None
716	None
717	None
718	625
719	501
720	628
721	None
722	508
723	594
724	None
725	598
726	None
727	481
728	None
729	None
730	None
731	545
732	444
733	None
734	None
735	None
736	None
737	None
738	655
739	691
740	None
741	614
742	531
743	617
744	1892
745	None
746	2041
747	985
748	None
749	591
750	None
751	539
752	653
753	693
754	556
755	None
756	None
757	None
758	692
759	None
760	1823
761	648
762	1514
763	1001
764	2192
765	None
766	None
767	658
768	None
769	None
770	913
771	952
772	719
773	657
774	None
775	None
776	590
777	None
778	675
779	None
780	784
781	714
782	None
783	1863
784	None
785	586
786	890
787	None
788	None
789	618
790	2285
791	None
792	None
793	None
794	984
795	656
796	None
797	793
798	None
799	1929
800	633
801	660
802	2227
803	860
804	None
805	None
806	None
807	None
808	909
809	742
810	None
811	1862
812	None
813	879
814	None
815	None
816	1823
817	None
818	None
819	1410
820	635
821	None
822	None
823	630
824	877
825	574
826	949
827	738
828	None
829	583
830	None
831	744
832	571
833	700
834	672
835	2126
836	668
837	717
838	2115
839	None
840	1556
841	None
842	None
843	None
844	None
845	876
846	767
847	None
848	780
849	1049
850	None
851	999
852	None
853	None
854	2515
855	554
856	620
857	None
858	843
859	930
860	2273
861	764
862	1946
863	2124
864	None
865	None
866	1157
867	1089
868	None
869	1984
870	None
871	603
872	None
873	None
874	None
875	659
876	None
877	1606
878	939
879	639
880	808
881	760
882	2116
883	None
884	None
885	None
886	1921
887	749
888	None
889	None
890	None
891	None
892	None
893	662
894	721
895	722
896	2297
897	753
898	1044
899	None
900	None
901	604
902	795
903	998
904	747
905	613
906	None
907	None
908	782
909	826
910	None
911	None
912	None
913	None
914	None
915	None
916	775
917	2637
918	None
919	761
920	None
921	None
922	663
923	1042
924	1793
925	None
926	None
927	None
928	1974
929	None
930	2363
931	814
932	709
933	None
934	None
935	None
936	None
937	None
938	2403
939	None
940	None
941	None
942	None
943	None
944	None
945	None
946	None
947	None
948	None
949	None
950	792
951	2173
952	None
953	None
954	None
955	None
956	None
957	None
958	1364
959	None
960	790
961	1257
962	1091
963	1833
964	2260
965	None
966	745
967	1054
968	858
969	None
970	None
971	2478
972	1327
973	1033
974	804
975	812
976	973
977	2532
978	829
979	None
980	823
981	1006
982	None
983	None
984	None
985	1018
986	None
987	None
988	1536
989	704
990	None
991	1228
992	None
993	None
994	None
995	None
996	946
997	None
998	None
999	None
1000	1075
1001	1276
1002	1005
1003	None
1004	1493
1005	2577
1006	None
1007	None
1008	None
1009	None
1010	None
1011	815
1012	None
1013	None
1014	1659
1015	None
1016	None
1017	846
1018	930
1019	1601
1020	None
1021	None
1022	781
1023	1026
1024	None
1025	1203
1026	None
1027	1647
1028	None
1029	None
1030	None
1031	1027
1032	711
1033	871
1034	1953
1035	None
1036	2561
1037	None
1038	None
1039	1162
1040	None
1041	1095
1042	None
1043	None
1044	None
1045	890
1046	None
1047	786
1048	849
1049	787
1050	None
1051	None
1052	681
1053	2436
1054	None
1055	774
1056	1655
1057	None
1058	1784
1059	995
1060	None
1061	None
1062	1820
1063	864
1064	None
1065	None
1066	None
1067	2829
1068	None
1069	735
1070	None
1071	None
1072	None
1073	None
1074	None
1075	None
1076	None
1077	None
1078	None
1079	1050
1080	778
1081	None
1082	None
1083	697
1084	None
1085	None
1086	None
1087	None
1088	None
1089	1364
1090	None
1091	644
1092	None
1093	None
1094	676
1095	1145
1096	None
1097	1338
1098	None
1099	2363
1100	816
1101	None
1102	771
1103	None
1104	None
1105	1122
1106	1208
1107	822
1108	None
1109	None
1110	None
1111	None
1112	None
1113	None
1114	None
1115	615
1116	2740
1117	None
1118	797
1119	1987
1120	None
1121	1912
1122	835
1123	911
1124	1953
1125	857
1126	None
1127	2515
1128	806
1129	1037
1130	1117
1131	None
1132	None
1133	None
1134	1209
1135	None
1136	752
1137	None
1138	None
1139	None
1140	785
1141	None
1142	1102
1143	None
1144	1529
1145	None
1146	None
1147	None
1148	1073
1149	None
1150	1921
1151	1133
1152	None
1153	None
1154	1748
1155	1000
1156	None
1157	None
1158	None
1159	None
1160	None
1161	None
1162	None
1163	None
1164	2517
1165	None
1166	None
1167	None
1168	None
1169	None
1170	None
1171	1361
1172	None
1173	None
1174	None
1175	None
1176	None
1177	None
1178	1349
1179	None
1180	None
1181	None
1182	None
1183	891
1184	1107
1185	None
1186	None
1187	817
1188	1712
1189	756
1190	794
1191	None
1192	None
1193	None
1194	None
1195	872
1196	None
1197	1022
1198	None
1199	2291
1200	856
1201	None
1202	2605
1203	2151
1204	None
1205	1212
1206	None
1207	None
1208	None
1209	None
1210	933
1211	1377
1212	None
1213	2124
1214	None
1215	None
1216	1116
1217	1143
1218	None
1219	None
1220	838
1221	None
1222	855
1223	None
1224	None
1225	1098
1226	None
1227	None
1228	None
1229	2434
1230	None
1231	None
1232	None
1233	1233
1234	2453
1235	None
1236	1354
1237	None
1238	1435
1239	837
1240	None
1241	None
1242	None
1243	None
1244	916
1245	809
1246	None
1247	None
1248	None
1249	None
1250	None
1251	None
1252	2391
1253	1082
1254	None
1255	1166
1256	882
1257	2305
1258	None
1259	1325
1260	None
1261	None
1262	None
1263	1101
1264	1055
1265	None
1266	1441
1267	1256
1268	917
1269	1629
1270	None
1271	None
1272	824
1273	None
1274	1112
1275	None
1276	None
1277	None
1278	None
1279	None
1280	1183
1281	None
1282	None
1283	None
1284	1170
1285	861
1286	None
1287	None
1288	1979
1289	None
1290	1831
1291	1213
1292	None
1293	894
1294	1125
1295	948
1296	1397
1297	2939
1298	2173
1299	2766
1300	None
1301	1206
1302	None
1303	None
1304	None
1305	1258
1306	1144
1307	None
1308	None
1309	None
1310	1309
1311	929
1312	1265
1313	None
1314	None
1315	2138
1316	961
1317	1399
1318	None
1319	1201
1320	None
1321	None
1322	None
1323	892
1324	935
1325	1335
1326	895
1327	931
1328	1271
1329	1215
1330	905
1331	1135
1332	1913
1333	1222
1334	839
1335	None
1336	None
1337	900
1338	None
1339	None
1340	None
1341	None
1342	None
1343	1151
1344	None
1345	None
1346	2761
1347	None
1348	None
1349	None
1350	None
1351	2149
1352	None
1353	2465
1354	None
1355	None
1356	None
1357	1531
1358	None
1359	990
1360	None
1361	962
1362	2109
1363	632
1364	None
1365	1952
1366	953
1367	None
1368	None
1369	None
1370	2840
1371	None
1372	None
1373	None
1374	None
1375	2386
1376	2569
1377	None
1378	2019
1379	None
1380	1038
1381	None
1382	1220
1383	None
1384	1321
1385	966
1386	1239
1387	None
1388	1134
1389	928
1390	904
1391	897
1392	None
1393	None
1394	None
1395	1205
1396	1290
1397	1105
1398	1259
1399	None
1400	1244
1401	1380
1402	1168
1403	1360
1404	None
1405	2285
1406	1316
1407	1226
1408	1174
1409	None
1410	2126
1411	997
1412	None
1413	None
1414	None
1415	None
1416	1310
1417	1479
1418	1735
1419	None
1420	None
1421	None
1422	None
1423	1438
1424	None
1425	None
1426	None
1427	1966
1428	None
1429	None
1430	None
1431	None
1432	None
1433	None
1434	1298
1435	None
1436	None
1437	None
1438	None
1439	2216
1440	None
1441	None
1442	None
1443	None
1444	1137
1445	1121
1446	980
1447	None
1448	None
1449	None
1450	None
1451	None
1452	1306
1453	None
1454	None
1455	None
1456	1129
1457	None
1458	None
1459	None
1460	980
1461	None
1462	902
1463	None
1464	None
1465	1370
1466	1255
1467	None
1468	None
1469	None
1470	807
1471	2063
1472	919
1473	None
1474	1705
1475	None
1476	None
1477	None
1478	1224
1479	None
1480	None
1481	None
1482	None
1483	1388
1484	1190
1485	None
1486	1720
1487	None
1488	1030
1489	937
1490	None
1491	None
1492	None
1493	1288
1494	None
1495	None
1496	1195
1497	1253
1498	1293
1499	963
1500	None
1501	None
1502	2236
1503	1286
1504	914
1505	None
1506	None
1507	None
1508	1368
1509	1373
1510	None
1511	1034
1512	None
1513	2973
1514	1732
1515	None
1516	945
1517	1347
1518	None
1519	2399
1520	None
1521	1909
1522	None
1523	2583
1524	1644
1525	None
1526	1746
1527	None
1528	None
1529	1518
1530	None
1531	None
1532	1136
1533	1334
1534	None
1535	None
1536	None
1537	None
1538	960
1539	None
1540	None
1541	None
1542	None
1543	None
1544	None
1545	1292
1546	2605
1547	3185
1548	1291
1549	None
1550	762
1551	None
1552	None
1553	None
1554	952
1555	None
1556	2863
1557	None
1558	None
1559	1197
1560	1301
1561	None
1562	1572
1563	None
1564	971
1565	2681
1566	1683
1567	1025
1568	None
1569	None
1570	None
1571	1216
1572	1524
1573	None
1574	None
1575	None
1576	2940
1577	1636
1578	1120
1579	2616
1580	1654
1581	None
1582	1024
1583	1549
1584	None
1585	None
1586	1363
1587	2030
1588	1598
1589	956
1590	1064
1591	1464
1592	1029
1593	3261
1594	1280
1595	1308
1596	1313
1597	1696
1598	None
1599	1417
1600	None
1601	None
1602	None
1603	None
1604	None
1605	1421
1606	1008
1607	1367
1608	None
1609	1773
1610	1608
1611	None
1612	1422
1613	754
1614	None
1615	None
1616	None
1617	None
1618	None
1619	None
1620	1319
1621	None
1622	None
1623	None
1624	1269
1625	None
1626	None
1627	None
1628	1052
1629	1883
1630	None
1631	1871
1632	1128
1633	2768
1634	None
1635	1759
1636	None
1637	1358
1638	1562
1639	3607
1640	1365
1641	1412
1642	None
1643	2794
1644	None
1645	1672
1646	1011
1647	None
1648	None
1649	None
1650	None
1651	1708
1652	None
1653	None
1654	3631
1655	1357
1656	1490
1657	None
1658	1962
1659	None
1660	1084
1661	None
1662	None
1663	None
1664	1597
1665	3853
1666	1899
1667	None
1668	3065
1669	None
1670	None
1671	1462
1672	2559
1673	None
1674	None
1675	None
1676	2033
1677	1342
1678	None
1679	2400
1680	3483
1681	1761
1682	1402
1683	None
1684	1400
1685	1618
1686	1420
1687	None
1688	None
1689	1583
1690	2267
1691	None
1692	None
1693	1688
1694	1028
1695	1440
1696	1322
1697	None
1698	None
1699	1484
1700	None
1701	1781
1702	None
1703	None
1704	1452
1705	2002
1706	1880
1707	None
1708	None
1709	2716
1710	None
1711	None
1712	None
1713	2006
1714	None
1715	None
1716	3382
1717	None
1718	None
1719	1387
1720	None
1721	None
1722	1463
1723	1333
1724	2506
1725	2558
1726	1392
1727	1194
1728	None
1729	2061
1730	None
1731	None
1732	2758
1733	1171
1734	1085
1735	1465
1736	None
1737	None
1738	None
1739	2978
1740	2681
1741	None
1742	2042
1743	3018
1744	1963
1745	1551
1746	1433
1747	None
1748	None
1749	1643
1750	2638
1751	1630
1752	None
1753	1051
1754	None
1755	None
1756	2515
1757	1667
1758	3614
1759	4029
1760	1876
1761	None
1762	2203
1763	None
1764	1754
1765	None
1766	4003
1767	None
1768	1714
1769	2656
1770	1266
1771	1843
1772	None
1773	None
1774	1497
1775	None
1776	None
1777	None
1778	None
1779	3810
1780	987
1781	1114
1782	4048
1783	None
1784	3588
1785	1088
1786	None
1787	None
1788	None
1789	None
1790	None
1791	None
1792	None
1793	2388
1794	1468
1795	None
1796	None
1797	1092
1798	1800
1799	None
1800	None
1801	2130
1802	None
1803	None
1804	None
1805	None
1806	1496
1807	None
1808	None
1809	2819
1810	None
1811	3075
1812	None
1813	None
1814	None
1815	1675
1816	2983
1817	None
1818	None
1819	3245
1820	2283
1821	1700
1822	1824
1823	None
1824	None
1825	1070
1826	2058
1827	2980
1828	None
1829	1818
1830	None
1831	None
1832	None
1833	None
1834	None
1835	2464
1836	None
1837	1742
1838	1578
1839	None
1840	None
1841	2090
1842	4211
1843	None
1844	None
1845	1546
1846	None
1847	None
1848	2934
1849	2159
1850	1734
1851	None
1852	None
1853	None
1854	None
1855	1516
1856	None
1857	1418
1858	1893
1859	None
1860	None
1861	1124
1862	None
1863	None
1864	None
1865	None
1866	None
1867	None
1868	None
1869	None
1870	1093
1871	None
1872	None
1873	2874
1874	None
1875	None
1876	3297
1877	2317
1878	None
1879	1743
1880	1768
1881	None
1882	None
1883	1423
1884	2176
1885	None
1886	None
1887	None
1888	None
1889	2643
1890	1779
1891	2653
1892	1811
1893	None
1894	None
1895	1469
1896	None
1897	None
1898	None
1899	None
1900	2242
1901	None
1902	1650
1903	3925
1904	None
1905	1173
1906	None
1907	None
1908	None
1909	3599
1910	None
1911	None
1912	None
1913	None
1914	None
1915	None
1916	None
1917	2874
1918	1698
1919	2407
1920	3708
1921	2429
1922	None
1923	1836
1924	None
1925	1568
1926	None
1927	2393
1928	1104
1929	2531
1930	None
1931	2101
1932	None
1933	None
1934	4313
1935	None
1936	2248
1937	None
1938	None
1939	2118
1940	4000
1941	1944
1942	None
1943	2386
1944	2304
1945	None
1946	None
1947	None
1948	None
1949	None
1950	3263
1951	2762
1952	None
1953	None
1954	None
1955	1478
1956	3084
1957	1323
1958	1806
1959	1951
1960	None
1961	None
1962	1625
1963	None
1964	None
1965	3601
1966	3569
1967	1847
1968	None
1969	1772
1970	3207
1971	3759
1972	None
1973	None
1974	None
1975	1923
1976	None
1977	1855
1978	1616
1979	3447
1980	4131
1981	None
1982	1249
1983	None
1984	None
1985	1621
1986	None
1987	None
1988	None
1989	None
1990	None
1991	None
1992	None
1993	1297
1994	None
1995	2589
1996	None
1997	3086
1998	None
1999	3915
2000	None
2001	2645
2002	None
2003	2745
2004	1580
2005	None
2006	None
2007	1235
2008	None
2009	None
2010	None
2011	None
2012	2242
2013	None
2014	1955
2015	4504
2016	None
2017	1954
2018	2019
2019	None
2020	1652
2021	3083
2022	None
2023	None
2024	None
2025	2978
2026	None
2027	2506
2028	None
2029	None
2030	None
2031	None
2032	4068
2033	3041
2034	None
2035	None
2036	2699
2037	4628
2038	None
2039	None
2040	None
2041	4334
2042	2775
2043	1814
2044	2077
2045	None
2046	None
2047	None
2048	1656
2049	4221
2050	2248
2051	1963
2052	None
2053	None
2054	1663
2055	2029
2056	879
2057	2873
2058	1241
2059	None
2060	None
2061	None
2062	None
2063	2270
2064	1154
2065	None
2066	None
2067	None
2068	None
2069	3371
2070	None
2071	1482
2072	None
2073	None
2074	2045
2075	None
2076	None
2077	1682
2078	None
2079	None
2080	None
2081	1232
2082	None
2083	3261
2084	1268
2085	None
2086	None
2087	None
2088	None
2089	2288
2090	1579
2091	None
2092	1405
2093	None
2094	4296
2095	None
2096	None
2097	None
2098	3901
2099	965
2100	None
2101	None
2102	None
2103	1825
2104	4888
2105	None
2106	None
2107	None
2108	3655
2109	None
2110	2499
2111	None
2112	None
2113	4699
2114	None
2115	None
2116	None
2117	None
2118	1214
2119	None
2120	4846
2121	None
2122	None
2123	3137
2124	1236
2125	None
2126	None
2127	4054
2128	None
2129	4810
2130	None
2131	None
2132	None
2133	3512
2134	None
2135	4960
2136	None
2137	None
2138	None
2139	1331
2140	5409
2141	3037
2142	None
2143	2523
2144	None
2145	None
2146	None
2147	3123
2148	None
2149	2780
2150	None
2151	2869
2152	3075
2153	986
2154	None
2155	2209
2156	None
2157	2446
2158	None
2159	None
2160	None
2161	None
2162	969
2163	None
2164	1948
2165	None
2166	970
2167	1760
2168	1916
2169	1652
2170	None
2171	None
2172	4475
2173	974
2174	3599
2175	1469
2176	None
2177	None
2178	1539
2179	2122
2180	None
2181	3034
2182	None
2183	1584
2184	1277
2185	2289
2186	None
2187	2411
2188	1922
2189	3696
2190	2174
2191	2766
2192	2523
2193	None
2194	3417
2195	None
2196	None
2197	None
2198	1324
2199	None
2200	2097
2201	1251
2202	4037
2203	None
2204	1021
2205	None
2206	None
2207	None
2208	1903
2209	1619
2210	None
2211	2162
2212	2582
2213	2463
2214	3499
2215	None
2216	4198
2217	2565
2218	1769
2219	None
2220	1586
2221	3986
2222	None
2223	1561
2224	2167
2225	None
2226	None
2227	1994
2228	None
2229	None
2230	1686
2231	2849
2232	None
2233	1458
2234	None
2235	1439
2236	2498
2237	None
2238	1362
2239	2142
2240	2599
2241	None
2242	None
2243	2192
2244	6042
2245	5265
2246	None
2247	None
2248	1738
2249	None
2250	None
2251	None
2252	4289
2253	None
2254	None
2255	None
2256	1812
2257	1994
2258	1935
2259	1374
2260	2650
2261	2080
2262	3119
2263	1964
2264	1853
2265	None
2266	None
2267	None
2268	None
2269	2158
2270	1515
2271	None
2272	None
2273	None
2274	None
2275	None
2276	None
2277	1587
2278	2658
2279	None
2280	3111
2281	2048
2282	3539
2283	None
2284	1581
2285	None
2286	2522
2287	None
2288	3065
2289	1849
2290	None
2291	None
2292	3707
2293	None
2294	None
2295	None
2296	1733
2297	None
2298	3659
2299	None
2300	None
2301	None
2302	2145
2303	None
2304	1554
2305	1018
2306	2621
2307	1821
2308	1553
2309	None
2310	1677
2311	2237
2312	4623
2313	1784
2314	None
2315	None
2316	1565
2317	None
2318	1800
2319	None
2320	None
2321	2318
2322	None
2323	None
2324	None
2325	1881
2326	None
2327	None
2328	None
2329	None
2330	1407
2331	None
2332	None
2333	None
2334	None
2335	1631
2336	2021
2337	None
2338	None
2339	None
2340	None
2341	None
2342	1558
2343	3615
2344	1480
2345	1588
2346	None
2347	None
2348	2381
2349	2059
2350	1538
2351	None
2352	3368
2353	1525
2354	None
2355	1707
2356	1637
2357	2864
2358	None
2359	3214
2360	1689
2361	None
2362	None
2363	None
2364	1835
2365	None
2366	None
2367	None
2368	6132
2369	None
2370	3843
2371	None
2372	None
2373	None
2374	None
2375	1528
2376	None
2377	None
2378	None
2379	None
2380	1627
2381	None
2382	1646
2383	3232
2384	4150
2385	1715
2386	1609
2387	3280
2388	None
2389	1770
2390	None
2391	None
2392	4522
2393	None
2394	3182
2395	2159
2396	2233
2397	3474
2398	None
2399	2681
2400	None
2401	3903
2402	None
2403	None
2404	None
2405	1592
2406	3050
2407	3681
2408	None
2409	None
2410	None
2411	None
2412	None
2413	1470
2414	2863
2415	2039
2416	2679
2417	None
2418	None
2419	None
2420	2624
2421	None
2422	None
2423	1544
2424	1519
2425	None
2426	None
2427	None
2428	2067
2429	None
2430	None
2431	2041
2432	1566
2433	None
2434	3864
2435	None
2436	None
2437	None
2438	3689
2439	1908
2440	None
2441	2272
2442	1521
2443	1928
2444	None
2445	None
2446	None
2447	None
2448	None
2449	1494
2450	4015
2451	3213
2452	None
2453	None
2454	2376
2455	None
2456	None
2457	2830
2458	None
2459	None
2460	None
2461	None
2462	2594
2463	None
2464	1523
2465	1444
2466	None
2467	None
2468	None
2469	1670
2470	None
2471	2174
2472	None
2473	None
2474	None
2475	2725
2476	4379
2477	None
2478	1381
2479	None
2480	None
2481	None
2482	3315
2483	None
2484	None
2485	1614
2486	1795
2487	None
2488	1728
2489	None
2490	4428
2491	None
2492	1666
2493	3371
2494	None
2495	None
2496	None
2497	2052
2498	None
2499	None
2500	1573
2501	1819
2502	None
2503	None
2504	4247
2505	None
2506	2818
2507	2392
2508	2973
2509	1559
2510	None
2511	1146
2512	2540
2513	None
2514	None
2515	2692
2516	None
2517	None
2518	3696
2519	1765
2520	1894
2521	1973
2522	2370
2523	2770
2524	None
2525	None
2526	None
2527	1375
2528	None
2529	None
2530	3006
2531	None
2532	1725
2533	3714
2534	None
2535	None
2536	None
2537	2051
2538	None
2539	2360
2540	None
2541	None
2542	None
2543	3236
2544	None
2545	1540
2546	None
2547	2808
2548	1662
2549	4213
2550	None
2551	2759
2552	3422
2553	None
2554	None
2555	None
2556	None
2557	None
2558	1523
2559	3120
2560	1903
2561	None
2562	None
2563	3948
2564	None
2565	None
2566	4249
2567	None
2568	1731
2569	2474
2570	1520
2571	None
2572	None
2573	2401
2574	3182
2575	2522
2576	4721
2577	None
2578	None
2579	None
2580	None
2581	1749
2582	2041
2583	None
2584	1940
2585	None
2586	None
2587	1475
2588	2413
2589	2205
2590	None
2591	3120
2592	2789
2593	None
2594	None
2595	None
2596	2777
2597	2406
2598	4634
2599	None
2600	None
2601	None
2602	3099
2603	2844
2604	None
2605	2670
2606	None
2607	2247
2608	3871
2609	1591
2610	None
2611	2964
2612	None
2613	2902
2614	None
2615	3247
2616	None
2617	4480
2618	None
2619	2410
2620	2328
2621	None
2622	None
2623	None
2624	None
2625	None
2626	None
2627	1778
2628	1877
2629	1724
2630	3047
2631	None
2632	None
2633	1723
2634	None
2635	2736
2636	2956
2637	None
2638	4247
2639	2048
2640	2011
2641	2622
2642	None
2643	None
2644	1557
2645	None
2646	1760
2647	None
2648	3502
2649	2488
2650	4550
2651	None
2652	4398
2653	None
2654	None
2655	3381
2656	None
2657	None
2658	1710
2659	1900
2660	None
2661	2162
2662	1741
2663	None
2664	3582
2665	None
2666	None
2667	None
2668	None
2669	None
2670	1613
2671	None
2672	None
2673	2430
2674	3271
2675	None
2676	3671
2677	3016
2678	2766
2679	None
2680	None
2681	None
2682	None
2683	4196
2684	None
2685	1758
2686	1610
2687	None
2688	2484
2689	None
2690	None
2691	2789
2692	2568
2693	None
2694	4038
2695	2565
2696	None
2697	1910
2698	3025
2699	None
2700	3005
2701	2394
2702	1860
2703	None
2704	1699
2705	None
2706	None
2707	None
2708	None
2709	None
2710	None
2711	None
2712	None
2713	3259
2714	2419
2715	None
2716	None
2717	2509
2718	None
2719	None
2720	None
2721	2473
2722	None
2723	4476
2724	None
2725	4342
2726	2813
2727	None
2728	3150
2729	4371
2730	None
2731	None
2732	None
2733	None
2734	2845
2735	2944
2736	2170
2737	2018
2738	None
2739	None
2740	2206
2741	None
2742	3257
2743	1832
2744	None
2745	None
2746	2631
2747	None
2748	1560
2749	None
2750	None
2751	3186
2752	None
2753	3483
2754	None
2755	None
2756	3037
2757	1882
2758	None
2759	2281
2760	4032
2761	None
2762	None
2763	None
2764	None
2765	None
2766	None
2767	3505
2768	4517
2769	None
2770	None
2771	1648
2772	3649
2773	None
2774	3503
2775	None
2776	None
2777	4012
2778	None
2779	2659
2780	None
2781	3471
2782	2857
2783	2318
2784	None
2785	None
2786	None
2787	2298
2788	3293
2789	None
2790	3322
2791	2198
2792	2159
2793	1775
2794	None
2795	None
2796	None
2797	2697
2798	2561
2799	None
2800	5053
2801	2331
2802	2492
2803	2666
2804	2365
2805	None
2806	2884
2807	1654
2808	1719
2809	None
2810	None
2811	None
2812	None
2813	None
2814	2683
2815	None
2816	2161
2817	None
2818	1681
2819	4051
2820	2072
2821	None
2822	2117
2823	None
2824	2790
2825	None
2826	None
2827	3038
2828	None
2829	None
2830	4515
2831	3297
2832	4030
2833	3474
2834	None
2835	2147
2836	None
2837	None
2838	None
2839	3927
2840	1752
2841	2102
2842	3979
2843	2783
2844	2362
2845	None
2846	2992
2847	2429
2848	1873
2849	None
2850	1600
2851	3301
2852	2351
2853	4715
2854	2635
2855	2229
2856	1924
2857	None
2858	None
2859	None
2860	None
2861	1917
2862	None
2863	None
2864	None
2865	None
2866	None
2867	None
2868	None
2869	None
2870	None
2871	None
2872	None
2873	None
2874	3387
2875	3020
2876	None
2877	None
2878	2542
2879	2633
2880	1902
2881	2105
2882	2358
2883	None
2884	None
2885	1733
2886	None
2887	2329
2888	2981
2889	None
2890	None
2891	1903
2892	None
2893	None
2894	2345
2895	1945
2896	1938
2897	None
2898	None
2899	None
2900	None
2901	None
2902	None
2903	None
2904	None
2905	2562
2906	None
2907	None
2908	3146
2909	5109
2910	2545
2911	None
2912	3046
2913	2026
2914	None
2915	1851
2916	None
2917	None
2918	2165
2919	None
2920	None
2921	None
2922	None
2923	2089
2924	None
2925	None
2926	1774
2927	1993
2928	None
2929	None
2930	3330
2931	3291
2932	None
2933	4937
2934	3114
2935	3602
2936	None
2937	None
2938	2136
2939	1991
2940	3393
2941	2563
2942	2444
2943	None
2944	None
2945	3659
2946	None
2947	4249
2948	None
2949	None
2950	3188
2951	None
2952	2217
2953	None
2954	3554
2955	None
2956	None
2957	None
2958	3809
2959	2675
2960	None
2961	1706
2962	5053
2963	None
2964	None
2965	1703
2966	None
2967	None
2968	None
2969	4338
2970	3289
2971	None
2972	2123
2973	None
2974	None
2975	2668
2976	2798
2977	None
2978	3208
2979	5341
2980	None
2981	None
2982	None
2983	4773
2984	None
2985	1869
2986	None
2987	2580
2988	2447
2989	3987
2990	2232
2991	2115
2992	2670
2993	2700
2994	2424
2995	2425
2996	None
2997	None
2998	2017
2999	2818
3000	None
3001	2295
3002	2111
3003	2226
3004	None
3005	2025
3006	None
3007	None
3008	2860
3009	None
3010	4698
3011	5422
3012	None
3013	None
3014	None
3015	None
3016	None
3017	3467
3018	3565
3019	2118
3020	None
3021	3051
3022	None
3023	None
3024	3993
3025	None
3026	1680
3027	None
3028	2481
3029	None
3030	None
3031	4480
3032	None
3033	2445
3034	3369
3035	None
3036	None
3037	2585
3038	None
3039	1911
3040	None
3041	4483
3042	None
3043	2496
3044	None
3045	None
3046	None
3047	None
3048	3909
3049	None
3050	3579
3051	4617
3052	None
3053	None
3054	5108
3055	2440
3056	2806
3057	None
3058	4960
3059	None
3060	3401
3061	None
3062	None
3063	None
3064	None
3065	None
3066	None
3067	None
3068	None
3069	4672
3070	1737
3071	3791
3072	None
3073	5717
3074	2628
3075	3306
3076	2274
3077	3764
3078	4542
3079	3876
3080	None
3081	2253
3082	1856
3083	2512
3084	1939
3085	None
3086	None
3087	None
3088	None
3089	5319
3090	None
3091	None
3092	2352
3093	3175
3094	1906
3095	None
3096	None
3097	3274
3098	5018
3099	None
3100	3792
3101	3558
3102	3767
3103	None
3104	4121
3105	3255
3106	3053
3107	2535
3108	3945
3109	4160
3110	2324
3111	3900
3112	2776
3113	None
3114	None
3115	None
3116	1976
3117	None
3118	3697
3119	2219
3120	None
3121	None
3122	None
3123	2560
3124	3321
3125	None
3126	2704
3127	4999
3128	None
3129	None
3130	5510
3131	2550
3132	3922
3133	None
3134	4334
3135	2497
3136	3015
3137	2235
3138	2587
3139	None
3140	None
3141	None
3142	None
3143	2469
3144	None
3145	3614
3146	None
3147	4745
3148	2491
3149	2308
3150	None
3151	4940
3152	None
3153	None
3154	None
3155	None
3156	3591
3157	None
3158	3318
3159	None
3160	None
3161	None
3162	3260
3163	None
3164	3029
3165	None
3166	None
3167	None
3168	5457
3169	None
3170	3391
3171	4048
3172	None
3173	3860
3174	None
3175	None
3176	None
3177	None
3178	2158
3179	2554
3180	3087
3181	None
3182	None
3183	6132
3184	2767
3185	1690
3186	5444
3187	None
3188	2041
3189	None
3190	None
3191	None
3192	None
3193	None
3194	None
3195	None
3196	3014
3197	None
3198	1724
3199	None
3200	None
3201	3314
3202	3093
3203	2008
3204	1837
3205	3697
3206	4280
3207	None
3208	None
3209	2907
3210	4488
3211	3967
3212	1998
3213	None
3214	None
3215	None
3216	4515
3217	2279
3218	None
3219	None
3220	2313
3221	4374
3222	None
3223	None
3224	5506
3225	None
3226	None
3227	None
3228	None
3229	3338
3230	4196
3231	2893
3232	None
3233	None
3234	3251
3235	None
3236	None
3237	3204
3238	3724
3239	2073
3240	4560
3241	None
3242	None
3243	6052
3244	None
3245	None
3246	None
3247	4278
3248	2079
3249	2056
3250	None
3251	None
3252	3891
3253	3337
3254	2049
3255	2239
3256	None
3257	2768
3258	4206
3259	None
3260	None
3261	3221
3262	2078
3263	None
3264	2048
3265	None
3266	None
3267	2319
3268	None
3269	2977
3270	4107
3271	None
3272	None
3273	None
3274	None
3275	4071
3276	4650
3277	2276
3278	2189
3279	3805
3280	None
3281	None
3282	None
3283	None
3284	None
3285	None
3286	2915
3287	None
3288	None
3289	3676
3290	None
3291	1891
3292	3574
3293	3457
3294	None
3295	2690
3296	2249
3297	None
3298	None
3299	2786
3300	None
3301	4835
3302	2475
3303	None
3304	None
3305	None
3306	None
3307	None
3308	3445
3309	None
3310	None
3311	2639
3312	2853
3313	None
3314	None
3315	2551
3316	None
3317	None
3318	None
3319	3252
3320	None
3321	3814
3322	4818
3323	None
3324	None
3325	None
3326	3414
3327	4888
3328	None
3329	2486
3330	3398
3331	3727
3332	None
3333	None
3334	4398
3335	None
3336	None
3337	None
3338	3448
3339	None
3340	None
3341	None
3342	None
3343	3772
3344	None
3345	None
3346	2972
3347	2355
3348	2975
3349	2900
3350	None
3351	None
3352	4889
3353	4080
3354	2446
3355	None
3356	3618
3357	None
3358	None
3359	None
3360	None
3361	3395
3362	None
3363	4737
3364	None
3365	3692
3366	3782
3367	None
3368	2715
3369	4291
3370	3640
3371	3216
3372	3381
3373	None
3374	3475
3375	4073
3376	3338
3377	None
3378	None
3379	4971
3380	3631
3381	2485
3382	None
3383	None
3384	3477
3385	3283
3386	None
3387	None
3388	None
3389	2613
3390	None
3391	None
3392	None
3393	None
3394	2576
3395	3306
3396	None
3397	None
3398	None
3399	None
3400	3187
3401	4219
3402	2326
3403	5534
3404	2619
3405	3689
3406	3172
3407	None
3408	None
3409	None
3410	3405
3411	3406
3412	None
3413	3611
3414	3142
3415	None
3416	None
3417	None
3418	6113
3419	None
3420	3541
3421	None
3422	None
3423	None
3424	None
3425	None
3426	3534
3427	None
3428	None
3429	None
3430	2169
3431	3911
3432	None
3433	None
3434	None
3435	3817
3436	None
3437	5030
3438	3001
3439	3702
3440	5713
3441	None
3442	3154
3443	2963
3444	None
3445	None
3446	2714
3447	4329
3448	3573
3449	4203
3450	None
3451	None
3452	3303
3453	None
3454	3485
3455	None
3456	2455
3457	2706
3458	4220
3459	5214
3460	None
3461	1791
3462	4738
3463	None
3464	4001
3465	None
3466	3897
3467	None
3468	None
3469	2625
3470	None
3471	None
3472	5424
3473	None
3474	None
3475	3164
3476	None
3477	None
3478	None
3479	None
3480	None
3481	None
3482	2159
3483	3719
3484	None
3485	4830
3486	None
3487	2872
3488	2599
3489	None
3490	None
3491	3205
3492	None
3493	None
3494	None
3495	3441
3496	None
3497	None
3498	3388
3499	None
3500	None
3501	None
3502	None
3503	6425
3504	None
3505	None
3506	None
3507	5555
3508	2592
3509	6250
3510	None
3511	4689
3512	3705
3513	4053
3514	3783
3515	5215
3516	2293
3517	2345
3518	None
3519	4921
3520	4342
3521	3991
3522	None
3523	4062
3524	None
3525	None
3526	4663
3527	None
3528	3851
3529	3206
3530	3839
3531	None
3532	3515
3533	None
3534	None
3535	3228
3536	None
3537	None
3538	6069
3539	None
3540	None
3541	None
3542	2508
3543	3035
3544	2672
3545	2591
3546	4506
3547	None
3548	None
3549	None
3550	3637
3551	None
3552	None
3553	5533
3554	2699
3555	4086
3556	6494
3557	None
3558	3906
3559	4720
3560	None
3561	None
3562	3657
3563	None
3564	None
3565	None
3566	4054
3567	None
3568	None
3569	None
3570	None
3571	3270
3572	2190
3573	None
3574	3756
3575	6051
3576	None
3577	3820
3578	None
3579	None
3580	None
3581	None
3582	None
3583	None
3584	3919
3585	None
3586	4554
3587	None
3588	5252
3589	None
3590	5295
3591	3724
3592	None
3593	5126
3594	3060
3595	None
3596	3628
3597	None
3598	4236
3599	None
3600	None
3601	2807
3602	None
3603	None
3604	None
3605	None
3606	2625
3607	None
3608	None
3609	3281
3610	None
3611	None
3612	None
3613	None
3614	4637
3615	4864
3616	None
3617	None
3618	None
3619	4323
3620	None
3621	None
3622	None
3623	None
3624	None
3625	None
3626	None
3627	None
3628	None
3629	4055
3630	3431
3631	None
3632	None
3633	4227
3634	3360
3635	None
3636	3285
3637	None
3638	None
3639	None
3640	None
3641	3491
3642	None
3643	None
3644	None
3645	None
3646	None
3647	None
3648	None
3649	3538
3650	None
3651	None
3652	None
3653	None
3654	3838
3655	None
3656	None
3657	None
3658	6438
3659	3192
3660	None
3661	None
3662	None
3663	None
3664	None
3665	None
3666	2966
3667	None
3668	None
3669	None
3670	2405
3671	2871
3672	None
3673	None
3674	2280
3675	2960
3676	None
3677	None
3678	None
3679	None
3680	None
3681	None
3682	3288
3683	2333
3684	4039
3685	5583
3686	None
3687	None
3688	None
3689	None
3690	None
3691	None
3692	4494
3693	4048
3694	None
3695	3768
3696	None
3697	None
3698	None
3699	None
3700	None
3701	None
3702	4694
3703	None
3704	None
3705	None
3706	None
3707	None
3708	None
3709	None
3710	None
3711	None
3712	None
3713	None
3714	None
3715	None
3716	None
3717	None
3718	None
3719	None
3720	2493
3721	None
3722	None
3723	None
3724	None
3725	None
3726	5861
3727	2667
3728	None
3729	None
3730	None
3731	None
3732	None
3733	None
3734	None
3735	None
3736	None
3737	None
3738	None
3739	None
3740	None
3741	2555
3742	None
3743	None
3744	None
3745	None
3746	None
3747	None
3748	None
3749	5182
3750	None
3751	2674
3752	2276
3753	None
3754	2721
3755	None
3756	None
3757	None
3758	None
3759	None
3760	None
3761	None
3762	None
3763	None
3764	None
3765	5171
3766	None
3767	3559
3768	None
3769	6220
3770	None
3771	None
3772	None
3773	None
3774	None
3775	None
3776	None
3777	None
3778	None
3779	3529
3780	6067
3781	None
3782	None
3783	None
3784	None
3785	None
3786	5817
3787	1992
3788	None
3789	None
3790	None
3791	2201
3792	None
3793	None
3794	None
3795	None
3796	4631
3797	3642
3798	None
3799	3572
3800	None
3801	None
3802	None
3803	None
3804	2467
3805	3265
3806	3567
3807	None
3808	3162
3809	4307
3810	3493
3811	None
3812	None
3813	None
3814	None
3815	None
3816	None
3817	None
3818	4618
3819	None
3820	None
3821	None
3822	3468
3823	None
3824	None
3825	None
3826	3420
3827	None
3828	3443
3829	3279
3830	None
3831	None
3832	None
3833	None
3834	None
3835	None
3836	3460
3837	3926
3838	5252
3839	None
3840	None
3841	None
3842	3828
3843	2536
3844	3989
3845	None
3846	None
3847	None
3848	6197
3849	2755
3850	None
3851	3166
3852	2042
3853	None
3854	4904
3855	None
3856	5202
3857	None
3858	5033
3859	4464
3860	None
3861	None
3862	None
3863	2599
3864	None
3865	None
3866	None
3867	None
3868	None
3869	3728
3870	None
3871	3568
3872	None
3873	2147
3874	3694
3875	2694
3876	None
3877	5719
3878	None
3879	None
3880	None
3881	None
3882	3238
3883	None
3884	None
3885	None
3886	None
3887	None
3888	None
3889	3662
3890	None
3891	2655
3892	None
3893	5918
3894	None
3895	3998
3896	None
3897	None
3898	4142
3899	4123
3900	None
3901	None
3902	None
3903	6167
3904	None
3905	None
3906	None
3907	None
3908	None
3909	3894
3910	None
3911	3829
3912	3008
3913	2264
3914	None
3915	None
3916	None
3917	5014
3918	4245
3919	3952
3920	None
3921	None
3922	None
3923	None
3924	None
3925	None
3926	None
3927	None
3928	None
3929	5301
3930	None
3931	None
3932	None
3933	None
3934	None
3935	None
3936	None
3937	None
3938	None
3939	2655
3940	None
3941	None
3942	None
3943	None
3944	3310
3945	None
3946	None
3947	4512
3948	None
3949	None
3950	None
3951	3451
3952	None
3953	2609
3954	None
3955	6278
3956	None
3957	None
3958	None
3959	None
3960	None
3961	None
3962	None
3963	None
3964	None
3965	None
3966	None
3967	None
3968	None
3969	None
3970	3104
3971	None
3972	None
3973	4804
3974	None
3975	None
3976	None
3977	None
3978	None
3979	None
3980	None
3981	1701
3982	2721
3983	None
3984	None
3985	None
3986	None
3987	None
3988	None
3989	None
3990	None
3991	5844
3992	None
3993	None
3994	None
3995	None
3996	None
3997	None
3998	None
3999	None
4000	None
4001	2360
4002	2882
4003	3445
4004	None
4005	None
4006	None
4007	None
4008	None
4009	None
4010	None
4011	None
4012	None
4013	None
4014	None
4015	None
4016	None
4017	None
4018	None
4019	4539
4020	None
4021	None
4022	None
4023	2431
4024	None
4025	2237
4026	3209
4027	None
4028	None
4029	None
4030	1995
4031	None
4032	None
4033	None
4034	None
4035	4048
4036	None
4037	None
4038	None
4039	None
4040	None
4041	None
4042	None
4043	None
4044	None
4045	None
4046	None
4047	None
4048	None
4049	None
4050	None
4051	None
4052	None
4053	None
4054	None
4055	None
4056	None
4057	None
4058	None
4059	None
4060	None
4061	None
4062	None
4063	None
4064	None
4065	None
4066	None
4067	None
4068	None
4069	None
4070	None
4071	None
4072	None
4073	None
4074	None
4075	None
4076	None
4077	None
4078	None
4079	3299
4080	None
4081	None
4082	None
4083	None
4084	None
4085	None
4086	None
4087	None
4088	None
4089	None
4090	None
4091	None
4092	None
4093	None
4094	None
4095	None
4096	None
4097	None
4098	None
4099	None
4100	None
4101	None
4102	None
4103	None
4104	None
4105	None
4106	None
4107	None
4108	None
4109	None
4110	None
4111	None
4112	None
4113	None
4114	3331
4115	None
4116	None
4117	None
4118	None
4119	None
4120	None
4121	None
4122	None
4123	None
4124	None
4125	None
4126	None
4127	None
4128	None
4129	None
4130	None
4131	None
4132	None
4133	None
4134	None
4135	None
4136	None
4137	None
4138	None
4139	None
4140	None
4141	None
4142	None
4143	None
4144	None
4145	None
4146	None
4147	None
4148	None
4149	None
4150	None
4151	None
4152	None
4153	None
4154	None
4155	None
4156	None
4157	None
4158	2442
4159	None
4160	None
4161	2785
4162	None
4163	None
4164	None
4165	None
4166	None
4167	None
4168	None
4169	None
4170	None
4171	None
4172	None
4173	None
4174	None
4175	None
4176	2865
4177	None
4178	None
4179	None
4180	None
4181	None
4182	None
4183	None
4184	None
4185	None
4186	None
4187	None
4188	None
4189	2328
4190	None
4191	None
4192	2275
4193	None
4194	None
4195	None
4196	None
4197	None
4198	None
4199	None
4200	None
4201	None
4202	None
4203	None
4204	None
4205	2748
4206	None
4207	None
4208	None
4209	None
4210	None
4211	None
4212	None
4213	None
4214	None
4215	None
4216	None
4217	None
4218	None
4219	None
4220	None
4221	None
4222	None
4223	None
4224	None
4225	None
4226	None
4227	None
4228	None
4229	None
4230	None
4231	None
4232	None
4233	None
4234	None
4235	None
4236	None
4237	None
4238	2423
4239	None
4240	None
4241	None
4242	None
4243	None
4244	None
4245	None
4246	None
4247	None
4248	None
4249	None
4250	None
4251	None
4252	None
4253	None
4254	None
4255	None
4256	4181
4257	None
4258	2757
4259	None
4260	None
4261	None
4262	None
4263	None
4264	None
4265	None
4266	None
4267	None
4268	None
4269	2737
4270	None
4271	None
4272	None
4273	None
4274	None
4275	None
4276	2712
4277	None
4278	None
4279	None
4280	None
4281	None
4282	None
4283	None
4284	None
4285	None
4286	None
4287	None
4288	None
4289	None
4290	None
4291	None
4292	None
4293	None
4294	None
4295	None
4296	None
4297	None
4298	3199
4299	None
4300	4692
4301	None
4302	None
4303	None
4304	None
4305	2350
4306	None
4307	None
4308	None
4309	None
4310	2721
4311	None
4312	None
4313	None
4314	None
4315	None
4316	None
4317	None
4318	None
4319	None
4320	2308
4321	None
4322	None
4323	None
4324	None
4325	None
4326	None
4327	None
4328	None
4329	None
4330	None
4331	3273
4332	None
4333	None
4334	None
4335	None
4336	None
4337	None
4338	None
4339	2512
4340	None
4341	None
4342	None
4343	None
4344	None
4345	None
4346	None
4347	None
4348	None
4349	None
4350	2508
4351	None
4352	None
4353	None
4354	None
4355	None
4356	None
4357	None
4358	None
4359	None
4360	None
4361	None
4362	None
4363	3194
4364	2504
4365	2436
4366	None
4367	None
4368	None
4369	None
4370	None
4371	None
4372	None
4373	2743
4374	None
4375	None
4376	None
4377	None
4378	None
4379	None
4380	None
4381	None
4382	None
4383	None
4384	None
4385	None
4386	None
4387	None
4388	None
4389	None
4390	None
4391	None
4392	None
4393	None
4394	None
4395	None
4396	None
4397	None
4398	None
4399	None
4400	None
4401	None
4402	None
4403	None
4404	None
4405	None
4406	None
4407	None
4408	None
4409	None
4410	None
4411	None
4412	None
4413	None
4414	None
4415	4460
4416	3223
4417	None
4418	None
4419	None
4420	None
4421	None
4422	None
4423	None
4424	None
4425	None
4426	None
4427	None
4428	None
4429	None
4430	None
4431	None
4432	None
4433	None
4434	None
4435	None
4436	None
4437	None
4438	None
4439	None
4440	None
4441	None
4442	None
4443	None
4444	None
4445	None
4446	None
4447	None
4448	2967
4449	None
4450	None
4451	None
4452	None
4453	2918
4454	None
4455	None
4456	None
4457	None
4458	None
4459	None
4460	None
4461	None
4462	None
4463	None
4464	None
4465	None
4466	None
4467	None
4468	None
4469	None
4470	None
4471	None
4472	None
4473	2583
4474	3307
4475	None
4476	None
4477	None
4478	None
4479	None
4480	None
4481	None
4482	None
4483	None
4484	None
4485	None
4486	None
4487	None
4488	None
4489	None
4490	None
4491	None
4492	None
4493	None
4494	None
4495	None
4496	None
4497	2475
4498	None
4499	None
4500	None
4501	None
4502	None
4503	None
4504	None
4505	None
4506	None
4507	None
4508	None
4509	None
4510	None
4511	None
4512	None
4513	None
4514	None
4515	None
4516	None
4517	None
4518	None
4519	None
4520	None
4521	None
4522	None
4523	None
4524	None
4525	None
4526	None
4527	None
4528	None
4529	None
4530	None
4531	None
4532	2423
4533	None
4534	None
4535	None
4536	None
4537	None
4538	None
4539	None
4540	None
4541	None
4542	None
4543	None
4544	2793
4545	None
4546	None
4547	None
4548	None
4549	None
4550	None
4551	None
4552	None
4553	None
4554	None
4555	None
4556	None
4557	None
4558	None
4559	None
4560	None
4561	None
4562	None
4563	2520
4564	None
4565	None
4566	None
4567	None
4568	None
4569	3035
4570	None
4571	None
4572	None
4573	None
4574	None
4575	None
4576	None
4577	None
4578	None
4579	None
4580	None
4581	None
4582	None
4583	None
4584	None
4585	None
4586	None
4587	None
4588	None
4589	None
4590	None
4591	None
4592	None
4593	None
4594	None
4595	None
4596	None
4597	None
4598	None
4599	None
4600	None
4601	None
4602	None
4603	None
4604	None
4605	None
4606	None
4607	2370
4608	None
4609	None
4610	None
4611	None
4612	None
4613	None
4614	None
4615	None
4616	3063
4617	None
4618	None
4619	None
4620	None
4621	None
4622	None
4623	None
4624	None
4625	None
4626	None
4627	None
4628	3948
4629	None
4630	None
4631	None
4632	None
4633	None
4634	None
4635	None
4636	None
4637	None
4638	3581
4639	None
4640	None
4641	None
4642	None
4643	None
4644	None
4645	None
4646	None
4647	None
4648	None
4649	None
4650	None
4651	2717
4652	None
4653	None
4654	None
4655	None
4656	None
4657	None
4658	None
4659	None
4660	None
4661	None
4662	None
4663	None
4664	3737
4665	None
4666	None
4667	3261
4668	2759
4669	None
4670	None
4671	None
4672	None
4673	None
4674	None
4675	None
4676	None
4677	None
4678	None
4679	None
4680	None
4681	3019
4682	None
4683	None
4684	3737
4685	None
4686	3340
4687	None
4688	None
4689	None
4690	None
4691	None
4692	None
4693	None
4694	None
4695	None
4696	None
4697	None
4698	2701
4699	2453
4700	None
4701	None
4702	None
4703	None
4704	None
4705	None
4706	None
4707	None
4708	None
4709	None
4710	None
4711	None
4712	None
4713	None
4714	None
4715	None
4716	3047
4717	None
4718	None
4719	None
4720	None
4721	None
4722	None
4723	None
4724	None
4725	None
4726	None
4727	None
4728	None
4729	2778
4730	None
4731	None
4732	None
4733	None
4734	None
4735	None
4736	None
4737	None
4738	None
4739	None
4740	None
4741	None
4742	None
4743	None
4744	None
4745	None
4746	None
4747	None
4748	3009
4749	None
4750	None
4751	2706
4752	2717
4753	None
4754	None
4755	None
4756	None
4757	None
4758	None
4759	None
4760	None
4761	None
4762	None
4763	None
4764	None
4765	None
4766	None
4767	None
4768	2967
4769	None
4770	None
4771	None
4772	None
4773	None
4774	3193
4775	None
4776	3009
4777	None
4778	None
4779	None
4780	None
4781	None
4782	None
4783	None
4784	None
4785	None
4786	None
4787	None
4788	2827
4789	None
4790	None
4791	None
4792	None
4793	None
4794	None
4795	None
4796	None
4797	None
4798	None
4799	None
4800	None
4801	None
4802	None
4803	None
4804	None
4805	None
4806	None
4807	None
4808	None
4809	None
4810	None
4811	None
4812	None
4813	None
4814	None
4815	None
4816	2412
4817	None
4818	None
4819	None
4820	2835
4821	None
4822	None
4823	None
4824	3222
4825	None
4826	None
4827	None
4828	None
4829	None
4830	None
4831	2732
4832	None
4833	None
4834	None
4835	None
4836	None
4837	None
4838	None
4839	None
4840	None
4841	None
4842	None
4843	None
4844	None
4845	None
4846	3615
4847	None
4848	None
4849	None
4850	None
4851	None
4852	None
4853	None
4854	None
4855	None
4856	None
4857	None
4858	3620
4859	None
4860	None
4861	None
4862	None
4863	None
4864	None
4865	None
4866	None
4867	None
4868	None
4869	2561
4870	None
4871	None
4872	None
4873	None
4874	None
4875	None
4876	None
4877	3761
4878	None
4879	None
4880	None
4881	None
4882	None
4883	None
4884	None
4885	None
4886	None
4887	None
4888	None
4889	3211
4890	None
4891	4608
4892	3639
4893	None
4894	None
4895	None
4896	None
4897	None
4898	None
4899	None
4900	None
4901	None
4902	None
4903	3547
4904	None
4905	None
4906	None
4907	3009
4908	None
4909	None
4910	None
4911	2542
4912	2673
4913	None
4914	None
4915	None
4916	None
4917	None
4918	None
4919	None
4920	None
4921	None
4922	None
4923	None
4924	None
4925	None
4926	None
4927	None
4928	None
4929	None
4930	None
4931	None
4932	None
4933	None
4934	None
4935	3402
4936	3611
4937	None
4938	None
4939	None
4940	None
4941	None
4942	None
4943	None
4944	None
4945	3254
4946	3709
4947	None
4948	None
4949	None
4950	None
4951	None
4952	None
4953	3999
4954	3045
4955	None
4956	None
4957	1884
4958	3063
4959	None
4960	2721
4961	3068
4962	None
4963	3464
4964	3605
4965	3856
4966	None
4967	None
4968	None
4969	None
4970	2583
4971	None
4972	3262
4973	None
4974	3518
4975	3270
4976	None
4977	None
4978	None
4979	2543
4980	3619
4981	None
4982	None
4983	3670
4984	None
4985	3501
4986	4312
4987	3100
4988	None
4989	4399
4990	3819
4991	3821
4992	None
4993	None
4994	None
4995	None
4996	None
4997	None
4998	3194
4999	None
5000	3307
5001	None
5002	None
5003	3047
5004	2673
5005	3512
5006	2825
5007	3656
5008	None
5009	None
5010	4491
5011	None
5012	None
5013	None
5014	None
5015	None
5016	None
5017	3661
5018	None
5019	None
5020	2914
5021	4239
5022	None
5023	3509
5024	3462
5025	1995
5026	None
5027	None
5028	None
5029	None
5030	3547
5031	None
5032	3938
5033	None
5034	None
5035	4443
5036	None
5037	3378
5038	3160
5039	3176
5040	4145
5041	5252
5042	None
5043	3821
5044	None
5045	None
5046	None
5047	None
5048	3273
5049	2891
5050	None
5051	3768
5052	None
5053	3902
5054	2965
5055	None
5056	2661
5057	3239
5058	None
5059	None
5060	3502
5061	None
5062	None
5063	3709
5064	3686
5065	3674
5066	None
5067	3571
5068	2865
5069	None
5070	3402
5071	2801
5072	None
5073	None
5074	None
5075	None
5076	2949
5077	3196
5078	None
5079	5056
5080	3511
5081	None
5082	None
5083	None
5084	3335
5085	4665
5086	None
5087	None
5088	None
5089	None
5090	None
5091	3130
5092	None
5093	2965
5094	2574
5095	None
5096	None
5097	None
5098	3062
5099	3598
5100	3750
5101	None
5102	2574
5103	2731
5104	None
5105	3518
5106	4509
5107	None
5108	4582
5109	None
5110	5108
5111	3484
5112	None
5113	None
5114	None
5115	3094
5116	2967
5117	4312
5118	5391
5119	3472
5120	4120
5121	3909
5122	None
5123	3937
5124	3262
5125	2914
5126	4616
5127	3452
5128	None
5129	3862
5130	3819
5131	None
5132	3757
5133	1988
5134	None
5135	None
5136	3357
5137	4198
5138	3313
5139	3821
5140	3063
5141	3238
5142	None
5143	None
5144	3209
5145	3490
5146	5135
5147	None
5148	4917
5149	4989
5150	3821
5151	None
5152	None
5153	4366
5154	3170
5155	None
5156	4346
5157	None
5158	4622
5159	3072
5160	None
5161	4509
5162	None
5163	None
5164	4455
5165	3941
5166	None
5167	4349
5168	None
5169	None
5170	5735
5171	4024
5172	None
5173	3008
5174	2616
5175	3183
5176	None
5177	None
5178	3736
5179	3699
5180	None
5181	3734
5182	4642
5183	None
5184	None
5185	4872
5186	3669
5187	2985
5188	4098
5189	None
5190	4622
5191	None
5192	None
5193	None
5194	4810
5195	5061
5196	None
5197	None
5198	4712
5199	4120
5200	5169
5201	3178
5202	4510
5203	4640
5204	None
5205	3312
5206	3488
5207	4197
5208	3556
5209	5060
5210	3302
5211	None
5212	4775
5213	4084
5214	None
5215	None
5216	None
5217	4399
5218	3605
5219	None
5220	None
5221	3612
5222	2930
5223	3047
5224	None
5225	3104
5226	3569
5227	4483
5228	None
5229	None
5230	4216
5231	None
5232	None
5233	3856
5234	None
5235	None
5236	3348
5237	None
5238	3375
5239	4084
5240	None
5241	4842
5242	3048
5243	3402
5244	None
5245	None
5246	3583
5247	3193
5248	None
5249	4089
5250	3689
5251	3619
5252	None
5253	4499
5254	None
5255	3124
5256	None
5257	4159
5258	4192
5259	None
5260	3469
5261	None
5262	3794
5263	3776
5264	3535
5265	4018
5266	3233
5267	None
5268	4659
5269	None
5270	None
5271	4582
5272	5317
5273	3535
5274	None
5275	3612
5276	None
5277	4148
5278	5069
5279	4191
5280	5314
5281	3111
5282	None
5283	4640
5284	3310
5285	3211
5286	None
5287	3586
5288	None
5289	3072
5290	None
5291	3317
5292	None
5293	None
5294	None
5295	4859
5296	None
5297	None
5298	3472
5299	4414
5300	None
5301	None
5302	3462
5303	5219
5304	None
5305	None
5306	4420
5307	None
5308	None
5309	3723
5310	None
5311	5522
5312	None
5313	3199
5314	None
5315	5217
5316	3268
5317	None
5318	5204
5319	None
5320	None
5321	None
5322	None
5323	None
5324	None
5325	None
5326	None
5327	3022
5328	4849
5329	2976
5330	None
5331	None
5332	None
5333	None
5334	3133
5335	None
5336	3394
5337	None
5338	None
5339	3275
5340	5019
5341	3611
5342	3466
5343	3437
5344	None
5345	None
5346	3462
5347	None
5348	5175
5349	None
5350	None
5351	4566
5352	None
5353	5083
5354	None
5355	3346
5356	None
5357	None
5358	5455
5359	None
5360	None
5361	3196
5362	None
5363	None
5364	3244
5365	None
5366	None
5367	3691
5368	None
5369	3761
5370	4145
5371	5105
5372	None
5373	None
5374	None
5375	None
5376	None
5377	4938
5378	3543
5379	3861
5380	None
5381	None
5382	5573
5383	4722
5384	None
5385	None
5386	5315
5387	None
5388	None
5389	4630
5390	None
5391	None
5392	None
5393	None
5394	None
5395	5561
5396	5094
5397	None
5398	None
5399	4662
5400	4778
5401	None
5402	None
5403	None
5404	None
5405	4335
5406	None
5407	None
5408	3563
5409	5323
5410	None
5411	None
5412	3223
5413	None
5414	5069
5415	None
5416	None
5417	None
5418	None
5419	None
5420	5128
5421	5925
5422	5411
5423	None
5424	None
5425	None
5426	None
5427	None
5428	4746
5429	None
5430	None
5431	4477
5432	5333
5433	4630
5434	None
5435	4664
5436	None
5437	3378
5438	None
5439	None
5440	4516
5441	3436
5442	None
5443	None
5444	None
5445	4461
5446	None
5447	None
5448	None
5449	3605
5450	None
5451	None
5452	3861
5453	None
5454	3560
5455	4509
5456	5157
5457	None
5458	None
5459	None
5460	3488
5461	None
5462	None
5463	None
5464	None
5465	None
5466	4692
5467	3789
5468	None
5469	5599
5470	None
5471	None
5472	None
5473	5166
5474	None
5475	None
5476	None
5477	3465
5478	4151
5479	5223
5480	None
5481	None
5482	None
5483	4398
5484	None
5485	None
5486	None
5487	5647
5488	None
5489	4497
5490	5873
5491	4420
5492	None
5493	4662
5494	None
5495	5735
5496	None
5497	None
5498	None
5499	None
5500	None
5501	3536
5502	None
5503	None
5504	None
5505	None
5506	None
5507	None
5508	None
5509	None
5510	None
5511	None
5512	None
5513	5092
5514	4420
5515	None
5516	None
5517	4859
5518	None
5519	4608
5520	None
5521	5162
5522	3728
5523	None
5524	4849
5525	4261
5526	3847
5527	3849
5528	None
5529	None
5530	None
5531	None
5532	None
5533	None
5534	5185
5535	5467
5536	None
5537	None
5538	5762
5539	3879
5540	None
5541	None
5542	4214
5543	3461
5544	5166
5545	3923
5546	3883
5547	4622
5548	None
5549	None
5550	None
5551	None
5552	None
5553	4694
5554	3702
5555	None
5556	5805
5557	None
5558	None
5559	None
5560	None
5561	None
5562	None
5563	None
5564	None
5565	None
5566	None
5567	None
5568	None
5569	3466
5570	None
5571	4025
5572	None
5573	4712
5574	None
5575	5962
5576	None
5577	5448
5578	None
5579	5536
5580	None
5581	None
5582	None
5583	None
5584	None
5585	3739
5586	None
5587	None
5588	5773
5589	None
5590	None
5591	None
5592	3821
5593	None
5594	5415
5595	None
5596	None
5597	None
5598	None
5599	4209
5600	6234
5601	None
5602	None
5603	None
5604	5105
5605	None
5606	None
5607	None
5608	None
5609	None
5610	4610
5611	None
5612	None
5613	None
5614	None
5615	None
5616	None
5617	None
5618	5176
5619	4055
5620	None
5621	None
5622	None
5623	None
5624	None
5625	None
5626	None
5627	3988
5628	5695
5629	None
5630	4944
5631	None
5632	None
5633	3866
5634	5449
5635	None
5636	None
5637	None
5638	None
5639	3571
5640	None
5641	None
5642	None
5643	None
5644	None
5645	None
5646	6279
5647	None
5648	None
5649	None
5650	None
5651	None
5652	4912
5653	None
5654	5787
5655	None
5656	None
5657	None
5658	None
5659	None
5660	3917
5661	None
5662	None
5663	5717
5664	None
5665	None
5666	None
5667	None
5668	None
5669	None
5670	None
5671	None
5672	5597
5673	5310
5674	5233
5675	None
5676	None
5677	None
5678	3508
5679	None
5680	None
5681	4600
5682	None
5683	None
5684	None
5685	None
5686	3593
5687	None
5688	None
5689	3884
5690	None
5691	None
5692	None
5693	None
5694	None
5695	None
5696	None
5697	None
5698	None
5699	None
5700	None
5701	None
5702	None
5703	None
5704	None
5705	None
5706	None
5707	None
5708	None
5709	None
5710	None
5711	None
5712	None
5713	None
5714	None
5715	None
5716	None
5717	None
5718	None
5719	None
5720	None
5721	None
5722	None
5723	None
5724	None
5725	None
5726	None
5727	None
5728	None
5729	None
5730	None
5731	None
5732	None
5733	None
5734	None
5735	None
5736	None
5737	None
5738	None
5739	None
5740	None
5741	None
5742	None
5743	None
5744	None
5745	None
5746	None
5747	None
5748	None
5749	None
5750	None
5751	None
5752	None
5753	None
5754	None
5755	None
5756	None
5757	None
5758	None
5759	None
5760	None
5761	None
5762	None
5763	None
5764	None
5765	None
5766	None
5767	None
5768	None
5769	None
5770	None
5771	None
5772	None
5773	None
5774	None
5775	None
5776	None
5777	None
5778	None
5779	None
5780	None
5781	None
5782	None
5783	None
5784	None
5785	None
5786	None
5787	None
5788	None
5789	None
5790	None
5791	None
5792	None
5793	None
5794	None
5795	None
5796	None
5797	None
5798	None
5799	None
5800	None
5801	None
5802	None
5803	None
5804	None
5805	None
5806	None
5807	None
5808	None
5809	None
5810	None
5811	None
5812	None
5813	None
5814	None
5815	None
5816	None
5817	None
5818	None
5819	None
5820	None
5821	None
5822	None
5823	None
5824	None
5825	None
5826	None
5827	None
5828	None
5829	None
5830	None
5831	None
5832	None
5833	None
5834	None
5835	None
5836	None
5837	None
5838	None
5839	None
5840	None
5841	None
5842	None
5843	None
5844	None
5845	None
5846	None
5847	None
5848	None
5849	None
5850	None
5851	None
5852	None
5853	None
5854	None
5855	None
5856	None
5857	None
5858	None
5859	None
5860	None
5861	None
5862	None
5863	None
5864	None
5865	None
5866	None
5867	None
5868	None
5869	None
5870	None
5871	None
5872	None
5873	None
5874	None
5875	None
5876	None
5877	None
5878	None
5879	None
5880	None
5881	None
5882	None
5883	None
5884	None
5885	None
5886	None
5887	None
5888	None
5889	None
5890	None
5891	None
5892	None
5893	None
5894	None
5895	None
5896	None
5897	None
5898	None
5899	None
5900	None
5901	None
5902	None
5903	None
5904	None
5905	None
5906	None
5907	None
5908	None
5909	None
5910	None
5911	None
5912	None
5913	None
5914	None
5915	None
5916	None
5917	None
5918	None
5919	None
5920	None
5921	None
5922	None
5923	None
5924	None
5925	None
5926	None
5927	None
5928	None
5929	None
5930	None
5931	None
5932	None
5933	None
5934	None
5935	None
5936	None
5937	None
5938	None
5939	None
5940	None
5941	None
5942	None
5943	None
5944	None
5945	None
5946	None
5947	None
5948	None
5949	None
5950	None
5951	None
5952	None
5953	None
5954	None
5955	None
5956	None
5957	None
5958	None
5959	None
5960	None
5961	None
5962	None
5963	None
5964	None
5965	None
5966	None
5967	None
5968	None
5969	None
5970	None
5971	None
5972	None
5973	None
5974	None
5975	None
5976	None
5977	None
5978	None
5979	None
5980	None
5981	None
5982	None
5983	None
5984	None
5985	None
5986	None
5987	None
5988	None
5989	None
5990	None
5991	None
5992	None
5993	None
5994	None
5995	None
5996	None
5997	None
5998	None
5999	None
6000	None
6001	None
6002	None
6003	None
6004	None
6005	None
6006	None
6007	None
6008	None
6009	None
6010	None
6011	None
6012	None
6013	None
6014	None
6015	None
6016	None
6017	None
6018	None
6019	None
6020	None
6021	None
6022	None
6023	None
6024	None
6025	None
6026	None
6027	None
6028	None
6029	None
6030	None
6031	None
6032	None
6033	None
6034	None
6035	None
6036	None
6037	None
6038	None
6039	None
6040	None
6041	None
6042	None
6043	None
6044	None
6045	None
6046	None
6047	None
6048	None
6049	None
6050	None
6051	None
6052	None
6053	None
6054	None
6055	None
6056	None
6057	None
6058	None
6059	None
6060	None
6061	None
6062	None
6063	None
6064	None
6065	None
6066	None
6067	None
6068	None
6069	None
6070	None
6071	None
6072	None
6073	None
6074	None
6075	None
6076	None
6077	None
6078	None
6079	None
6080	None
6081	None
6082	None
6083	None
6084	None
6085	None
6086	None
6087	None
6088	None
6089	None
6090	None
6091	None
6092	None
6093	None
6094	None
6095	None
6096	None
6097	None
6098	None
6099	None
6100	None
6101	None
6102	None
6103	None
6104	None
6105	None
6106	None
6107	None
6108	None
6109	None
6110	None
6111	None
6112	None
6113	None
6114	None
6115	None
6116	None
6117	None
6118	None
6119	None
6120	None
6121	None
6122	None
6123	None
6124	None
6125	None
6126	None
6127	None
6128	None
6129	None
6130	None
6131	None
6132	None
6133	None
6134	None
6135	None
6136	None
6137	None
6138	None
6139	None
6140	None
6141	None
6142	None
6143	None
6144	None
6145	None
6146	None
6147	None
6148	None
6149	None
6150	None
6151	None
6152	None
6153	None
6154	None
6155	None
6156	None
6157	None
6158	None
6159	None
6160	None
6161	None
6162	None
6163	None
6164	None
6165	None
6166	None
6167	None
6168	None
6169	None
6170	None
6171	None
6172	None
6173	None
6174	None
6175	None
6176	None
6177	None
6178	None
6179	None
6180	None
6181	None
6182	None
6183	None
6184	None
6185	None
6186	None
6187	None
6188	None
6189	None
6190	None
6191	None
6192	None
6193	None
6194	None
6195	None
6196	None
6197	None
6198	None
6199	None
6200	None
6201	None
6202	None
6203	None
6204	None
6205	None
6206	None
6207	None
6208	None
6209	None
6210	None
6211	None
6212	None
6213	None
6214	None
6215	None
6216	None
6217	None
6218	None
6219	None
6220	None
6221	None
6222	None
6223	None
6224	None
6225	None
6226	None
6227	None
6228	None
6229	None
6230	None
6231	None
6232	None
6233	None
6234	None
6235	None
6236	None
6237	None
6238	None
6239	None
6240	None
6241	None
6242	None
6243	None
6244	None
6245	None
6246	None
6247	None
6248	None
6249	None
6250	None
6251	None
6252	None
6253	None
6254	None
6255	None
6256	None
6257	None
6258	None
6259	None
6260	None
6261	None
6262	None
6263	None
6264	None
6265	None
6266	None
6267	None
6268	None
6269	None
6270	None
6271	None
6272	None
6273	None
6274	None
6275	None
6276	None
6277	None
6278	None
6279	None
6280	None
6281	None
6282	None
6283	None
6284	None
6285	None
6286	None
6287	None
6288	None
6289	None
6290	None
6291	None
6292	None
6293	None
6294	None
6295	None
6296	None
6297	None
6298	None
6299	None
6300	None
6301	None
6302	None
6303	None
6304	None
6305	None
6306	None
6307	None
6308	None
6309	None
6310	None
6311	None
6312	None
6313	None
6314	None
6315	None
6316	None
6317	None
6318	None
6319	None
6320	None
6321	None
6322	None
6323	None
6324	None
6325	None
6326	None
6327	None
6328	None
6329	None
6330	None
6331	None
6332	None
6333	None
6334	None
6335	None
6336	None
6337	None
6338	None
6339	None
6340	None
6341	None
6342	None
6343	None
6344	None
6345	None
6346	None
6347	None
6348	None
6349	None
6350	None
6351	None
6352	None
6353	None
6354	None
6355	None
6356	None
6357	None
6358	None
6359	None
6360	None
6361	None
6362	None
6363	None
6364	None
6365	None
6366	None
6367	None
6368	None
6369	None
6370	None
6371	None
6372	None
6373	None
6374	None
6375	None
6376	None
6377	None
6378	None
6379	None
6380	None
6381	None
6382	None
6383	None
6384	None
6385	None
6386	None
6387	None
6388	None
6389	None
6390	None
6391	None
6392	None
6393	None
6394	None
6395	None
6396	None
6397	None
6398	None
6399	None
6400	None
6401	None
6402	None
6403	None
6404	None
6405	None
6406	None
6407	None
6408	None
6409	None
6410	None
6411	None
6412	None
6413	None
6414	None
6415	None
6416	None
6417	None
6418	None
6419	None
6420	None
6421	None
6422	None
6423	None
6424	None
6425	None
6426	None
6427	None
6428	None
6429	None
6430	None
6431	None
6432	None
6433	None
6434	None
6435	None
6436	None
6437	None
6438	None
6439	None
6440	None
6441	None
6442	None
6443	None
6444	None
6445	None
6446	None
6447	None
6448	None
6449	None
6450	None
6451	None
6452	None
6453	None
6454	None
6455	None
6456	None
6457	None
6458	None
6459	None
6460	None
6461	None
6462	None
6463	None
6464	None
6465	None
6466	None
6467	None
6468	None
6469	None
6470	None
6471	None
6472	None
6473	None
6474	None
6475	None
6476	None
6477	None
6478	None
6479	None
6480	None
6481	None
6482	None
6483	None
6484	None
6485	None
6486	None
6487	None
6488	None
6489	None
6490	None
6491	None
6492	None
6493	None
6494	None
6495	None
6496	None
6497	None
6498	None
6499	None
6500	None
6501	None
6502	None
6503	None
6504	None
6505	None
6506	None
6507	None
6508	None
6509	None
6510	None
6511	None
6512	None
6513	None
6514	None
6515	None
6516	None
6517	None
6518	None
6519	None
6520	None
6521	None
6522	None
6523	None
6524	None
6525	None
6526	None
6527	None
6528	None
6529	None
6530	None
6531	None
6532	None
6533	None
6534	None
6535	None
6536	None
6537	None
6538	None
6539	None
6540	None
6541	None
6542	None
6543	None
6544	None
6545	None
6546	None
6547	None
6548	None
6549	None
6550	None
6551	None
6552	None
6553	None
6554	None
6555	None
6556	None
6557	None
6558	None
6559	None
6560	None
6561	None
6562	None
6563	None
6564	None
6565	None
6566	None
6567	None
6568	None
6569	None
6570	None
6571	None
6572	None
6573	None
6574	None
6575	None
6576	None
6577	None
6578	None
6579	None
6580	None
6581	None
6582	None
6583	None
6584	None
6585	None
6586	None
6587	None
6588	None
6589	None
6590	None
6591	None
6592	None
6593	None
6594	None
6595	None
6596	None
6597	None
6598	None
6599	None
6600	None
6601	None
6602	None
6603	None
6604	None
6605	None
6606	None
6607	None
6608	None
6609	None
6610	None
6611	None
6612	None
6613	None
6614	None
6615	None
6616	None
6617	None
6618	None
6619	None
6620	None
6621	None
6622	None
6623	None
6624	None
6625	None
6626	None
6627	None
6628	None
6629	None
6630	None
6631	None
6632	None
6633	None
6634	None
6635	None
6636	None
6637	None
6638	None
6639	None
6640	None
6641	None
6642	None
6643	None
6644	None
6645	None
6646	None
6647	None
6648	None
6649	None
6650	None
6651	None
6652	None
6653	None
6654	None
6655	None
6656	None
6657	None
6658	None
6659	None
6660	None
6661	None
6662	None
6663	None
6664	None
6665	None
6666	None
6667	None
6668	None
6669	None
6670	None
6671	None
6672	None
6673	None
6674	None
6675	None
6676	None
6677	None
6678	None
6679	None
6680	None
6681	None
6682	None
6683	None
6684	None
6685	None
6686	None
6687	None
6688	None
6689	None
6690	None
6691	None
6692	None
6693	None
6694	None
6695	None
6696	None
6697	None
6698	None
6699	None
6700	None
6701	None
6702	None
6703	None
6704	None
6705	None
6706	None
6707	None
6708	None
6709	None
6710	None
6711	None
6712	None
6713	None
6714	None
6715	None
6716	None
6717	None
6718	None
6719	None
6720	None
6721	None
6722	None
6723	None
6724	None
6725	None
6726	None
6727	None
6728	None
6729	None
6730	None
6731	None
6732	None
6733	None
6734	None
6735	None
6736	None
6737	None
6738	None
6739	None
6740	None
6741	None
6742	None
6743	None
6744	None
6745	None
6746	None
6747	None
6748	None
6749	None
6750	None
6751	None
6752	None
6753	None
6754	None
6755	None
6756	None
6757	None
6758	None
6759	None
6760	None
6761	None
6762	None
6763	None
6764	None
6765	None
6766	None
6767	None
6768	None
6769	None
6770	None
6771	None
6772	None
6773	None
6774	None
6775	None
6776	None
6777	None
6778	None
6779	None
6780	None
6781	None
6782	None
6783	None
6784	None
6785	None
6786	None
6787	None
6788	None
6789	None
6790	None
6791	None
6792	None
6793	None
6794	None
6795	None
6796	None
6797	None
6798	None
6799	None
6800	None
6801	None
6802	None
6803	None
6804	None
6805	None
6806	None
6807	None
6808	None
6809	None
6810	None
6811	None
6812	None
6813	None
6814	None
6815	None
6816	None
6817	None
6818	None
6819	None
6820	None
6821	None
6822	None
6823	None
6824	None
6825	None
6826	None
6827	None
6828	None
6829	None
6830	None
6831	None
6832	None
6833	None
6834	None
6835	None
6836	None
6837	None
6838	None
6839	None
6840	None
6841	None
6842	None
6843	None
6844	None
6845	None
6846	None
6847	None
6848	None
6849	None
6850	None
6851	None
6852	None
6853	None
6854	None
6855	None
6856	None
6857	None
6858	None
6859	None
6860	None
6861	None
6862	None
6863	None
6864	None
6865	None
6866	None
6867	None
6868	None
6869	None
6870	None
6871	None
6872	None
6873	None
6874	None
6875	None
6876	None
6877	None
6878	None
6879	None
6880	None
6881	None
6882	None
6883	None
6884	None
6885	None
6886	None
6887	None
6888	None
6889	None
6890	None
6891	None
6892	None
6893	None
6894	None
6895	None
6896	None
6897	None
6898	None
6899	None
6900	None
6901	None
6902	None
6903	None
6904	None
6905	None
6906	None
6907	None
6908	None
6909	None
6910	None
6911	None
6912	None
6913	None
6914	None
6915	None
6916	None
6917	None
6918	None
6919	None
6920	None
6921	None
6922	None
6923	None
6924	None
6925	None
6926	None
6927	None
6928	None
6929	None
6930	None
6931	None
6932	None
6933	None
6934	None
6935	None
6936	None
6937	None
6938	None
6939	None
6940	None
6941	None
6942	None
6943	None
6944	None
6945	None
6946	None
6947	None
6948	None
6949	None
6950	None
6951	None
6952	None
6953	None
6954	None
6955	None
6956	None
6957	None
6958	None
6959	None
6960	None
6961	None
6962	None
6963	None
6964	None
6965	None
6966	None
6967	None
6968	None
6969	None
6970	None
6971	None
6972	None
6973	None
6974	None
6975	None
6976	None
6977	None
6978	None
6979	None
6980	None
6981	None
6982	None
6983	None
6984	None
6985	None
6986	None
6987	None
6988	None
6989	None
6990	None
6991	None
6992	None
6993	None
6994	None
6995	None
6996	None
6997	None
6998	None
6999	None
7000	None
7001	None
7002	None
7003	None
7004	None
7005	None
7006	None
7007	None
7008	None
7009	None
7010	None
7011	None
7012	None
7013	None
7014	None
7015	None
7016	None
7017	None
7018	None
7019	None
7020	None
7021	None
7022	None
7023	None
7024	None
7025	None
7026	None
7027	None
7028	None
7029	None
7030	None
7031	None
7032	None
7033	None
7034	None
7035	None
7036	None
7037	None
7038	None
7039	None
7040	None
7041	None
7042	None
7043	None
7044	None
7045	None
7046	None
7047	None
7048	None
7049	None
7050	None
7051	None
7052	None
7053	None
7054	None
7055	None
7056	None
7057	None
7058	None
7059	None
7060	None
7061	None
7062	None
7063	None
7064	None
7065	None
7066	None
7067	None
7068	None
7069	None
7070	None
7071	None
7072	None
7073	None
7074	None
7075	None
7076	None
7077	None
7078	None
7079	None
7080	None
7081	None
7082	None
7083	None
7084	None
7085	None
7086	None
7087	None
7088	None
7089	None
7090	None
7091	None
7092	None
7093	None
7094	None
7095	None
7096	None
7097	None
7098	None
7099	None
7100	None
7101	None
7102	None
7103	None
7104	None
7105	None
7106	None
7107	None
7108	None
7109	None
7110	None
7111	None
7112	None
7113	None
7114	None
7115	None
7116	None
7117	None
7118	None
7119	None
7120	None
7121	None
7122	None
7123	None
7124	None
7125	None
7126	None
7127	None
7128	None
7129	None
7130	None
7131	None
7132	None
7133	None
7134	None
7135	None
7136	None
7137	None
7138	None
7139	None
7140	None
7141	None
7142	None
7143	None
7144	None
7145	None
7146	None
7147	None
7148	None
7149	None
7150	None
7151	None
7152	None
7153	None
7154	None
7155	None
7156	None
7157	None
7158	None
7159	None
7160	None
7161	None
7162	None
7163	None
7164	None
7165	None
7166	None
7167	None
7168	None
7169	None
7170	None
7171	None
7172	None
7173	None
7174	None
7175	None
7176	None
7177	None
7178	None
7179	None
7180	None
7181	None
7182	None
7183	None
7184	None
7185	None
7186	None
7187	None
7188	None
7189	None
7190	None
7191	None
7192	None
7193	None
7194	None
7195	None
7196	None
7197	None
7198	None
7199	None
7200	None
7201	None
7202	None
7203	None
7204	None
7205	None
7206	None
7207	None
7208	None
7209	None
7210	None
7211	None
7212	None
7213	None
7214	None
7215	None
7216	None
7217	None
7218	None
7219	None
7220	None
7221	None
7222	None
7223	None
7224	None
7225	None
7226	None
7227	None
7228	None
7229	None
7230	None
7231	None
7232	None
7233	None
7234	None
7235	None
7236	None
7237	None
7238	None
7239	None
7240	None
7241	None
7242	None
7243	None
7244	None
7245	None
7246	None
7247	None
7248	None
7249	None
7250	None
7251	None
7252	None
7253	None
7254	None
7255	None
7256	None
7257	None
7258	None
7259	None
7260	None
7261	None
7262	None
7263	None
7264	None
7265	None
7266	None
7267	None
7268	None
7269	None
7270	None
7271	None
7272	None
7273	None
7274	None
7275	None
7276	None
7277	None
7278	None
7279	None
7280	None
7281	None
7282	None
7283	None
7284	None
7285	None
7286	None
7287	None
7288	None
7289	None
7290	None
7291	None
7292	None
7293	None
7294	None
7295	None
7296	None
7297	None
7298	None
7299	None
7300	None
7301	None
7302	None
7303	None
7304	None
7305	None
7306	None
7307	None
7308	None
7309	None
7310	None
7311	None
7312	None
7313	None
7314	None
7315	None
7316	None
7317	None
7318	None
7319	None
7320	None
7321	None
7322	None
7323	None
7324	None
7325	None
7326	None
7327	None
7328	None
7329	None
7330	None
7331	None
7332	None
7333	None
7334	None
7335	None
7336	None
7337	None
7338	None
7339	None
7340	None
7341	None
7342	None
7343	None
7344	None
7345	None
7346	None
7347	None
7348	None
7349	None
7350	None
7351	None
7352	None
7353	None
7354	None
7355	None
7356	None
7357	None
7358	None
7359	None
7360	None
7361	None
7362	None
7363	None
7364	None
7365	None
7366	None
7367	None
7368	None
7369	None
7370	None
7371	None
7372	None
7373	None
7374	None
7375	None
7376	None
7377	None
7378	None
7379	None
7380	None
7381	None
7382	None
7383	None
7384	None
7385	None
7386	None
7387	None
7388	None
7389	None
7390	None
7391	None
7392	None
7393	None
7394	None
7395	None
7396	None
7397	None
7398	None
7399	None
7400	None
7401	None
7402	None
7403	None
7404	None
7405	None
7406	None
7407	None
7408	None
7409	None
7410	None
7411	None
7412	None
7413	None
7414	None
7415	None
7416	None
7417	None
7418	None
7419	None
7420	None
7421	None
7422	None
7423	None
7424	None
7425	None
7426	None
7427	None
7428	None
7429	None
7430	None
7431	None
7432	None
7433	None
7434	None
7435	None
7436	None
7437	None
7438	None
7439	None
7440	None
7441	None
7442	None
7443	None
7444	None
7445	None
7446	None
7447	None
7448	None
7449	None
7450	None
7451	None
7452	None
7453	None
7454	None
7455	None
7456	None
7457	None
7458	None
7459	None
7460	None
7461	None
7462	None
7463	None
7464	None
7465	None
7466	None
7467	None
7468	None
7469	None
7470	None
7471	None
7472	None
7473	None
7474	None
7475	None
7476	None
7477	None
7478	None
7479	None
7480	None
7481	None
7482	None
7483	None
7484	None
7485	None
7486	None
7487	None
7488	None
7489	None
7490	None
7491	None
7492	None
7493	None
7494	None
7495	None
7496	None
7497	None
7498	None
7499	None
7500	None
7501	None
7502	None
7503	None
7504	None
7505	None
7506	None
7507	None
7508	None
7509	None
7510	None
7511	None
7512	None
7513	None
7514	None
7515	None
7516	None
7517	None
7518	None
7519	None
7520	None
7521	None
7522	None
7523	None
7524	None
7525	None
7526	None
7527	None
7528	None
7529	None
7530	None
7531	None
7532	None
7533	None
7534	None
7535	None
7536	None
7537	None
7538	None
7539	None
7540	None
7541	None
7542	None
7543	None
7544	None
7545	None
7546	None
7547	None
7548	None
7549	None
7550	None
7551	None
7552	None
7553	None
7554	None
7555	None
7556	None
7557	None
7558	None
7559	None
7560	None
7561	None
7562	None
7563	None
7564	None
7565	None
7566	None
7567	None
7568	None
7569	None
7570	None
7571	None
7572	None
7573	None
7574	None
7575	None
7576	None
7577	None
7578	None
7579	None
7580	None
7581	None
7582	None
7583	None
7584	None
7585	None
7586	None
7587	None
7588	None
7589	None
7590	None
7591	None
7592	None
7593	None
7594	None
7595	None
7596	None
7597	None
7598	None
7599	None
7600	None
7601	None
7602	None
7603	None
7604	None
7605	None
7606	None
7607	None
7608	None
7609	None
7610	None
7611	None
7612	None
7613	None
7614	None
7615	None
7616	None
7617	None
7618	None
7619	None
7620	None
7621	None
7622	None
7623	None
7624	None
7625	None
7626	None
7627	None
7628	None
7629	None
7630	None
7631	None
7632	None
7633	None
7634	None
7635	None
7636	None
7637	None
7638	None
7639	None
7640	None
7641	None
7642	None
7643	None
7644	None
7645	None
7646	None
7647	None
7648	None
7649	None
7650	None
7651	None
7652	None
7653	None
7654	None
7655	None
7656	None
7657	None
7658	None
7659	None
7660	None
7661	None
7662	None
7663	None
7664	None
7665	None
7666	None
7667	None
7668	None
7669	None
7670	None
7671	None
7672	None
7673	None
7674	None
7675	None
7676	None
7677	None
7678	None
7679	None
7680	None
7681	None
7682	None
7683	None
7684	None
7685	None
7686	None
7687	None
7688	None
7689	None
7690	None
7691	None
7692	None
7693	None
7694	None
7695	None
7696	None
7697	None
7698	None
7699	None
7700	None
7701	None
7702	None
7703	None
7704	None
7705	None
7706	None
7707	None
7708	None
7709	None
7710	None
7711	None
7712	None
7713	None
7714	None
7715	None
7716	None
7717	None
7718	None
7719	None
7720	None
7721	None
7722	None
7723	None
7724	None
7725	None
7726	None
7727	None
7728	None
7729	None
7730	None
7731	None
7732	None
7733	None
7734	None
7735	None
7736	None
7737	None
7738	None
7739	None
7740	None
7741	None
7742	None
7743	None
7744	None
7745	None
7746	None
7747	None
7748	None
7749	None
7750	None
7751	None
7752	None
7753	None
7754	None
7755	None
7756	None
7757	None
7758	None
7759	None
7760	None
7761	None
7762	None
7763	None
7764	None
7765	None
7766	None
7767	None
7768	None
7769	None
7770	None
7771	None
7772	None
7773	None
7774	None
7775	None
7776	None
7777	None
7778	None
7779	None
7780	None
7781	None
7782	None
7783	None
7784	None
7785	None
7786	None
7787	None
7788	None
7789	None
7790	None
7791	None
7792	None
7793	None
7794	None
7795	None
7796	None
7797	None
7798	None
7799	None
7800	None
7801	None
7802	None
7803	None
7804	None
7805	None
7806	None
7807	None
7808	None
7809	None
7810	None
7811	None
7812	None
7813	None
7814	None
7815	None
7816	None
7817	None
7818	None
7819	None
7820	None
7821	None
7822	None
7823	None
7824	None
7825	None
7826	None
7827	None
7828	None
7829	None
7830	None
7831	None
7832	None
7833	None
7834	None
7835	None
7836	None
7837	None
7838	None
7839	None
7840	None
7841	None
7842	None
7843	None
7844	None
7845	None
7846	None
7847	None
7848	None
7849	None
7850	None
7851	None
7852	None
7853	None
7854	None
7855	None
7856	None
7857	None
7858	None
7859	None
7860	None
7861	None
7862	None
7863	None
7864	None
7865	None
7866	None
7867	None
7868	None
7869	None
7870	None
7871	None
7872	None
7873	None
7874	None
7875	None
7876	None
7877	None
7878	None
7879	None
7880	None
7881	None
7882	None
7883	None
7884	None
7885	None
7886	None
7887	None
7888	None
7889	None
7890	None
7891	None
7892	None
7893	None
7894	None
7895	None
7896	None
7897	None
7898	None
7899	None
7900	None
7901	None
7902	None
7903	None
7904	None
7905	None
7906	None
7907	None
7908	None
7909	None
7910	None
7911	None
7912	None
7913	None
7914	None
7915	None
7916	None
7917	None
7918	None
7919	None
7920	None
7921	None
7922	None
7923	None
7924	None
7925	None
7926	None
7927	None
7928	None
7929	None
7930	None
7931	None
7932	None
7933	None
7934	None
7935	None
7936	None
7937	None
7938	None
7939	None
7940	None
7941	None
7942	None
7943	None
7944	None
7945	None
7946	None
7947	None
7948	None
7949	None
7950	None
7951	None
7952	None
7953	None
7954	None
7955	None
7956	None
7957	None
7958	None
7959	None
7960	None
7961	None
7962	None
7963	None
7964	None
7965	None
7966	None
7967	None
7968	None
7969	None
7970	None
7971	None
7972	None
7973	None
7974	None
7975	None
7976	None
7977	None
7978	None
7979	None
7980	None
7981	None
7982	None
7983	None
7984	None
7985	None
7986	None
7987	None
7988	None
7989	None
7990	None
7991	None
7992	None
7993	None
7994	None
7995	None
7996	None
7997	None
7998	None
7999	None
8000	None
8001	None
8002	None
8003	None
8004	None
8005	None
8006	None
8007	None
8008	None
8009	None
8010	None
8011	None
8012	None
8013	None
8014	None
8015	None
8016	None
8017	None
8018	None
8019	None
8020	None
8021	None
8022	None
8023	None
8024	None
8025	None
8026	None
8027	None
8028	None
8029	None
8030	None
8031	None
8032	None
8033	None
8034	None
8035	None
8036	None
8037	None
8038	None
8039	None
8040	None
8041	None
8042	None
8043	None
8044	None
8045	None
8046	None
8047	None
8048	None
8049	None
8050	None
8051	None
8052	None
8053	None
8054	None
8055	None
8056	None
8057	None
8058	None
8059	None
8060	None
8061	None
8062	None
8063	None
8064	None
8065	None
8066	None
8067	None
8068	None
8069	None
8070	None
8071	None
8072	None
8073	None
8074	None
8075	None
8076	None
8077	None
8078	None
8079	None
8080	None
8081	None
8082	None
8083	None
8084	None
8085	None
8086	None
8087	None
8088	None
8089	None
8090	None
8091	None
8092	None
8093	None
8094	None
8095	None
8096	None
8097	None
8098	None
8099	None
8100	None
8101	None
8102	None
8103	None
8104	None
8105	None
8106	None
8107	None
8108	None
8109	None
8110	None
8111	None
8112	None
8113	None
8114	None
8115	None
8116	None
8117	None
8118	None
8119	None
8120	None
8121	None
8122	None
8123	None
8124	None
8125	None
8126	None
8127	None
8128	None
8129	None
8130	None
8131	None
8132	None
8133	None
8134	None
8135	None
8136	None
8137	None
8138	None
8139	None
8140	None
8141	None
8142	None
8143	None
8144	None
8145	None
8146	None
8147	None
8148	None
8149	None
8150	None
8151	None
8152	None
8153	None
8154	None
8155	None
8156	None
8157	None
8158	None
8159	None
8160	None
8161	None
8162	None
8163	None
8164	None
8165	None
8166	None
8167	None
8168	None
8169	None
8170	None
8171	None
8172	None
8173	None
8174	None
8175	None
8176	None
8177	None
8178	None
8179	None
8180	None
8181	None
8182	None
8183	None
8184	None
8185	None
8186	None
8187	None
8188	None
8189	None
8190	None
8191	None
8192	None
8193	None
8194	None
8195	None
8196	None
8197	None
8198	None
8199	None
8200	None
8201	None
8202	None
8203	None
8204	None
8205	None
8206	None
8207	None
8208	None
8209	None
8210	None
8211	None
8212	None
8213	None
8214	None
8215	None
8216	None
8217	None
8218	None
8219	None
8220	None
8221	None
8222	None
8223	None
8224	None
8225	None
8226	None
8227	None
8228	None
8229	None
8230	None
8231	None
8232	None
8233	None
8234	None
8235	None
8236	None
8237	None
8238	None
8239	None
8240	None
8241	None
8242	None
8243	None
8244	None
8245	None
8246	None
8247	None
8248	None
8249	None
8250	None
8251	None
8252	None
8253	None
8254	None
8255	None
8256	None
8257	None
8258	None
8259	None
8260	None
8261	None
8262	None
8263	None
8264	None
8265	None
8266	None
8267	None
8268	None
8269	None
8270	None
8271	None
8272	None
8273	None
8274	None
8275	None
8276	None
8277	None
8278	None
8279	None
8280	None
8281	None
8282	None
8283	None
8284	None
8285	None
8286	None
8287	None
8288	None
8289	None
8290	None
8291	None
8292	None
8293	None
8294	None
8295	None
8296	None
8297	None
8298	None
8299	None
8300	None
8301	None
8302	None
8303	None
8304	None
8305	None
8306	None
8307	None
8308	None
8309	None
8310	None
8311	None
8312	None
8313	None
8314	None
8315	None
8316	None
8317	None
8318	None
8319	None
8320	None
8321	None
8322	None
8323	None
8324	None
8325	None
8326	None
8327	None
8328	None
8329	None
8330	None
8331	None
8332	None
8333	None
8334	None
8335	None
8336	None
8337	None
8338	None
8339	None
8340	None
8341	None
8342	None
8343	None
8344	None
8345	None
8346	None
8347	None
8348	None
8349	None
8350	None
8351	None
8352	None
8353	None
8354	None
8355	None
8356	None
8357	None
8358	None
8359	None
8360	None
8361	None
8362	None
8363	None
8364	None
8365	None
8366	None
8367	None
8368	None
8369	None
8370	None
8371	None
8372	None
8373	None
8374	None
8375	None
8376	None
8377	None
8378	None
8379	None
8380	None
8381	None
8382	None
8383	None
8384	None
8385	None
8386	None
8387	None
8388	None
8389	None
8390	None
8391	None
8392	None
8393	None
8394	None
8395	None
8396	None
8397	None
8398	None
8399	None
8400	None
8401	None
8402	None
8403	None
8404	None
8405	None
8406	None
8407	None
8408	None
8409	None
8410	None
8411	None
8412	None
8413	None
8414	None
8415	None
8416	None
8417	None
8418	None
8419	None
8420	None
8421	None
8422	None
8423	None
8424	None
8425	None
8426	None
8427	None
8428	None
8429	None
8430	None
8431	None
8432	None
8433	None
8434	None
8435	None
8436	None
8437	None
8438	None
8439	None
8440	None
8441	None
8442	None
8443	None
8444	None
8445	None
8446	None
8447	None
8448	None
8449	None
8450	None
8451	None
8452	None
8453	None
8454	None
8455	None
8456	None
8457	None
8458	None
8459	None
8460	None
8461	None
8462	None
8463	None
8464	None
8465	None
8466	None
8467	None
8468	None
8469	None
8470	None
8471	None
8472	None
8473	None
8474	None
8475	None
8476	None
8477	None
8478	None
8479	None
8480	None
8481	None
8482	None
8483	None
8484	None
8485	None
8486	None
8487	None
8488	None
8489	None
8490	None
8491	None
8492	None
8493	None
8494	None
8495	None
8496	None
8497	None
8498	None
8499	None
8500	None
8501	None
8502	None
8503	None
8504	None
8505	None
8506	None
8507	None
8508	None
8509	None
8510	None
8511	None
8512	None
8513	None
8514	None
8515	None
8516	None
8517	None
8518	None
8519	None
8520	None
8521	None
8522	None
8523	None
8524	None
8525	None
8526	None
8527	None
8528	None
8529	None
8530	None
8531	None
8532	None
8533	None
8534	None
8535	None
8536	None
8537	None
8538	None
8539	None
8540	None
8541	None
8542	None
8543	None
8544	None
8545	None
8546	None
8547	None
8548	None
8549	None
8550	None
8551	None
8552	None
8553	None
8554	None
8555	None
8556	None
8557	None
8558	None
8559	None
8560	None
8561	None
8562	None
8563	None
8564	None
8565	None
8566	None
8567	None
8568	None
8569	None
8570	None
8571	None
8572	None
8573	None
8574	None
8575	None
8576	None
8577	None
8578	None
8579	None
8580	None
8581	None
8582	None
8583	None
8584	None
8585	None
8586	None
8587	None
8588	None
8589	None
8590	None
8591	None
8592	None
8593	None
8594	None
8595	None
8596	None
8597	None
8598	None
8599	None
8600	None
8601	None
8602	None
8603	None
8604	None
8605	None
8606	None
8607	None
8608	None
8609	None
8610	None
8611	None
8612	None
8613	None
8614	None
8615	None
8616	None
8617	None
8618	None
8619	None
8620	None
8621	None
8622	None
8623	None
8624	None
8625	None
8626	None
8627	None
8628	None
8629	None
8630	None
8631	None
8632	None
8633	None
8634	None
8635	None
8636	None
8637	None
8638	None
8639	None
8640	None
8641	None
8642	None
8643	None
8644	None
8645	None
8646	None
8647	None
8648	None
8649	None
8650	None
8651	None
8652	None
8653	None
8654	None
8655	None
8656	None
8657	None
8658	None
8659	None
8660	None
8661	None
8662	None
8663	None
8664	None
8665	None
8666	None
8667	None
8668	None
8669	None
8670	None
8671	None
8672	None
8673	None
8674	None
8675	None
8676	None
8677	None
8678	None
8679	None
8680	None
8681	None
8682	None
8683	None
8684	None
8685	None
8686	None
8687	None
8688	None
8689	None
8690	None
8691	None
8692	None
8693	None
8694	None
8695	None
8696	None
8697	None
8698	None
8699	None
8700	None
8701	None
8702	None
8703	None
8704	None
8705	None
8706	None
8707	None
8708	None
8709	None
8710	None
8711	None
8712	None
8713	None
8714	None
8715	None
8716	None
8717	None
8718	None
8719	None
8720	None
8721	None
8722	None
8723	None
8724	None
8725	None
8726	None
8727	None
8728	None
8729	None
8730	None
8731	None
8732	None
8733	None
8734	None
8735	None
8736	None
8737	None
8738	None
8739	None
8740	None
8741	None
8742	None
8743	None
8744	None
8745	None
8746	None
8747	None
8748	None
8749	None
8750	None
8751	None
8752	None
8753	None
8754	None
8755	None
8756	None
8757	None
8758	None
8759	None
8760	None
8761	None
8762	None
8763	None
8764	None
8765	None
8766	None
8767	None
8768	None
8769	None
8770	None
8771	None
8772	None
8773	None
8774	None
8775	None
8776	None
8777	None
8778	None
8779	None
8780	None
8781	None
8782	None
8783	None
8784	None
8785	None
