2991 matches
['halomatch.py', 'Runs/', 'LCDM_vanilla', 'SymB_cool_star', '64', '.5', 'match_LCDM_vanilla_SymB_cool_star']
LCDM_vanilla	SymB_cool_star
0	0
1	1
2	2
3	3
4	5
5	8
6	7
7	6
8	None
9	12
10	11
11	10
12	9
13	13
14	25
15	15
16	19
17	20
18	21
19	None
20	55
21	17
22	23
23	28
24	31
25	22
26	18
27	24
28	None
29	27
30	32
31	47
32	29
33	35
34	30
35	None
36	33
37	38
38	None
39	45
40	40
41	53
42	34
43	64
44	57
45	50
46	44
47	52
48	46
49	49
50	39
51	51
52	136
53	48
54	42
55	80
56	None
57	37
58	54
59	77
60	70
61	43
62	62
63	144
64	63
65	59
66	58
67	81
68	95
69	247
70	89
71	84
72	88
73	82
74	79
75	86
76	104
77	66
78	96
79	108
80	67
81	101
82	None
83	87
84	172
85	133
86	121
87	109
88	68
89	123
90	241
91	241
92	91
93	116
94	178
95	100
96	76
97	93
98	74
99	119
100	150
101	137
102	97
103	72
104	122
105	75
106	126
107	106
108	125
109	118
110	135
111	None
112	99
113	None
114	117
115	535
116	160
117	98
118	None
119	None
120	132
121	242
122	69
123	158
124	128
125	535
126	177
127	134
128	None
129	129
130	141
131	162
132	None
133	163
134	165
135	140
136	153
137	195
138	139
139	None
140	102
141	184
142	157
143	115
144	168
145	None
146	None
147	173
148	433
149	183
150	460
151	None
152	None
153	213
154	127
155	124
156	169
157	186
158	None
159	193
160	181
161	226
162	None
163	171
164	156
165	149
166	206
167	214
168	159
169	185
170	202
171	146
172	180
173	None
174	234
175	154
176	303
177	143
178	224
179	191
180	231
181	265
182	483
183	277
184	209
185	233
186	189
187	227
188	398
189	164
190	None
191	210
192	483
193	404
194	232
195	755
196	199
197	204
198	297
199	200
200	216
201	208
202	190
203	147
204	215
205	196
206	264
207	244
208	236
209	None
210	388
211	282
212	245
213	623
214	286
215	238
216	None
217	254
218	None
219	229
220	255
221	372
222	None
223	None
224	313
225	259
226	275
227	None
228	None
229	246
230	None
231	None
232	253
233	338
234	274
235	281
236	None
237	266
238	237
239	309
240	364
241	279
242	294
243	337
244	329
245	222
246	280
247	286
248	308
249	1717
250	257
251	1083
252	336
253	263
254	374
255	268
256	None
257	None
258	None
259	343
260	182
261	None
262	358
263	None
264	362
265	322
266	460
267	411
268	None
269	None
270	848
271	None
272	276
273	879
274	287
275	251
276	317
277	261
278	None
279	330
280	332
281	272
282	None
283	433
284	718
285	480
286	None
287	None
288	249
289	380
290	None
291	371
292	320
293	391
294	1270
295	None
296	580
297	430
298	None
299	None
300	472
301	484
302	None
303	291
304	None
305	429
306	None
307	635
308	340
309	401
310	346
311	333
312	448
313	424
314	468
315	414
316	None
317	350
318	423
319	426
320	None
321	382
322	904
323	355
324	1287
325	521
326	475
327	407
328	None
329	None
330	285
331	None
332	None
333	None
334	310
335	924
336	554
337	None
338	None
339	323
340	289
341	410
342	1406
343	331
344	451
345	None
346	342
347	None
348	None
349	408
350	353
351	306
352	370
353	399
354	334
355	None
356	335
357	397
358	None
359	360
360	477
361	None
362	None
363	311
364	324
365	460
366	None
367	539
368	None
369	None
370	1507
371	452
372	478
373	471
374	395
375	None
376	None
377	376
378	808
379	None
380	None
381	None
382	None
383	None
384	None
385	497
386	None
387	269
388	943
389	446
390	977
391	394
392	None
393	1548
394	None
395	1230
396	1122
397	524
398	348
399	501
400	400
401	None
402	None
403	300
404	409
405	None
406	1080
407	713
408	432
409	None
410	587
411	None
412	None
413	802
414	None
415	392
416	651
417	345
418	470
419	661
420	None
421	474
422	607
423	None
424	1637
425	421
426	378
427	None
428	None
429	526
430	548
431	463
432	1439
433	None
434	617
435	667
436	530
437	None
438	None
439	None
440	571
441	1066
442	None
443	450
444	None
445	434
446	None
447	352
448	None
449	439
450	390
451	456
452	None
453	354
454	441
455	492
456	None
457	288
458	403
459	800
460	639
461	643
462	435
463	543
464	561
465	None
466	304
467	347
468	820
469	615
470	813
471	None
472	None
473	557
474	None
475	568
476	None
477	444
478	579
479	366
480	1068
481	881
482	None
483	525
484	None
485	487
486	631
487	636
488	None
489	None
490	None
491	None
492	711
493	476
494	984
495	1068
496	934
497	1422
498	469
499	None
500	930
501	None
502	None
503	None
504	440
505	420
506	718
507	503
508	562
509	None
510	924
511	None
512	584
513	495
514	None
515	516
516	None
517	None
518	612
519	None
520	510
521	None
522	None
523	None
524	631
525	795
526	672
527	None
528	628
529	None
530	897
531	880
532	1507
533	None
534	1556
535	None
536	None
537	None
538	504
539	None
540	None
541	None
542	None
543	None
544	1383
545	801
546	624
547	None
548	1573
549	721
550	669
551	None
552	722
553	534
554	532
555	1406
556	528
557	None
558	642
559	533
560	None
561	None
562	1556
563	511
564	None
565	662
566	583
567	717
568	2110
569	None
570	1119
571	570
572	None
573	608
574	557
575	774
576	None
577	None
578	588
579	None
580	1186
581	546
582	None
583	694
584	590
585	724
586	520
587	1492
588	None
589	None
590	614
591	None
592	838
593	553
594	None
595	523
596	627
597	630
598	None
599	702
600	563
601	892
602	706
603	2949
604	None
605	733
606	None
607	529
608	1153
609	None
610	517
611	594
612	735
613	574
614	None
615	None
616	None
617	2279
618	None
619	None
620	904
621	488
622	None
623	None
624	None
625	620
626	552
627	268
628	None
629	None
630	None
631	None
632	766
633	737
634	652
635	1599
636	None
637	657
638	None
639	None
640	1328
641	638
642	None
643	None
644	792
645	None
646	513
647	None
648	671
649	877
650	714
651	692
652	585
653	985
654	None
655	1665
656	1763
657	918
658	660
659	782
660	728
661	None
662	640
663	2727
664	1547
665	569
666	685
667	None
668	770
669	None
670	1230
671	698
672	None
673	None
674	806
675	None
676	None
677	644
678	901
679	1263
680	875
681	None
682	616
683	None
684	784
685	1147
686	1754
687	634
688	None
689	591
690	1111
691	689
692	544
693	1391
694	None
695	None
696	None
697	1574
698	729
699	726
700	604
701	None
702	1711
703	622
704	861
705	871
706	716
707	None
708	817
709	None
710	938
711	1752
712	741
713	696
714	None
715	701
716	1599
717	788
718	None
719	653
720	1180
721	None
722	678
723	589
724	836
725	646
726	None
727	586
728	2704
729	None
730	675
731	577
732	None
733	871
734	779
735	935
736	None
737	1828
738	600
739	None
740	2220
741	823
742	None
743	None
744	844
745	711
746	3560
747	763
748	641
749	659
750	2564
751	688
752	1906
753	793
754	None
755	None
756	None
757	1012
758	783
759	None
760	2356
761	1013
762	897
763	765
764	1511
765	747
766	1759
767	789
768	None
769	1385
770	1704
771	None
772	2109
773	807
774	None
775	None
776	886
777	647
778	725
779	2727
780	None
781	928
782	None
783	1217
784	None
785	674
786	1709
787	668
788	670
789	764
790	None
791	None
792	852
793	None
794	1044
795	796
796	666
797	1161
798	2356
799	766
800	785
801	913
802	883
803	912
804	936
805	907
806	None
807	1645
808	None
809	1075
810	None
811	883
812	None
813	1095
814	1015
815	None
816	2356
817	None
818	None
819	1209
820	None
821	None
822	2696
823	825
824	None
825	None
826	900
827	1087
828	1031
829	686
830	None
831	None
832	859
833	939
834	902
835	None
836	873
837	None
838	2975
839	1745
840	1152
841	None
842	None
843	572
844	978
845	1134
846	None
847	None
848	1026
849	1049
850	None
851	851
852	775
853	933
854	None
855	None
856	993
857	1008
858	1035
859	1309
860	2472
861	787
862	1000
863	2770
864	None
865	921
866	914
867	1000
868	734
869	None
870	None
871	None
872	None
873	972
874	908
875	761
876	839
877	1798
878	956
879	777
880	1569
881	None
882	2483
883	1108
884	None
885	1061
886	1696
887	1128
888	1548
889	None
890	None
891	2315
892	3221
893	811
894	None
895	758
896	None
897	885
898	1072
899	1078
900	None
901	None
902	954
903	895
904	942
905	831
906	None
907	2599
908	1002
909	1082
910	876
911	None
912	1027
913	None
914	None
915	None
916	1107
917	3766
918	1547
919	1023
920	None
921	None
922	None
923	1296
924	None
925	None
926	1071
927	2423
928	None
929	None
930	None
931	1062
932	None
933	943
934	None
935	1637
936	1665
937	None
938	1954
939	None
940	None
941	2077
942	None
943	None
944	1521
945	None
946	2610
947	None
948	None
949	814
950	1148
951	909
952	None
953	1283
954	1007
955	996
956	1097
957	887
958	983
959	None
960	1395
961	949
962	1047
963	None
964	3221
965	2599
966	853
967	1373
968	1184
969	None
970	771
971	2026
972	1648
973	None
974	995
975	1016
976	1468
977	1017
978	963
979	1255
980	979
981	None
982	None
983	None
984	1198
985	2168
986	None
987	985
988	1155
989	None
990	None
991	None
992	None
993	None
994	None
995	944
996	1607
997	None
998	1037
999	None
1000	919
1001	None
1002	1590
1003	None
1004	None
1005	2798
1006	None
1007	925
1008	None
1009	1527
1010	None
1011	922
1012	1759
1013	826
1014	1976
1015	1091
1016	None
1017	1141
1018	1060
1019	1143
1020	None
1021	1115
1022	None
1023	1089
1024	None
1025	1651
1026	1136
1027	1650
1028	None
1029	2904
1030	1063
1031	None
1032	927
1033	None
1034	2404
1035	None
1036	None
1037	1119
1038	None
1039	None
1040	1500
1041	2709
1042	None
1043	None
1044	1604
1045	None
1046	1699
1047	923
1048	1154
1049	1050
1050	None
1051	None
1052	953
1053	2019
1054	None
1055	819
1056	1631
1057	None
1058	None
1059	1126
1060	2549
1061	None
1062	1807
1063	None
1064	1354
1065	None
1066	1009
1067	1983
1068	1150
1069	None
1070	1408
1071	None
1072	None
1073	1125
1074	1555
1075	None
1076	1024
1077	1116
1078	None
1079	1564
1080	857
1081	1732
1082	882
1083	911
1084	None
1085	None
1086	None
1087	3062
1088	None
1089	None
1090	2947
1091	1005
1092	None
1093	680
1094	None
1095	None
1096	None
1097	1508
1098	1139
1099	3629
1100	None
1101	None
1102	1117
1103	None
1104	1263
1105	1674
1106	1833
1107	1058
1108	None
1109	2867
1110	None
1111	None
1112	None
1113	None
1114	3362
1115	1057
1116	None
1117	1745
1118	1158
1119	1123
1120	1186
1121	2739
1122	1025
1123	1195
1124	2404
1125	1214
1126	1612
1127	None
1128	1211
1129	1019
1130	None
1131	None
1132	None
1133	None
1134	1641
1135	2198
1136	1109
1137	None
1138	None
1139	2977
1140	None
1141	None
1142	1166
1143	None
1144	None
1145	1248
1146	3529
1147	None
1148	None
1149	None
1150	1696
1151	1294
1152	None
1153	None
1154	2180
1155	987
1156	None
1157	None
1158	None
1159	3092
1160	None
1161	2280
1162	None
1163	2728
1164	3700
1165	1130
1166	1081
1167	None
1168	None
1169	1948
1170	None
1171	1372
1172	1079
1173	None
1174	None
1175	None
1176	1732
1177	None
1178	1237
1179	1099
1180	None
1181	1219
1182	1309
1183	1053
1184	1022
1185	None
1186	1385
1187	1282
1188	2502
1189	1351
1190	1212
1191	None
1192	None
1193	None
1194	2542
1195	867
1196	None
1197	1006
1198	None
1199	3042
1200	1317
1201	None
1202	1115
1203	3903
1204	None
1205	1319
1206	None
1207	1038
1208	2746
1209	None
1210	1366
1211	1231
1212	None
1213	2865
1214	None
1215	None
1216	1137
1217	1165
1218	None
1219	None
1220	1106
1221	2109
1222	None
1223	3344
1224	1690
1225	1144
1226	1782
1227	None
1228	3152
1229	2739
1230	1171
1231	1156
1232	2947
1233	1456
1234	1469
1235	None
1236	None
1237	3898
1238	2423
1239	1292
1240	1672
1241	1541
1242	2191
1243	None
1244	1264
1245	1552
1246	None
1247	1328
1248	None
1249	4122
1250	1469
1251	None
1252	1851
1253	1202
1254	None
1255	1726
1256	976
1257	2048
1258	1293
1259	1045
1260	1445
1261	None
1262	3499
1263	1297
1264	None
1265	None
1266	1538
1267	None
1268	1233
1269	1559
1270	None
1271	None
1272	None
1273	None
1274	None
1275	None
1276	None
1277	1324
1278	None
1279	2258
1280	1298
1281	2280
1282	1714
1283	None
1284	None
1285	None
1286	1331
1287	2569
1288	1226
1289	1369
1290	1234
1291	1410
1292	None
1293	1379
1294	1584
1295	1290
1296	None
1297	2108
1298	1345
1299	2483
1300	None
1301	1275
1302	3412
1303	1820
1304	1836
1305	1223
1306	1361
1307	None
1308	1190
1309	None
1310	1193
1311	None
1312	1735
1313	None
1314	1380
1315	2776
1316	1675
1317	1405
1318	1477
1319	3728
1320	2541
1321	None
1322	1871
1323	1187
1324	1257
1325	1247
1326	1268
1327	1389
1328	1419
1329	1749
1330	1118
1331	1249
1332	1357
1333	None
1334	1218
1335	None
1336	2179
1337	1382
1338	None
1339	None
1340	1416
1341	None
1342	2965
1343	1332
1344	1353
1345	None
1346	1989
1347	None
1348	1142
1349	3391
1350	1575
1351	2611
1352	None
1353	1502
1354	1177
1355	None
1356	1604
1357	1818
1358	1191
1359	1458
1360	2481
1361	1311
1362	None
1363	2206
1364	None
1365	None
1366	1417
1367	None
1368	None
1369	None
1370	1915
1371	3756
1372	None
1373	3548
1374	3092
1375	3374
1376	2441
1377	1312
1378	1739
1379	2902
1380	None
1381	3425
1382	None
1383	None
1384	1404
1385	1403
1386	None
1387	None
1388	1424
1389	None
1390	1227
1391	1243
1392	1322
1393	None
1394	None
1395	1748
1396	1786
1397	None
1398	None
1399	None
1400	1327
1401	None
1402	None
1403	1679
1404	None
1405	3060
1406	1339
1407	1780
1408	1774
1409	None
1410	2825
1411	1907
1412	None
1413	2495
1414	1433
1415	1336
1416	3079
1417	None
1418	1848
1419	None
1420	None
1421	3220
1422	1363
1423	2046
1424	None
1425	None
1426	2569
1427	1928
1428	None
1429	None
1430	1609
1431	2694
1432	1449
1433	None
1434	1367
1435	1457
1436	None
1437	1472
1438	None
1439	None
1440	None
1441	1811
1442	None
1443	1453
1444	1401
1445	None
1446	1265
1447	1891
1448	None
1449	4389
1450	2307
1451	None
1452	1351
1453	4724
1454	None
1455	1914
1456	1323
1457	1466
1458	1476
1459	None
1460	1333
1461	None
1462	1201
1463	None
1464	None
1465	1378
1466	1386
1467	1636
1468	1955
1469	2327
1470	1051
1471	None
1472	1414
1473	None
1474	1764
1475	2012
1476	1864
1477	None
1478	1374
1479	None
1480	None
1481	1043
1482	1966
1483	1771
1484	1809
1485	None
1486	2019
1487	None
1488	None
1489	1308
1490	2179
1491	None
1492	None
1493	1455
1494	1418
1495	2866
1496	None
1497	None
1498	1460
1499	1446
1500	None
1501	None
1502	3750
1503	1393
1504	1266
1505	2531
1506	None
1507	None
1508	4242
1509	1972
1510	None
1511	1938
1512	None
1513	None
1514	2499
1515	None
1516	None
1517	1935
1518	1274
1519	2913
1520	1370
1521	1840
1522	None
1523	4404
1524	None
1525	2196
1526	611
1527	1858
1528	1471
1529	2008
1530	None
1531	None
1532	1633
1533	1415
1534	None
1535	None
1536	None
1537	None
1538	1278
1539	None
1540	1279
1541	None
1542	None
1543	2315
1544	None
1545	1411
1546	None
1547	3918
1548	None
1549	1944
1550	1185
1551	None
1552	1440
1553	None
1554	698
1555	None
1556	1476
1557	None
1558	None
1559	1387
1560	None
1561	4184
1562	1563
1563	2658
1564	None
1565	3172
1566	921
1567	1526
1568	None
1569	None
1570	None
1571	1855
1572	2195
1573	None
1574	None
1575	None
1576	3410
1577	592
1578	None
1579	3189
1580	2415
1581	None
1582	1485
1583	None
1584	None
1585	None
1586	1517
1587	1985
1588	2090
1589	None
1590	1421
1591	1396
1592	1436
1593	1828
1594	1518
1595	1494
1596	1831
1597	2230
1598	1428
1599	3581
1600	4724
1601	None
1602	None
1603	None
1604	None
1605	1870
1606	1929
1607	None
1608	None
1609	2142
1610	None
1611	None
1612	1551
1613	1140
1614	3954
1615	None
1616	None
1617	4113
1618	None
1619	None
1620	1932
1621	1503
1622	None
1623	3989
1624	2467
1625	None
1626	1491
1627	2459
1628	1546
1629	2462
1630	None
1631	1544
1632	1484
1633	1478
1634	None
1635	1114
1636	1572
1637	1992
1638	2004
1639	4769
1640	1901
1641	None
1642	None
1643	1183
1644	2590
1645	1533
1646	None
1647	896
1648	None
1649	None
1650	2099
1651	1997
1652	None
1653	None
1654	2699
1655	1474
1656	1561
1657	1636
1658	3150
1659	2013
1660	1420
1661	None
1662	1451
1663	None
1664	2272
1665	None
1666	None
1667	1524
1668	2955
1669	3345
1670	None
1671	1554
1672	2128
1673	None
1674	None
1675	None
1676	2138
1677	1435
1678	1529
1679	1553
1680	2204
1681	None
1682	1890
1683	None
1684	1510
1685	2088
1686	1531
1687	3897
1688	None
1689	2127
1690	1738
1691	2232
1692	1538
1693	1615
1694	1970
1695	1610
1696	1488
1697	2189
1698	2082
1699	None
1700	2637
1701	2007
1702	1597
1703	3672
1704	1505
1705	2057
1706	2704
1707	1542
1708	1535
1709	2072
1710	1528
1711	None
1712	2462
1713	2029
1714	None
1715	3978
1716	2867
1717	None
1718	None
1719	None
1720	1967
1721	None
1722	1432
1723	None
1724	1094
1725	2882
1726	None
1727	2010
1728	5003
1729	2155
1730	1614
1731	1988
1732	2524
1733	2062
1734	1588
1735	1589
1736	None
1737	None
1738	1661
1739	4252
1740	3172
1741	4996
1742	None
1743	1975
1744	2038
1745	2051
1746	None
1747	2106
1748	4190
1749	1591
1750	1464
1751	2497
1752	None
1753	None
1754	None
1755	2248
1756	5151
1757	2079
1758	3027
1759	4213
1760	1640
1761	1705
1762	2103
1763	3278
1764	2028
1765	None
1766	4019
1767	3215
1768	2262
1769	3511
1770	1789
1771	2187
1772	None
1773	None
1774	None
1775	2045
1776	4741
1777	None
1778	None
1779	4844
1780	None
1781	1619
1782	4793
1783	None
1784	None
1785	1923
1786	2044
1787	None
1788	1887
1789	None
1790	3818
1791	None
1792	None
1793	1617
1794	None
1795	4322
1796	3680
1797	1557
1798	1979
1799	3725
1800	2467
1801	1506
1802	1708
1803	None
1804	2121
1805	None
1806	1676
1807	None
1808	4057
1809	2221
1810	None
1811	3990
1812	None
1813	1659
1814	None
1815	2252
1816	2077
1817	2170
1818	4600
1819	5017
1820	2176
1821	2225
1822	2434
1823	3905
1824	2165
1825	None
1826	None
1827	None
1828	None
1829	None
1830	None
1831	None
1832	2184
1833	None
1834	None
1835	2192
1836	None
1837	2194
1838	1649
1839	None
1840	None
1841	None
1842	None
1843	5240
1844	None
1845	2123
1846	None
1847	3422
1848	3156
1849	2950
1850	2326
1851	1902
1852	None
1853	3126
1854	None
1855	None
1856	None
1857	None
1858	2112
1859	None
1860	889
1861	1658
1862	4651
1863	None
1864	None
1865	3355
1866	3895
1867	1677
1868	1689
1869	None
1870	None
1871	None
1872	None
1873	None
1874	None
1875	None
1876	2719
1877	None
1878	None
1879	2094
1880	None
1881	None
1882	None
1883	None
1884	1783
1885	1805
1886	2235
1887	None
1888	1712
1889	4713
1890	None
1891	1708
1892	2577
1893	2158
1894	3216
1895	None
1896	None
1897	None
1898	None
1899	4992
1900	2438
1901	4963
1902	None
1903	1750
1904	3488
1905	2338
1906	None
1907	1662
1908	2855
1909	2482
1910	3628
1911	2271
1912	5531
1913	4915
1914	1739
1915	1705
1916	1664
1917	3750
1918	2374
1919	3216
1920	1867
1921	1620
1922	2223
1923	2332
1924	1817
1925	None
1926	None
1927	2526
1928	1716
1929	2456
1930	2196
1931	None
1932	3994
1933	2629
1934	3309
1935	None
1936	5281
1937	None
1938	4924
1939	None
1940	2649
1941	None
1942	3299
1943	1347
1944	2266
1945	None
1946	None
1947	None
1948	4172
1949	2521
1950	2608
1951	2421
1952	1846
1953	None
1954	None
1955	None
1956	2214
1957	2519
1958	None
1959	2507
1960	2394
1961	2663
1962	2467
1963	2129
1964	None
1965	4175
1966	2398
1967	2428
1968	None
1969	2433
1970	2838
1971	None
1972	None
1973	3181
1974	4490
1975	2324
1976	1894
1977	2316
1978	None
1979	5550
1980	5822
1981	1559
1982	None
1983	2945
1984	2314
1985	2330
1986	1706
1987	2361
1988	4297
1989	None
1990	None
1991	1172
1992	None
1993	2459
1994	2617
1995	None
1996	None
1997	2480
1998	None
1999	5009
2000	1785
2001	2601
2002	1959
2003	None
2004	1622
2005	2300
2006	2009
2007	1399
2008	None
2009	None
2010	None
2011	2037
2012	4523
2013	1520
2014	3011
2015	5500
2016	None
2017	2403
2018	None
2019	3560
2020	2488
2021	3276
2022	None
2023	4121
2024	None
2025	4252
2026	3412
2027	1350
2028	4285
2029	None
2030	2406
2031	2600
2032	2256
2033	None
2034	None
2035	3957
2036	4221
2037	2437
2038	None
2039	2958
2040	None
2041	None
2042	2831
2043	1384
2044	None
2045	1762
2046	3243
2047	None
2048	2211
2049	4547
2050	5281
2051	2439
2052	None
2053	None
2054	1856
2055	2436
2056	None
2057	2684
2058	1222
2059	None
2060	None
2061	None
2062	None
2063	2506
2064	None
2065	2706
2066	None
2067	4651
2068	None
2069	3033
2070	None
2071	2489
2072	2855
2073	2078
2074	3433
2075	None
2076	2852
2077	None
2078	None
2079	2568
2080	3078
2081	None
2082	None
2083	1828
2084	1397
2085	1910
2086	None
2087	1835
2088	None
2089	3268
2090	1727
2091	3366
2092	2085
2093	None
2094	3339
2095	3264
2096	3617
2097	1919
2098	2757
2099	1454
2100	None
2101	None
2102	None
2103	2481
2104	6043
2105	2585
2106	None
2107	None
2108	3662
2109	None
2110	1755
2111	None
2112	None
2113	3470
2114	3114
2115	None
2116	3504
2117	None
2118	1493
2119	None
2120	None
2121	4401
2122	5691
2123	3062
2124	1300
2125	None
2126	None
2127	1898
2128	3860
2129	5043
2130	2841
2131	2582
2132	3280
2133	4969
2134	3316
2135	3643
2136	None
2137	None
2138	1444
2139	None
2140	5638
2141	1281
2142	None
2143	3712
2144	None
2145	4748
2146	3733
2147	4139
2148	None
2149	2856
2150	None
2151	3026
2152	3990
2153	1952
2154	None
2155	2159
2156	3941
2157	None
2158	None
2159	5571
2160	None
2161	2505
2162	1207
2163	3423
2164	None
2165	2866
2166	1291
2167	2139
2168	1888
2169	2488
2170	None
2171	None
2172	3464
2173	None
2174	None
2175	None
2176	None
2177	None
2178	1624
2179	2837
2180	None
2181	1753
2182	None
2183	1986
2184	1837
2185	3277
2186	None
2187	3632
2188	1883
2189	3966
2190	4717
2191	3353
2192	3712
2193	None
2194	3020
2195	5794
2196	3911
2197	None
2198	None
2199	None
2200	2910
2201	1398
2202	3948
2203	2624
2204	None
2205	None
2206	3002
2207	5482
2208	2774
2209	1853
2210	None
2211	2186
2212	2325
2213	1582
2214	4377
2215	None
2216	3737
2217	1859
2218	2683
2219	3253
2220	None
2221	5727
2222	None
2223	2041
2224	2265
2225	2030
2226	4694
2227	2849
2228	4723
2229	2380
2230	2270
2231	None
2232	None
2233	None
2234	2703
2235	2050
2236	3617
2237	None
2238	1861
2239	3241
2240	2531
2241	None
2242	2005
2243	2692
2244	None
2245	None
2246	None
2247	1700
2248	2458
2249	None
2250	4297
2251	None
2252	4340
2253	3900
2254	None
2255	None
2256	2190
2257	2849
2258	2224
2259	None
2260	None
2261	2946
2262	1978
2263	2075
2264	2399
2265	None
2266	None
2267	None
2268	2149
2269	2946
2270	1800
2271	None
2272	None
2273	2240
2274	4267
2275	None
2276	None
2277	1597
2278	3197
2279	None
2280	4576
2281	3360
2282	4685
2283	2774
2284	None
2285	None
2286	2250
2287	None
2288	2955
2289	2185
2290	3720
2291	2278
2292	2342
2293	1559
2294	None
2295	None
2296	None
2297	1475
2298	3377
2299	4360
2300	1604
2301	4447
2302	2323
2303	None
2304	1941
2305	2168
2306	3154
2307	None
2308	2023
2309	4831
2310	2188
2311	2630
2312	3783
2313	1946
2314	2923
2315	None
2316	None
2317	None
2318	1953
2319	None
2320	2016
2321	3972
2322	3397
2323	1550
2324	None
2325	2286
2326	None
2327	1960
2328	4421
2329	None
2330	None
2331	None
2332	None
2333	2426
2334	None
2335	2215
2336	2773
2337	None
2338	None
2339	3384
2340	None
2341	3328
2342	3104
2343	None
2344	None
2345	None
2346	2796
2347	None
2348	2172
2349	1595
2350	2093
2351	None
2352	3476
2353	2263
2354	None
2355	2073
2356	2369
2357	2429
2358	3852
2359	4286
2360	1995
2361	1605
2362	None
2363	None
2364	1990
2365	2522
2366	None
2367	None
2368	5989
2369	None
2370	3949
2371	7659
2372	None
2373	4622
2374	None
2375	1994
2376	None
2377	3042
2378	7668
2379	None
2380	2140
2381	3173
2382	None
2383	4272
2384	5124
2385	2175
2386	2449
2387	2829
2388	None
2389	None
2390	None
2391	2822
2392	5484
2393	None
2394	1989
2395	1770
2396	2834
2397	2822
2398	5274
2399	None
2400	None
2401	None
2402	None
2403	3514
2404	1973
2405	1611
2406	3006
2407	3660
2408	2116
2409	4345
2410	None
2411	4441
2412	None
2413	None
2414	4494
2415	2035
2416	2678
2417	2451
2418	1638
2419	None
2420	2543
2421	1686
2422	2911
2423	1646
2424	2125
2425	None
2426	None
2427	2758
2428	2255
2429	None
2430	1974
2431	3560
2432	None
2433	3299
2434	4218
2435	None
2436	None
2437	3898
2438	4455
2439	2173
2440	None
2441	2967
2442	2047
2443	None
2444	None
2445	None
2446	None
2447	2180
2448	1657
2449	2021
2450	4447
2451	2603
2452	5519
2453	None
2454	None
2455	None
2456	None
2457	2792
2458	3503
2459	1530
2460	None
2461	None
2462	2920
2463	None
2464	None
2465	2033
2466	1660
2467	None
2468	3735
2469	2199
2470	5467
2471	3756
2472	None
2473	None
2474	2960
2475	None
2476	None
2477	None
2478	None
2479	2101
2480	4285
2481	None
2482	2525
2483	None
2484	1940
2485	None
2486	2182
2487	None
2488	2794
2489	2510
2490	2575
2491	None
2492	None
2493	3033
2494	2003
2495	2700
2496	None
2497	2412
2498	1804
2499	4001
2500	2559
2501	2196
2502	None
2503	None
2504	5228
2505	2114
2506	2864
2507	3233
2508	3940
2509	None
2510	4285
2511	1628
2512	None
2513	None
2514	3159
2515	2667
2516	None
2517	None
2518	2454
2519	1722
2520	1703
2521	2363
2522	3445
2523	5860
2524	5130
2525	None
2526	None
2527	None
2528	2416
2529	5465
2530	3189
2531	4021
2532	None
2533	4629
2534	4121
2535	1760
2536	2089
2537	2320
2538	3133
2539	3127
2540	None
2541	None
2542	None
2543	5673
2544	4458
2545	2111
2546	None
2547	4919
2548	None
2549	None
2550	None
2551	4496
2552	None
2553	3548
2554	3897
2555	2625
2556	None
2557	None
2558	2147
2559	4687
2560	3467
2561	2339
2562	2388
2563	None
2564	None
2565	None
2566	2132
2567	None
2568	2368
2569	2664
2570	3325
2571	None
2572	4467
2573	2815
2574	None
2575	2273
2576	4749
2577	None
2578	None
2579	4137
2580	2844
2581	3239
2582	1790
2583	None
2584	1276
2585	None
2586	3534
2587	None
2588	2417
2589	1768
2590	None
2591	4009
2592	2994
2593	4799
2594	None
2595	None
2596	2370
2597	2939
2598	3316
2599	3660
2600	2830
2601	None
2602	3863
2603	3497
2604	2299
2605	2598
2606	4783
2607	2596
2608	4558
2609	1579
2610	5241
2611	2788
2612	3056
2613	None
2614	None
2615	3321
2616	2445
2617	2011
2618	None
2619	1616
2620	2946
2621	None
2622	None
2623	None
2624	None
2625	None
2626	None
2627	2274
2628	2964
2629	None
2630	3575
2631	None
2632	None
2633	None
2634	2295
2635	2790
2636	2695
2637	None
2638	5228
2639	3360
2640	None
2641	2377
2642	None
2643	3031
2644	2275
2645	None
2646	2139
2647	None
2648	4151
2649	2778
2650	None
2651	None
2652	3928
2653	None
2654	None
2655	2539
2656	3604
2657	4006
2658	2431
2659	None
2660	None
2661	2791
2662	1793
2663	4667
2664	3267
2665	2137
2666	None
2667	4113
2668	None
2669	2671
2670	1724
2671	None
2672	2380
2673	2418
2674	4175
2675	None
2676	None
2677	None
2678	3353
2679	None
2680	3237
2681	None
2682	None
2683	4678
2684	5482
2685	2264
2686	2331
2687	2364
2688	2559
2689	4903
2690	None
2691	None
2692	2435
2693	3153
2694	4371
2695	5814
2696	2487
2697	2465
2698	3331
2699	None
2700	2854
2701	2452
2702	2393
2703	2463
2704	2352
2705	None
2706	None
2707	None
2708	2862
2709	2578
2710	3156
2711	None
2712	None
2713	2570
2714	2530
2715	None
2716	None
2717	2518
2718	None
2719	None
2720	None
2721	2424
2722	None
2723	2289
2724	None
2725	4002
2726	2833
2727	None
2728	4396
2729	None
2730	5652
2731	4046
2732	None
2733	5519
2734	2638
2735	2827
2736	2935
2737	2473
2738	2360
2739	None
2740	None
2741	4124
2742	3852
2743	2343
2744	None
2745	2602
2746	None
2747	5106
2748	None
2749	None
2750	2311
2751	3040
2752	1902
2753	None
2754	None
2755	None
2756	3097
2757	3185
2758	2397
2759	2573
2760	3475
2761	4158
2762	1775
2763	None
2764	None
2765	None
2766	2897
2767	2444
2768	2337
2769	None
2770	None
2771	None
2772	4762
2773	None
2774	None
2775	4137
2776	None
2777	5649
2778	2703
2779	None
2780	3602
2781	None
2782	2366
2783	3972
2784	None
2785	5523
2786	3425
2787	3513
2788	2392
2789	2455
2790	4093
2791	2508
2792	2950
2793	None
2794	5020
2795	None
2796	6029
2797	2741
2798	2999
2799	5697
2800	None
2801	4270
2802	3391
2803	3392
2804	2555
2805	None
2806	3084
2807	3505
2808	None
2809	None
2810	3253
2811	None
2812	None
2813	None
2814	5452
2815	None
2816	2883
2817	2439
2818	None
2819	None
2820	3054
2821	4694
2822	6056
2823	4325
2824	4212
2825	None
2826	None
2827	2383
2828	None
2829	3222
2830	5727
2831	2719
2832	3774
2833	3210
2834	None
2835	2731
2836	None
2837	4348
2838	3511
2839	3983
2840	2520
2841	2414
2842	3430
2843	None
2844	6164
2845	None
2846	4801
2847	None
2848	None
2849	2756
2850	None
2851	3252
2852	2843
2853	3418
2854	3223
2855	None
2856	None
2857	None
2858	None
2859	None
2860	2191
2861	None
2862	None
2863	2476
2864	4783
2865	5455
2866	None
2867	None
2868	None
2869	2636
2870	2537
2871	None
2872	3500
2873	4569
2874	3396
2875	3637
2876	None
2877	3105
2878	None
2879	None
2880	2171
2881	2318
2882	2916
2883	4053
2884	3539
2885	None
2886	None
2887	2988
2888	2718
2889	None
2890	None
2891	3049
2892	4971
2893	None
2894	3732
2895	2485
2896	2357
2897	4201
2898	None
2899	3300
2900	2477
2901	2017
2902	3561
2903	None
2904	None
2905	2746
2906	None
2907	None
2908	3656
2909	5945
2910	2737
2911	None
2912	2544
2913	1743
2914	4840
2915	None
2916	2479
2917	6582
2918	2442
2919	2334
2920	6314
2921	None
2922	None
2923	3434
2924	None
2925	2422
2926	1801
2927	2604
2928	None
2929	None
2930	3001
2931	None
2932	4513
2933	None
2934	3640
2935	3489
2936	3653
2937	None
2938	2613
2939	2853
2940	3136
2941	3902
2942	2461
2943	4886
2944	4675
2945	3377
2946	None
2947	2929
2948	5555
2949	3130
2950	None
2951	2783
2952	2675
2953	None
2954	4448
2955	None
2956	3446
2957	None
2958	3825
2959	4882
2960	None
2961	2484
2962	2591
2963	3093
2964	None
2965	2460
2966	4976
2967	2614
2968	None
2969	3395
2970	5688
2971	None
2972	4161
2973	None
2974	4454
2975	4541
2976	3573
2977	None
2978	3219
2979	6877
2980	3005
2981	None
2982	2765
2983	2662
2984	6571
2985	2933
2986	6314
2987	2751
2988	2673
2989	3385
2990	2609
2991	2975
2992	2448
2993	None
2994	2968
2995	2877
2996	None
2997	None
2998	2631
2999	None
3000	None
3001	3634
3002	2464
3003	None
3004	3137
3005	2420
3006	3899
3007	None
3008	3880
3009	3342
3010	5432
3011	4675
3012	3008
3013	None
3014	5990
3015	3239
3016	6342
3017	2824
3018	2995
3019	3594
3020	None
3021	2986
3022	None
3023	2684
3024	3218
3025	None
3026	None
3027	3097
3028	3071
3029	None
3030	3035
3031	2906
3032	None
3033	3100
3034	3257
3035	None
3036	2183
3037	3283
3038	None
3039	None
3040	3041
3041	2686
3042	3504
3043	2885
3044	None
3045	5806
3046	3773
3047	2687
3048	None
3049	3230
3050	3178
3051	6114
3052	None
3053	None
3054	5325
3055	3068
3056	None
3057	5971
3058	3643
3059	None
3060	4542
3061	4795
3062	None
3063	6292
3064	None
3065	2753
3066	None
3067	4417
3068	3237
3069	5217
3070	3465
3071	3578
3072	None
3073	None
3074	2894
3075	2396
3076	2152
3077	3671
3078	6228
3079	4035
3080	2413
3081	2907
3082	2534
3083	None
3084	2623
3085	5817
3086	None
3087	None
3088	3055
3089	6090
3090	None
3091	None
3092	2688
3093	2486
3094	None
3095	None
3096	None
3097	4101
3098	3371
3099	None
3100	3440
3101	2942
3102	3923
3103	3435
3104	6239
3105	2818
3106	2705
3107	2990
3108	3827
3109	4032
3110	2620
3111	3487
3112	3585
3113	None
3114	None
3115	4965
3116	1808
3117	4588
3118	4987
3119	2632
3120	None
3121	3878
3122	5237
3123	None
3124	3177
3125	None
3126	3087
3127	5181
3128	4943
3129	2689
3130	6976
3131	3072
3132	None
3133	None
3134	4809
3135	2651
3136	2915
3137	2938
3138	None
3139	2730
3140	4885
3141	None
3142	None
3143	2732
3144	3806
3145	4662
3146	3619
3147	4772
3148	2249
3149	3063
3150	5700
3151	5596
3152	None
3153	4009
3154	3644
3155	6384
3156	3952
3157	3649
3158	3101
3159	None
3160	None
3161	None
3162	3426
3163	None
3164	2996
3165	3110
3166	4263
3167	None
3168	5211
3169	None
3170	3468
3171	5629
3172	None
3173	3399
3174	6213
3175	None
3176	None
3177	3051
3178	3463
3179	3160
3180	3864
3181	None
3182	4377
3183	5989
3184	None
3185	2335
3186	6207
3187	5999
3188	1790
3189	None
3190	3208
3191	4263
3192	None
3193	None
3194	7659
3195	None
3196	2771
3197	None
3198	2697
3199	None
3200	None
3201	3743
3202	None
3203	3519
3204	None
3205	2688
3206	None
3207	5844
3208	None
3209	3229
3210	3424
3211	2839
3212	2527
3213	None
3214	4915
3215	None
3216	5059
3217	4140
3218	3591
3219	2668
3220	2725
3221	3531
3222	4480
3223	None
3224	3016
3225	None
3226	2693
3227	3308
3228	None
3229	3151
3230	4678
3231	3323
3232	None
3233	None
3234	4299
3235	4392
3236	None
3237	None
3238	5451
3239	2811
3240	4972
3241	4618
3242	None
3243	None
3244	5268
3245	None
3246	None
3247	6092
3248	2546
3249	2597
3250	None
3251	None
3252	5956
3253	2475
3254	None
3255	4026
3256	6559
3257	None
3258	3735
3259	4029
3260	None
3261	3512
3262	3011
3263	None
3264	3360
3265	4417
3266	None
3267	3182
3268	None
3269	3970
3270	4307
3271	3506
3272	None
3273	None
3274	3357
3275	4610
3276	None
3277	3341
3278	2715
3279	3808
3280	None
3281	None
3282	None
3283	None
3284	5549
3285	None
3286	3574
3287	3352
3288	2580
3289	5186
3290	3498
3291	None
3292	5573
3293	None
3294	None
3295	3393
3296	2690
3297	5879
3298	None
3299	3019
3300	None
3301	5431
3302	3265
3303	2653
3304	None
3305	None
3306	None
3307	6797
3308	3289
3309	2817
3310	6393
3311	2868
3312	2800
3313	None
3314	None
3315	3094
3316	None
3317	None
3318	None
3319	3508
3320	3372
3321	3963
3322	3226
3323	2714
3324	None
3325	None
3326	4062
3327	5918
3328	4317
3329	None
3330	3416
3331	3155
3332	6988
3333	None
3334	5204
3335	3104
3336	None
3337	5715
3338	4885
3339	5130
3340	4124
3341	4924
3342	5528
3343	4265
3344	None
3345	None
3346	2670
3347	4258
3348	3046
3349	None
3350	None
3351	None
3352	None
3353	4778
3354	3616
3355	None
3356	2640
3357	None
3358	None
3359	None
3360	2921
3361	3307
3362	None
3363	2672
3364	None
3365	4060
3366	3657
3367	None
3368	3937
3369	4036
3370	2720
3371	4254
3372	2539
3373	3149
3374	3108
3375	None
3376	2814
3377	None
3378	3559
3379	2642
3380	2699
3381	3882
3382	None
3383	None
3384	2993
3385	3109
3386	3274
3387	2940
3388	7072
3389	4399
3390	3452
3391	None
3392	None
3393	None
3394	None
3395	None
3396	4094
3397	3684
3398	None
3399	None
3400	4774
3401	1862
3402	None
3403	4870
3404	None
3405	2602
3406	3620
3407	None
3408	None
3409	None
3410	2576
3411	4365
3412	4667
3413	3684
3414	None
3415	None
3416	None
3417	None
3418	3842
3419	1673
3420	None
3421	4028
3422	None
3423	None
3424	None
3425	3591
3426	3477
3427	3769
3428	None
3429	None
3430	2924
3431	2934
3432	None
3433	None
3434	4545
3435	4459
3436	None
3437	6036
3438	3551
3439	4752
3440	None
3441	4004
3442	3710
3443	3285
3444	5036
3445	5312
3446	2836
3447	5321
3448	3061
3449	None
3450	None
3451	None
3452	4067
3453	3373
3454	3376
3455	None
3456	None
3457	3095
3458	None
3459	5880
3460	None
3461	3180
3462	5507
3463	6045
3464	3350
3465	4075
3466	3535
3467	None
3468	2937
3469	4219
3470	None
3471	3883
3472	None
3473	5165
3474	None
3475	3547
3476	4676
3477	4886
3478	5096
3479	None
3480	None
3481	2519
3482	4049
3483	3974
3484	2957
3485	4161
3486	None
3487	2691
3488	3448
3489	3286
3490	None
3491	4765
3492	5703
3493	None
3494	None
3495	3090
3496	None
3497	5309
3498	3906
3499	None
3500	5362
3501	3673
3502	None
3503	None
3504	None
3505	None
3506	4205
3507	6106
3508	3192
3509	5190
3510	None
3511	6038
3512	4550
3513	3024
3514	3085
3515	4961
3516	None
3517	3732
3518	None
3519	5838
3520	4002
3521	4174
3522	3235
3523	4779
3524	None
3525	None
3526	5373
3527	None
3528	4674
3529	2807
3530	5166
3531	None
3532	3522
3533	None
3534	None
3535	3648
3536	None
3537	None
3538	3493
3539	None
3540	None
3541	None
3542	4156
3543	5069
3544	3387
3545	2895
3546	5182
3547	4144
3548	None
3549	5700
3550	4300
3551	6789
3552	None
3553	7054
3554	4221
3555	3722
3556	4248
3557	3303
3558	3509
3559	5767
3560	7923
3561	4928
3562	4702
3563	4153
3564	None
3565	2819
3566	6123
3567	None
3568	2310
3569	3582
3570	4110
3571	3420
3572	5076
3573	None
3574	None
3575	4270
3576	5706
3577	5688
3578	7222
3579	None
3580	None
3581	2509
3582	None
3583	None
3584	4141
3585	None
3586	5387
3587	None
3588	5120
3589	None
3590	7853
3591	5451
3592	None
3593	5961
3594	None
3595	4048
3596	4048
3597	5629
3598	3779
3599	3114
3600	None
3601	3670
3602	None
3603	None
3604	None
3605	None
3606	4219
3607	4084
3608	None
3609	3715
3610	None
3611	4663
3612	None
3613	3363
3614	3326
3615	5791
3616	None
3617	None
3618	None
3619	5415
3620	6402
3621	5519
3622	3460
3623	3633
3624	None
3625	3077
3626	None
3627	None
3628	None
3629	4672
3630	3510
3631	None
3632	5125
3633	3563
3634	None
3635	3631
3636	4780
3637	None
3638	None
3639	None
3640	6330
3641	3121
3642	None
3643	None
3644	None
3645	None
3646	None
3647	None
3648	None
3649	None
3650	None
3651	None
3652	None
3653	None
3654	None
3655	None
3656	None
3657	None
3658	5222
3659	4617
3660	None
3661	None
3662	None
3663	None
3664	None
3665	None
3666	3998
3667	4926
3668	2630
3669	None
3670	3627
3671	3360
3672	None
3673	None
3674	4059
3675	3584
3676	None
3677	None
3678	None
3679	None
3680	None
3681	None
3682	None
3683	3348
3684	2962
3685	5543
3686	None
3687	None
3688	None
3689	None
3690	None
3691	4164
3692	5757
3693	5629
3694	None
3695	3977
3696	None
3697	None
3698	5730
3699	None
3700	None
3701	None
3702	4740
3703	None
3704	None
3705	None
3706	None
3707	None
3708	None
3709	None
3710	None
3711	None
3712	None
3713	None
3714	None
3715	None
3716	None
3717	None
3718	None
3719	None
3720	None
3721	None
3722	None
3723	None
3724	None
3725	None
3726	3475
3727	3013
3728	None
3729	None
3730	None
3731	None
3732	None
3733	3446
3734	4145
3735	None
3736	None
3737	None
3738	None
3739	None
3740	None
3741	4559
3742	None
3743	None
3744	None
3745	2648
3746	None
3747	None
3748	None
3749	6511
3750	None
3751	3565
3752	3341
3753	None
3754	3038
3755	None
3756	None
3757	None
3758	None
3759	None
3760	None
3761	3935
3762	None
3763	None
3764	None
3765	6337
3766	None
3767	None
3768	None
3769	3596
3770	None
3771	None
3772	None
3773	None
3774	None
3775	None
3776	None
3777	4985
3778	None
3779	None
3780	5068
3781	None
3782	None
3783	2926
3784	None
3785	3295
3786	4828
3787	1705
3788	None
3789	None
3790	None
3791	3467
3792	None
3793	None
3794	None
3795	None
3796	None
3797	4665
3798	None
3799	4017
3800	None
3801	None
3802	None
3803	None
3804	None
3805	3995
3806	2884
3807	None
3808	4652
3809	5215
3810	None
3811	None
3812	None
3813	None
3814	None
3815	None
3816	None
3817	None
3818	None
3819	None
3820	None
3821	None
3822	3645
3823	None
3824	None
3825	None
3826	3845
3827	None
3828	3777
3829	3928
3830	None
3831	None
3832	None
3833	4802
3834	None
3835	None
3836	3089
3837	3967
3838	4326
3839	None
3840	None
3841	None
3842	4838
3843	4280
3844	4023
3845	None
3846	None
3847	None
3848	2847
3849	3310
3850	None
3851	None
3852	None
3853	None
3854	5705
3855	None
3856	None
3857	None
3858	None
3859	3165
3860	None
3861	5890
3862	None
3863	5149
3864	None
3865	3986
3866	None
3867	4909
3868	None
3869	4933
3870	None
3871	4167
3872	3677
3873	3937
3874	4544
3875	None
3876	None
3877	6905
3878	None
3879	None
3880	None
3881	None
3882	3543
3883	None
3884	None
3885	None
3886	None
3887	3813
3888	5214
3889	4474
3890	3205
3891	3741
3892	3298
3893	5769
3894	None
3895	3394
3896	None
3897	None
3898	4681
3899	3569
3900	None
3901	3676
3902	None
3903	5699
3904	5268
3905	None
3906	None
3907	None
3908	None
3909	4753
3910	None
3911	None
3912	5273
3913	1720
3914	None
3915	None
3916	None
3917	5079
3918	4530
3919	3317
3920	None
3921	None
3922	None
3923	None
3924	None
3925	None
3926	None
3927	None
3928	None
3929	5468
3930	None
3931	7483
3932	None
3933	3298
3934	None
3935	None
3936	7259
3937	None
3938	None
3939	3741
3940	None
3941	None
3942	None
3943	None
3944	5409
3945	None
3946	None
3947	None
3948	None
3949	None
3950	None
3951	4347
3952	None
3953	4090
3954	None
3955	5256
3956	None
3957	None
3958	None
3959	None
3960	None
3961	None
3962	None
3963	3506
3964	None
3965	None
3966	None
3967	None
3968	4031
3969	None
3970	None
3971	None
3972	None
3973	5090
3974	None
3975	None
3976	None
3977	None
3978	None
3979	None
3980	None
3981	6293
3982	3364
3983	None
3984	None
3985	None
3986	None
3987	7105
3988	None
3989	None
3990	None
3991	4990
3992	None
3993	None
3994	None
3995	None
3996	None
3997	None
3998	None
3999	None
4000	None
4001	None
4002	4059
4003	None
4004	None
4005	None
4006	None
4007	None
4008	None
4009	None
4010	None
4011	2981
4012	None
4013	None
4014	None
4015	None
4016	None
4017	None
4018	None
4019	8000
4020	None
4021	None
4022	None
4023	3438
4024	None
4025	4909
4026	4386
4027	None
4028	None
4029	None
4030	2394
4031	None
4032	None
4033	None
4034	None
4035	5629
4036	None
4037	None
4038	None
4039	None
4040	None
4041	None
4042	None
4043	None
4044	None
4045	None
4046	None
4047	None
4048	None
4049	None
4050	None
4051	None
4052	None
4053	None
4054	None
4055	None
4056	None
4057	None
4058	None
4059	None
4060	None
4061	None
4062	None
4063	None
4064	None
4065	None
4066	None
4067	None
4068	None
4069	None
4070	None
4071	None
4072	None
4073	None
4074	None
4075	None
4076	None
4077	2947
4078	None
4079	4202
4080	None
4081	None
4082	None
4083	None
4084	None
4085	None
4086	6803
4087	None
4088	None
4089	None
4090	None
4091	None
4092	None
4093	None
4094	None
4095	None
4096	None
4097	None
4098	None
4099	None
4100	None
4101	None
4102	None
4103	None
4104	3276
4105	None
4106	None
4107	None
4108	None
4109	None
4110	None
4111	None
4112	None
4113	None
4114	3544
4115	None
4116	None
4117	None
4118	None
4119	None
4120	None
4121	None
4122	None
4123	None
4124	None
4125	None
4126	None
4127	None
4128	None
4129	None
4130	None
4131	None
4132	None
4133	5557
4134	None
4135	None
4136	None
4137	None
4138	None
4139	None
4140	None
4141	3590
4142	None
4143	None
4144	None
4145	None
4146	None
4147	None
4148	None
4149	None
4150	None
4151	3801
4152	None
4153	None
4154	None
4155	None
4156	None
4157	None
4158	3336
4159	None
4160	None
4161	3370
4162	None
4163	None
4164	None
4165	None
4166	None
4167	None
4168	None
4169	None
4170	None
4171	None
4172	None
4173	None
4174	None
4175	None
4176	4136
4177	None
4178	None
4179	None
4180	None
4181	None
4182	None
4183	None
4184	None
4185	None
4186	None
4187	None
4188	None
4189	3693
4190	None
4191	None
4192	3482
4193	None
4194	None
4195	None
4196	None
4197	None
4198	None
4199	6682
4200	None
4201	None
4202	None
4203	None
4204	3883
4205	4191
4206	None
4207	None
4208	None
4209	None
4210	None
4211	None
4212	None
4213	5903
4214	None
4215	None
4216	None
4217	None
4218	None
4219	None
4220	None
4221	None
4222	None
4223	None
4224	None
4225	None
4226	None
4227	None
4228	None
4229	None
4230	3767
4231	None
4232	None
4233	None
4234	None
4235	None
4236	None
4237	None
4238	3524
4239	None
4240	None
4241	None
4242	None
4243	None
4244	None
4245	None
4246	None
4247	None
4248	None
4249	None
4250	None
4251	None
4252	None
4253	None
4254	None
4255	None
4256	4829
4257	None
4258	3588
4259	None
4260	None
4261	None
4262	None
4263	None
4264	None
4265	None
4266	None
4267	None
4268	None
4269	4592
4270	None
4271	None
4272	None
4273	None
4274	None
4275	None
4276	3186
4277	None
4278	None
4279	None
4280	None
4281	None
4282	None
4283	None
4284	None
4285	None
4286	None
4287	None
4288	None
4289	None
4290	None
4291	None
4292	None
4293	None
4294	None
4295	None
4296	None
4297	None
4298	2310
4299	None
4300	6221
4301	None
4302	None
4303	None
4304	None
4305	3454
4306	None
4307	None
4308	None
4309	None
4310	3364
4311	None
4312	None
4313	None
4314	None
4315	None
4316	None
4317	None
4318	None
4319	None
4320	4336
4321	None
4322	None
4323	None
4324	None
4325	None
4326	None
4327	None
4328	None
4329	None
4330	None
4331	4005
4332	None
4333	None
4334	None
4335	None
4336	None
4337	None
4338	4796
4339	4000
4340	None
4341	None
4342	None
4343	None
4344	None
4345	None
4346	None
4347	None
4348	None
4349	None
4350	4156
4351	None
4352	None
4353	None
4354	None
4355	None
4356	None
4357	None
4358	None
4359	None
4360	None
4361	None
4362	None
4363	4548
4364	3659
4365	4690
4366	None
4367	None
4368	None
4369	None
4370	None
4371	None
4372	None
4373	1982
4374	None
4375	None
4376	None
4377	None
4378	None
4379	None
4380	None
4381	None
4382	None
4383	None
4384	2104
4385	None
4386	None
4387	None
4388	None
4389	None
4390	None
4391	None
4392	None
4393	None
4394	None
4395	None
4396	None
4397	None
4398	None
4399	None
4400	6407
4401	None
4402	None
4403	None
4404	None
4405	None
4406	None
4407	None
4408	None
4409	None
4410	None
4411	None
4412	None
4413	None
4414	None
4415	5138
4416	4250
4417	None
4418	None
4419	None
4420	None
4421	None
4422	None
4423	None
4424	None
4425	None
4426	None
4427	None
4428	None
4429	None
4430	None
4431	None
4432	None
4433	None
4434	None
4435	4590
4436	None
4437	None
4438	None
4439	None
4440	None
4441	None
4442	None
4443	None
4444	None
4445	None
4446	None
4447	None
4448	None
4449	None
4450	None
4451	None
4452	None
4453	4684
4454	None
4455	6545
4456	None
4457	None
4458	None
4459	None
4460	None
4461	None
4462	None
4463	None
4464	None
4465	None
4466	None
4467	None
4468	None
4469	None
4470	None
4471	None
4472	None
4473	4404
4474	4875
4475	None
4476	None
4477	None
4478	None
4479	None
4480	None
4481	None
4482	None
4483	None
4484	None
4485	None
4486	None
4487	None
4488	None
4489	None
4490	None
4491	None
4492	None
4493	None
4494	None
4495	None
4496	None
4497	3481
4498	None
4499	None
4500	None
4501	None
4502	None
4503	3594
4504	None
4505	None
4506	None
4507	None
4508	None
4509	None
4510	None
4511	None
4512	None
4513	None
4514	None
4515	None
4516	None
4517	None
4518	None
4519	None
4520	None
4521	None
4522	None
4523	None
4524	None
4525	None
4526	None
4527	None
4528	None
4529	None
4530	None
4531	None
4532	4014
4533	None
4534	None
4535	None
4536	None
4537	None
4538	None
4539	None
4540	None
4541	None
4542	None
4543	None
4544	3848
4545	None
4546	None
4547	None
4548	None
4549	None
4550	None
4551	None
4552	None
4553	None
4554	None
4555	None
4556	None
4557	None
4558	None
4559	None
4560	None
4561	None
4562	None
4563	4716
4564	3727
4565	None
4566	None
4567	None
4568	None
4569	4493
4570	None
4571	None
4572	6381
4573	None
4574	None
4575	None
4576	None
4577	None
4578	None
4579	None
4580	None
4581	None
4582	None
4583	None
4584	None
4585	None
4586	None
4587	None
4588	None
4589	None
4590	None
4591	None
4592	None
4593	None
4594	None
4595	None
4596	None
4597	2835
4598	None
4599	None
4600	None
4601	None
4602	None
4603	None
4604	None
4605	None
4606	None
4607	4508
4608	None
4609	None
4610	None
4611	None
4612	None
4613	None
4614	None
4615	None
4616	4637
4617	None
4618	None
4619	None
4620	3705
4621	None
4622	4181
4623	None
4624	None
4625	None
4626	None
4627	None
4628	None
4629	None
4630	None
4631	None
4632	None
4633	None
4634	None
4635	None
4636	None
4637	None
4638	5134
4639	None
4640	None
4641	None
4642	None
4643	None
4644	None
4645	None
4646	None
4647	None
4648	None
4649	None
4650	None
4651	4624
4652	None
4653	None
4654	None
4655	None
4656	None
4657	None
4658	None
4659	None
4660	None
4661	None
4662	None
4663	3758
4664	4318
4665	None
4666	None
4667	4207
4668	2748
4669	None
4670	None
4671	None
4672	None
4673	3390
4674	None
4675	None
4676	None
4677	4622
4678	None
4679	None
4680	None
4681	3318
4682	None
4683	None
4684	4318
4685	None
4686	None
4687	None
4688	None
4689	None
4690	None
4691	None
4692	None
4693	None
4694	None
4695	None
4696	None
4697	None
4698	None
4699	2798
4700	None
4701	None
4702	None
4703	None
4704	None
4705	None
4706	None
4707	None
4708	None
4709	None
4710	None
4711	None
4712	None
4713	None
4714	None
4715	None
4716	3971
4717	None
4718	None
4719	None
4720	None
4721	None
4722	None
4723	None
4724	None
4725	None
4726	None
4727	None
4728	None
4729	3549
4730	None
4731	None
4732	None
4733	None
4734	None
4735	None
4736	None
4737	None
4738	None
4739	None
4740	None
4741	None
4742	None
4743	4996
4744	None
4745	None
4746	None
4747	None
4748	4548
4749	None
4750	None
4751	4646
4752	4816
4753	None
4754	None
4755	None
4756	None
4757	None
4758	None
4759	None
4760	None
4761	None
4762	None
4763	None
4764	None
4765	None
4766	3594
4767	None
4768	3570
4769	None
4770	None
4771	None
4772	None
4773	None
4774	3694
4775	None
4776	4548
4777	None
4778	None
4779	None
4780	None
4781	None
4782	None
4783	None
4784	None
4785	None
4786	None
4787	None
4788	4929
4789	None
4790	None
4791	None
4792	None
4793	2905
4794	None
4795	None
4796	None
4797	None
4798	None
4799	None
4800	None
4801	None
4802	None
4803	None
4804	None
4805	None
4806	None
4807	None
4808	None
4809	3727
4810	None
4811	None
4812	None
4813	None
4814	None
4815	None
4816	3592
4817	None
4818	None
4819	None
4820	4489
4821	None
4822	None
4823	None
4824	3213
4825	None
4826	None
4827	None
4828	None
4829	5049
4830	None
4831	2944
4832	None
4833	None
4834	None
4835	None
4836	None
4837	None
4838	None
4839	None
4840	None
4841	None
4842	None
4843	None
4844	None
4845	None
4846	4822
4847	None
4848	None
4849	None
4850	None
4851	None
4852	None
4853	None
4854	None
4855	None
4856	None
4857	None
4858	4065
4859	3996
4860	None
4861	None
4862	None
4863	None
4864	None
4865	None
4866	3707
4867	None
4868	None
4869	4168
4870	None
4871	None
4872	None
4873	None
4874	None
4875	None
4876	3665
4877	4554
4878	None
4879	None
4880	None
4881	None
4882	3491
4883	None
4884	None
4885	None
4886	None
4887	None
4888	None
4889	4431
4890	None
4891	5869
4892	4644
4893	None
4894	None
4895	None
4896	None
4897	None
4898	None
4899	None
4900	5529
4901	None
4902	None
4903	4181
4904	None
4905	None
4906	None
4907	4548
4908	None
4909	None
4910	None
4911	4166
4912	3933
4913	None
4914	None
4915	4342
4916	None
4917	None
4918	None
4919	None
4920	None
4921	None
4922	None
4923	None
4924	None
4925	None
4926	None
4927	None
4928	None
4929	3333
4930	None
4931	None
4932	None
4933	4666
4934	None
4935	4816
4936	3784
4937	None
4938	None
4939	None
4940	None
4941	None
4942	None
4943	None
4944	3140
4945	4379
4946	3693
4947	None
4948	None
4949	None
4950	None
4951	None
4952	None
4953	3259
4954	4367
4955	None
4956	None
4957	1823
4958	3310
4959	None
4960	4005
4961	3266
4962	None
4963	5196
4964	4135
4965	3937
4966	None
4967	5189
4968	None
4969	None
4970	4462
4971	None
4972	3741
4973	4989
4974	3970
4975	4821
4976	None
4977	None
4978	None
4979	4653
4980	4255
4981	3782
4982	None
4983	None
4984	None
4985	3721
4986	3299
4987	4010
4988	None
4989	4905
4990	4189
4991	4941
4992	None
4993	None
4994	5513
4995	None
4996	None
4997	None
4998	5180
4999	None
5000	4875
5001	4257
5002	None
5003	3787
5004	3748
5005	5135
5006	5349
5007	5092
5008	None
5009	None
5010	4910
5011	None
5012	None
5013	None
5014	None
5015	None
5016	4875
5017	3194
5018	4295
5019	5548
5020	4706
5021	4281
5022	None
5023	4469
5024	3934
5025	2394
5026	None
5027	None
5028	None
5029	None
5030	3939
5031	None
5032	4791
5033	None
5034	None
5035	4025
5036	None
5037	5076
5038	4407
5039	4744
5040	4492
5041	4841
5042	None
5043	4159
5044	3985
5045	None
5046	4369
5047	None
5048	5108
5049	4193
5050	None
5051	3977
5052	None
5053	4693
5054	4695
5055	None
5056	3184
5057	4796
5058	None
5059	None
5060	4151
5061	None
5062	2995
5063	4830
5064	6079
5065	4644
5066	None
5067	4327
5068	4136
5069	4343
5070	4066
5071	4568
5072	None
5073	4465
5074	None
5075	None
5076	4935
5077	4668
5078	5069
5079	4853
5080	4637
5081	None
5082	None
5083	3199
5084	4489
5085	5645
5086	None
5087	None
5088	5293
5089	4714
5090	5453
5091	4482
5092	None
5093	4869
5094	4148
5095	None
5096	4653
5097	2969
5098	5389
5099	4639
5100	5158
5101	4685
5102	4148
5103	4747
5104	None
5105	3970
5106	4821
5107	5145
5108	5800
5109	None
5110	5325
5111	None
5112	None
5113	3994
5114	None
5115	5352
5116	5182
5117	4291
5118	5827
5119	4414
5120	4967
5121	4598
5122	None
5123	5099
5124	4446
5125	5366
5126	5082
5127	5150
5128	None
5129	5293
5130	4189
5131	None
5132	5510
5133	2973
5134	None
5135	None
5136	4383
5137	3737
5138	3566
5139	4390
5140	4637
5141	4621
5142	None
5143	7379
5144	4386
5145	None
5146	4519
5147	4194
5148	5935
5149	5015
5150	5835
5151	None
5152	None
5153	4441
5154	4260
5155	None
5156	5987
5157	None
5158	4416
5159	5836
5160	None
5161	4751
5162	None
5163	None
5164	5146
5165	7521
5166	None
5167	None
5168	None
5169	2845
5170	6461
5171	5092
5172	4446
5173	2850
5174	4908
5175	4535
5176	5136
5177	None
5178	2680
5179	4183
5180	None
5181	4471
5182	4640
5183	None
5184	4541
5185	4910
5186	5246
5187	None
5188	5800
5189	5202
5190	5520
5191	5804
5192	None
5193	None
5194	5043
5195	4933
5196	None
5197	5179
5198	5656
5199	4967
5200	4202
5201	6063
5202	5673
5203	None
5204	None
5205	5798
5206	4435
5207	None
5208	4188
5209	5964
5210	4234
5211	5542
5212	None
5213	4835
5214	4136
5215	None
5216	None
5217	4905
5218	4572
5219	None
5220	None
5221	6373
5222	4413
5223	5064
5224	None
5225	4935
5226	None
5227	4276
5228	4427
5229	4388
5230	4351
5231	None
5232	None
5233	5506
5234	None
5235	None
5236	3427
5237	6614
5238	4499
5239	3727
5240	None
5241	None
5242	5682
5243	4816
5244	None
5245	None
5246	4197
5247	6346
5248	None
5249	4115
5250	2602
5251	5116
5252	4507
5253	4919
5254	None
5255	4165
5256	None
5257	4956
5258	5262
5259	None
5260	5958
5261	None
5262	6443
5263	4344
5264	4194
5265	4303
5266	4935
5267	None
5268	5238
5269	None
5270	None
5271	5081
5272	4845
5273	4194
5274	None
5275	6373
5276	None
5277	6664
5278	5239
5279	5035
5280	6084
5281	None
5282	None
5283	None
5284	3471
5285	4379
5286	5770
5287	5424
5288	None
5289	4149
5290	3626
5291	5862
5292	None
5293	None
5294	None
5295	3483
5296	None
5297	None
5298	4414
5299	4400
5300	None
5301	None
5302	None
5303	6130
5304	None
5305	None
5306	4597
5307	None
5308	4206
5309	4540
5310	5113
5311	6484
5312	5681
5313	4390
5314	None
5315	6162
5316	None
5317	None
5318	None
5319	4795
5320	None
5321	None
5322	None
5323	None
5324	None
5325	None
5326	4349
5327	5610
5328	4797
5329	6130
5330	None
5331	None
5332	None
5333	None
5334	4541
5335	None
5336	None
5337	None
5338	6393
5339	6636
5340	4126
5341	4818
5342	4365
5343	4854
5344	None
5345	None
5346	4518
5347	4519
5348	4390
5349	4638
5350	None
5351	5255
5352	None
5353	4515
5354	None
5355	4730
5356	None
5357	None
5358	6166
5359	None
5360	None
5361	4668
5362	5339
5363	None
5364	4608
5365	None
5366	None
5367	4585
5368	None
5369	5456
5370	5765
5371	6378
5372	None
5373	None
5374	None
5375	None
5376	None
5377	6356
5378	4255
5379	5063
5380	6530
5381	4595
5382	5766
5383	5812
5384	None
5385	None
5386	3829
5387	None
5388	6615
5389	5542
5390	None
5391	None
5392	None
5393	None
5394	None
5395	6791
5396	5245
5397	None
5398	None
5399	3913
5400	5884
5401	None
5402	None
5403	None
5404	4799
5405	4895
5406	None
5407	None
5408	None
5409	5117
5410	None
5411	None
5412	6618
5413	None
5414	5239
5415	None
5416	None
5417	None
5418	None
5419	None
5420	6982
5421	6415
5422	4871
5423	None
5424	None
5425	None
5426	None
5427	None
5428	4126
5429	None
5430	None
5431	4776
5432	4986
5433	5139
5434	None
5435	4601
5436	None
5437	5076
5438	None
5439	None
5440	None
5441	4487
5442	None
5443	None
5444	4579
5445	4590
5446	None
5447	6459
5448	7572
5449	5720
5450	None
5451	None
5452	4535
5453	None
5454	5352
5455	6967
5456	5059
5457	None
5458	None
5459	None
5460	4889
5461	None
5462	None
5463	None
5464	None
5465	None
5466	5780
5467	6230
5468	4864
5469	5751
5470	None
5471	None
5472	4656
5473	7047
5474	None
5475	None
5476	None
5477	5441
5478	None
5479	4602
5480	6047
5481	None
5482	None
5483	5053
5484	None
5485	None
5486	None
5487	4912
5488	None
5489	6086
5490	5967
5491	5461
5492	None
5493	5441
5494	None
5495	6510
5496	None
5497	None
5498	None
5499	None
5500	5316
5501	4934
5502	None
5503	None
5504	None
5505	None
5506	6506
5507	None
5508	None
5509	None
5510	4705
5511	None
5512	None
5513	6328
5514	4597
5515	None
5516	None
5517	7554
5518	None
5519	5869
5520	None
5521	6280
5522	5344
5523	5102
5524	None
5525	4722
5526	5541
5527	6294
5528	None
5529	None
5530	None
5531	None
5532	None
5533	None
5534	None
5535	6469
5536	None
5537	None
5538	5800
5539	4804
5540	None
5541	None
5542	5244
5543	4709
5544	6365
5545	7400
5546	6116
5547	5520
5548	None
5549	None
5550	None
5551	None
5552	None
5553	5240
5554	4752
5555	None
5556	5214
5557	None
5558	None
5559	None
5560	4955
5561	None
5562	None
5563	None
5564	None
5565	None
5566	5284
5567	None
5568	None
5569	4751
5570	None
5571	4135
5572	None
5573	5656
5574	None
5575	5520
5576	None
5577	4881
5578	None
5579	3778
5580	None
5581	None
5582	None
5583	None
5584	4854
5585	5732
5586	None
5587	None
5588	5761
5589	None
5590	None
5591	None
5592	7161
5593	None
5594	6259
5595	None
5596	None
5597	5011
5598	None
5599	6438
5600	4755
5601	None
5602	None
5603	None
5604	4481
5605	None
5606	None
5607	None
5608	7128
5609	None
5610	5266
5611	None
5612	None
5613	None
5614	None
5615	None
5616	None
5617	None
5618	6185
5619	4893
5620	None
5621	None
5622	None
5623	5125
5624	None
5625	None
5626	None
5627	5113
5628	4813
5629	None
5630	5601
5631	None
5632	None
5633	5493
5634	5522
5635	None
5636	None
5637	7162
5638	None
5639	6290
5640	5138
5641	None
5642	None
5643	None
5644	None
5645	None
5646	5947
5647	None
5648	None
5649	5554
5650	None
5651	5566
5652	5566
5653	None
5654	6948
5655	None
5656	None
5657	None
5658	None
5659	4083
5660	4812
5661	None
5662	None
5663	6157
5664	None
5665	None
5666	None
5667	None
5668	None
5669	None
5670	None
5671	None
5672	None
5673	None
5674	6149
5675	None
5676	5601
5677	None
5678	5518
5679	None
5680	6654
5681	7422
5682	None
5683	None
5684	None
5685	None
5686	4929
5687	None
5688	None
5689	5152
5690	None
5691	None
5692	None
5693	None
5694	None
5695	None
5696	None
5697	None
5698	None
5699	None
5700	None
5701	None
5702	None
5703	None
5704	None
5705	None
5706	None
5707	None
5708	None
5709	None
5710	None
5711	None
5712	None
5713	None
5714	None
5715	None
5716	None
5717	None
5718	None
5719	None
5720	None
5721	None
5722	None
5723	None
5724	None
5725	None
5726	None
5727	None
5728	None
5729	None
5730	None
5731	None
5732	None
5733	None
5734	None
5735	None
5736	None
5737	None
5738	None
5739	None
5740	None
5741	None
5742	None
5743	None
5744	None
5745	None
5746	None
5747	None
5748	None
5749	None
5750	None
5751	None
5752	None
5753	None
5754	None
5755	None
5756	None
5757	None
5758	None
5759	None
5760	None
5761	None
5762	None
5763	None
5764	None
5765	None
5766	None
5767	None
5768	None
5769	None
5770	None
5771	None
5772	None
5773	None
5774	None
5775	None
5776	None
5777	None
5778	None
5779	None
5780	None
5781	None
5782	None
5783	None
5784	None
5785	None
5786	None
5787	None
5788	None
5789	None
5790	None
5791	None
5792	None
5793	None
5794	None
5795	None
5796	None
5797	None
5798	None
5799	None
5800	None
5801	None
5802	None
5803	None
5804	None
5805	None
5806	None
5807	None
5808	None
5809	None
5810	None
5811	None
5812	None
5813	None
5814	None
5815	None
5816	None
5817	None
5818	None
5819	None
5820	None
5821	None
5822	None
5823	None
5824	None
5825	None
5826	None
5827	None
5828	None
5829	None
5830	None
5831	None
5832	None
5833	None
5834	None
5835	None
5836	None
5837	None
5838	None
5839	None
5840	None
5841	None
5842	None
5843	None
5844	None
5845	None
5846	None
5847	None
5848	None
5849	None
5850	None
5851	None
5852	None
5853	None
5854	None
5855	None
5856	None
5857	None
5858	None
5859	None
5860	None
5861	None
5862	None
5863	None
5864	None
5865	None
5866	None
5867	None
5868	None
5869	None
5870	None
5871	None
5872	None
5873	None
5874	None
5875	None
5876	None
5877	None
5878	None
5879	None
5880	None
5881	None
5882	None
5883	None
5884	None
5885	None
5886	None
5887	None
5888	None
5889	None
5890	None
5891	None
5892	None
5893	None
5894	None
5895	None
5896	None
5897	None
5898	None
5899	None
5900	None
5901	None
5902	None
5903	None
5904	None
5905	None
5906	None
5907	None
5908	None
5909	None
5910	None
5911	None
5912	None
5913	None
5914	None
5915	None
5916	None
5917	None
5918	None
5919	None
5920	None
5921	None
5922	None
5923	None
5924	None
5925	None
5926	None
5927	None
5928	None
5929	None
5930	None
5931	None
5932	None
5933	None
5934	None
5935	None
5936	None
5937	None
5938	None
5939	None
5940	None
5941	None
5942	None
5943	None
5944	None
5945	None
5946	None
5947	None
5948	None
5949	None
5950	None
5951	None
5952	None
5953	None
5954	None
5955	None
5956	None
5957	None
5958	None
5959	None
5960	None
5961	None
5962	None
5963	None
5964	None
5965	None
5966	None
5967	None
5968	None
5969	None
5970	None
5971	None
5972	None
5973	None
5974	None
5975	None
5976	None
5977	None
5978	None
5979	None
5980	None
5981	None
5982	None
5983	None
5984	None
5985	None
5986	None
5987	None
5988	None
5989	None
5990	None
5991	None
5992	None
5993	None
5994	None
5995	None
5996	None
5997	None
5998	None
5999	None
6000	None
6001	None
6002	None
6003	None
6004	None
6005	None
6006	None
6007	None
6008	None
6009	None
6010	None
6011	None
6012	None
6013	None
6014	None
6015	None
6016	None
6017	None
6018	None
6019	None
6020	None
6021	None
6022	None
6023	None
6024	None
6025	None
6026	None
6027	None
6028	None
6029	None
6030	None
6031	None
6032	None
6033	None
6034	None
6035	None
6036	None
6037	None
6038	None
6039	None
6040	None
6041	None
6042	None
6043	None
6044	None
6045	None
6046	None
6047	None
6048	None
6049	None
6050	None
6051	None
6052	None
6053	None
6054	None
6055	None
6056	None
6057	None
6058	None
6059	None
6060	None
6061	None
6062	None
6063	None
6064	None
6065	None
6066	None
6067	None
6068	None
6069	None
6070	None
6071	None
6072	None
6073	None
6074	None
6075	None
6076	None
6077	None
6078	None
6079	None
6080	None
6081	None
6082	None
6083	None
6084	None
6085	None
6086	None
6087	None
6088	None
6089	None
6090	None
6091	None
6092	None
6093	None
6094	None
6095	None
6096	None
6097	None
6098	None
6099	None
6100	None
6101	None
6102	None
6103	None
6104	None
6105	None
6106	None
6107	None
6108	None
6109	None
6110	None
6111	None
6112	None
6113	None
6114	None
6115	None
6116	None
6117	None
6118	None
6119	None
6120	None
6121	None
6122	None
6123	None
6124	None
6125	None
6126	None
6127	None
6128	None
6129	None
6130	None
6131	None
6132	None
6133	None
6134	None
6135	None
6136	None
6137	None
6138	None
6139	None
6140	None
6141	None
6142	None
6143	None
6144	None
6145	None
6146	None
6147	None
6148	None
6149	None
6150	None
6151	None
6152	None
6153	None
6154	None
6155	None
6156	None
6157	None
6158	None
6159	None
6160	None
6161	None
6162	None
6163	None
6164	None
6165	None
6166	None
6167	None
6168	None
6169	None
6170	None
6171	None
6172	None
6173	None
6174	None
6175	None
6176	None
6177	None
6178	None
6179	None
6180	None
6181	None
6182	None
6183	None
6184	None
6185	None
6186	None
6187	None
6188	None
6189	None
6190	None
6191	None
6192	None
6193	None
6194	None
6195	None
6196	None
6197	None
6198	None
6199	None
6200	None
6201	None
6202	None
6203	None
6204	None
6205	None
6206	None
6207	None
6208	None
6209	None
6210	None
6211	None
6212	None
6213	None
6214	None
6215	None
6216	None
6217	None
6218	None
6219	None
6220	None
6221	None
6222	None
6223	None
6224	None
6225	None
6226	None
6227	None
6228	None
6229	None
6230	None
6231	None
6232	None
6233	None
6234	None
6235	None
6236	None
6237	None
6238	None
6239	None
6240	None
6241	None
6242	None
6243	None
6244	None
6245	None
6246	None
6247	None
6248	None
6249	None
6250	None
6251	None
6252	None
6253	None
6254	None
6255	None
6256	None
6257	None
6258	None
6259	None
6260	None
6261	None
6262	None
6263	None
6264	None
6265	None
6266	None
6267	None
6268	None
6269	None
6270	None
6271	None
6272	None
6273	None
6274	None
6275	None
6276	None
6277	None
6278	None
6279	None
6280	None
6281	None
6282	None
6283	None
6284	None
6285	None
6286	None
6287	None
6288	None
6289	None
6290	None
6291	None
6292	None
6293	None
6294	None
6295	None
6296	None
6297	None
6298	None
6299	None
6300	None
6301	None
6302	None
6303	None
6304	None
6305	None
6306	None
6307	None
6308	None
6309	None
6310	None
6311	None
6312	None
6313	None
6314	None
6315	None
6316	None
6317	None
6318	None
6319	None
6320	None
6321	None
6322	None
6323	None
6324	None
6325	None
6326	None
6327	None
6328	None
6329	None
6330	None
6331	None
6332	None
6333	None
6334	None
6335	None
6336	None
6337	None
6338	None
6339	None
6340	None
6341	None
6342	None
6343	None
6344	None
6345	None
6346	None
6347	None
6348	None
6349	None
6350	None
6351	None
6352	None
6353	None
6354	None
6355	None
6356	None
6357	None
6358	None
6359	None
6360	None
6361	None
6362	None
6363	None
6364	None
6365	None
6366	None
6367	None
6368	None
6369	None
6370	None
6371	None
6372	None
6373	None
6374	None
6375	None
6376	None
6377	None
6378	None
6379	None
6380	None
6381	None
6382	None
6383	None
6384	None
6385	None
6386	None
6387	None
6388	None
6389	None
6390	None
6391	None
6392	None
6393	None
6394	None
6395	None
6396	None
6397	None
6398	None
6399	None
6400	None
6401	None
6402	None
6403	None
6404	None
6405	None
6406	None
6407	None
6408	None
6409	None
6410	None
6411	None
6412	None
6413	None
6414	None
6415	None
6416	None
6417	None
6418	None
6419	None
6420	None
6421	None
6422	None
6423	None
6424	None
6425	None
6426	None
6427	None
6428	None
6429	None
6430	None
6431	None
6432	None
6433	None
6434	None
6435	None
6436	None
6437	None
6438	None
6439	None
6440	None
6441	None
6442	None
6443	None
6444	None
6445	None
6446	None
6447	None
6448	None
6449	None
6450	None
6451	None
6452	None
6453	None
6454	None
6455	None
6456	None
6457	None
6458	None
6459	None
6460	None
6461	None
6462	None
6463	None
6464	None
6465	None
6466	None
6467	None
6468	None
6469	None
6470	None
6471	None
6472	None
6473	None
6474	None
6475	None
6476	None
6477	None
6478	None
6479	None
6480	None
6481	None
6482	None
6483	None
6484	None
6485	None
6486	None
6487	None
6488	None
6489	None
6490	None
6491	None
6492	None
6493	None
6494	None
6495	None
6496	None
6497	None
6498	None
6499	None
6500	None
6501	None
6502	None
6503	None
6504	None
6505	None
6506	None
6507	None
6508	None
6509	None
6510	None
6511	None
6512	None
6513	None
6514	None
6515	None
6516	None
6517	None
6518	None
6519	None
6520	None
6521	None
6522	None
6523	None
6524	None
6525	None
6526	None
6527	None
6528	None
6529	None
6530	None
6531	None
6532	None
6533	None
6534	None
6535	None
6536	None
6537	None
6538	None
6539	None
6540	None
6541	None
6542	None
6543	None
6544	None
6545	None
6546	None
6547	None
6548	None
6549	None
6550	None
6551	None
6552	None
6553	None
6554	None
6555	None
6556	None
6557	None
6558	None
6559	None
6560	None
6561	None
6562	None
6563	None
6564	None
6565	None
6566	None
6567	None
6568	None
6569	None
6570	None
6571	None
6572	None
6573	None
6574	None
6575	None
6576	None
6577	None
6578	None
6579	None
6580	None
6581	None
6582	None
6583	None
6584	None
6585	None
6586	None
6587	None
6588	None
6589	None
6590	None
6591	None
6592	None
6593	None
6594	None
6595	None
6596	None
6597	None
6598	None
6599	None
6600	None
6601	None
6602	None
6603	None
6604	None
6605	None
6606	None
6607	None
6608	None
6609	None
6610	None
6611	None
6612	None
6613	None
6614	None
6615	None
6616	None
6617	None
6618	None
6619	None
6620	None
6621	None
6622	None
6623	None
6624	None
6625	None
6626	None
6627	None
6628	None
6629	None
6630	None
6631	None
6632	None
6633	None
6634	None
6635	None
6636	None
6637	None
6638	None
6639	None
6640	None
6641	None
6642	None
6643	None
6644	None
6645	None
6646	None
6647	None
6648	None
6649	None
6650	None
6651	None
6652	None
6653	None
6654	None
6655	None
6656	None
6657	None
6658	None
6659	None
6660	None
6661	None
6662	None
6663	None
6664	None
6665	None
6666	None
6667	None
6668	None
6669	None
6670	None
6671	None
6672	None
6673	None
6674	None
6675	None
6676	None
6677	None
6678	None
6679	None
6680	None
6681	None
6682	None
6683	None
6684	None
6685	None
6686	None
6687	None
6688	None
6689	None
6690	None
6691	None
6692	None
6693	None
6694	None
6695	None
6696	None
6697	None
6698	None
6699	None
6700	None
6701	None
6702	None
6703	None
6704	None
6705	None
6706	None
6707	None
6708	None
6709	None
6710	None
6711	None
6712	None
6713	None
6714	None
6715	None
6716	None
6717	None
6718	None
6719	None
6720	None
6721	None
6722	None
6723	None
6724	None
6725	None
6726	None
6727	None
6728	None
6729	None
6730	None
6731	None
6732	None
6733	None
6734	None
6735	None
6736	None
6737	None
6738	None
6739	None
6740	None
6741	None
6742	None
6743	None
6744	None
6745	None
6746	None
6747	None
6748	None
6749	None
6750	None
6751	None
6752	None
6753	None
6754	None
6755	None
6756	None
6757	None
6758	None
6759	None
6760	None
6761	None
6762	None
6763	None
6764	None
6765	None
6766	None
6767	None
6768	None
6769	None
6770	None
6771	None
6772	None
6773	None
6774	None
6775	None
6776	None
6777	None
6778	None
6779	None
6780	None
6781	None
6782	None
6783	None
6784	None
6785	None
6786	None
6787	None
6788	None
6789	None
6790	None
6791	None
6792	None
6793	None
6794	None
6795	None
6796	None
6797	None
6798	None
6799	None
6800	None
6801	None
6802	None
6803	None
6804	None
6805	None
6806	None
6807	None
6808	None
6809	None
6810	None
6811	None
6812	None
6813	None
6814	None
6815	None
6816	None
6817	None
6818	None
6819	None
6820	None
6821	None
6822	None
6823	None
6824	None
6825	None
6826	None
6827	None
6828	None
6829	None
6830	None
6831	None
6832	None
6833	None
6834	None
6835	None
6836	None
6837	None
6838	None
6839	None
6840	None
6841	None
6842	None
6843	None
6844	None
6845	None
6846	None
6847	None
6848	None
6849	None
6850	None
6851	None
6852	None
6853	None
6854	None
6855	None
6856	None
6857	None
6858	None
6859	None
6860	None
6861	None
6862	None
6863	None
6864	None
6865	None
6866	None
6867	None
6868	None
6869	None
6870	None
6871	None
6872	None
6873	None
6874	None
6875	None
6876	None
6877	None
6878	None
6879	None
6880	None
6881	None
6882	None
6883	None
6884	None
6885	None
6886	None
6887	None
6888	None
6889	None
6890	None
6891	None
6892	None
6893	None
6894	None
6895	None
6896	None
6897	None
6898	None
6899	None
6900	None
6901	None
6902	None
6903	None
6904	None
6905	None
6906	None
6907	None
6908	None
6909	None
6910	None
6911	None
6912	None
6913	None
6914	None
6915	None
6916	None
6917	None
6918	None
6919	None
6920	None
6921	None
6922	None
6923	None
6924	None
6925	None
6926	None
6927	None
6928	None
6929	None
6930	None
6931	None
6932	None
6933	None
6934	None
6935	None
6936	None
6937	None
6938	None
6939	None
6940	None
6941	None
6942	None
6943	None
6944	None
6945	None
6946	None
6947	None
6948	None
6949	None
6950	None
6951	None
6952	None
6953	None
6954	None
6955	None
6956	None
6957	None
6958	None
6959	None
6960	None
6961	None
6962	None
6963	None
6964	None
6965	None
6966	None
6967	None
6968	None
6969	None
6970	None
6971	None
6972	None
6973	None
6974	None
6975	None
6976	None
6977	None
6978	None
6979	None
6980	None
6981	None
6982	None
6983	None
6984	None
6985	None
6986	None
6987	None
6988	None
6989	None
6990	None
6991	None
6992	None
6993	None
6994	None
6995	None
6996	None
6997	None
6998	None
6999	None
7000	None
7001	None
7002	None
7003	None
7004	None
7005	None
7006	None
7007	None
7008	None
7009	None
7010	None
7011	None
7012	None
7013	None
7014	None
7015	None
7016	None
7017	None
7018	None
7019	None
7020	None
7021	None
7022	None
7023	None
7024	None
7025	None
7026	None
7027	None
7028	None
7029	None
7030	None
7031	None
7032	None
7033	None
7034	None
7035	None
7036	None
7037	None
7038	None
7039	None
7040	None
7041	None
7042	None
7043	None
7044	None
7045	None
7046	None
7047	None
7048	None
7049	None
7050	None
7051	None
7052	None
7053	None
7054	None
7055	None
7056	None
7057	None
7058	None
7059	None
7060	None
7061	None
7062	None
7063	None
7064	None
7065	None
7066	None
7067	None
7068	None
7069	None
7070	None
7071	None
7072	None
7073	None
7074	None
7075	None
7076	None
7077	None
7078	None
7079	None
7080	None
7081	None
7082	None
7083	None
7084	None
7085	None
7086	None
7087	None
7088	None
7089	None
7090	None
7091	None
7092	None
7093	None
7094	None
7095	None
7096	None
7097	None
7098	None
7099	None
7100	None
7101	None
7102	None
7103	None
7104	None
7105	None
7106	None
7107	None
7108	None
7109	None
7110	None
7111	None
7112	None
7113	None
7114	None
7115	None
7116	None
7117	None
7118	None
7119	None
7120	None
7121	None
7122	None
7123	None
7124	None
7125	None
7126	None
7127	None
7128	None
7129	None
7130	None
7131	None
7132	None
7133	None
7134	None
7135	None
7136	None
7137	None
7138	None
7139	None
7140	None
7141	None
7142	None
7143	None
7144	None
7145	None
7146	None
7147	None
7148	None
7149	None
7150	None
7151	None
7152	None
7153	None
7154	None
7155	None
7156	None
7157	None
7158	None
7159	None
7160	None
7161	None
7162	None
7163	None
7164	None
7165	None
7166	None
7167	None
7168	None
7169	None
7170	None
7171	None
7172	None
7173	None
7174	None
7175	None
7176	None
7177	None
7178	None
7179	None
7180	None
7181	None
7182	None
7183	None
7184	None
7185	None
7186	None
7187	None
7188	None
7189	None
7190	None
7191	None
7192	None
7193	None
7194	None
7195	None
7196	None
7197	None
7198	None
7199	None
7200	None
7201	None
7202	None
7203	None
7204	None
7205	None
7206	None
7207	None
7208	None
7209	None
7210	None
7211	None
7212	None
7213	None
7214	None
7215	None
7216	None
7217	None
7218	None
7219	None
7220	None
7221	None
7222	None
7223	None
7224	None
7225	None
7226	None
7227	None
7228	None
7229	None
7230	None
7231	None
7232	None
7233	None
7234	None
7235	None
7236	None
7237	None
7238	None
7239	None
7240	None
7241	None
7242	None
7243	None
7244	None
7245	None
7246	None
7247	None
7248	None
7249	None
7250	None
7251	None
7252	None
7253	None
7254	None
7255	None
7256	None
7257	None
7258	None
7259	None
7260	None
7261	None
7262	None
7263	None
7264	None
7265	None
7266	None
7267	None
7268	None
7269	None
7270	None
7271	None
7272	None
7273	None
7274	None
7275	None
7276	None
7277	None
7278	None
7279	None
7280	None
7281	None
7282	None
7283	None
7284	None
7285	None
7286	None
7287	None
7288	None
7289	None
7290	None
7291	None
7292	None
7293	None
7294	None
7295	None
7296	None
7297	None
7298	None
7299	None
7300	None
7301	None
7302	None
7303	None
7304	None
7305	None
7306	None
7307	None
7308	None
7309	None
7310	None
7311	None
7312	None
7313	None
7314	None
7315	None
7316	None
7317	None
7318	None
7319	None
7320	None
7321	None
7322	None
7323	None
7324	None
7325	None
7326	None
7327	None
7328	None
7329	None
7330	None
7331	None
7332	None
7333	None
7334	None
7335	None
7336	None
7337	None
7338	None
7339	None
7340	None
7341	None
7342	None
7343	None
7344	None
7345	None
7346	None
7347	None
7348	None
7349	None
7350	None
7351	None
7352	None
7353	None
7354	None
7355	None
7356	None
7357	None
7358	None
7359	None
7360	None
7361	None
7362	None
7363	None
7364	None
7365	None
7366	None
7367	None
7368	None
7369	None
7370	None
7371	None
7372	None
7373	None
7374	None
7375	None
7376	None
7377	None
7378	None
7379	None
7380	None
7381	None
7382	None
7383	None
7384	None
7385	None
7386	None
7387	None
7388	None
7389	None
7390	None
7391	None
7392	None
7393	None
7394	None
7395	None
7396	None
7397	None
7398	None
7399	None
7400	None
7401	None
7402	None
7403	None
7404	None
7405	None
7406	None
7407	None
7408	None
7409	None
7410	None
7411	None
7412	None
7413	None
7414	None
7415	None
7416	None
7417	None
7418	None
7419	None
7420	None
7421	None
7422	None
7423	None
7424	None
7425	None
7426	None
7427	None
7428	None
7429	None
7430	None
7431	None
7432	None
7433	None
7434	None
7435	None
7436	None
7437	None
7438	None
7439	None
7440	None
7441	None
7442	None
7443	None
7444	None
7445	None
7446	None
7447	None
7448	None
7449	None
7450	None
7451	None
7452	None
7453	None
7454	None
7455	None
7456	None
7457	None
7458	None
7459	None
7460	None
7461	None
7462	None
7463	None
7464	None
7465	None
7466	None
7467	None
7468	None
7469	None
7470	None
7471	None
7472	None
7473	None
7474	None
7475	None
7476	None
7477	None
7478	None
7479	None
7480	None
7481	None
7482	None
7483	None
7484	None
7485	None
7486	None
7487	None
7488	None
7489	None
7490	None
7491	None
7492	None
7493	None
7494	None
7495	None
7496	None
7497	None
7498	None
7499	None
7500	None
7501	None
7502	None
7503	None
7504	None
7505	None
7506	None
7507	None
7508	None
7509	None
7510	None
7511	None
7512	None
7513	None
7514	None
7515	None
7516	None
7517	None
7518	None
7519	None
7520	None
7521	None
7522	None
7523	None
7524	None
7525	None
7526	None
7527	None
7528	None
7529	None
7530	None
7531	None
7532	None
7533	None
7534	None
7535	None
7536	None
7537	None
7538	None
7539	None
7540	None
7541	None
7542	None
7543	None
7544	None
7545	None
7546	None
7547	None
7548	None
7549	None
7550	None
7551	None
7552	None
7553	None
7554	None
7555	None
7556	None
7557	None
7558	None
7559	None
7560	None
7561	None
7562	None
7563	None
7564	None
7565	None
7566	None
7567	None
7568	None
7569	None
7570	None
7571	None
7572	None
7573	None
7574	None
7575	None
7576	None
7577	None
7578	None
7579	None
7580	None
7581	None
7582	None
7583	None
7584	None
7585	None
7586	None
7587	None
7588	None
7589	None
7590	None
7591	None
7592	None
7593	None
7594	None
7595	None
7596	None
7597	None
7598	None
7599	None
7600	None
7601	None
7602	None
7603	None
7604	None
7605	None
7606	None
7607	None
7608	None
7609	None
7610	None
7611	None
7612	None
7613	None
7614	None
7615	None
7616	None
7617	None
7618	None
7619	None
7620	None
7621	None
7622	None
7623	None
7624	None
7625	None
7626	None
7627	None
7628	None
7629	None
7630	None
7631	None
7632	None
7633	None
7634	None
7635	None
7636	None
7637	None
7638	None
7639	None
7640	None
7641	None
7642	None
7643	None
7644	None
7645	None
7646	None
7647	None
7648	None
7649	None
7650	None
7651	None
7652	None
7653	None
7654	None
7655	None
7656	None
7657	None
7658	None
7659	None
7660	None
7661	None
7662	None
7663	None
7664	None
7665	None
7666	None
7667	None
7668	None
7669	None
7670	None
7671	None
7672	None
7673	None
7674	None
7675	None
7676	None
7677	None
7678	None
7679	None
7680	None
7681	None
7682	None
7683	None
7684	None
7685	None
7686	None
7687	None
7688	None
7689	None
7690	None
7691	None
7692	None
7693	None
7694	None
7695	None
7696	None
7697	None
7698	None
7699	None
7700	None
7701	None
7702	None
7703	None
7704	None
7705	None
7706	None
7707	None
7708	None
7709	None
7710	None
7711	None
7712	None
7713	None
7714	None
7715	None
7716	None
7717	None
7718	None
7719	None
7720	None
7721	None
7722	None
7723	None
7724	None
7725	None
7726	None
7727	None
7728	None
7729	None
7730	None
7731	None
7732	None
7733	None
7734	None
7735	None
7736	None
7737	None
7738	None
7739	None
7740	None
7741	None
7742	None
7743	None
7744	None
7745	None
7746	None
7747	None
7748	None
7749	None
7750	None
7751	None
7752	None
7753	None
7754	None
7755	None
7756	None
7757	None
7758	None
7759	None
7760	None
7761	None
7762	None
7763	None
7764	None
7765	None
7766	None
7767	None
7768	None
7769	None
7770	None
7771	None
7772	None
7773	None
7774	None
7775	None
7776	None
7777	None
7778	None
7779	None
7780	None
7781	None
7782	None
7783	None
7784	None
7785	None
7786	None
7787	None
7788	None
7789	None
7790	None
7791	None
7792	None
7793	None
7794	None
7795	None
7796	None
7797	None
7798	None
7799	None
7800	None
7801	None
7802	None
7803	None
7804	None
7805	None
7806	None
7807	None
7808	None
7809	None
7810	None
7811	None
7812	None
7813	None
7814	None
7815	None
7816	None
7817	None
7818	None
7819	None
7820	None
7821	None
7822	None
7823	None
7824	None
7825	None
7826	None
7827	None
7828	None
7829	None
7830	None
7831	None
7832	None
7833	None
7834	None
7835	None
7836	None
7837	None
7838	None
7839	None
7840	None
7841	None
7842	None
7843	None
7844	None
7845	None
7846	None
7847	None
7848	None
7849	None
7850	None
7851	None
7852	None
7853	None
7854	None
7855	None
7856	None
7857	None
7858	None
7859	None
7860	None
7861	None
7862	None
7863	None
7864	None
7865	None
7866	None
7867	None
7868	None
7869	None
7870	None
7871	None
7872	None
7873	None
7874	None
7875	None
7876	None
7877	None
7878	None
7879	None
7880	None
7881	None
7882	None
7883	None
7884	None
7885	None
7886	None
7887	None
7888	None
7889	None
7890	None
7891	None
7892	None
7893	None
7894	None
7895	None
7896	None
7897	None
7898	None
7899	None
7900	None
7901	None
7902	None
7903	None
7904	None
7905	None
7906	None
7907	None
7908	None
7909	None
7910	None
7911	None
7912	None
7913	None
7914	None
7915	None
7916	None
7917	None
7918	None
7919	None
7920	None
7921	None
7922	None
7923	None
7924	None
7925	None
7926	None
7927	None
7928	None
7929	None
7930	None
7931	None
7932	None
7933	None
7934	None
7935	None
7936	None
7937	None
7938	None
7939	None
7940	None
7941	None
7942	None
7943	None
7944	None
7945	None
7946	None
7947	None
7948	None
7949	None
7950	None
7951	None
7952	None
7953	None
7954	None
7955	None
7956	None
7957	None
7958	None
7959	None
7960	None
7961	None
7962	None
7963	None
7964	None
7965	None
7966	None
7967	None
7968	None
7969	None
7970	None
7971	None
7972	None
7973	None
7974	None
7975	None
7976	None
7977	None
7978	None
7979	None
7980	None
7981	None
7982	None
7983	None
7984	None
7985	None
7986	None
7987	None
7988	None
7989	None
7990	None
7991	None
7992	None
7993	None
7994	None
7995	None
7996	None
7997	None
7998	None
7999	None
8000	None
8001	None
8002	None
8003	None
8004	None
8005	None
8006	None
8007	None
8008	None
8009	None
8010	None
8011	None
8012	None
8013	None
8014	None
8015	None
8016	None
8017	None
8018	None
8019	None
8020	None
8021	None
8022	None
8023	None
8024	None
8025	None
8026	None
8027	None
8028	None
8029	None
8030	None
8031	None
8032	None
8033	None
8034	None
8035	None
8036	None
8037	None
8038	None
8039	None
8040	None
8041	None
8042	None
8043	None
8044	None
8045	None
8046	None
8047	None
8048	None
8049	None
8050	None
8051	None
8052	None
8053	None
8054	None
8055	None
8056	None
8057	None
8058	None
8059	None
8060	None
8061	None
8062	None
8063	None
8064	None
8065	None
8066	None
8067	None
8068	None
8069	None
8070	None
8071	None
8072	None
8073	None
8074	None
8075	None
8076	None
8077	None
8078	None
8079	None
8080	None
8081	None
8082	None
8083	None
8084	None
8085	None
8086	None
8087	None
8088	None
8089	None
8090	None
8091	None
8092	None
8093	None
8094	None
8095	None
8096	None
8097	None
8098	None
8099	None
8100	None
8101	None
8102	None
8103	None
8104	None
8105	None
8106	None
8107	None
8108	None
8109	None
8110	None
8111	None
8112	None
8113	None
8114	None
8115	None
8116	None
8117	None
8118	None
8119	None
8120	None
8121	None
8122	None
8123	None
8124	None
8125	None
8126	None
8127	None
8128	None
8129	None
8130	None
8131	None
8132	None
8133	None
8134	None
8135	None
8136	None
8137	None
8138	None
8139	None
8140	None
8141	None
8142	None
8143	None
8144	None
8145	None
8146	None
8147	None
8148	None
8149	None
8150	None
8151	None
8152	None
8153	None
8154	None
8155	None
8156	None
8157	None
8158	None
8159	None
8160	None
8161	None
8162	None
8163	None
8164	None
8165	None
8166	None
8167	None
8168	None
8169	None
8170	None
8171	None
8172	None
8173	None
8174	None
8175	None
8176	None
8177	None
8178	None
8179	None
8180	None
8181	None
8182	None
8183	None
8184	None
8185	None
8186	None
8187	None
8188	None
8189	None
8190	None
8191	None
8192	None
8193	None
8194	None
8195	None
8196	None
8197	None
8198	None
8199	None
8200	None
8201	None
8202	None
8203	None
8204	None
8205	None
8206	None
8207	None
8208	None
8209	None
8210	None
8211	None
8212	None
8213	None
8214	None
8215	None
8216	None
8217	None
8218	None
8219	None
8220	None
8221	None
8222	None
8223	None
8224	None
8225	None
8226	None
8227	None
8228	None
8229	None
8230	None
8231	None
8232	None
8233	None
8234	None
8235	None
8236	None
8237	None
8238	None
8239	None
8240	None
8241	None
8242	None
8243	None
8244	None
8245	None
8246	None
8247	None
8248	None
8249	None
8250	None
8251	None
8252	None
8253	None
8254	None
8255	None
8256	None
8257	None
8258	None
8259	None
8260	None
8261	None
8262	None
8263	None
8264	None
8265	None
8266	None
8267	None
8268	None
8269	None
8270	None
8271	None
8272	None
8273	None
8274	None
8275	None
8276	None
8277	None
8278	None
8279	None
8280	None
8281	None
8282	None
8283	None
8284	None
8285	None
8286	None
8287	None
8288	None
8289	None
8290	None
8291	None
8292	None
8293	None
8294	None
8295	None
8296	None
8297	None
8298	None
8299	None
8300	None
8301	None
8302	None
8303	None
8304	None
8305	None
8306	None
8307	None
8308	None
8309	None
8310	None
8311	None
8312	None
8313	None
8314	None
8315	None
8316	None
8317	None
8318	None
8319	None
8320	None
8321	None
8322	None
8323	None
8324	None
8325	None
8326	None
8327	None
8328	None
8329	None
8330	None
8331	None
8332	None
8333	None
8334	None
8335	None
8336	None
8337	None
8338	None
8339	None
8340	None
8341	None
8342	None
8343	None
8344	None
8345	None
8346	None
8347	None
8348	None
8349	None
8350	None
8351	None
8352	None
8353	None
8354	None
8355	None
8356	None
8357	None
8358	None
8359	None
8360	None
8361	None
8362	None
8363	None
8364	None
8365	None
8366	None
8367	None
8368	None
8369	None
8370	None
8371	None
8372	None
8373	None
8374	None
8375	None
8376	None
8377	None
8378	None
8379	None
8380	None
8381	None
8382	None
8383	None
8384	None
8385	None
8386	None
8387	None
8388	None
8389	None
8390	None
8391	None
8392	None
8393	None
8394	None
8395	None
8396	None
8397	None
8398	None
8399	None
8400	None
8401	None
8402	None
8403	None
8404	None
8405	None
8406	None
8407	None
8408	None
8409	None
8410	None
8411	None
8412	None
8413	None
8414	None
8415	None
8416	None
8417	None
8418	None
8419	None
8420	None
8421	None
8422	None
8423	None
8424	None
8425	None
8426	None
8427	None
8428	None
8429	None
8430	None
8431	None
8432	None
8433	None
8434	None
8435	None
8436	None
8437	None
8438	None
8439	None
8440	None
8441	None
8442	None
8443	None
8444	None
8445	None
8446	None
8447	None
8448	None
8449	None
8450	None
8451	None
8452	None
8453	None
8454	None
8455	None
8456	None
8457	None
8458	None
8459	None
8460	None
8461	None
8462	None
8463	None
8464	None
8465	None
8466	None
8467	None
8468	None
8469	None
8470	None
8471	None
8472	None
8473	None
8474	None
8475	None
8476	None
8477	None
8478	None
8479	None
8480	None
8481	None
8482	None
8483	None
8484	None
8485	None
8486	None
8487	None
8488	None
8489	None
8490	None
8491	None
8492	None
8493	None
8494	None
8495	None
8496	None
8497	None
8498	None
8499	None
8500	None
8501	None
8502	None
8503	None
8504	None
8505	None
8506	None
8507	None
8508	None
8509	None
8510	None
8511	None
8512	None
8513	None
8514	None
8515	None
8516	None
8517	None
8518	None
8519	None
8520	None
8521	None
8522	None
8523	None
8524	None
8525	None
8526	None
8527	None
8528	None
8529	None
8530	None
8531	None
8532	None
8533	None
8534	None
8535	None
8536	None
8537	None
8538	None
8539	None
8540	None
8541	None
8542	None
8543	None
8544	None
8545	None
8546	None
8547	None
8548	None
8549	None
8550	None
8551	None
8552	None
8553	None
8554	None
8555	None
8556	None
8557	None
8558	None
8559	None
8560	None
8561	None
8562	None
8563	None
8564	None
8565	None
8566	None
8567	None
8568	None
8569	None
8570	None
8571	None
8572	None
8573	None
8574	None
8575	None
8576	None
8577	None
8578	None
8579	None
8580	None
8581	None
8582	None
8583	None
8584	None
8585	None
8586	None
8587	None
8588	None
8589	None
8590	None
8591	None
8592	None
8593	None
8594	None
8595	None
8596	None
8597	None
8598	None
8599	None
8600	None
8601	None
8602	None
8603	None
8604	None
8605	None
8606	None
8607	None
8608	None
8609	None
8610	None
8611	None
8612	None
8613	None
8614	None
8615	None
8616	None
8617	None
8618	None
8619	None
8620	None
8621	None
8622	None
8623	None
8624	None
8625	None
8626	None
8627	None
8628	None
8629	None
8630	None
8631	None
8632	None
8633	None
8634	None
8635	None
8636	None
8637	None
8638	None
8639	None
8640	None
8641	None
8642	None
8643	None
8644	None
8645	None
8646	None
8647	None
8648	None
8649	None
8650	None
8651	None
8652	None
8653	None
8654	None
8655	None
8656	None
8657	None
8658	None
8659	None
8660	None
8661	None
8662	None
8663	None
8664	None
8665	None
8666	None
8667	None
8668	None
8669	None
8670	None
8671	None
8672	None
8673	None
8674	None
8675	None
8676	None
8677	None
8678	None
8679	None
8680	None
8681	None
8682	None
8683	None
8684	None
8685	None
8686	None
8687	None
8688	None
8689	None
8690	None
8691	None
8692	None
8693	None
8694	None
8695	None
8696	None
8697	None
8698	None
8699	None
8700	None
8701	None
8702	None
8703	None
8704	None
8705	None
8706	None
8707	None
8708	None
8709	None
8710	None
8711	None
8712	None
8713	None
8714	None
8715	None
8716	None
8717	None
8718	None
8719	None
8720	None
8721	None
8722	None
8723	None
8724	None
8725	None
8726	None
8727	None
8728	None
8729	None
8730	None
8731	None
8732	None
8733	None
8734	None
8735	None
8736	None
8737	None
8738	None
8739	None
8740	None
8741	None
8742	None
8743	None
8744	None
8745	None
8746	None
8747	None
8748	None
8749	None
8750	None
8751	None
8752	None
8753	None
8754	None
8755	None
8756	None
8757	None
8758	None
8759	None
8760	None
8761	None
8762	None
8763	None
8764	None
8765	None
8766	None
8767	None
8768	None
8769	None
8770	None
8771	None
8772	None
8773	None
8774	None
8775	None
8776	None
8777	None
8778	None
8779	None
8780	None
8781	None
8782	None
8783	None
8784	None
8785	None
