2582 matches
['halomatch.py', 'Runs/', 'LCDM_vanilla', 'SymA_cool_star', '64', '.5', 'match_LCDM_vanilla_SymA_cool_star']
LCDM_vanilla	SymA_cool_star
0	0
1	1
2	2
3	3
4	5
5	7
6	6
7	21
8	8
9	11
10	None
11	13
12	10
13	12
14	14
15	17
16	16
17	15
18	19
19	18
20	20
21	24
22	25
23	29
24	23
25	27
26	22
27	28
28	32
29	39
30	31
31	30
32	35
33	33
34	38
35	36
36	40
37	37
38	None
39	44
40	49
41	26
42	42
43	34
44	43
45	52
46	45
47	55
48	47
49	48
50	54
51	50
52	64
53	59
54	53
55	41
56	51
57	60
58	61
59	62
60	71
61	77
62	70
63	141
64	65
65	92
66	72
67	83
68	87
69	84
70	81
71	68
72	63
73	76
74	88
75	82
76	69
77	67
78	100
79	57
80	66
81	95
82	103
83	58
84	102
85	96
86	90
87	110
88	73
89	89
90	120
91	97
92	80
93	112
94	56
95	79
96	113
97	91
98	116
99	105
100	94
101	109
102	75
103	78
104	128
105	98
106	101
107	86
108	121
109	133
110	137
111	144
112	99
113	150
114	106
115	119
116	164
117	124
118	134
119	126
120	139
121	294
122	None
123	129
124	140
125	201
126	127
127	145
128	85
129	153
130	169
131	182
132	118
133	170
134	173
135	138
136	152
137	192
138	130
139	176
140	114
141	166
142	168
143	122
144	146
145	179
146	174
147	186
148	222
149	189
150	411
151	181
152	171
153	224
154	209
155	117
156	199
157	158
158	148
159	221
160	188
161	190
162	193
163	219
164	108
165	175
166	123
167	243
168	195
169	177
170	213
171	184
172	149
173	187
174	232
175	136
176	161
177	111
178	216
179	167
180	252
181	287
182	284
183	302
184	180
185	434
186	239
187	218
188	131
189	157
190	264
191	212
192	160
193	331
194	156
195	305
196	233
197	194
198	241
199	442
200	230
201	235
202	229
203	196
204	163
205	226
206	308
207	178
208	227
209	271
210	276
211	285
212	210
213	898
214	328
215	265
216	313
217	240
218	293
219	191
220	266
221	391
222	350
223	263
224	159
225	297
226	333
227	709
228	142
229	342
230	383
231	208
232	299
233	272
234	338
235	360
236	1139
237	258
238	211
239	282
240	426
241	256
242	237
243	316
244	428
245	321
246	356
247	400
248	343
249	261
250	314
251	887
252	322
253	292
254	277
255	254
256	280
257	452
258	346
259	236
260	288
261	323
262	423
263	245
264	368
265	279
266	None
267	520
268	None
269	None
270	566
271	451
272	355
273	281
274	220
275	289
276	344
277	315
278	None
279	249
280	367
281	290
282	None
283	340
284	354
285	497
286	379
287	None
288	260
289	416
290	429
291	317
292	319
293	291
294	587
295	286
296	298
297	421
298	325
299	None
300	510
301	274
302	498
303	203
304	295
305	588
306	None
307	649
308	268
309	438
310	238
311	334
312	388
313	430
314	467
315	394
316	1801
317	366
318	478
319	408
320	401
321	453
322	579
323	318
324	402
325	524
326	439
327	436
328	450
329	727
330	306
331	None
332	393
333	345
334	307
335	532
336	730
337	None
338	None
339	357
340	273
341	370
342	449
343	347
344	475
345	465
346	556
347	None
348	541
349	378
350	311
351	247
352	619
353	427
354	320
355	518
356	255
357	463
358	930
359	353
360	165
361	283
362	339
363	253
364	223
365	411
366	466
367	523
368	909
369	1230
370	1126
371	372
372	607
373	488
374	472
375	None
376	782
377	332
378	348
379	596
380	None
381	483
382	None
383	493
384	422
385	296
386	470
387	364
388	624
389	257
390	820
391	410
392	546
393	595
394	580
395	1010
396	650
397	558
398	381
399	633
400	458
401	485
402	None
403	380
404	397
405	404
406	560
407	None
408	403
409	None
410	None
411	412
412	721
413	905
414	582
415	359
416	930
417	361
418	462
419	300
420	None
421	464
422	758
423	None
424	884
425	555
426	365
427	514
428	None
429	None
430	521
431	440
432	None
433	1368
434	753
435	734
436	None
437	398
438	875
439	None
440	496
441	None
442	373
443	525
444	None
445	407
446	793
447	435
448	None
449	495
450	454
451	418
452	None
453	406
454	417
455	740
456	None
457	377
458	484
459	916
460	605
461	583
462	414
463	425
464	842
465	459
466	494
467	206
468	437
469	729
470	825
471	567
472	589
473	None
474	None
475	471
476	399
477	481
478	None
479	491
480	593
481	1051
482	None
483	234
484	819
485	443
486	512
487	606
488	None
489	551
490	432
491	823
492	991
493	431
494	1305
495	None
496	None
497	405
498	None
499	395
500	None
501	None
502	845
503	None
504	446
505	535
506	476
507	564
508	None
509	None
510	None
511	548
512	636
513	382
514	None
515	568
516	None
517	413
518	764
519	None
520	468
521	None
522	None
523	None
524	None
525	513
526	None
527	None
528	None
529	None
530	569
531	460
532	1126
533	None
534	665
535	1582
536	None
537	None
538	617
539	637
540	661
541	2546
542	None
543	None
544	1583
545	None
546	620
547	2759
548	None
549	384
550	848
551	None
552	None
553	554
554	None
555	530
556	575
557	None
558	None
559	515
560	None
561	None
562	665
563	701
564	None
565	None
566	613
567	765
568	980
569	None
570	965
571	455
572	None
573	718
574	685
575	456
576	659
577	522
578	705
579	609
580	697
581	None
582	627
583	811
584	641
585	1073
586	629
587	677
588	None
589	663
590	623
591	3036
592	None
593	None
594	None
595	670
596	800
597	578
598	None
599	None
600	662
601	991
602	778
603	None
604	None
605	None
606	573
607	597
608	None
609	598
610	626
611	668
612	None
613	594
614	591
615	618
616	None
617	2491
618	698
619	None
620	None
621	654
622	735
623	656
624	None
625	767
626	540
627	785
628	None
629	1337
630	None
631	457
632	3161
633	None
634	841
635	None
636	None
637	None
638	850
639	707
640	1121
641	None
642	None
643	1183
644	694
645	610
646	599
647	None
648	None
649	678
650	688
651	None
652	1075
653	781
654	None
655	None
656	3072
657	543
658	655
659	None
660	None
661	604
662	574
663	675
664	1200
665	None
666	673
667	None
668	None
669	None
670	666
671	861
672	3750
673	562
674	803
675	None
676	None
677	822
678	722
679	None
680	997
681	762
682	733
683	1242
684	741
685	703
686	None
687	622
688	None
689	794
690	None
691	801
692	585
693	709
694	571
695	None
696	976
697	1267
698	None
699	1049
700	None
701	None
702	1555
703	None
704	None
705	None
706	None
707	3183
708	None
709	None
710	924
711	1508
712	601
713	779
714	None
715	545
716	None
717	766
718	None
719	715
720	None
721	None
722	None
723	None
724	962
725	833
726	None
727	772
728	None
729	890
730	None
731	590
732	None
733	716
734	869
735	832
736	None
737	1626
738	739
739	None
740	None
741	592
742	None
743	None
744	1354
745	864
746	4587
747	859
748	None
749	952
750	1458
751	None
752	2418
753	None
754	None
755	None
756	1421
757	1001
758	770
759	1243
760	914
761	1054
762	None
763	None
764	3588
765	704
766	1179
767	None
768	None
769	1263
770	3254
771	None
772	1124
773	None
774	1407
775	1796
776	616
777	None
778	581
779	None
780	None
781	None
782	None
783	1286
784	2036
785	836
786	1081
787	815
788	855
789	None
790	1169
791	None
792	834
793	None
794	712
795	None
796	769
797	None
798	None
799	1032
800	None
801	None
802	724
803	1125
804	None
805	986
806	991
807	None
808	None
809	995
810	None
811	2093
812	None
813	1592
814	1196
815	None
816	776
817	None
818	None
819	1122
820	1070
821	None
822	2202
823	None
824	807
825	None
826	763
827	None
828	838
829	754
830	1331
831	None
832	None
833	None
834	874
835	None
836	1033
837	None
838	1077
839	1181
840	1128
841	2619
842	None
843	981
844	979
845	1224
846	2973
847	3511
848	None
849	None
850	None
851	None
852	None
853	1004
854	3731
855	934
856	922
857	731
858	None
859	None
860	1072
861	None
862	None
863	3395
864	None
865	1057
866	None
867	1002
868	None
869	None
870	984
871	586
872	None
873	896
874	None
875	None
876	None
877	1827
878	None
879	None
880	1946
881	1182
882	1383
883	None
884	906
885	1189
886	1230
887	1008
888	None
889	3320
890	None
891	1787
892	None
893	None
894	1183
895	None
896	None
897	None
898	1034
899	None
900	None
901	728
902	1021
903	None
904	None
905	None
906	None
907	1222
908	2124
909	None
910	3559
911	None
912	None
913	None
914	None
915	3529
916	1570
917	1519
918	1596
919	1155
920	None
921	None
922	None
923	1575
924	2382
925	None
926	1087
927	1079
928	3746
929	None
930	1076
931	1225
932	None
933	894
934	None
935	1661
936	3398
937	None
938	2321
939	None
940	None
941	3383
942	1166
943	2201
944	3222
945	None
946	1331
947	None
948	2093
949	None
950	None
951	1611
952	None
953	1364
954	None
955	None
956	1352
957	1014
958	1416
959	1147
960	1285
961	3361
962	1044
963	1240
964	None
965	None
966	None
967	None
968	None
969	1045
970	2280
971	2112
972	3742
973	None
974	1063
975	None
976	None
977	1113
978	None
979	None
980	None
981	None
982	1747
983	None
984	2574
985	None
986	None
987	1061
988	None
989	1007
990	None
991	None
992	2370
993	None
994	2309
995	None
996	3629
997	None
998	None
999	1680
1000	None
1001	1771
1002	989
1003	2147
1004	None
1005	1149
1006	2972
1007	1123
1008	2419
1009	1642
1010	None
1011	None
1012	1179
1013	None
1014	1018
1015	None
1016	None
1017	1324
1018	1412
1019	1175
1020	3216
1021	1350
1022	852
1023	900
1024	None
1025	1315
1026	1165
1027	1900
1028	None
1029	None
1030	None
1031	1293
1032	None
1033	None
1034	2355
1035	2780
1036	3638
1037	None
1038	None
1039	1132
1040	1933
1041	None
1042	None
1043	943
1044	2026
1045	893
1046	1589
1047	None
1048	1363
1049	None
1050	2316
1051	1420
1052	None
1053	3595
1054	1243
1055	1090
1056	2081
1057	None
1058	None
1059	None
1060	None
1061	None
1062	1359
1063	None
1064	2520
1065	2201
1066	None
1067	None
1068	2622
1069	1065
1070	None
1071	None
1072	1827
1073	1687
1074	1920
1075	None
1076	None
1077	None
1078	None
1079	1436
1080	1637
1081	1275
1082	1022
1083	None
1084	None
1085	2183
1086	None
1087	1866
1088	None
1089	2724
1090	None
1091	1311
1092	1500
1093	689
1094	None
1095	None
1096	None
1097	None
1098	1584
1099	1076
1100	None
1101	None
1102	None
1103	4300
1104	None
1105	1313
1106	1205
1107	None
1108	None
1109	2002
1110	None
1111	None
1112	None
1113	None
1114	1462
1115	None
1116	None
1117	None
1118	1262
1119	1568
1120	None
1121	1448
1122	None
1123	1945
1124	1211
1125	None
1126	1468
1127	3731
1128	None
1129	1852
1130	None
1131	None
1132	None
1133	2116
1134	None
1135	4311
1136	None
1137	1178
1138	None
1139	None
1140	None
1141	None
1142	None
1143	5248
1144	None
1145	1931
1146	1473
1147	None
1148	None
1149	3036
1150	1230
1151	None
1152	None
1153	None
1154	None
1155	None
1156	None
1157	None
1158	2855
1159	3792
1160	None
1161	2184
1162	None
1163	None
1164	3569
1165	None
1166	1763
1167	2846
1168	None
1169	1506
1170	3402
1171	None
1172	None
1173	None
1174	None
1175	None
1176	None
1177	None
1178	None
1179	None
1180	None
1181	1308
1182	None
1183	None
1184	1430
1185	None
1186	None
1187	None
1188	1276
1189	None
1190	None
1191	None
1192	None
1193	None
1194	None
1195	None
1196	None
1197	None
1198	2052
1199	1891
1200	1399
1201	None
1202	1890
1203	None
1204	3708
1205	None
1206	1320
1207	1461
1208	3899
1209	None
1210	1499
1211	None
1212	None
1213	3395
1214	None
1215	1599
1216	None
1217	None
1218	4037
1219	3615
1220	None
1221	None
1222	None
1223	2972
1224	None
1225	None
1226	None
1227	None
1228	1697
1229	None
1230	None
1231	None
1232	None
1233	None
1234	3538
1235	None
1236	None
1237	3657
1238	None
1239	None
1240	3121
1241	2114
1242	2517
1243	None
1244	None
1245	2942
1246	None
1247	None
1248	None
1249	3782
1250	None
1251	None
1252	None
1253	None
1254	None
1255	None
1256	1287
1257	1227
1258	None
1259	1535
1260	1852
1261	None
1262	2547
1263	1415
1264	None
1265	1348
1266	None
1267	None
1268	None
1269	None
1270	None
1271	None
1272	None
1273	None
1274	None
1275	None
1276	None
1277	None
1278	None
1279	2903
1280	None
1281	None
1282	None
1283	None
1284	None
1285	None
1286	1751
1287	1730
1288	1639
1289	None
1290	None
1291	1662
1292	None
1293	None
1294	None
1295	1444
1296	None
1297	1701
1298	None
1299	1383
1300	None
1301	None
1302	2644
1303	None
1304	1695
1305	None
1306	None
1307	None
1308	None
1309	None
1310	None
1311	None
1312	1259
1313	None
1314	None
1315	1447
1316	None
1317	None
1318	None
1319	2447
1320	None
1321	None
1322	None
1323	None
1324	None
1325	2693
1326	2966
1327	2814
1328	None
1329	1422
1330	1813
1331	None
1332	None
1333	None
1334	None
1335	None
1336	1687
1337	1773
1338	1464
1339	2654
1340	1498
1341	3692
1342	3457
1343	None
1344	None
1345	None
1346	None
1347	None
1348	1193
1349	1692
1350	1868
1351	1898
1352	None
1353	1406
1354	None
1355	None
1356	2026
1357	1896
1358	None
1359	1587
1360	3778
1361	None
1362	None
1363	1005
1364	None
1365	3731
1366	None
1367	None
1368	None
1369	None
1370	4166
1371	2297
1372	None
1373	1482
1374	3792
1375	1354
1376	2491
1377	None
1378	2073
1379	3195
1380	2754
1381	None
1382	None
1383	None
1384	None
1385	None
1386	None
1387	None
1388	None
1389	None
1390	None
1391	None
1392	1338
1393	None
1394	None
1395	1705
1396	3148
1397	4029
1398	None
1399	None
1400	None
1401	None
1402	None
1403	None
1404	2978
1405	2384
1406	None
1407	None
1408	None
1409	None
1410	2161
1411	1709
1412	3832
1413	2593
1414	3861
1415	1657
1416	1492
1417	None
1418	3098
1419	1417
1420	None
1421	2054
1422	None
1423	2075
1424	None
1425	None
1426	1730
1427	None
1428	3559
1429	None
1430	4023
1431	5122
1432	1760
1433	1702
1434	None
1435	None
1436	None
1437	1644
1438	None
1439	1729
1440	None
1441	None
1442	None
1443	1988
1444	None
1445	None
1446	None
1447	None
1448	5175
1449	None
1450	None
1451	2772
1452	None
1453	1807
1454	None
1455	None
1456	None
1457	3424
1458	1716
1459	None
1460	1666
1461	None
1462	None
1463	1969
1464	2636
1465	None
1466	None
1467	1844
1468	2366
1469	3638
1470	760
1471	1659
1472	2478
1473	2999
1474	None
1475	None
1476	2292
1477	None
1478	2006
1479	None
1480	3681
1481	None
1482	2206
1483	None
1484	None
1485	3450
1486	None
1487	None
1488	1683
1489	None
1490	1849
1491	None
1492	None
1493	None
1494	None
1495	3446
1496	None
1497	None
1498	None
1499	None
1500	None
1501	4060
1502	2164
1503	None
1504	None
1505	3258
1506	None
1507	None
1508	None
1509	None
1510	2472
1511	None
1512	None
1513	None
1514	3573
1515	None
1516	None
1517	None
1518	None
1519	None
1520	None
1521	3172
1522	3240
1523	3186
1524	None
1525	2653
1526	1040
1527	None
1528	None
1529	None
1530	None
1531	None
1532	851
1533	None
1534	None
1535	None
1536	3477
1537	None
1538	None
1539	2452
1540	1803
1541	None
1542	None
1543	1787
1544	2597
1545	None
1546	None
1547	4235
1548	None
1549	None
1550	None
1551	None
1552	None
1553	None
1554	861
1555	2123
1556	4663
1557	None
1558	1712
1559	None
1560	None
1561	None
1562	1869
1563	3667
1564	None
1565	3831
1566	502
1567	None
1568	4047
1569	3866
1570	None
1571	None
1572	2396
1573	None
1574	4543
1575	None
1576	4535
1577	805
1578	2108
1579	None
1580	3671
1581	2637
1582	None
1583	None
1584	None
1585	None
1586	None
1587	3439
1588	2092
1589	None
1590	None
1591	3521
1592	2028
1593	None
1594	1848
1595	None
1596	2932
1597	3626
1598	None
1599	3099
1600	1807
1601	None
1602	None
1603	None
1604	1966
1605	None
1606	2923
1607	None
1608	None
1609	1927
1610	4028
1611	None
1612	1875
1613	1053
1614	6630
1615	None
1616	1989
1617	2824
1618	3596
1619	None
1620	None
1621	None
1622	None
1623	3127
1624	2142
1625	None
1626	None
1627	3503
1628	2339
1629	2362
1630	None
1631	2542
1632	None
1633	3943
1634	None
1635	3218
1636	None
1637	None
1638	None
1639	6239
1640	3624
1641	None
1642	None
1643	None
1644	3771
1645	None
1646	None
1647	829
1648	None
1649	None
1650	3381
1651	1749
1652	4621
1653	None
1654	3152
1655	1899
1656	None
1657	None
1658	3547
1659	1935
1660	1997
1661	5248
1662	3276
1663	None
1664	2998
1665	1922
1666	1158
1667	None
1668	1766
1669	3567
1670	None
1671	1960
1672	3598
1673	None
1674	None
1675	None
1676	None
1677	None
1678	None
1679	None
1680	2286
1681	2149
1682	None
1683	2371
1684	None
1685	None
1686	None
1687	None
1688	4366
1689	None
1690	4155
1691	3358
1692	1965
1693	1983
1694	None
1695	None
1696	None
1697	3813
1698	2646
1699	None
1700	None
1701	None
1702	None
1703	3750
1704	3120
1705	3556
1706	1304
1707	None
1708	None
1709	2107
1710	2661
1711	2390
1712	3545
1713	None
1714	None
1715	2722
1716	2002
1717	None
1718	None
1719	None
1720	None
1721	None
1722	None
1723	None
1724	2726
1725	4623
1726	None
1727	None
1728	None
1729	None
1730	3570
1731	None
1732	3798
1733	None
1734	None
1735	2284
1736	None
1737	None
1738	None
1739	4201
1740	3831
1741	3549
1742	None
1743	None
1744	None
1745	None
1746	None
1747	4358
1748	None
1749	None
1750	2856
1751	2591
1752	2764
1753	None
1754	None
1755	None
1756	5246
1757	None
1758	3087
1759	4287
1760	None
1761	2538
1762	None
1763	2665
1764	None
1765	None
1766	None
1767	1604
1768	None
1769	2921
1770	None
1771	None
1772	None
1773	3782
1774	None
1775	None
1776	None
1777	3724
1778	None
1779	None
1780	None
1781	None
1782	4868
1783	None
1784	None
1785	None
1786	2541
1787	4775
1788	3609
1789	3420
1790	None
1791	4122
1792	None
1793	None
1794	None
1795	3660
1796	3979
1797	1244
1798	None
1799	2581
1800	3952
1801	4325
1802	1474
1803	3216
1804	None
1805	3506
1806	2126
1807	None
1808	None
1809	2585
1810	None
1811	3753
1812	3026
1813	None
1814	None
1815	None
1816	None
1817	None
1818	None
1819	4861
1820	None
1821	None
1822	None
1823	3695
1824	None
1825	None
1826	3020
1827	None
1828	None
1829	2448
1830	None
1831	None
1832	None
1833	None
1834	3246
1835	None
1836	3252
1837	None
1838	2281
1839	None
1840	4404
1841	3757
1842	None
1843	None
1844	None
1845	None
1846	None
1847	2506
1848	3002
1849	4985
1850	None
1851	3601
1852	None
1853	3877
1854	2671
1855	None
1856	None
1857	2230
1858	None
1859	4071
1860	2406
1861	None
1862	1916
1863	None
1864	None
1865	3730
1866	2894
1867	3698
1868	None
1869	3769
1870	None
1871	None
1872	None
1873	None
1874	None
1875	3723
1876	3780
1877	None
1878	None
1879	2008
1880	None
1881	None
1882	None
1883	None
1884	3710
1885	2584
1886	None
1887	3892
1888	None
1889	3587
1890	None
1891	2696
1892	6067
1893	None
1894	3867
1895	2012
1896	3565
1897	None
1898	1990
1899	None
1900	None
1901	4408
1902	None
1903	4167
1904	3883
1905	2887
1906	None
1907	4563
1908	None
1909	4634
1910	None
1911	None
1912	4419
1913	2986
1914	2073
1915	None
1916	None
1917	2738
1918	None
1919	4434
1920	4014
1921	2850
1922	None
1923	None
1924	None
1925	None
1926	4743
1927	6118
1928	None
1929	None
1930	None
1931	None
1932	7093
1933	None
1934	2828
1935	4891
1936	4380
1937	None
1938	3168
1939	None
1940	4159
1941	None
1942	6631
1943	1996
1944	None
1945	None
1946	None
1947	None
1948	1806
1949	3789
1950	2957
1951	5658
1952	3921
1953	2296
1954	5243
1955	None
1956	5343
1957	2039
1958	None
1959	None
1960	None
1961	3759
1962	3711
1963	None
1964	3358
1965	7713
1966	4194
1967	None
1968	None
1969	None
1970	None
1971	None
1972	None
1973	None
1974	3369
1975	None
1976	2820
1977	3106
1978	None
1979	4080
1980	3574
1981	1818
1982	None
1983	None
1984	None
1985	None
1986	None
1987	None
1988	4156
1989	None
1990	None
1991	1993
1992	3453
1993	1917
1994	None
1995	None
1996	1783
1997	3029
1998	None
1999	None
2000	None
2001	None
2002	1193
2003	3645
2004	None
2005	None
2006	3353
2007	1495
2008	None
2009	None
2010	1715
2011	None
2012	None
2013	4934
2014	2761
2015	3877
2016	None
2017	None
2018	None
2019	4172
2020	4119
2021	4026
2022	4036
2023	5302
2024	3133
2025	2865
2026	2644
2027	None
2028	None
2029	None
2030	4195
2031	None
2032	3754
2033	2793
2034	None
2035	3759
2036	3818
2037	None
2038	None
2039	3229
2040	None
2041	3134
2042	4006
2043	2139
2044	None
2045	1780
2046	None
2047	4795
2048	2324
2049	None
2050	4380
2051	None
2052	None
2053	5444
2054	None
2055	None
2056	2636
2057	None
2058	None
2059	None
2060	4038
2061	None
2062	7588
2063	None
2064	None
2065	3878
2066	5869
2067	None
2068	2633
2069	None
2070	5505
2071	3940
2072	2314
2073	2043
2074	3989
2075	3835
2076	3309
2077	None
2078	5864
2079	3937
2080	3985
2081	None
2082	None
2083	3331
2084	None
2085	2995
2086	None
2087	1909
2088	None
2089	None
2090	3512
2091	4100
2092	3793
2093	None
2094	4453
2095	4260
2096	4962
2097	None
2098	None
2099	None
2100	3300
2101	None
2102	4676
2103	4102
2104	7114
2105	None
2106	None
2107	4089
2108	4074
2109	None
2110	None
2111	None
2112	5456
2113	3802
2114	4191
2115	None
2116	None
2117	None
2118	None
2119	1425
2120	None
2121	4659
2122	5906
2123	4042
2124	None
2125	None
2126	None
2127	3206
2128	4153
2129	None
2130	None
2131	5317
2132	4016
2133	6467
2134	2594
2135	4580
2136	None
2137	None
2138	5358
2139	None
2140	None
2141	1995
2142	None
2143	None
2144	None
2145	4200
2146	2728
2147	2040
2148	3886
2149	None
2150	4233
2151	None
2152	3753
2153	None
2154	3234
2155	2445
2156	3006
2157	5940
2158	None
2159	4062
2160	None
2161	3378
2162	1652
2163	4057
2164	None
2165	3446
2166	None
2167	2490
2168	None
2169	4119
2170	3404
2171	None
2172	7008
2173	None
2174	4171
2175	5128
2176	None
2177	7802
2178	2461
2179	4182
2180	4332
2181	None
2182	2780
2183	None
2184	None
2185	4266
2186	None
2187	3083
2188	2085
2189	4360
2190	5602
2191	6977
2192	1820
2193	3209
2194	2983
2195	6069
2196	4157
2197	4466
2198	None
2199	4213
2200	4070
2201	None
2202	4198
2203	1296
2204	None
2205	None
2206	4356
2207	4141
2208	4763
2209	None
2210	3421
2211	4086
2212	None
2213	3287
2214	2811
2215	None
2216	3404
2217	2351
2218	4520
2219	2882
2220	None
2221	None
2222	4051
2223	None
2224	None
2225	3196
2226	2845
2227	2375
2228	2904
2229	1859
2230	2484
2231	4136
2232	4631
2233	2389
2234	3772
2235	None
2236	6805
2237	None
2238	None
2239	4992
2240	4224
2241	6467
2242	None
2243	4068
2244	6250
2245	None
2246	4342
2247	3771
2248	3965
2249	None
2250	4156
2251	3451
2252	None
2253	None
2254	None
2255	3687
2256	None
2257	4596
2258	2604
2259	None
2260	None
2261	4886
2262	None
2263	2086
2264	2307
2265	None
2266	None
2267	None
2268	2749
2269	4648
2270	3729
2271	3220
2272	3966
2273	2150
2274	3752
2275	2321
2276	2894
2277	None
2278	3585
2279	None
2280	5244
2281	2683
2282	None
2283	4584
2284	None
2285	5434
2286	1826
2287	None
2288	None
2289	3581
2290	None
2291	3658
2292	2197
2293	None
2294	None
2295	None
2296	None
2297	4468
2298	4718
2299	2445
2300	None
2301	3402
2302	None
2303	4774
2304	None
2305	1699
2306	3961
2307	None
2308	None
2309	4451
2310	3434
2311	2872
2312	None
2313	None
2314	None
2315	None
2316	None
2317	None
2318	2553
2319	None
2320	None
2321	4068
2322	5806
2323	None
2324	3387
2325	3680
2326	None
2327	None
2328	None
2329	None
2330	None
2331	None
2332	4047
2333	None
2334	3300
2335	2494
2336	4711
2337	None
2338	None
2339	3297
2340	None
2341	3975
2342	None
2343	None
2344	None
2345	None
2346	None
2347	4543
2348	None
2349	None
2350	None
2351	None
2352	4446
2353	2285
2354	None
2355	None
2356	3705
2357	None
2358	3590
2359	2799
2360	None
2361	None
2362	None
2363	None
2364	None
2365	None
2366	None
2367	None
2368	None
2369	None
2370	4499
2371	8313
2372	None
2373	6912
2374	None
2375	None
2376	None
2377	1975
2378	None
2379	3178
2380	None
2381	3922
2382	None
2383	None
2384	3988
2385	None
2386	3777
2387	None
2388	3640
2389	None
2390	3693
2391	None
2392	5707
2393	3464
2394	2462
2395	2208
2396	3526
2397	2749
2398	5578
2399	3831
2400	5175
2401	None
2402	4300
2403	None
2404	3293
2405	None
2406	5172
2407	3096
2408	3722
2409	2654
2410	6836
2411	None
2412	7550
2413	None
2414	6264
2415	None
2416	None
2417	3851
2418	None
2419	None
2420	3655
2421	2684
2422	4116
2423	None
2424	None
2425	None
2426	None
2427	None
2428	None
2429	None
2430	2714
2431	4587
2432	None
2433	3991
2434	3946
2435	None
2436	None
2437	None
2438	3162
2439	None
2440	None
2441	4882
2442	None
2443	None
2444	None
2445	None
2446	None
2447	None
2448	None
2449	None
2450	3402
2451	None
2452	4571
2453	6264
2454	None
2455	None
2456	None
2457	3028
2458	3664
2459	None
2460	None
2461	None
2462	4677
2463	None
2464	None
2465	2288
2466	2704
2467	None
2468	3008
2469	None
2470	4377
2471	3846
2472	2820
2473	4122
2474	3658
2475	3420
2476	None
2477	None
2478	None
2479	3662
2480	None
2481	None
2482	2005
2483	None
2484	5345
2485	None
2486	None
2487	None
2488	None
2489	None
2490	None
2491	None
2492	None
2493	2753
2494	None
2495	None
2496	3054
2497	2488
2498	None
2499	None
2500	None
2501	3452
2502	None
2503	None
2504	4500
2505	None
2506	4116
2507	None
2508	1863
2509	None
2510	None
2511	5533
2512	None
2513	None
2514	None
2515	2757
2516	4021
2517	None
2518	2430
2519	None
2520	None
2521	None
2522	6741
2523	4618
2524	4858
2525	None
2526	None
2527	None
2528	None
2529	None
2530	None
2531	6432
2532	None
2533	5579
2534	5302
2535	3633
2536	None
2537	None
2538	None
2539	4656
2540	4104
2541	None
2542	None
2543	7496
2544	3605
2545	None
2546	4249
2547	7272
2548	None
2549	None
2550	None
2551	7582
2552	4339
2553	3084
2554	None
2555	3686
2556	None
2557	None
2558	None
2559	5087
2560	5024
2561	None
2562	None
2563	None
2564	None
2565	None
2566	3250
2567	None
2568	None
2569	3870
2570	2860
2571	None
2572	None
2573	3959
2574	None
2575	None
2576	None
2577	None
2578	None
2579	3838
2580	None
2581	5525
2582	4587
2583	7774
2584	1668
2585	None
2586	5772
2587	None
2588	None
2589	2347
2590	3903
2591	5087
2592	4987
2593	5838
2594	None
2595	None
2596	None
2597	4020
2598	None
2599	3096
2600	2945
2601	None
2602	4881
2603	3894
2604	None
2605	3330
2606	4184
2607	2774
2608	4372
2609	None
2610	None
2611	3856
2612	5253
2613	None
2614	5436
2615	3913
2616	2686
2617	3081
2618	None
2619	4177
2620	4648
2621	None
2622	None
2623	None
2624	None
2625	None
2626	None
2627	2792
2628	5097
2629	None
2630	3145
2631	None
2632	None
2633	None
2634	None
2635	None
2636	None
2637	None
2638	4500
2639	3255
2640	None
2641	3097
2642	None
2643	None
2644	None
2645	6164
2646	None
2647	None
2648	4626
2649	3319
2650	5855
2651	None
2652	5477
2653	None
2654	None
2655	3221
2656	3842
2657	None
2658	None
2659	None
2660	7396
2661	5331
2662	None
2663	4696
2664	4120
2665	None
2666	None
2667	None
2668	None
2669	4023
2670	None
2671	None
2672	2562
2673	None
2674	3978
2675	None
2676	None
2677	None
2678	6977
2679	None
2680	4303
2681	None
2682	None
2683	5044
2684	4141
2685	None
2686	3401
2687	2431
2688	None
2689	5268
2690	5090
2691	4911
2692	3774
2693	None
2694	None
2695	7187
2696	2734
2697	3848
2698	3239
2699	3466
2700	None
2701	3844
2702	None
2703	None
2704	None
2705	6263
2706	2350
2707	7660
2708	2551
2709	3895
2710	None
2711	None
2712	None
2713	None
2714	None
2715	None
2716	3193
2717	None
2718	None
2719	3976
2720	2732
2721	None
2722	None
2723	4208
2724	3359
2725	4568
2726	None
2727	5625
2728	None
2729	None
2730	None
2731	3814
2732	None
2733	4859
2734	4518
2735	None
2736	None
2737	5649
2738	None
2739	None
2740	None
2741	5772
2742	3590
2743	None
2744	4354
2745	5001
2746	None
2747	4713
2748	None
2749	4989
2750	None
2751	3824
2752	3872
2753	None
2754	None
2755	3719
2756	None
2757	5459
2758	None
2759	None
2760	4621
2761	4002
2762	3949
2763	3271
2764	None
2765	5302
2766	3735
2767	None
2768	None
2769	5882
2770	None
2771	None
2772	None
2773	None
2774	None
2775	3838
2776	5224
2777	5622
2778	None
2779	None
2780	2441
2781	3042
2782	None
2783	4068
2784	None
2785	6264
2786	3760
2787	None
2788	None
2789	None
2790	2984
2791	None
2792	5735
2793	None
2794	4795
2795	4960
2796	4744
2797	None
2798	2762
2799	None
2800	None
2801	None
2802	5473
2803	3884
2804	None
2805	5085
2806	None
2807	5093
2808	None
2809	None
2810	None
2811	None
2812	None
2813	2848
2814	3143
2815	4476
2816	None
2817	None
2818	None
2819	None
2820	3500
2821	4258
2822	3966
2823	4079
2824	6463
2825	None
2826	None
2827	None
2828	None
2829	3922
2830	None
2831	None
2832	5486
2833	None
2834	3151
2835	2633
2836	None
2837	8150
2838	4015
2839	3929
2840	None
2841	None
2842	4509
2843	None
2844	6083
2845	None
2846	5342
2847	None
2848	None
2849	None
2850	None
2851	6223
2852	None
2853	None
2854	None
2855	None
2856	None
2857	5481
2858	None
2859	None
2860	None
2861	None
2862	None
2863	None
2864	4184
2865	None
2866	None
2867	None
2868	None
2869	4069
2870	None
2871	None
2872	3963
2873	None
2874	None
2875	4058
2876	None
2877	4144
2878	5107
2879	None
2880	None
2881	None
2882	3839
2883	4109
2884	None
2885	None
2886	None
2887	None
2888	None
2889	None
2890	4207
2891	5024
2892	4186
2893	None
2894	None
2895	4880
2896	None
2897	None
2898	None
2899	5596
2900	3192
2901	3981
2902	4090
2903	7132
2904	None
2905	None
2906	None
2907	None
2908	None
2909	None
2910	2689
2911	5869
2912	None
2913	None
2914	None
2915	None
2916	None
2917	None
2918	None
2919	None
2920	3365
2921	None
2922	None
2923	4787
2924	4416
2925	None
2926	4830
2927	None
2928	None
2929	3399
2930	None
2931	None
2932	None
2933	4025
2934	4142
2935	3992
2936	None
2937	None
2938	3868
2939	3210
2940	None
2941	5493
2942	None
2943	7614
2944	2888
2945	4718
2946	None
2947	3158
2948	3181
2949	5731
2950	None
2951	None
2952	None
2953	4511
2954	5221
2955	None
2956	4768
2957	None
2958	4324
2959	5917
2960	5453
2961	None
2962	None
2963	None
2964	None
2965	None
2966	5186
2967	None
2968	None
2969	3536
2970	5349
2971	2849
2972	3275
2973	7766
2974	None
2975	5701
2976	4121
2977	3291
2978	4095
2979	4113
2980	None
2981	4961
2982	None
2983	6229
2984	6065
2985	4946
2986	3365
2987	4285
2988	None
2989	3156
2990	None
2991	5005
2992	5765
2993	3434
2994	4234
2995	4138
2996	None
2997	None
2998	None
2999	4116
3000	None
3001	None
3002	None
3003	4215
3004	None
3005	5810
3006	5961
3007	None
3008	None
3009	None
3010	None
3011	None
3012	None
3013	None
3014	4486
3015	4690
3016	4327
3017	4126
3018	4229
3019	6389
3020	None
3021	None
3022	None
3023	3761
3024	3126
3025	None
3026	None
3027	5238
3028	None
3029	None
3030	4217
3031	4032
3032	5162
3033	None
3034	None
3035	None
3036	4106
3037	4143
3038	None
3039	None
3040	None
3041	None
3042	None
3043	None
3044	None
3045	5067
3046	5666
3047	3109
3048	None
3049	4443
3050	4262
3051	4029
3052	None
3053	None
3054	5556
3055	None
3056	None
3057	None
3058	4580
3059	None
3060	4659
3061	4945
3062	None
3063	4503
3064	None
3065	None
3066	None
3067	3135
3068	4303
3069	5387
3070	3039
3071	4524
3072	None
3073	None
3074	None
3075	None
3076	4065
3077	4497
3078	None
3079	4243
3080	None
3081	2469
3082	None
3083	6342
3084	None
3085	4418
3086	None
3087	None
3088	None
3089	None
3090	5011
3091	None
3092	4214
3093	None
3094	None
3095	None
3096	None
3097	None
3098	None
3099	None
3100	None
3101	7868
3102	3858
3103	None
3104	4683
3105	4192
3106	None
3107	None
3108	None
3109	None
3110	None
3111	None
3112	None
3113	None
3114	None
3115	5334
3116	None
3117	3281
3118	4441
3119	None
3120	None
3121	2616
3122	None
3123	None
3124	4225
3125	None
3126	3944
3127	None
3128	None
3129	None
3130	None
3131	5164
3132	None
3133	5008
3134	4538
3135	4115
3136	None
3137	None
3138	None
3139	None
3140	5522
3141	None
3142	None
3143	None
3144	5749
3145	6567
3146	None
3147	None
3148	None
3149	3533
3150	4488
3151	3683
3152	None
3153	5076
3154	3287
3155	6701
3156	None
3157	None
3158	None
3159	None
3160	None
3161	None
3162	None
3163	None
3164	None
3165	3488
3166	None
3167	None
3168	None
3169	5941
3170	4393
3171	5216
3172	None
3173	4160
3174	None
3175	None
3176	3575
3177	5443
3178	4648
3179	None
3180	3595
3181	None
3182	None
3183	None
3184	None
3185	None
3186	None
3187	None
3188	None
3189	None
3190	4317
3191	None
3192	None
3193	None
3194	6852
3195	None
3196	None
3197	None
3198	None
3199	None
3200	None
3201	None
3202	4150
3203	5718
3204	None
3205	4214
3206	None
3207	4782
3208	None
3209	4131
3210	None
3211	None
3212	None
3213	5437
3214	None
3215	3681
3216	5457
3217	2825
3218	3298
3219	4093
3220	5247
3221	None
3222	8544
3223	None
3224	None
3225	4219
3226	None
3227	None
3228	7388
3229	None
3230	5044
3231	4716
3232	5254
3233	None
3234	4169
3235	4005
3236	None
3237	None
3238	6723
3239	None
3240	7378
3241	6035
3242	3985
3243	None
3244	7977
3245	None
3246	5904
3247	6445
3248	None
3249	None
3250	None
3251	None
3252	5127
3253	3907
3254	None
3255	3431
3256	6685
3257	None
3258	None
3259	None
3260	6081
3261	None
3262	2761
3263	3610
3264	5390
3265	7028
3266	None
3267	None
3268	None
3269	3518
3270	4344
3271	None
3272	None
3273	4270
3274	3879
3275	6417
3276	None
3277	5040
3278	None
3279	None
3280	4021
3281	None
3282	None
3283	None
3284	5699
3285	7231
3286	4246
3287	3125
3288	None
3289	6246
3290	None
3291	None
3292	6258
3293	None
3294	None
3295	4281
3296	None
3297	6693
3298	None
3299	None
3300	None
3301	4242
3302	5718
3303	None
3304	None
3305	None
3306	None
3307	4859
3308	None
3309	None
3310	None
3311	None
3312	None
3313	None
3314	5236
3315	5321
3316	None
3317	5062
3318	None
3319	None
3320	4357
3321	6627
3322	4375
3323	4668
3324	None
3325	7588
3326	4470
3327	7114
3328	7370
3329	None
3330	None
3331	None
3332	None
3333	None
3334	3786
3335	None
3336	None
3337	None
3338	5522
3339	4858
3340	5866
3341	3168
3342	5165
3343	None
3344	None
3345	8053
3346	None
3347	None
3348	4147
3349	None
3350	None
3351	None
3352	5404
3353	4687
3354	None
3355	None
3356	None
3357	None
3358	None
3359	5181
3360	4203
3361	None
3362	None
3363	None
3364	None
3365	None
3366	4236
3367	5948
3368	3817
3369	2897
3370	None
3371	4378
3372	None
3373	3263
3374	4273
3375	None
3376	None
3377	4694
3378	5407
3379	None
3380	None
3381	5040
3382	5352
3383	None
3384	None
3385	None
3386	8120
3387	None
3388	4412
3389	5226
3390	4320
3391	None
3392	None
3393	None
3394	None
3395	None
3396	None
3397	None
3398	None
3399	None
3400	5549
3401	3277
3402	None
3403	5192
3404	4112
3405	5001
3406	None
3407	4405
3408	3504
3409	None
3410	None
3411	7301
3412	4696
3413	7199
3414	None
3415	None
3416	None
3417	None
3418	None
3419	3032
3420	6178
3421	None
3422	None
3423	None
3424	None
3425	None
3426	5377
3427	4237
3428	None
3429	None
3430	None
3431	None
3432	None
3433	None
3434	3405
3435	None
3436	4950
3437	None
3438	None
3439	3795
3440	None
3441	4504
3442	None
3443	4352
3444	6652
3445	None
3446	None
3447	5489
3448	4388
3449	None
3450	6469
3451	5764
3452	4452
3453	6052
3454	4456
3455	None
3456	5378
3457	3494
3458	None
3459	8431
3460	None
3461	None
3462	4459
3463	None
3464	None
3465	3553
3466	4661
3467	None
3468	None
3469	5793
3470	None
3471	6609
3472	None
3473	4323
3474	None
3475	5050
3476	5653
3477	5789
3478	None
3479	None
3480	6557
3481	5403
3482	4985
3483	4505
3484	None
3485	None
3486	None
3487	3444
3488	5311
3489	5911
3490	None
3491	6491
3492	6064
3493	None
3494	5090
3495	4592
3496	None
3497	4607
3498	None
3499	None
3500	3454
3501	4447
3502	7162
3503	None
3504	None
3505	None
3506	4936
3507	6040
3508	4432
3509	4478
3510	None
3511	None
3512	8144
3513	None
3514	4745
3515	6225
3516	None
3517	5143
3518	None
3519	None
3520	4568
3521	4423
3522	3540
3523	4297
3524	None
3525	None
3526	5827
3527	None
3528	5428
3529	3315
3530	5576
3531	None
3532	4146
3533	None
3534	None
3535	None
3536	5084
3537	None
3538	None
3539	None
3540	None
3541	None
3542	5617
3543	3997
3544	None
3545	None
3546	None
3547	4305
3548	3328
3549	3712
3550	5265
3551	6901
3552	None
3553	4729
3554	4518
3555	4547
3556	4597
3557	4617
3558	4602
3559	4652
3560	6518
3561	None
3562	None
3563	6170
3564	None
3565	6160
3566	3410
3567	None
3568	3787
3569	4579
3570	4179
3571	5633
3572	7498
3573	None
3574	8784
3575	5761
3576	5835
3577	5573
3578	6680
3579	None
3580	None
3581	3861
3582	None
3583	None
3584	4697
3585	None
3586	8639
3587	None
3588	3860
3589	None
3590	5088
3591	6723
3592	None
3593	None
3594	None
3595	4536
3596	None
3597	5057
3598	None
3599	4191
3600	None
3601	None
3602	6082
3603	None
3604	None
3605	None
3606	5235
3607	4599
3608	None
3609	None
3610	None
3611	4546
3612	None
3613	2859
3614	None
3615	5675
3616	None
3617	None
3618	None
3619	5758
3620	None
3621	4571
3622	4436
3623	None
3624	5898
3625	None
3626	None
3627	None
3628	None
3629	5134
3630	4333
3631	None
3632	None
3633	None
3634	None
3635	None
3636	5380
3637	4272
3638	6196
3639	None
3640	None
3641	None
3642	8015
3643	None
3644	None
3645	4684
3646	6520
3647	None
3648	None
3649	None
3650	None
3651	None
3652	None
3653	None
3654	None
3655	None
3656	None
3657	None
3658	6283
3659	4104
3660	4112
3661	None
3662	None
3663	None
3664	None
3665	None
3666	None
3667	4717
3668	None
3669	None
3670	6345
3671	5390
3672	None
3673	None
3674	6338
3675	6089
3676	None
3677	None
3678	5487
3679	None
3680	None
3681	None
3682	None
3683	6093
3684	None
3685	4557
3686	None
3687	None
3688	None
3689	None
3690	None
3691	5635
3692	4398
3693	5216
3694	None
3695	3552
3696	None
3697	None
3698	None
3699	None
3700	None
3701	None
3702	None
3703	None
3704	None
3705	None
3706	None
3707	None
3708	None
3709	None
3710	None
3711	None
3712	None
3713	None
3714	None
3715	None
3716	None
3717	None
3718	None
3719	None
3720	None
3721	None
3722	None
3723	None
3724	None
3725	None
3726	4621
3727	3871
3728	None
3729	None
3730	None
3731	None
3732	None
3733	5480
3734	6058
3735	None
3736	None
3737	None
3738	None
3739	None
3740	None
3741	None
3742	None
3743	None
3744	None
3745	None
3746	None
3747	None
3748	None
3749	None
3750	None
3751	4288
3752	5721
3753	None
3754	4204
3755	None
3756	None
3757	None
3758	None
3759	None
3760	None
3761	4493
3762	None
3763	4527
3764	None
3765	6057
3766	None
3767	None
3768	None
3769	3427
3770	None
3771	None
3772	None
3773	None
3774	8221
3775	None
3776	None
3777	4464
3778	None
3779	6469
3780	5301
3781	None
3782	None
3783	None
3784	None
3785	6625
3786	4383
3787	2700
3788	None
3789	None
3790	None
3791	5901
3792	None
3793	None
3794	None
3795	None
3796	5093
3797	4548
3798	None
3799	5704
3800	None
3801	None
3802	None
3803	None
3804	5416
3805	4678
3806	3528
3807	None
3808	None
3809	5359
3810	None
3811	None
3812	None
3813	None
3814	None
3815	None
3816	None
3817	None
3818	None
3819	4827
3820	None
3821	None
3822	4293
3823	None
3824	None
3825	None
3826	4530
3827	None
3828	None
3829	3786
3830	None
3831	6662
3832	None
3833	None
3834	None
3835	5399
3836	None
3837	4698
3838	4205
3839	None
3840	None
3841	None
3842	4426
3843	5286
3844	5241
3845	None
3846	None
3847	7289
3848	None
3849	3433
3850	None
3851	None
3852	2685
3853	None
3854	4682
3855	None
3856	None
3857	6222
3858	None
3859	3467
3860	None
3861	6504
3862	None
3863	5311
3864	7553
3865	4250
3866	None
3867	None
3868	None
3869	7503
3870	None
3871	3110
3872	6449
3873	2920
3874	5946
3875	None
3876	None
3877	5137
3878	None
3879	None
3880	None
3881	None
3882	6414
3883	None
3884	None
3885	None
3886	None
3887	None
3888	4389
3889	4541
3890	5447
3891	5270
3892	2561
3893	4472
3894	None
3895	4410
3896	None
3897	None
3898	None
3899	4928
3900	None
3901	5525
3902	None
3903	4778
3904	7977
3905	None
3906	None
3907	None
3908	None
3909	4833
3910	None
3911	8337
3912	5471
3913	3118
3914	4574
3915	None
3916	None
3917	4791
3918	7918
3919	None
3920	5283
3921	None
3922	None
3923	None
3924	None
3925	None
3926	4788
3927	None
3928	None
3929	3199
3930	None
3931	7762
3932	5977
3933	3519
3934	None
3935	None
3936	6167
3937	None
3938	None
3939	5211
3940	None
3941	7765
3942	None
3943	None
3944	3845
3945	None
3946	None
3947	3575
3948	None
3949	None
3950	None
3951	None
3952	6404
3953	None
3954	None
3955	None
3956	None
3957	None
3958	9198
3959	None
3960	None
3961	None
3962	None
3963	None
3964	None
3965	None
3966	None
3967	None
3968	4678
3969	None
3970	3804
3971	None
3972	None
3973	6187
3974	None
3975	None
3976	None
3977	None
3978	None
3979	None
3980	None
3981	8242
3982	3194
3983	None
3984	None
3985	None
3986	None
3987	5384
3988	None
3989	None
3990	None
3991	None
3992	None
3993	None
3994	None
3995	None
3996	None
3997	None
3998	None
3999	None
4000	None
4001	2917
4002	7110
4003	None
4004	None
4005	None
4006	None
4007	None
4008	None
4009	3832
4010	None
4011	3896
4012	None
4013	None
4014	None
4015	None
4016	6438
4017	None
4018	None
4019	4526
4020	None
4021	None
4022	None
4023	6158
4024	None
4025	3302
4026	3646
4027	None
4028	None
4029	None
4030	3706
4031	None
4032	None
4033	None
4034	None
4035	5057
4036	None
4037	None
4038	None
4039	None
4040	None
4041	None
4042	None
4043	None
4044	None
4045	None
4046	None
4047	None
4048	None
4049	None
4050	None
4051	None
4052	None
4053	None
4054	None
4055	None
4056	None
4057	None
4058	None
4059	None
4060	None
4061	None
4062	None
4063	None
4064	None
4065	None
4066	None
4067	None
4068	None
4069	None
4070	None
4071	None
4072	None
4073	None
4074	None
4075	None
4076	None
4077	None
4078	None
4079	2801
4080	None
4081	None
4082	None
4083	None
4084	None
4085	None
4086	8513
4087	None
4088	None
4089	None
4090	None
4091	None
4092	None
4093	None
4094	None
4095	None
4096	None
4097	None
4098	None
4099	None
4100	8700
4101	None
4102	None
4103	None
4104	None
4105	None
4106	None
4107	None
4108	None
4109	None
4110	None
4111	None
4112	None
4113	None
4114	3986
4115	None
4116	None
4117	None
4118	None
4119	None
4120	None
4121	None
4122	None
4123	None
4124	None
4125	None
4126	None
4127	None
4128	None
4129	None
4130	None
4131	None
4132	None
4133	None
4134	None
4135	None
4136	None
4137	None
4138	None
4139	None
4140	None
4141	None
4142	None
4143	None
4144	None
4145	None
4146	None
4147	None
4148	None
4149	None
4150	None
4151	7250
4152	None
4153	None
4154	None
4155	None
4156	None
4157	None
4158	7138
4159	None
4160	None
4161	None
4162	None
4163	None
4164	None
4165	None
4166	None
4167	None
4168	None
4169	None
4170	None
4171	None
4172	None
4173	None
4174	None
4175	None
4176	4896
4177	None
4178	None
4179	None
4180	None
4181	None
4182	None
4183	None
4184	None
4185	None
4186	None
4187	None
4188	None
4189	7075
4190	None
4191	None
4192	6141
4193	None
4194	None
4195	None
4196	None
4197	None
4198	None
4199	7241
4200	None
4201	None
4202	6349
4203	None
4204	6609
4205	4257
4206	None
4207	None
4208	None
4209	None
4210	None
4211	None
4212	None
4213	5452
4214	None
4215	None
4216	None
4217	None
4218	None
4219	None
4220	None
4221	None
4222	5528
4223	None
4224	None
4225	None
4226	None
4227	None
4228	None
4229	None
4230	None
4231	None
4232	None
4233	None
4234	None
4235	None
4236	None
4237	None
4238	6670
4239	None
4240	None
4241	None
4242	None
4243	None
4244	None
4245	None
4246	None
4247	None
4248	None
4249	None
4250	None
4251	None
4252	None
4253	None
4254	None
4255	None
4256	4937
4257	None
4258	3715
4259	None
4260	None
4261	None
4262	None
4263	None
4264	None
4265	None
4266	None
4267	None
4268	None
4269	3638
4270	None
4271	None
4272	None
4273	None
4274	None
4275	None
4276	3672
4277	None
4278	None
4279	None
4280	None
4281	None
4282	None
4283	None
4284	None
4285	3829
4286	None
4287	None
4288	None
4289	None
4290	None
4291	None
4292	None
4293	None
4294	3945
4295	None
4296	None
4297	None
4298	3787
4299	None
4300	4794
4301	None
4302	None
4303	None
4304	None
4305	4351
4306	None
4307	None
4308	None
4309	None
4310	4879
4311	None
4312	None
4313	None
4314	None
4315	None
4316	None
4317	None
4318	None
4319	None
4320	3533
4321	None
4322	None
4323	None
4324	None
4325	None
4326	None
4327	None
4328	None
4329	None
4330	None
4331	4879
4332	None
4333	None
4334	None
4335	None
4336	None
4337	None
4338	6094
4339	6181
4340	None
4341	None
4342	None
4343	None
4344	None
4345	None
4346	None
4347	None
4348	None
4349	None
4350	5617
4351	None
4352	None
4353	None
4354	None
4355	None
4356	None
4357	None
4358	None
4359	None
4360	None
4361	None
4362	None
4363	6945
4364	6663
4365	3728
4366	None
4367	None
4368	None
4369	4395
4370	None
4371	None
4372	None
4373	6781
4374	None
4375	None
4376	None
4377	None
4378	None
4379	None
4380	None
4381	None
4382	None
4383	None
4384	None
4385	None
4386	None
4387	None
4388	None
4389	None
4390	None
4391	None
4392	None
4393	None
4394	None
4395	None
4396	None
4397	None
4398	None
4399	None
4400	7689
4401	None
4402	None
4403	None
4404	None
4405	None
4406	None
4407	None
4408	None
4409	None
4410	None
4411	None
4412	None
4413	None
4414	None
4415	3687
4416	3023
4417	None
4418	None
4419	5756
4420	None
4421	None
4422	None
4423	None
4424	None
4425	None
4426	None
4427	None
4428	None
4429	None
4430	None
4431	None
4432	None
4433	None
4434	None
4435	2916
4436	None
4437	None
4438	None
4439	None
4440	None
4441	None
4442	None
4443	None
4444	None
4445	4578
4446	None
4447	None
4448	None
4449	None
4450	None
4451	None
4452	None
4453	5996
4454	None
4455	5251
4456	None
4457	None
4458	None
4459	None
4460	None
4461	None
4462	None
4463	None
4464	None
4465	None
4466	None
4467	None
4468	None
4469	None
4470	None
4471	None
4472	None
4473	3186
4474	3800
4475	None
4476	None
4477	None
4478	None
4479	None
4480	None
4481	None
4482	None
4483	None
4484	None
4485	None
4486	None
4487	None
4488	None
4489	None
4490	None
4491	None
4492	None
4493	None
4494	None
4495	None
4496	None
4497	6528
4498	None
4499	None
4500	None
4501	None
4502	6927
4503	4850
4504	None
4505	None
4506	None
4507	None
4508	None
4509	None
4510	None
4511	None
4512	None
4513	None
4514	None
4515	None
4516	None
4517	None
4518	None
4519	None
4520	None
4521	None
4522	None
4523	None
4524	None
4525	None
4526	None
4527	None
4528	None
4529	None
4530	None
4531	None
4532	6238
4533	None
4534	None
4535	None
4536	None
4537	None
4538	None
4539	None
4540	None
4541	None
4542	None
4543	None
4544	7286
4545	None
4546	None
4547	None
4548	None
4549	None
4550	None
4551	None
4552	None
4553	None
4554	None
4555	None
4556	None
4557	None
4558	None
4559	None
4560	None
4561	None
4562	4411
4563	3843
4564	6367
4565	None
4566	None
4567	None
4568	None
4569	5040
4570	None
4571	None
4572	7854
4573	None
4574	None
4575	None
4576	None
4577	None
4578	None
4579	None
4580	None
4581	None
4582	None
4583	None
4584	None
4585	None
4586	None
4587	None
4588	None
4589	None
4590	None
4591	None
4592	None
4593	None
4594	None
4595	None
4596	None
4597	2718
4598	None
4599	None
4600	None
4601	None
4602	None
4603	None
4604	None
4605	None
4606	None
4607	6596
4608	None
4609	None
4610	None
4611	None
4612	None
4613	None
4614	None
4615	None
4616	6661
4617	None
4618	None
4619	None
4620	None
4621	None
4622	3980
4623	None
4624	None
4625	None
4626	None
4627	None
4628	5118
4629	None
4630	None
4631	None
4632	None
4633	None
4634	3948
4635	None
4636	None
4637	None
4638	5882
4639	None
4640	None
4641	None
4642	None
4643	None
4644	None
4645	None
4646	None
4647	None
4648	None
4649	None
4650	None
4651	6484
4652	None
4653	None
4654	None
4655	None
4656	None
4657	None
4658	None
4659	None
4660	None
4661	None
4662	None
4663	3577
4664	3484
4665	None
4666	None
4667	None
4668	4223
4669	None
4670	None
4671	None
4672	None
4673	None
4674	None
4675	None
4676	None
4677	6912
4678	6438
4679	None
4680	None
4681	7174
4682	None
4683	None
4684	3543
4685	None
4686	2955
4687	None
4688	None
4689	None
4690	None
4691	None
4692	None
4693	None
4694	None
4695	None
4696	None
4697	None
4698	None
4699	4873
4700	None
4701	None
4702	None
4703	None
4704	None
4705	None
4706	None
4707	None
4708	None
4709	None
4710	None
4711	None
4712	None
4713	None
4714	None
4715	None
4716	6730
4717	None
4718	None
4719	None
4720	None
4721	None
4722	None
4723	None
4724	None
4725	None
4726	None
4727	None
4728	None
4729	6179
4730	None
4731	None
4732	None
4733	None
4734	None
4735	None
4736	None
4737	None
4738	None
4739	6794
4740	None
4741	None
4742	None
4743	3549
4744	None
4745	None
4746	None
4747	None
4748	6321
4749	None
4750	None
4751	7532
4752	6639
4753	None
4754	None
4755	None
4756	None
4757	None
4758	None
4759	None
4760	None
4761	None
4762	None
4763	None
4764	None
4765	None
4766	6389
4767	None
4768	None
4769	None
4770	None
4771	None
4772	None
4773	None
4774	4582
4775	None
4776	6321
4777	None
4778	None
4779	None
4780	None
4781	None
4782	None
4783	None
4784	None
4785	None
4786	None
4787	None
4788	4512
4789	None
4790	None
4791	None
4792	None
4793	5328
4794	None
4795	None
4796	None
4797	None
4798	None
4799	None
4800	None
4801	None
4802	None
4803	None
4804	None
4805	None
4806	None
4807	None
4808	None
4809	7490
4810	None
4811	None
4812	None
4813	None
4814	None
4815	None
4816	6630
4817	None
4818	None
4819	None
4820	7007
4821	None
4822	None
4823	None
4824	3687
4825	None
4826	None
4827	None
4828	None
4829	6826
4830	None
4831	3765
4832	None
4833	None
4834	None
4835	None
4836	None
4837	None
4838	None
4839	None
4840	None
4841	None
4842	None
4843	None
4844	None
4845	None
4846	4111
4847	None
4848	None
4849	None
4850	None
4851	None
4852	None
4853	None
4854	None
4855	None
4856	None
4857	None
4858	7455
4859	7516
4860	None
4861	None
4862	None
4863	None
4864	None
4865	None
4866	6611
4867	None
4868	None
4869	2762
4870	None
4871	None
4872	None
4873	None
4874	None
4875	None
4876	3249
4877	7322
4878	None
4879	9192
4880	None
4881	None
4882	3530
4883	None
4884	None
4885	None
4886	None
4887	None
4888	None
4889	7504
4890	None
4891	7888
4892	4591
4893	None
4894	None
4895	None
4896	None
4897	None
4898	None
4899	None
4900	4984
4901	None
4902	None
4903	6928
4904	None
4905	None
4906	None
4907	7107
4908	None
4909	None
4910	None
4911	6882
4912	6740
4913	None
4914	None
4915	6213
4916	None
4917	None
4918	None
4919	None
4920	None
4921	None
4922	None
4923	None
4924	None
4925	None
4926	None
4927	4081
4928	None
4929	None
4930	None
4931	None
4932	None
4933	6989
4934	None
4935	6639
4936	5669
4937	None
4938	None
4939	None
4940	None
4941	None
4942	None
4943	None
4944	4312
4945	7484
4946	6342
4947	None
4948	None
4949	None
4950	None
4951	None
4952	None
4953	4454
4954	6778
4955	None
4956	None
4957	None
4958	7732
4959	None
4960	6904
4961	3666
4962	None
4963	7578
4964	6368
4965	3934
4966	None
4967	4535
4968	None
4969	None
4970	3186
4971	None
4972	None
4973	3699
4974	6665
4975	5269
4976	None
4977	None
4978	None
4979	3296
4980	6960
4981	5448
4982	None
4983	None
4984	None
4985	4240
4986	6631
4987	2901
4988	None
4989	4924
4990	7757
4991	6884
4992	None
4993	None
4994	None
4995	None
4996	None
4997	None
4998	6945
4999	None
5000	None
5001	6830
5002	None
5003	6770
5004	6740
5005	3348
5006	None
5007	6805
5008	None
5009	None
5010	None
5011	None
5012	None
5013	None
5014	None
5015	None
5016	None
5017	3767
5018	3386
5019	2996
5020	7405
5021	7060
5022	None
5023	4427
5024	6633
5025	3706
5026	None
5027	None
5028	None
5029	None
5030	7227
5031	None
5032	4467
5033	None
5034	None
5035	7164
5036	None
5037	7498
5038	3718
5039	5364
5040	4226
5041	3426
5042	None
5043	6992
5044	None
5045	None
5046	7083
5047	None
5048	4879
5049	6812
5050	8184
5051	7015
5052	None
5053	4019
5054	6562
5055	None
5056	4710
5057	7376
5058	4912
5059	None
5060	4626
5061	None
5062	4229
5063	7075
5064	7911
5065	7122
5066	7793
5067	6838
5068	6670
5069	7351
5070	6829
5071	5157
5072	None
5073	6796
5074	None
5075	None
5076	6963
5077	6887
5078	7893
5079	8498
5080	6741
5081	None
5082	None
5083	6209
5084	7268
5085	7323
5086	None
5087	None
5088	7051
5089	None
5090	6875
5091	7091
5092	None
5093	6562
5094	5969
5095	None
5096	6706
5097	4308
5098	3847
5099	None
5100	5152
5101	5228
5102	None
5103	7401
5104	None
5105	7411
5106	7815
5107	7752
5108	7551
5109	None
5110	5556
5111	None
5112	None
5113	7093
5114	None
5115	7077
5116	5205
5117	None
5118	3480
5119	6941
5120	6726
5121	4123
5122	None
5123	7202
5124	None
5125	7405
5126	4221
5127	6792
5128	None
5129	7051
5130	3794
5131	None
5132	7213
5133	5388
5134	7567
5135	None
5136	4082
5137	7474
5138	5568
5139	7743
5140	6943
5141	7245
5142	4759
5143	6796
5144	7835
5145	None
5146	3921
5147	5720
5148	7149
5149	3739
5150	6965
5151	None
5152	None
5153	7232
5154	7019
5155	None
5156	7619
5157	None
5158	7075
5159	7185
5160	8427
5161	8020
5162	None
5163	None
5164	7406
5165	7163
5166	None
5167	None
5168	None
5169	None
5170	5148
5171	4962
5172	None
5173	5471
5174	5358
5175	6500
5176	4061
5177	None
5178	None
5179	7090
5180	None
5181	7238
5182	6996
5183	4826
5184	7050
5185	8070
5186	6935
5187	None
5188	7551
5189	3256
5190	8055
5191	3273
5192	5801
5193	4511
5194	None
5195	4750
5196	None
5197	4515
5198	8151
5199	5720
5200	7148
5201	5393
5202	7724
5203	7024
5204	None
5205	3418
5206	7390
5207	None
5208	8091
5209	7664
5210	3906
5211	4611
5212	7178
5213	7511
5214	None
5215	None
5216	5004
5217	4056
5218	7624
5219	None
5220	7857
5221	7556
5222	7337
5223	7434
5224	None
5225	7130
5226	None
5227	None
5228	None
5229	7103
5230	5560
5231	8487
5232	None
5233	7441
5234	None
5235	None
5236	4551
5237	None
5238	None
5239	7490
5240	None
5241	8170
5242	7268
5243	7708
5244	None
5245	None
5246	3881
5247	7656
5248	None
5249	4319
5250	5001
5251	6960
5252	4615
5253	7272
5254	None
5255	7110
5256	None
5257	5758
5258	7441
5259	None
5260	None
5261	None
5262	8108
5263	7147
5264	5720
5265	7269
5266	7866
5267	None
5268	4556
5269	None
5270	None
5271	7176
5272	6851
5273	5720
5274	None
5275	7877
5276	None
5277	7568
5278	7527
5279	4153
5280	7862
5281	None
5282	None
5283	7024
5284	None
5285	7638
5286	5352
5287	7609
5288	None
5289	7185
5290	3366
5291	4955
5292	7469
5293	None
5294	None
5295	3678
5296	None
5297	None
5298	7540
5299	7460
5300	None
5301	None
5302	7730
5303	7208
5304	None
5305	None
5306	7197
5307	None
5308	None
5309	6527
5310	6289
5311	7927
5312	3524
5313	8079
5314	None
5315	7774
5316	7463
5317	None
5318	7270
5319	7875
5320	None
5321	None
5322	None
5323	None
5324	None
5325	None
5326	5524
5327	8035
5328	7462
5329	7804
5330	None
5331	None
5332	8561
5333	None
5334	8110
5335	None
5336	None
5337	None
5338	4964
5339	4382
5340	7604
5341	7199
5342	7301
5343	3553
5344	None
5345	None
5346	7418
5347	None
5348	7785
5349	3841
5350	None
5351	4776
5352	None
5353	None
5354	None
5355	7492
5356	4139
5357	None
5358	5205
5359	5838
5360	None
5361	7416
5362	6927
5363	None
5364	None
5365	None
5366	None
5367	7850
5368	7129
5369	7322
5370	8647
5371	7469
5372	None
5373	None
5374	None
5375	None
5376	None
5377	5908
5378	7305
5379	8171
5380	6523
5381	7505
5382	6815
5383	8238
5384	None
5385	None
5386	6799
5387	None
5388	7253
5389	7534
5390	None
5391	None
5392	None
5393	None
5394	7360
5395	6799
5396	8503
5397	None
5398	7732
5399	7274
5400	8402
5401	None
5402	None
5403	None
5404	5838
5405	8522
5406	None
5407	None
5408	5304
5409	6530
5410	None
5411	None
5412	7942
5413	None
5414	4860
5415	None
5416	None
5417	None
5418	None
5419	None
5420	7491
5421	4887
5422	5423
5423	None
5424	None
5425	None
5426	None
5427	None
5428	7138
5429	None
5430	None
5431	7555
5432	8286
5433	7393
5434	None
5435	4379
5436	None
5437	7498
5438	None
5439	7480
5440	5125
5441	7309
5442	None
5443	None
5444	7507
5445	6553
5446	None
5447	3807
5448	7830
5449	7624
5450	None
5451	None
5452	8835
5453	None
5454	3763
5455	5282
5456	5457
5457	None
5458	None
5459	None
5460	7754
5461	None
5462	None
5463	None
5464	None
5465	None
5466	4794
5467	7627
5468	5412
5469	7538
5470	None
5471	None
5472	8931
5473	7391
5474	None
5475	None
5476	None
5477	8455
5478	None
5479	5438
5480	7386
5481	None
5482	None
5483	5477
5484	None
5485	None
5486	None
5487	7963
5488	None
5489	7453
5490	7418
5491	7495
5492	None
5493	7508
5494	None
5495	5148
5496	None
5497	None
5498	None
5499	None
5500	7778
5501	8716
5502	None
5503	None
5504	None
5505	None
5506	7671
5507	None
5508	None
5509	None
5510	5756
5511	None
5512	None
5513	7769
5514	7444
5515	None
5516	None
5517	7657
5518	None
5519	7703
5520	None
5521	8836
5522	None
5523	6589
5524	4479
5525	4360
5526	7346
5527	8616
5528	None
5529	None
5530	None
5531	None
5532	None
5533	None
5534	None
5535	None
5536	None
5537	None
5538	7848
5539	7848
5540	None
5541	8926
5542	7455
5543	5668
5544	7928
5545	7585
5546	7756
5547	8012
5548	None
5549	None
5550	None
5551	None
5552	None
5553	7428
5554	None
5555	None
5556	5295
5557	None
5558	None
5559	None
5560	7697
5561	None
5562	None
5563	None
5564	None
5565	None
5566	None
5567	None
5568	None
5569	8098
5570	None
5571	7624
5572	None
5573	6799
5574	None
5575	7665
5576	None
5577	7678
5578	None
5579	7379
5580	None
5581	None
5582	None
5583	None
5584	8128
5585	4714
5586	None
5587	None
5588	8012
5589	None
5590	None
5591	None
5592	5866
5593	None
5594	8018
5595	None
5596	None
5597	9088
5598	None
5599	8276
5600	4282
5601	None
5602	None
5603	None
5604	8454
5605	None
5606	None
5607	None
5608	7925
5609	None
5610	7550
5611	9092
5612	None
5613	None
5614	None
5615	None
5616	None
5617	None
5618	8079
5619	5350
5620	None
5621	None
5622	None
5623	4707
5624	None
5625	None
5626	None
5627	5843
5628	8470
5629	None
5630	8279
5631	None
5632	None
5633	7719
5634	8451
5635	None
5636	None
5637	7793
5638	None
5639	8767
5640	7520
5641	None
5642	None
5643	None
5644	None
5645	None
5646	7763
5647	None
5648	None
5649	None
5650	7728
5651	None
5652	None
5653	None
5654	4472
5655	None
5656	5644
5657	None
5658	None
5659	5190
5660	None
5661	None
5662	None
5663	7376
5664	None
5665	None
5666	None
5667	None
5668	None
5669	None
5670	None
5671	None
5672	None
5673	None
5674	9095
5675	7416
5676	8279
5677	None
5678	8299
5679	None
5680	7639
5681	8942
5682	None
5683	None
5684	None
5685	None
5686	4512
5687	None
5688	None
5689	7606
5690	None
5691	None
5692	None
5693	None
5694	None
5695	None
5696	None
5697	None
5698	None
5699	None
5700	None
5701	None
5702	None
5703	None
5704	None
5705	None
5706	None
5707	None
5708	None
5709	None
5710	None
5711	None
5712	None
5713	None
5714	None
5715	None
5716	None
5717	None
5718	None
5719	None
5720	None
5721	None
5722	None
5723	None
5724	None
5725	None
5726	None
5727	None
5728	None
5729	None
5730	None
5731	None
5732	None
5733	None
5734	None
5735	None
5736	None
5737	None
5738	None
5739	None
5740	None
5741	None
5742	None
5743	None
5744	None
5745	None
5746	None
5747	None
5748	None
5749	None
5750	None
5751	None
5752	None
5753	None
5754	None
5755	None
5756	None
5757	None
5758	None
5759	None
5760	None
5761	None
5762	None
5763	None
5764	None
5765	None
5766	None
5767	None
5768	None
5769	None
5770	None
5771	None
5772	None
5773	None
5774	None
5775	None
5776	None
5777	None
5778	None
5779	None
5780	None
5781	None
5782	None
5783	None
5784	None
5785	None
5786	None
5787	None
5788	None
5789	None
5790	None
5791	None
5792	None
5793	None
5794	None
5795	None
5796	None
5797	None
5798	None
5799	None
5800	None
5801	None
5802	None
5803	None
5804	None
5805	None
5806	None
5807	None
5808	None
5809	None
5810	None
5811	None
5812	None
5813	None
5814	None
5815	None
5816	None
5817	None
5818	None
5819	None
5820	None
5821	None
5822	None
5823	None
5824	None
5825	None
5826	None
5827	None
5828	None
5829	None
5830	None
5831	None
5832	None
5833	None
5834	None
5835	None
5836	None
5837	None
5838	None
5839	None
5840	None
5841	None
5842	None
5843	None
5844	None
5845	None
5846	None
5847	None
5848	None
5849	None
5850	None
5851	None
5852	None
5853	None
5854	None
5855	None
5856	None
5857	None
5858	None
5859	None
5860	None
5861	None
5862	None
5863	None
5864	None
5865	None
5866	None
5867	None
5868	None
5869	None
5870	None
5871	None
5872	None
5873	None
5874	None
5875	None
5876	None
5877	None
5878	None
5879	None
5880	None
5881	None
5882	None
5883	None
5884	None
5885	None
5886	None
5887	None
5888	None
5889	None
5890	None
5891	None
5892	None
5893	None
5894	None
5895	None
5896	None
5897	None
5898	None
5899	None
5900	None
5901	None
5902	None
5903	None
5904	None
5905	None
5906	None
5907	None
5908	None
5909	None
5910	None
5911	None
5912	None
5913	None
5914	None
5915	None
5916	None
5917	None
5918	None
5919	None
5920	None
5921	None
5922	None
5923	None
5924	None
5925	None
5926	None
5927	None
5928	None
5929	None
5930	None
5931	None
5932	None
5933	None
5934	None
5935	None
5936	None
5937	None
5938	None
5939	None
5940	None
5941	None
5942	None
5943	None
5944	None
5945	None
5946	None
5947	None
5948	None
5949	None
5950	None
5951	None
5952	None
5953	None
5954	None
5955	None
5956	None
5957	None
5958	None
5959	None
5960	None
5961	None
5962	None
5963	None
5964	None
5965	None
5966	None
5967	None
5968	None
5969	None
5970	None
5971	None
5972	None
5973	None
5974	None
5975	None
5976	None
5977	None
5978	None
5979	None
5980	None
5981	None
5982	None
5983	None
5984	None
5985	None
5986	None
5987	None
5988	None
5989	None
5990	None
5991	None
5992	None
5993	None
5994	None
5995	None
5996	None
5997	None
5998	None
5999	None
6000	None
6001	None
6002	None
6003	None
6004	None
6005	None
6006	None
6007	None
6008	None
6009	None
6010	None
6011	None
6012	None
6013	None
6014	None
6015	None
6016	None
6017	None
6018	None
6019	None
6020	None
6021	None
6022	None
6023	None
6024	None
6025	None
6026	None
6027	None
6028	None
6029	None
6030	None
6031	None
6032	None
6033	None
6034	None
6035	None
6036	None
6037	None
6038	None
6039	None
6040	None
6041	None
6042	None
6043	None
6044	None
6045	None
6046	None
6047	None
6048	None
6049	None
6050	None
6051	None
6052	None
6053	None
6054	None
6055	None
6056	None
6057	None
6058	None
6059	None
6060	None
6061	None
6062	None
6063	None
6064	None
6065	None
6066	None
6067	None
6068	None
6069	None
6070	None
6071	None
6072	None
6073	None
6074	None
6075	None
6076	None
6077	None
6078	None
6079	None
6080	None
6081	None
6082	None
6083	None
6084	None
6085	None
6086	None
6087	None
6088	None
6089	None
6090	None
6091	None
6092	None
6093	None
6094	None
6095	None
6096	None
6097	None
6098	None
6099	None
6100	None
6101	None
6102	None
6103	None
6104	None
6105	None
6106	None
6107	None
6108	None
6109	None
6110	None
6111	None
6112	None
6113	None
6114	None
6115	None
6116	None
6117	None
6118	None
6119	None
6120	None
6121	None
6122	None
6123	None
6124	None
6125	None
6126	None
6127	None
6128	None
6129	None
6130	None
6131	None
6132	None
6133	None
6134	None
6135	None
6136	None
6137	None
6138	None
6139	None
6140	None
6141	None
6142	None
6143	None
6144	None
6145	None
6146	None
6147	None
6148	None
6149	None
6150	None
6151	None
6152	None
6153	None
6154	None
6155	None
6156	None
6157	None
6158	None
6159	None
6160	None
6161	None
6162	None
6163	None
6164	None
6165	None
6166	None
6167	None
6168	None
6169	None
6170	None
6171	None
6172	None
6173	None
6174	None
6175	None
6176	None
6177	None
6178	None
6179	None
6180	None
6181	None
6182	None
6183	None
6184	None
6185	None
6186	None
6187	None
6188	None
6189	None
6190	None
6191	None
6192	None
6193	None
6194	None
6195	None
6196	None
6197	None
6198	None
6199	None
6200	None
6201	None
6202	None
6203	None
6204	None
6205	None
6206	None
6207	None
6208	None
6209	None
6210	None
6211	None
6212	None
6213	None
6214	None
6215	None
6216	None
6217	None
6218	None
6219	None
6220	None
6221	None
6222	None
6223	None
6224	None
6225	None
6226	None
6227	None
6228	None
6229	None
6230	None
6231	None
6232	None
6233	None
6234	None
6235	None
6236	None
6237	None
6238	None
6239	None
6240	None
6241	None
6242	None
6243	None
6244	None
6245	None
6246	None
6247	None
6248	None
6249	None
6250	None
6251	None
6252	None
6253	None
6254	None
6255	None
6256	None
6257	None
6258	None
6259	None
6260	None
6261	None
6262	None
6263	None
6264	None
6265	None
6266	None
6267	None
6268	None
6269	None
6270	None
6271	None
6272	None
6273	None
6274	None
6275	None
6276	None
6277	None
6278	None
6279	None
6280	None
6281	None
6282	None
6283	None
6284	None
6285	None
6286	None
6287	None
6288	None
6289	None
6290	None
6291	None
6292	None
6293	None
6294	None
6295	None
6296	None
6297	None
6298	None
6299	None
6300	None
6301	None
6302	None
6303	None
6304	None
6305	None
6306	None
6307	None
6308	None
6309	None
6310	None
6311	None
6312	None
6313	None
6314	None
6315	None
6316	None
6317	None
6318	None
6319	None
6320	None
6321	None
6322	None
6323	None
6324	None
6325	None
6326	None
6327	None
6328	None
6329	None
6330	None
6331	None
6332	None
6333	None
6334	None
6335	None
6336	None
6337	None
6338	None
6339	None
6340	None
6341	None
6342	None
6343	None
6344	None
6345	None
6346	None
6347	None
6348	None
6349	None
6350	None
6351	None
6352	None
6353	None
6354	None
6355	None
6356	None
6357	None
6358	None
6359	None
6360	None
6361	None
6362	None
6363	None
6364	None
6365	None
6366	None
6367	None
6368	None
6369	None
6370	None
6371	None
6372	None
6373	None
6374	None
6375	None
6376	None
6377	None
6378	None
6379	None
6380	None
6381	None
6382	None
6383	None
6384	None
6385	None
6386	None
6387	None
6388	None
6389	None
6390	None
6391	None
6392	None
6393	None
6394	None
6395	None
6396	None
6397	None
6398	None
6399	None
6400	None
6401	None
6402	None
6403	None
6404	None
6405	None
6406	None
6407	None
6408	None
6409	None
6410	None
6411	None
6412	None
6413	None
6414	None
6415	None
6416	None
6417	None
6418	None
6419	None
6420	None
6421	None
6422	None
6423	None
6424	None
6425	None
6426	None
6427	None
6428	None
6429	None
6430	None
6431	None
6432	None
6433	None
6434	None
6435	None
6436	None
6437	None
6438	None
6439	None
6440	None
6441	None
6442	None
6443	None
6444	None
6445	None
6446	None
6447	None
6448	None
6449	None
6450	None
6451	None
6452	None
6453	None
6454	None
6455	None
6456	None
6457	None
6458	None
6459	None
6460	None
6461	None
6462	None
6463	None
6464	None
6465	None
6466	None
6467	None
6468	None
6469	None
6470	None
6471	None
6472	None
6473	None
6474	None
6475	None
6476	None
6477	None
6478	None
6479	None
6480	None
6481	None
6482	None
6483	None
6484	None
6485	None
6486	None
6487	None
6488	None
6489	None
6490	None
6491	None
6492	None
6493	None
6494	None
6495	None
6496	None
6497	None
6498	None
6499	None
6500	None
6501	None
6502	None
6503	None
6504	None
6505	None
6506	None
6507	None
6508	None
6509	None
6510	None
6511	None
6512	None
6513	None
6514	None
6515	None
6516	None
6517	None
6518	None
6519	None
6520	None
6521	None
6522	None
6523	None
6524	None
6525	None
6526	None
6527	None
6528	None
6529	None
6530	None
6531	None
6532	None
6533	None
6534	None
6535	None
6536	None
6537	None
6538	None
6539	None
6540	None
6541	None
6542	None
6543	None
6544	None
6545	None
6546	None
6547	None
6548	None
6549	None
6550	None
6551	None
6552	None
6553	None
6554	None
6555	None
6556	None
6557	None
6558	None
6559	None
6560	None
6561	None
6562	None
6563	None
6564	None
6565	None
6566	None
6567	None
6568	None
6569	None
6570	None
6571	None
6572	None
6573	None
6574	None
6575	None
6576	None
6577	None
6578	None
6579	None
6580	None
6581	None
6582	None
6583	None
6584	None
6585	None
6586	None
6587	None
6588	None
6589	None
6590	None
6591	None
6592	None
6593	None
6594	None
6595	None
6596	None
6597	None
6598	None
6599	None
6600	None
6601	None
6602	None
6603	None
6604	None
6605	None
6606	None
6607	None
6608	None
6609	None
6610	None
6611	None
6612	None
6613	None
6614	None
6615	None
6616	None
6617	None
6618	None
6619	None
6620	None
6621	None
6622	None
6623	None
6624	None
6625	None
6626	None
6627	None
6628	None
6629	None
6630	None
6631	None
6632	None
6633	None
6634	None
6635	None
6636	None
6637	None
6638	None
6639	None
6640	None
6641	None
6642	None
6643	None
6644	None
6645	None
6646	None
6647	None
6648	None
6649	None
6650	None
6651	None
6652	None
6653	None
6654	None
6655	None
6656	None
6657	None
6658	None
6659	None
6660	None
6661	None
6662	None
6663	None
6664	None
6665	None
6666	None
6667	None
6668	None
6669	None
6670	None
6671	None
6672	None
6673	None
6674	None
6675	None
6676	None
6677	None
6678	None
6679	None
6680	None
6681	None
6682	None
6683	None
6684	None
6685	None
6686	None
6687	None
6688	None
6689	None
6690	None
6691	None
6692	None
6693	None
6694	None
6695	None
6696	None
6697	None
6698	None
6699	None
6700	None
6701	None
6702	None
6703	None
6704	None
6705	None
6706	None
6707	None
6708	None
6709	None
6710	None
6711	None
6712	None
6713	None
6714	None
6715	None
6716	None
6717	None
6718	None
6719	None
6720	None
6721	None
6722	None
6723	None
6724	None
6725	None
6726	None
6727	None
6728	None
6729	None
6730	None
6731	None
6732	None
6733	None
6734	None
6735	None
6736	None
6737	None
6738	None
6739	None
6740	None
6741	None
6742	None
6743	None
6744	None
6745	None
6746	None
6747	None
6748	None
6749	None
6750	None
6751	None
6752	None
6753	None
6754	None
6755	None
6756	None
6757	None
6758	None
6759	None
6760	None
6761	None
6762	None
6763	None
6764	None
6765	None
6766	None
6767	None
6768	None
6769	None
6770	None
6771	None
6772	None
6773	None
6774	None
6775	None
6776	None
6777	None
6778	None
6779	None
6780	None
6781	None
6782	None
6783	None
6784	None
6785	None
6786	None
6787	None
6788	None
6789	None
6790	None
6791	None
6792	None
6793	None
6794	None
6795	None
6796	None
6797	None
6798	None
6799	None
6800	None
6801	None
6802	None
6803	None
6804	None
6805	None
6806	None
6807	None
6808	None
6809	None
6810	None
6811	None
6812	None
6813	None
6814	None
6815	None
6816	None
6817	None
6818	None
6819	None
6820	None
6821	None
6822	None
6823	None
6824	None
6825	None
6826	None
6827	None
6828	None
6829	None
6830	None
6831	None
6832	None
6833	None
6834	None
6835	None
6836	None
6837	None
6838	None
6839	None
6840	None
6841	None
6842	None
6843	None
6844	None
6845	None
6846	None
6847	None
6848	None
6849	None
6850	None
6851	None
6852	None
6853	None
6854	None
6855	None
6856	None
6857	None
6858	None
6859	None
6860	None
6861	None
6862	None
6863	None
6864	None
6865	None
6866	None
6867	None
6868	None
6869	None
6870	None
6871	None
6872	None
6873	None
6874	None
6875	None
6876	None
6877	None
6878	None
6879	None
6880	None
6881	None
6882	None
6883	None
6884	None
6885	None
6886	None
6887	None
6888	None
6889	None
6890	None
6891	None
6892	None
6893	None
6894	None
6895	None
6896	None
6897	None
6898	None
6899	None
6900	None
6901	None
6902	None
6903	None
6904	None
6905	None
6906	None
6907	None
6908	None
6909	None
6910	None
6911	None
6912	None
6913	None
6914	None
6915	None
6916	None
6917	None
6918	None
6919	None
6920	None
6921	None
6922	None
6923	None
6924	None
6925	None
6926	None
6927	None
6928	None
6929	None
6930	None
6931	None
6932	None
6933	None
6934	None
6935	None
6936	None
6937	None
6938	None
6939	None
6940	None
6941	None
6942	None
6943	None
6944	None
6945	None
6946	None
6947	None
6948	None
6949	None
6950	None
6951	None
6952	None
6953	None
6954	None
6955	None
6956	None
6957	None
6958	None
6959	None
6960	None
6961	None
6962	None
6963	None
6964	None
6965	None
6966	None
6967	None
6968	None
6969	None
6970	None
6971	None
6972	None
6973	None
6974	None
6975	None
6976	None
6977	None
6978	None
6979	None
6980	None
6981	None
6982	None
6983	None
6984	None
6985	None
6986	None
6987	None
6988	None
6989	None
6990	None
6991	None
6992	None
6993	None
6994	None
6995	None
6996	None
6997	None
6998	None
6999	None
7000	None
7001	None
7002	None
7003	None
7004	None
7005	None
7006	None
7007	None
7008	None
7009	None
7010	None
7011	None
7012	None
7013	None
7014	None
7015	None
7016	None
7017	None
7018	None
7019	None
7020	None
7021	None
7022	None
7023	None
7024	None
7025	None
7026	None
7027	None
7028	None
7029	None
7030	None
7031	None
7032	None
7033	None
7034	None
7035	None
7036	None
7037	None
7038	None
7039	None
7040	None
7041	None
7042	None
7043	None
7044	None
7045	None
7046	None
7047	None
7048	None
7049	None
7050	None
7051	None
7052	None
7053	None
7054	None
7055	None
7056	None
7057	None
7058	None
7059	None
7060	None
7061	None
7062	None
7063	None
7064	None
7065	None
7066	None
7067	None
7068	None
7069	None
7070	None
7071	None
7072	None
7073	None
7074	None
7075	None
7076	None
7077	None
7078	None
7079	None
7080	None
7081	None
7082	None
7083	None
7084	None
7085	None
7086	None
7087	None
7088	None
7089	None
7090	None
7091	None
7092	None
7093	None
7094	None
7095	None
7096	None
7097	None
7098	None
7099	None
7100	None
7101	None
7102	None
7103	None
7104	None
7105	None
7106	None
7107	None
7108	None
7109	None
7110	None
7111	None
7112	None
7113	None
7114	None
7115	None
7116	None
7117	None
7118	None
7119	None
7120	None
7121	None
7122	None
7123	None
7124	None
7125	None
7126	None
7127	None
7128	None
7129	None
7130	None
7131	None
7132	None
7133	None
7134	None
7135	None
7136	None
7137	None
7138	None
7139	None
7140	None
7141	None
7142	None
7143	None
7144	None
7145	None
7146	None
7147	None
7148	None
7149	None
7150	None
7151	None
7152	None
7153	None
7154	None
7155	None
7156	None
7157	None
7158	None
7159	None
7160	None
7161	None
7162	None
7163	None
7164	None
7165	None
7166	None
7167	None
7168	None
7169	None
7170	None
7171	None
7172	None
7173	None
7174	None
7175	None
7176	None
7177	None
7178	None
7179	None
7180	None
7181	None
7182	None
7183	None
7184	None
7185	None
7186	None
7187	None
7188	None
7189	None
7190	None
7191	None
7192	None
7193	None
7194	None
7195	None
7196	None
7197	None
7198	None
7199	None
7200	None
7201	None
7202	None
7203	None
7204	None
7205	None
7206	None
7207	None
7208	None
7209	None
7210	None
7211	None
7212	None
7213	None
7214	None
7215	None
7216	None
7217	None
7218	None
7219	None
7220	None
7221	None
7222	None
7223	None
7224	None
7225	None
7226	None
7227	None
7228	None
7229	None
7230	None
7231	None
7232	None
7233	None
7234	None
7235	None
7236	None
7237	None
7238	None
7239	None
7240	None
7241	None
7242	None
7243	None
7244	None
7245	None
7246	None
7247	None
7248	None
7249	None
7250	None
7251	None
7252	None
7253	None
7254	None
7255	None
7256	None
7257	None
7258	None
7259	None
7260	None
7261	None
7262	None
7263	None
7264	None
7265	None
7266	None
7267	None
7268	None
7269	None
7270	None
7271	None
7272	None
7273	None
7274	None
7275	None
7276	None
7277	None
7278	None
7279	None
7280	None
7281	None
7282	None
7283	None
7284	None
7285	None
7286	None
7287	None
7288	None
7289	None
7290	None
7291	None
7292	None
7293	None
7294	None
7295	None
7296	None
7297	None
7298	None
7299	None
7300	None
7301	None
7302	None
7303	None
7304	None
7305	None
7306	None
7307	None
7308	None
7309	None
7310	None
7311	None
7312	None
7313	None
7314	None
7315	None
7316	None
7317	None
7318	None
7319	None
7320	None
7321	None
7322	None
7323	None
7324	None
7325	None
7326	None
7327	None
7328	None
7329	None
7330	None
7331	None
7332	None
7333	None
7334	None
7335	None
7336	None
7337	None
7338	None
7339	None
7340	None
7341	None
7342	None
7343	None
7344	None
7345	None
7346	None
7347	None
7348	None
7349	None
7350	None
7351	None
7352	None
7353	None
7354	None
7355	None
7356	None
7357	None
7358	None
7359	None
7360	None
7361	None
7362	None
7363	None
7364	None
7365	None
7366	None
7367	None
7368	None
7369	None
7370	None
7371	None
7372	None
7373	None
7374	None
7375	None
7376	None
7377	None
7378	None
7379	None
7380	None
7381	None
7382	None
7383	None
7384	None
7385	None
7386	None
7387	None
7388	None
7389	None
7390	None
7391	None
7392	None
7393	None
7394	None
7395	None
7396	None
7397	None
7398	None
7399	None
7400	None
7401	None
7402	None
7403	None
7404	None
7405	None
7406	None
7407	None
7408	None
7409	None
7410	None
7411	None
7412	None
7413	None
7414	None
7415	None
7416	None
7417	None
7418	None
7419	None
7420	None
7421	None
7422	None
7423	None
7424	None
7425	None
7426	None
7427	None
7428	None
7429	None
7430	None
7431	None
7432	None
7433	None
7434	None
7435	None
7436	None
7437	None
7438	None
7439	None
7440	None
7441	None
7442	None
7443	None
7444	None
7445	None
7446	None
7447	None
7448	None
7449	None
7450	None
7451	None
7452	None
7453	None
7454	None
7455	None
7456	None
7457	None
7458	None
7459	None
7460	None
7461	None
7462	None
7463	None
7464	None
7465	None
7466	None
7467	None
7468	None
7469	None
7470	None
7471	None
7472	None
7473	None
7474	None
7475	None
7476	None
7477	None
7478	None
7479	None
7480	None
7481	None
7482	None
7483	None
7484	None
7485	None
7486	None
7487	None
7488	None
7489	None
7490	None
7491	None
7492	None
7493	None
7494	None
7495	None
7496	None
7497	None
7498	None
7499	None
7500	None
7501	None
7502	None
7503	None
7504	None
7505	None
7506	None
7507	None
7508	None
7509	None
7510	None
7511	None
7512	None
7513	None
7514	None
7515	None
7516	None
7517	None
7518	None
7519	None
7520	None
7521	None
7522	None
7523	None
7524	None
7525	None
7526	None
7527	None
7528	None
7529	None
7530	None
7531	None
7532	None
7533	None
7534	None
7535	None
7536	None
7537	None
7538	None
7539	None
7540	None
7541	None
7542	None
7543	None
7544	None
7545	None
7546	None
7547	None
7548	None
7549	None
7550	None
7551	None
7552	None
7553	None
7554	None
7555	None
7556	None
7557	None
7558	None
7559	None
7560	None
7561	None
7562	None
7563	None
7564	None
7565	None
7566	None
7567	None
7568	None
7569	None
7570	None
7571	None
7572	None
7573	None
7574	None
7575	None
7576	None
7577	None
7578	None
7579	None
7580	None
7581	None
7582	None
7583	None
7584	None
7585	None
7586	None
7587	None
7588	None
7589	None
7590	None
7591	None
7592	None
7593	None
7594	None
7595	None
7596	None
7597	None
7598	None
7599	None
7600	None
7601	None
7602	None
7603	None
7604	None
7605	None
7606	None
7607	None
7608	None
7609	None
7610	None
7611	None
7612	None
7613	None
7614	None
7615	None
7616	None
7617	None
7618	None
7619	None
7620	None
7621	None
7622	None
7623	None
7624	None
7625	None
7626	None
7627	None
7628	None
7629	None
7630	None
7631	None
7632	None
7633	None
7634	None
7635	None
7636	None
7637	None
7638	None
7639	None
7640	None
7641	None
7642	None
7643	None
7644	None
7645	None
7646	None
7647	None
7648	None
7649	None
7650	None
7651	None
7652	None
7653	None
7654	None
7655	None
7656	None
7657	None
7658	None
7659	None
7660	None
7661	None
7662	None
7663	None
7664	None
7665	None
7666	None
7667	None
7668	None
7669	None
7670	None
7671	None
7672	None
7673	None
7674	None
7675	None
7676	None
7677	None
7678	None
7679	None
7680	None
7681	None
7682	None
7683	None
7684	None
7685	None
7686	None
7687	None
7688	None
7689	None
7690	None
7691	None
7692	None
7693	None
7694	None
7695	None
7696	None
7697	None
7698	None
7699	None
7700	None
7701	None
7702	None
7703	None
7704	None
7705	None
7706	None
7707	None
7708	None
7709	None
7710	None
7711	None
7712	None
7713	None
7714	None
7715	None
7716	None
7717	None
7718	None
7719	None
7720	None
7721	None
7722	None
7723	None
7724	None
7725	None
7726	None
7727	None
7728	None
7729	None
7730	None
7731	None
7732	None
7733	None
7734	None
7735	None
7736	None
7737	None
7738	None
7739	None
7740	None
7741	None
7742	None
7743	None
7744	None
7745	None
7746	None
7747	None
7748	None
7749	None
7750	None
7751	None
7752	None
7753	None
7754	None
7755	None
7756	None
7757	None
7758	None
7759	None
7760	None
7761	None
7762	None
7763	None
7764	None
7765	None
7766	None
7767	None
7768	None
7769	None
7770	None
7771	None
7772	None
7773	None
7774	None
7775	None
7776	None
7777	None
7778	None
7779	None
7780	None
7781	None
7782	None
7783	None
7784	None
7785	None
7786	None
7787	None
7788	None
7789	None
7790	None
7791	None
7792	None
7793	None
7794	None
7795	None
7796	None
7797	None
7798	None
7799	None
7800	None
7801	None
7802	None
7803	None
7804	None
7805	None
7806	None
7807	None
7808	None
7809	None
7810	None
7811	None
7812	None
7813	None
7814	None
7815	None
7816	None
7817	None
7818	None
7819	None
7820	None
7821	None
7822	None
7823	None
7824	None
7825	None
7826	None
7827	None
7828	None
7829	None
7830	None
7831	None
7832	None
7833	None
7834	None
7835	None
7836	None
7837	None
7838	None
7839	None
7840	None
7841	None
7842	None
7843	None
7844	None
7845	None
7846	None
7847	None
7848	None
7849	None
7850	None
7851	None
7852	None
7853	None
7854	None
7855	None
7856	None
7857	None
7858	None
7859	None
7860	None
7861	None
7862	None
7863	None
7864	None
7865	None
7866	None
7867	None
7868	None
7869	None
7870	None
7871	None
7872	None
7873	None
7874	None
7875	None
7876	None
7877	None
7878	None
7879	None
7880	None
7881	None
7882	None
7883	None
7884	None
7885	None
7886	None
7887	None
7888	None
7889	None
7890	None
7891	None
7892	None
7893	None
7894	None
7895	None
7896	None
7897	None
7898	None
7899	None
7900	None
7901	None
7902	None
7903	None
7904	None
7905	None
7906	None
7907	None
7908	None
7909	None
7910	None
7911	None
7912	None
7913	None
7914	None
7915	None
7916	None
7917	None
7918	None
7919	None
7920	None
7921	None
7922	None
7923	None
7924	None
7925	None
7926	None
7927	None
7928	None
7929	None
7930	None
7931	None
7932	None
7933	None
7934	None
7935	None
7936	None
7937	None
7938	None
7939	None
7940	None
7941	None
7942	None
7943	None
7944	None
7945	None
7946	None
7947	None
7948	None
7949	None
7950	None
7951	None
7952	None
7953	None
7954	None
7955	None
7956	None
7957	None
7958	None
7959	None
7960	None
7961	None
7962	None
7963	None
7964	None
7965	None
7966	None
7967	None
7968	None
7969	None
7970	None
7971	None
7972	None
7973	None
7974	None
7975	None
7976	None
7977	None
7978	None
7979	None
7980	None
7981	None
7982	None
7983	None
7984	None
7985	None
7986	None
7987	None
7988	None
7989	None
7990	None
7991	None
7992	None
7993	None
7994	None
7995	None
7996	None
7997	None
7998	None
7999	None
8000	None
8001	None
8002	None
8003	None
8004	None
8005	None
8006	None
8007	None
8008	None
8009	None
8010	None
8011	None
8012	None
8013	None
8014	None
8015	None
8016	None
8017	None
8018	None
8019	None
8020	None
8021	None
8022	None
8023	None
8024	None
8025	None
8026	None
8027	None
8028	None
8029	None
8030	None
8031	None
8032	None
8033	None
8034	None
8035	None
8036	None
8037	None
8038	None
8039	None
8040	None
8041	None
8042	None
8043	None
8044	None
8045	None
8046	None
8047	None
8048	None
8049	None
8050	None
8051	None
8052	None
8053	None
8054	None
8055	None
8056	None
8057	None
8058	None
8059	None
8060	None
8061	None
8062	None
8063	None
8064	None
8065	None
8066	None
8067	None
8068	None
8069	None
8070	None
8071	None
8072	None
8073	None
8074	None
8075	None
8076	None
8077	None
8078	None
8079	None
8080	None
8081	None
8082	None
8083	None
8084	None
8085	None
8086	None
8087	None
8088	None
8089	None
8090	None
8091	None
8092	None
8093	None
8094	None
8095	None
8096	None
8097	None
8098	None
8099	None
8100	None
8101	None
8102	None
8103	None
8104	None
8105	None
8106	None
8107	None
8108	None
8109	None
8110	None
8111	None
8112	None
8113	None
8114	None
8115	None
8116	None
8117	None
8118	None
8119	None
8120	None
8121	None
8122	None
8123	None
8124	None
8125	None
8126	None
8127	None
8128	None
8129	None
8130	None
8131	None
8132	None
8133	None
8134	None
8135	None
8136	None
8137	None
8138	None
8139	None
8140	None
8141	None
8142	None
8143	None
8144	None
8145	None
8146	None
8147	None
8148	None
8149	None
8150	None
8151	None
8152	None
8153	None
8154	None
8155	None
8156	None
8157	None
8158	None
8159	None
8160	None
8161	None
8162	None
8163	None
8164	None
8165	None
8166	None
8167	None
8168	None
8169	None
8170	None
8171	None
8172	None
8173	None
8174	None
8175	None
8176	None
8177	None
8178	None
8179	None
8180	None
8181	None
8182	None
8183	None
8184	None
8185	None
8186	None
8187	None
8188	None
8189	None
8190	None
8191	None
8192	None
8193	None
8194	None
8195	None
8196	None
8197	None
8198	None
8199	None
8200	None
8201	None
8202	None
8203	None
8204	None
8205	None
8206	None
8207	None
8208	None
8209	None
8210	None
8211	None
8212	None
8213	None
8214	None
8215	None
8216	None
8217	None
8218	None
8219	None
8220	None
8221	None
8222	None
8223	None
8224	None
8225	None
8226	None
8227	None
8228	None
8229	None
8230	None
8231	None
8232	None
8233	None
8234	None
8235	None
8236	None
8237	None
8238	None
8239	None
8240	None
8241	None
8242	None
8243	None
8244	None
8245	None
8246	None
8247	None
8248	None
8249	None
8250	None
8251	None
8252	None
8253	None
8254	None
8255	None
8256	None
8257	None
8258	None
8259	None
8260	None
8261	None
8262	None
8263	None
8264	None
8265	None
8266	None
8267	None
8268	None
8269	None
8270	None
8271	None
8272	None
8273	None
8274	None
8275	None
8276	None
8277	None
8278	None
8279	None
8280	None
8281	None
8282	None
8283	None
8284	None
8285	None
8286	None
8287	None
8288	None
8289	None
8290	None
8291	None
8292	None
8293	None
8294	None
8295	None
8296	None
8297	None
8298	None
8299	None
8300	None
8301	None
8302	None
8303	None
8304	None
8305	None
8306	None
8307	None
8308	None
8309	None
8310	None
8311	None
8312	None
8313	None
8314	None
8315	None
8316	None
8317	None
8318	None
8319	None
8320	None
8321	None
8322	None
8323	None
8324	None
8325	None
8326	None
8327	None
8328	None
8329	None
8330	None
8331	None
8332	None
8333	None
8334	None
8335	None
8336	None
8337	None
8338	None
8339	None
8340	None
8341	None
8342	None
8343	None
8344	None
8345	None
8346	None
8347	None
8348	None
8349	None
8350	None
8351	None
8352	None
8353	None
8354	None
8355	None
8356	None
8357	None
8358	None
8359	None
8360	None
8361	None
8362	None
8363	None
8364	None
8365	None
8366	None
8367	None
8368	None
8369	None
8370	None
8371	None
8372	None
8373	None
8374	None
8375	None
8376	None
8377	None
8378	None
8379	None
8380	None
8381	None
8382	None
8383	None
8384	None
8385	None
8386	None
8387	None
8388	None
8389	None
8390	None
8391	None
8392	None
8393	None
8394	None
8395	None
8396	None
8397	None
8398	None
8399	None
8400	None
8401	None
8402	None
8403	None
8404	None
8405	None
8406	None
8407	None
8408	None
8409	None
8410	None
8411	None
8412	None
8413	None
8414	None
8415	None
8416	None
8417	None
8418	None
8419	None
8420	None
8421	None
8422	None
8423	None
8424	None
8425	None
8426	None
8427	None
8428	None
8429	None
8430	None
8431	None
8432	None
8433	None
8434	None
8435	None
8436	None
8437	None
8438	None
8439	None
8440	None
8441	None
8442	None
8443	None
8444	None
8445	None
8446	None
8447	None
8448	None
8449	None
8450	None
8451	None
8452	None
8453	None
8454	None
8455	None
8456	None
8457	None
8458	None
8459	None
8460	None
8461	None
8462	None
8463	None
8464	None
8465	None
8466	None
8467	None
8468	None
8469	None
8470	None
8471	None
8472	None
8473	None
8474	None
8475	None
8476	None
8477	None
8478	None
8479	None
8480	None
8481	None
8482	None
8483	None
8484	None
8485	None
8486	None
8487	None
8488	None
8489	None
8490	None
8491	None
8492	None
8493	None
8494	None
8495	None
8496	None
8497	None
8498	None
8499	None
8500	None
8501	None
8502	None
8503	None
8504	None
8505	None
8506	None
8507	None
8508	None
8509	None
8510	None
8511	None
8512	None
8513	None
8514	None
8515	None
8516	None
8517	None
8518	None
8519	None
8520	None
8521	None
8522	None
8523	None
8524	None
8525	None
8526	None
8527	None
8528	None
8529	None
8530	None
8531	None
8532	None
8533	None
8534	None
8535	None
8536	None
8537	None
8538	None
8539	None
8540	None
8541	None
8542	None
8543	None
8544	None
8545	None
8546	None
8547	None
8548	None
8549	None
8550	None
8551	None
8552	None
8553	None
8554	None
8555	None
8556	None
8557	None
8558	None
8559	None
8560	None
8561	None
8562	None
8563	None
8564	None
8565	None
8566	None
8567	None
8568	None
8569	None
8570	None
8571	None
8572	None
8573	None
8574	None
8575	None
8576	None
8577	None
8578	None
8579	None
8580	None
8581	None
8582	None
8583	None
8584	None
8585	None
8586	None
8587	None
8588	None
8589	None
8590	None
8591	None
8592	None
8593	None
8594	None
8595	None
8596	None
8597	None
8598	None
8599	None
8600	None
8601	None
8602	None
8603	None
8604	None
8605	None
8606	None
8607	None
8608	None
8609	None
8610	None
8611	None
8612	None
8613	None
8614	None
8615	None
8616	None
8617	None
8618	None
8619	None
8620	None
8621	None
8622	None
8623	None
8624	None
8625	None
8626	None
8627	None
8628	None
8629	None
8630	None
8631	None
8632	None
8633	None
8634	None
8635	None
8636	None
8637	None
8638	None
8639	None
8640	None
8641	None
8642	None
8643	None
8644	None
8645	None
8646	None
8647	None
8648	None
8649	None
8650	None
8651	None
8652	None
8653	None
8654	None
8655	None
8656	None
8657	None
8658	None
8659	None
8660	None
8661	None
8662	None
8663	None
8664	None
8665	None
8666	None
8667	None
8668	None
8669	None
8670	None
8671	None
8672	None
8673	None
8674	None
8675	None
8676	None
8677	None
8678	None
8679	None
8680	None
8681	None
8682	None
8683	None
8684	None
8685	None
8686	None
8687	None
8688	None
8689	None
8690	None
8691	None
8692	None
8693	None
8694	None
8695	None
8696	None
8697	None
8698	None
8699	None
8700	None
8701	None
8702	None
8703	None
8704	None
8705	None
8706	None
8707	None
8708	None
8709	None
8710	None
8711	None
8712	None
8713	None
8714	None
8715	None
8716	None
8717	None
8718	None
8719	None
8720	None
8721	None
8722	None
8723	None
8724	None
8725	None
8726	None
8727	None
8728	None
8729	None
8730	None
8731	None
8732	None
8733	None
8734	None
8735	None
8736	None
8737	None
8738	None
8739	None
8740	None
8741	None
8742	None
8743	None
8744	None
8745	None
8746	None
8747	None
8748	None
8749	None
8750	None
8751	None
8752	None
8753	None
8754	None
8755	None
8756	None
8757	None
8758	None
8759	None
8760	None
8761	None
8762	None
8763	None
8764	None
8765	None
8766	None
8767	None
8768	None
8769	None
8770	None
8771	None
8772	None
8773	None
8774	None
8775	None
8776	None
8777	None
8778	None
8779	None
8780	None
8781	None
8782	None
8783	None
8784	None
8785	None
