2597 matches
['halomatch.py', 'Runs/', 'LCDM_vanilla', 'SymA_cool_star_SN', '64', '.5', 'match_LCDM_vanilla_SymA_cool_star_SN']
LCDM_vanilla	SymA_cool_star_SN
0	0
1	1
2	2
3	3
4	5
5	7
6	6
7	21
8	9
9	11
10	21
11	13
12	8
13	12
14	14
15	15
16	16
17	17
18	20
19	18
20	19
21	24
22	25
23	29
24	23
25	27
26	22
27	26
28	31
29	39
30	32
31	30
32	33
33	35
34	38
35	36
36	40
37	37
38	None
39	42
40	46
41	28
42	41
43	34
44	44
45	52
46	49
47	55
48	48
49	47
50	50
51	51
52	64
53	58
54	57
55	43
56	54
57	61
58	53
59	60
60	73
61	78
62	66
63	127
64	65
65	59
66	68
67	83
68	85
69	80
70	81
71	79
72	56
73	75
74	88
75	82
76	69
77	70
78	98
79	62
80	74
81	102
82	94
83	72
84	97
85	95
86	87
87	103
88	71
89	91
90	116
91	96
92	106
93	107
94	63
95	99
96	111
97	93
98	115
99	100
100	133
101	105
102	77
103	76
104	121
105	92
106	104
107	84
108	122
109	134
110	139
111	153
112	114
113	182
114	110
115	118
116	158
117	152
118	132
119	117
120	138
121	300
122	None
123	129
124	130
125	183
126	131
127	140
128	101
129	146
130	172
131	179
132	109
133	170
134	171
135	120
136	141
137	203
138	137
139	176
140	113
141	149
142	187
143	135
144	151
145	186
146	214
147	180
148	261
149	197
150	477
151	178
152	174
153	175
154	202
155	119
156	188
157	145
158	177
159	216
160	166
161	184
162	212
163	207
164	112
165	190
166	124
167	225
168	189
169	173
170	217
171	192
172	143
173	144
174	227
175	123
176	156
177	108
178	168
179	160
180	247
181	250
182	252
183	399
184	223
185	406
186	229
187	226
188	142
189	162
190	280
191	196
192	165
193	319
194	161
195	263
196	232
197	185
198	239
199	424
200	224
201	245
202	233
203	198
204	157
205	235
206	295
207	181
208	205
209	270
210	381
211	262
212	213
213	984
214	379
215	242
216	312
217	231
218	267
219	220
220	264
221	386
222	340
223	287
224	155
225	258
226	298
227	784
228	128
229	271
230	418
231	164
232	288
233	346
234	323
235	320
236	1136
237	281
238	221
239	322
240	367
241	285
242	201
243	359
244	416
245	317
246	316
247	387
248	276
249	291
250	303
251	719
252	362
253	234
254	248
255	230
256	272
257	415
258	442
259	243
260	321
261	378
262	345
263	241
264	341
265	330
266	None
267	535
268	None
269	None
270	480
271	561
272	307
273	337
274	228
275	284
276	414
277	286
278	None
279	260
280	327
281	350
282	None
283	356
284	366
285	511
286	336
287	None
288	255
289	361
290	355
291	349
292	351
293	274
294	503
295	254
296	302
297	429
298	266
299	None
300	531
301	251
302	494
303	273
304	249
305	566
306	None
307	601
308	259
309	397
310	210
311	275
312	483
313	492
314	538
315	456
316	None
317	326
318	524
319	358
320	502
321	474
322	706
323	334
324	438
325	552
326	486
327	556
328	305
329	615
330	240
331	None
332	375
333	339
334	299
335	558
336	619
337	None
338	None
339	329
340	282
341	344
342	445
343	331
344	441
345	534
346	449
347	None
348	457
349	374
350	342
351	283
352	546
353	432
354	430
355	644
356	253
357	411
358	920
359	402
360	147
361	308
362	297
363	335
364	237
365	477
366	509
367	515
368	801
369	1060
370	1465
371	348
372	521
373	None
374	489
375	None
376	637
377	324
378	311
379	485
380	None
381	516
382	None
383	437
384	436
385	279
386	421
387	408
388	562
389	265
390	745
391	574
392	575
393	555
394	565
395	604
396	652
397	507
398	373
399	633
400	443
401	None
402	None
403	354
404	377
405	None
406	636
407	None
408	363
409	None
410	None
411	419
412	672
413	683
414	526
415	382
416	920
417	376
418	453
419	290
420	None
421	400
422	660
423	None
424	837
425	587
426	371
427	496
428	None
429	None
430	580
431	466
432	None
433	1198
434	711
435	641
436	None
437	497
438	827
439	None
440	357
441	690
442	407
443	593
444	871
445	380
446	945
447	391
448	None
449	None
450	325
451	533
452	None
453	464
454	394
455	557
456	None
457	389
458	447
459	981
460	598
461	692
462	454
463	440
464	865
465	372
466	403
467	222
468	417
469	None
470	669
471	724
472	493
473	450
474	None
475	554
476	390
477	508
478	None
479	431
480	573
481	930
482	None
483	257
484	460
485	478
486	395
487	671
488	None
489	519
490	435
491	803
492	1007
493	428
494	1575
495	1003
496	None
497	470
498	None
499	None
500	None
501	None
502	1044
503	None
504	482
505	488
506	452
507	564
508	None
509	None
510	None
511	656
512	621
513	462
514	None
515	666
516	None
517	423
518	689
519	None
520	444
521	None
522	None
523	None
524	None
525	548
526	None
527	None
528	843
529	None
530	560
531	942
532	1465
533	None
534	595
535	1589
536	None
537	None
538	629
539	520
540	751
541	None
542	None
543	None
544	1521
545	None
546	635
547	1460
548	None
549	463
550	938
551	None
552	None
553	620
554	None
555	594
556	732
557	None
558	None
559	529
560	None
561	None
562	592
563	768
564	542
565	None
566	693
567	769
568	1083
569	None
570	861
571	476
572	None
573	603
574	678
575	505
576	1785
577	611
578	726
579	605
580	697
581	None
582	778
583	728
584	630
585	1053
586	523
587	617
588	654
589	676
590	704
591	None
592	None
593	None
594	None
595	648
596	814
597	586
598	None
599	None
600	759
601	1007
602	883
603	None
604	512
605	None
606	571
607	589
608	1550
609	500
610	545
611	702
612	None
613	539
614	662
615	608
616	None
617	1950
618	790
619	None
620	None
621	705
622	675
623	739
624	None
625	734
626	536
627	810
628	None
629	1858
630	None
631	525
632	3133
633	668
634	848
635	None
636	None
637	813
638	825
639	540
640	1138
641	602
642	None
643	867
644	625
645	710
646	714
647	None
648	None
649	752
650	684
651	618
652	830
653	727
654	None
655	None
656	3054
657	550
658	634
659	None
660	845
661	723
662	657
663	691
664	1112
665	None
666	639
667	None
668	None
669	None
670	1088
671	996
672	3544
673	582
674	806
675	None
676	None
677	798
678	962
679	None
680	924
681	854
682	653
683	1323
684	731
685	788
686	None
687	596
688	None
689	746
690	None
691	797
692	547
693	784
694	638
695	None
696	1071
697	964
698	None
699	1145
700	None
701	None
702	1702
703	None
704	None
705	None
706	None
707	3302
708	792
709	None
710	960
711	1321
712	541
713	886
714	None
715	530
716	None
717	479
718	None
719	551
720	None
721	None
722	None
723	None
724	891
725	833
726	None
727	740
728	None
729	829
730	None
731	772
732	None
733	887
734	786
735	948
736	None
737	1336
738	688
739	None
740	None
741	805
742	None
743	None
744	1335
745	873
746	4569
747	896
748	None
749	747
750	1311
751	None
752	2458
753	None
754	None
755	None
756	1615
757	1513
758	771
759	1328
760	838
761	1039
762	None
763	None
764	3113
765	811
766	1159
767	None
768	None
769	1423
770	3192
771	None
772	1218
773	None
774	836
775	2015
776	815
777	None
778	700
779	None
780	None
781	None
782	None
783	1216
784	2195
785	973
786	863
787	860
788	773
789	None
790	1135
791	None
792	832
793	None
794	643
795	None
796	None
797	None
798	None
799	927
800	None
801	None
802	707
803	1048
804	None
805	914
806	1007
807	None
808	None
809	1162
810	3826
811	2135
812	None
813	1656
814	1194
815	None
816	673
817	None
818	None
819	1094
820	1167
821	1346
822	2115
823	None
824	760
825	None
826	919
827	None
828	859
829	647
830	1208
831	None
832	None
833	None
834	997
835	None
836	1132
837	None
838	1065
839	1292
840	1095
841	2524
842	None
843	1146
844	1163
845	1324
846	1248
847	3501
848	None
849	None
850	None
851	None
852	None
853	999
854	3653
855	910
856	862
857	1043
858	None
859	None
860	None
861	None
862	None
863	2173
864	None
865	1275
866	None
867	875
868	None
869	None
870	956
871	572
872	None
873	994
874	None
875	None
876	None
877	1511
878	None
879	None
880	1879
881	1164
882	1415
883	None
884	958
885	1188
886	1060
887	1012
888	None
889	2890
890	None
891	989
892	None
893	None
894	None
895	None
896	None
897	None
898	1166
899	None
900	None
901	1034
902	998
903	None
904	None
905	None
906	None
907	1327
908	2331
909	None
910	3400
911	None
912	None
913	None
914	None
915	3512
916	1545
917	1356
918	None
919	1240
920	None
921	None
922	None
923	1345
924	2995
925	None
926	1050
927	1080
928	2617
929	None
930	1160
931	1029
932	None
933	889
934	None
935	1607
936	3300
937	None
938	1921
939	None
940	None
941	3438
942	1289
943	2232
944	3950
945	None
946	1208
947	None
948	2135
949	None
950	None
951	1063
952	None
953	1221
954	None
955	None
956	1154
957	947
958	1030
959	1078
960	1406
961	3411
962	1016
963	1301
964	1326
965	None
966	None
967	None
968	None
969	1028
970	1873
971	1881
972	3331
973	None
974	892
975	None
976	None
977	1070
978	None
979	None
980	None
981	None
982	1908
983	None
984	2340
985	None
986	None
987	966
988	None
989	963
990	None
991	None
992	1436
993	None
994	1951
995	None
996	3534
997	None
998	None
999	2004
1000	None
1001	1899
1002	1011
1003	2160
1004	None
1005	1004
1006	2713
1007	1101
1008	2456
1009	1421
1010	None
1011	None
1012	1159
1013	None
1014	993
1015	None
1016	None
1017	1432
1018	None
1019	1265
1020	3545
1021	1639
1022	905
1023	682
1024	None
1025	1494
1026	1351
1027	1724
1028	None
1029	None
1030	2673
1031	None
1032	None
1033	None
1034	2674
1035	2817
1036	3509
1037	None
1038	None
1039	1150
1040	1833
1041	None
1042	None
1043	1192
1044	1779
1045	1146
1046	1552
1047	None
1048	1235
1049	None
1050	2542
1051	1626
1052	None
1053	3543
1054	1328
1055	1156
1056	1892
1057	None
1058	None
1059	None
1060	None
1061	None
1062	1546
1063	None
1064	2051
1065	2232
1066	None
1067	None
1068	3549
1069	982
1070	None
1071	None
1072	None
1073	1483
1074	1659
1075	1167
1076	1042
1077	None
1078	None
1079	1142
1080	2670
1081	1251
1082	1185
1083	None
1084	None
1085	2363
1086	None
1087	1948
1088	None
1089	2868
1090	5432
1091	1316
1092	1449
1093	650
1094	None
1095	None
1096	None
1097	None
1098	1745
1099	1160
1100	None
1101	None
1102	None
1103	None
1104	None
1105	1374
1106	1174
1107	1296
1108	None
1109	1785
1110	None
1111	None
1112	None
1113	None
1114	1695
1115	None
1116	None
1117	1292
1118	None
1119	1677
1120	None
1121	1282
1122	None
1123	1958
1124	None
1125	1333
1126	1413
1127	3653
1128	None
1129	1665
1130	None
1131	None
1132	None
1133	2306
1134	None
1135	3949
1136	None
1137	1203
1138	None
1139	None
1140	None
1141	None
1142	None
1143	4558
1144	None
1145	None
1146	1941
1147	None
1148	None
1149	3867
1150	1060
1151	None
1152	None
1153	None
1154	None
1155	None
1156	None
1157	None
1158	2982
1159	3820
1160	None
1161	2283
1162	None
1163	None
1164	3422
1165	None
1166	1767
1167	3679
1168	None
1169	1404
1170	3009
1171	None
1172	None
1173	None
1174	None
1175	None
1176	None
1177	None
1178	None
1179	None
1180	None
1181	1412
1182	None
1183	None
1184	None
1185	None
1186	None
1187	None
1188	1271
1189	None
1190	None
1191	None
1192	None
1193	None
1194	None
1195	None
1196	None
1197	None
1198	2094
1199	1728
1200	1526
1201	None
1202	1748
1203	None
1204	2890
1205	None
1206	2027
1207	1622
1208	3091
1209	None
1210	1562
1211	None
1212	None
1213	3571
1214	None
1215	1284
1216	None
1217	None
1218	3901
1219	3627
1220	None
1221	None
1222	None
1223	2713
1224	None
1225	None
1226	None
1227	None
1228	1774
1229	None
1230	None
1231	None
1232	5432
1233	None
1234	3640
1235	None
1236	None
1237	3459
1238	None
1239	None
1240	3117
1241	1984
1242	2238
1243	None
1244	None
1245	2948
1246	None
1247	None
1248	None
1249	3718
1250	None
1251	None
1252	None
1253	None
1254	None
1255	None
1256	2700
1257	None
1258	None
1259	1930
1260	None
1261	None
1262	2791
1263	1389
1264	None
1265	1407
1266	None
1267	None
1268	None
1269	None
1270	None
1271	None
1272	None
1273	None
1274	None
1275	None
1276	None
1277	None
1278	None
1279	2912
1280	None
1281	2283
1282	None
1283	None
1284	None
1285	None
1286	1696
1287	2022
1288	1646
1289	1675
1290	None
1291	1735
1292	None
1293	None
1294	None
1295	1394
1296	None
1297	2927
1298	None
1299	1415
1300	None
1301	None
1302	2540
1303	None
1304	1714
1305	None
1306	None
1307	None
1308	None
1309	None
1310	None
1311	None
1312	1279
1313	None
1314	None
1315	1543
1316	None
1317	None
1318	3352
1319	2666
1320	None
1321	None
1322	None
1323	None
1324	None
1325	2595
1326	3645
1327	2313
1328	None
1329	1637
1330	3157
1331	None
1332	None
1333	None
1334	None
1335	None
1336	1483
1337	1761
1338	1560
1339	2659
1340	1666
1341	3062
1342	3491
1343	None
1344	None
1345	None
1346	None
1347	None
1348	1617
1349	1865
1350	1676
1351	1903
1352	None
1353	1722
1354	None
1355	None
1356	1779
1357	1947
1358	None
1359	1629
1360	3712
1361	1537
1362	None
1363	908
1364	None
1365	3653
1366	None
1367	None
1368	None
1369	None
1370	4127
1371	2106
1372	None
1373	1581
1374	3820
1375	1335
1376	1950
1377	1478
1378	1838
1379	3077
1380	2734
1381	None
1382	None
1383	None
1384	None
1385	None
1386	None
1387	None
1388	None
1389	None
1390	None
1391	None
1392	1519
1393	None
1394	None
1395	1775
1396	3001
1397	3895
1398	None
1399	None
1400	None
1401	None
1402	None
1403	None
1404	2860
1405	2527
1406	None
1407	None
1408	None
1409	None
1410	2095
1411	1708
1412	3358
1413	2591
1414	3847
1415	1539
1416	1522
1417	None
1418	3158
1419	None
1420	None
1421	2054
1422	None
1423	2063
1424	None
1425	None
1426	2022
1427	None
1428	3400
1429	None
1430	3999
1431	None
1432	2093
1433	1553
1434	None
1435	None
1436	None
1437	1674
1438	None
1439	1606
1440	None
1441	None
1442	None
1443	1961
1444	None
1445	None
1446	None
1447	1628
1448	4568
1449	None
1450	None
1451	2807
1452	None
1453	2083
1454	None
1455	3991
1456	None
1457	3209
1458	1837
1459	None
1460	3292
1461	None
1462	None
1463	1817
1464	2826
1465	None
1466	None
1467	1849
1468	2797
1469	3509
1470	1073
1471	1800
1472	2725
1473	3025
1474	None
1475	None
1476	2163
1477	None
1478	1860
1479	None
1480	3615
1481	984
1482	2114
1483	None
1484	None
1485	None
1486	1655
1487	None
1488	1619
1489	None
1490	1518
1491	None
1492	None
1493	None
1494	None
1495	3325
1496	None
1497	None
1498	None
1499	None
1500	None
1501	3879
1502	1759
1503	None
1504	None
1505	2439
1506	None
1507	None
1508	None
1509	1548
1510	2230
1511	1960
1512	None
1513	None
1514	3528
1515	None
1516	None
1517	None
1518	None
1519	None
1520	None
1521	2153
1522	3171
1523	2959
1524	None
1525	2608
1526	1124
1527	None
1528	None
1529	None
1530	None
1531	None
1532	1031
1533	None
1534	None
1535	None
1536	3582
1537	None
1538	None
1539	2270
1540	1650
1541	None
1542	None
1543	2076
1544	2544
1545	None
1546	None
1547	4243
1548	None
1549	None
1550	None
1551	None
1552	None
1553	None
1554	996
1555	2424
1556	None
1557	None
1558	1818
1559	None
1560	None
1561	None
1562	2047
1563	4241
1564	None
1565	3746
1566	504
1567	None
1568	3950
1569	3753
1570	None
1571	None
1572	2377
1573	None
1574	4228
1575	3483
1576	5280
1577	631
1578	None
1579	None
1580	3592
1581	2579
1582	None
1583	None
1584	None
1585	None
1586	None
1587	3306
1588	2225
1589	None
1590	None
1591	3375
1592	1878
1593	None
1594	1806
1595	None
1596	3063
1597	3616
1598	None
1599	3092
1600	2083
1601	None
1602	None
1603	None
1604	2762
1605	None
1606	2751
1607	None
1608	None
1609	1973
1610	None
1611	None
1612	2170
1613	729
1614	6594
1615	None
1616	1957
1617	2750
1618	2658
1619	None
1620	None
1621	None
1622	None
1623	3235
1624	3506
1625	None
1626	None
1627	3569
1628	2286
1629	2676
1630	None
1631	2573
1632	None
1633	3808
1634	None
1635	3099
1636	None
1637	None
1638	None
1639	3517
1640	3585
1641	None
1642	None
1643	2243
1644	3842
1645	None
1646	None
1647	943
1648	None
1649	None
1650	2409
1651	1783
1652	3991
1653	None
1654	3114
1655	None
1656	None
1657	None
1658	3510
1659	2036
1660	1953
1661	4558
1662	3293
1663	None
1664	1480
1665	2285
1666	1190
1667	None
1668	1943
1669	3392
1670	None
1671	2070
1672	3515
1673	None
1674	None
1675	None
1676	None
1677	None
1678	None
1679	None
1680	2274
1681	2029
1682	None
1683	2499
1684	None
1685	None
1686	None
1687	None
1688	4172
1689	None
1690	4124
1691	3287
1692	1816
1693	None
1694	None
1695	None
1696	None
1697	3734
1698	2641
1699	None
1700	None
1701	None
1702	None
1703	3544
1704	4056
1705	3466
1706	1704
1707	None
1708	None
1709	None
1710	2217
1711	2362
1712	3163
1713	None
1714	None
1715	2483
1716	1987
1717	None
1718	None
1719	None
1720	None
1721	None
1722	None
1723	None
1724	2336
1725	4560
1726	None
1727	None
1728	None
1729	None
1730	None
1731	None
1732	2891
1733	None
1734	None
1735	None
1736	None
1737	None
1738	None
1739	4064
1740	3746
1741	4840
1742	None
1743	None
1744	None
1745	None
1746	None
1747	4175
1748	None
1749	None
1750	2244
1751	3015
1752	2790
1753	None
1754	None
1755	None
1756	5089
1757	None
1758	2949
1759	3892
1760	None
1761	2147
1762	None
1763	2364
1764	None
1765	None
1766	None
1767	3509
1768	None
1769	3663
1770	None
1771	None
1772	None
1773	3718
1774	None
1775	None
1776	None
1777	4613
1778	None
1779	None
1780	None
1781	None
1782	4987
1783	None
1784	None
1785	None
1786	2125
1787	4754
1788	3606
1789	None
1790	None
1791	4203
1792	None
1793	None
1794	None
1795	3621
1796	3952
1797	1220
1798	None
1799	2814
1800	3904
1801	4478
1802	1516
1803	3545
1804	None
1805	3607
1806	None
1807	None
1808	None
1809	2935
1810	None
1811	6113
1812	3123
1813	None
1814	None
1815	None
1816	None
1817	None
1818	None
1819	4661
1820	None
1821	None
1822	None
1823	3791
1824	2475
1825	None
1826	2931
1827	None
1828	None
1829	None
1830	None
1831	None
1832	None
1833	None
1834	3256
1835	None
1836	2743
1837	None
1838	None
1839	None
1840	4270
1841	3670
1842	None
1843	None
1844	2028
1845	None
1846	None
1847	2632
1848	2960
1849	4856
1850	2429
1851	3452
1852	None
1853	3786
1854	2865
1855	None
1856	None
1857	2620
1858	None
1859	4004
1860	2568
1861	None
1862	2761
1863	None
1864	None
1865	3681
1866	3275
1867	3037
1868	None
1869	3719
1870	None
1871	None
1872	None
1873	None
1874	None
1875	2876
1876	2758
1877	None
1878	None
1879	2235
1880	None
1881	None
1882	3181
1883	None
1884	None
1885	2385
1886	None
1887	3819
1888	3691
1889	3450
1890	None
1891	2616
1892	6085
1893	None
1894	3823
1895	2187
1896	3598
1897	None
1898	None
1899	None
1900	None
1901	None
1902	None
1903	3282
1904	3909
1905	None
1906	None
1907	5352
1908	None
1909	4572
1910	None
1911	None
1912	4335
1913	3210
1914	1838
1915	None
1916	None
1917	2752
1918	None
1919	5210
1920	3865
1921	2879
1922	None
1923	None
1924	None
1925	None
1926	3507
1927	5521
1928	None
1929	None
1930	None
1931	None
1932	7072
1933	None
1934	5946
1935	4863
1936	4531
1937	None
1938	3314
1939	None
1940	4042
1941	None
1942	6690
1943	2045
1944	None
1945	None
1946	None
1947	None
1948	1673
1949	2873
1950	2976
1951	5554
1952	3857
1953	1910
1954	5332
1955	None
1956	4158
1957	2065
1958	None
1959	None
1960	None
1961	3470
1962	3657
1963	None
1964	3287
1965	4752
1966	4140
1967	None
1968	None
1969	None
1970	None
1971	None
1972	5934
1973	None
1974	4625
1975	None
1976	2582
1977	3694
1978	None
1979	4052
1980	3406
1981	2056
1982	None
1983	None
1984	None
1985	None
1986	None
1987	None
1988	4457
1989	None
1990	None
1991	1765
1992	3482
1993	961
1994	None
1995	None
1996	1580
1997	3729
1998	None
1999	None
2000	None
2001	None
2002	1617
2003	4691
2004	2291
2005	None
2006	3227
2007	1367
2008	None
2009	None
2010	1561
2011	None
2012	None
2013	5789
2014	3141
2015	3786
2016	None
2017	None
2018	None
2019	None
2020	4039
2021	4022
2022	None
2023	5212
2024	2845
2025	2882
2026	2540
2027	None
2028	None
2029	None
2030	4130
2031	None
2032	3711
2033	2730
2034	None
2035	3501
2036	3792
2037	None
2038	None
2039	3884
2040	None
2041	2899
2042	3915
2043	3032
2044	None
2045	1642
2046	None
2047	4823
2048	2490
2049	None
2050	4531
2051	None
2052	None
2053	5146
2054	None
2055	3782
2056	2826
2057	3817
2058	None
2059	None
2060	3878
2061	None
2062	7182
2063	None
2064	None
2065	3802
2066	None
2067	2761
2068	2562
2069	None
2070	5637
2071	None
2072	2433
2073	2154
2074	3974
2075	3881
2076	3273
2077	None
2078	5919
2079	3816
2080	3947
2081	None
2082	None
2083	3290
2084	None
2085	3374
2086	None
2087	1920
2088	None
2089	None
2090	3520
2091	4001
2092	3637
2093	None
2094	4280
2095	4217
2096	4912
2097	None
2098	None
2099	None
2100	2668
2101	None
2102	None
2103	4065
2104	6116
2105	3941
2106	None
2107	3944
2108	4063
2109	None
2110	None
2111	None
2112	None
2113	4153
2114	4112
2115	None
2116	None
2117	None
2118	None
2119	1498
2120	None
2121	4190
2122	5723
2123	4036
2124	None
2125	None
2126	4887
2127	2833
2128	3832
2129	None
2130	3951
2131	5256
2132	None
2133	3625
2134	2323
2135	4509
2136	None
2137	None
2138	4522
2139	None
2140	5341
2141	2603
2142	None
2143	None
2144	None
2145	4059
2146	2425
2147	2236
2148	3771
2149	None
2150	4186
2151	5306
2152	None
2153	3292
2154	3876
2155	2396
2156	3069
2157	5910
2158	None
2159	4026
2160	None
2161	3396
2162	1770
2163	3942
2164	None
2165	3325
2166	None
2167	2126
2168	None
2169	4039
2170	3238
2171	None
2172	6939
2173	None
2174	3280
2175	None
2176	None
2177	7473
2178	2352
2179	4070
2180	5121
2181	1841
2182	2817
2183	None
2184	None
2185	4015
2186	None
2187	2823
2188	None
2189	4238
2190	7638
2191	6976
2192	1741
2193	2918
2194	3217
2195	5947
2196	4080
2197	4092
2198	None
2199	5273
2200	4113
2201	None
2202	4097
2203	1259
2204	None
2205	None
2206	4189
2207	4220
2208	4601
2209	None
2210	3581
2211	4045
2212	None
2213	1685
2214	2367
2215	None
2216	3238
2217	2737
2218	3667
2219	2638
2220	None
2221	6319
2222	4077
2223	None
2224	None
2225	3008
2226	2869
2227	2975
2228	3018
2229	2013
2230	2453
2231	3391
2232	5628
2233	2378
2234	3594
2235	None
2236	6889
2237	None
2238	None
2239	4893
2240	None
2241	None
2242	None
2243	3113
2244	5118
2245	None
2246	4082
2247	3842
2248	4011
2249	None
2250	4457
2251	3441
2252	None
2253	None
2254	None
2255	3602
2256	None
2257	4297
2258	3570
2259	None
2260	None
2261	4841
2262	None
2263	2091
2264	2472
2265	None
2266	4887
2267	None
2268	2662
2269	4432
2270	3687
2271	2772
2272	3224
2273	2541
2274	3717
2275	3589
2276	3275
2277	None
2278	3618
2279	None
2280	5221
2281	2926
2282	None
2283	4406
2284	None
2285	5964
2286	2334
2287	None
2288	None
2289	3451
2290	None
2291	3488
2292	2332
2293	None
2294	None
2295	None
2296	None
2297	4307
2298	2251
2299	2396
2300	None
2301	3009
2302	None
2303	5428
2304	None
2305	None
2306	3982
2307	None
2308	None
2309	4333
2310	3239
2311	2651
2312	None
2313	None
2314	None
2315	None
2316	None
2317	None
2318	2046
2319	None
2320	None
2321	3113
2322	4668
2323	None
2324	4020
2325	2203
2326	None
2327	None
2328	None
2329	None
2330	None
2331	None
2332	3642
2333	None
2334	2668
2335	2671
2336	4618
2337	None
2338	4887
2339	3060
2340	None
2341	3806
2342	None
2343	None
2344	None
2345	None
2346	None
2347	4228
2348	None
2349	None
2350	3419
2351	None
2352	4284
2353	3636
2354	None
2355	None
2356	3619
2357	None
2358	3772
2359	2846
2360	None
2361	None
2362	None
2363	None
2364	None
2365	None
2366	None
2367	5059
2368	None
2369	None
2370	5387
2371	8131
2372	None
2373	5805
2374	None
2375	None
2376	3759
2377	1803
2378	None
2379	3150
2380	None
2381	3831
2382	None
2383	None
2384	None
2385	None
2386	3793
2387	None
2388	3519
2389	None
2390	3721
2391	None
2392	4536
2393	3800
2394	2288
2395	2186
2396	3432
2397	2662
2398	5531
2399	3746
2400	4568
2401	3931
2402	4590
2403	None
2404	3159
2405	None
2406	None
2407	None
2408	3656
2409	2659
2410	None
2411	None
2412	7557
2413	None
2414	6299
2415	None
2416	3587
2417	3975
2418	None
2419	None
2420	3532
2421	2471
2422	3896
2423	None
2424	None
2425	None
2426	None
2427	None
2428	None
2429	None
2430	2657
2431	4569
2432	None
2433	3185
2434	4123
2435	None
2436	None
2437	None
2438	3135
2439	None
2440	None
2441	4835
2442	None
2443	None
2444	None
2445	None
2446	None
2447	None
2448	None
2449	None
2450	None
2451	None
2452	4626
2453	6299
2454	None
2455	None
2456	None
2457	3283
2458	3444
2459	None
2460	5823
2461	None
2462	3704
2463	None
2464	None
2465	2254
2466	2661
2467	None
2468	3058
2469	None
2470	3804
2471	3750
2472	2582
2473	None
2474	3634
2475	None
2476	None
2477	None
2478	None
2479	3621
2480	2825
2481	None
2482	2513
2483	None
2484	5296
2485	None
2486	None
2487	None
2488	None
2489	3659
2490	None
2491	None
2492	4830
2493	3652
2494	None
2495	None
2496	3080
2497	2444
2498	None
2499	None
2500	None
2501	3446
2502	None
2503	None
2504	4465
2505	None
2506	3896
2507	None
2508	3726
2509	None
2510	None
2511	None
2512	None
2513	None
2514	None
2515	2749
2516	4800
2517	None
2518	3533
2519	None
2520	None
2521	None
2522	6747
2523	4391
2524	7497
2525	None
2526	None
2527	None
2528	None
2529	None
2530	None
2531	None
2532	3499
2533	None
2534	5212
2535	3578
2536	None
2537	None
2538	None
2539	4324
2540	4627
2541	None
2542	None
2543	7533
2544	2848
2545	None
2546	None
2547	7369
2548	None
2549	None
2550	None
2551	6999
2552	3725
2553	4046
2554	None
2555	3638
2556	None
2557	None
2558	2206
2559	5053
2560	4952
2561	4500
2562	None
2563	None
2564	None
2565	None
2566	3294
2567	None
2568	None
2569	3775
2570	3027
2571	None
2572	4279
2573	3997
2574	None
2575	None
2576	None
2577	None
2578	None
2579	3877
2580	None
2581	5614
2582	4324
2583	7720
2584	1636
2585	None
2586	2284
2587	None
2588	None
2589	2338
2590	4941
2591	5053
2592	4289
2593	4752
2594	None
2595	None
2596	None
2597	3968
2598	None
2599	3193
2600	3651
2601	None
2602	3767
2603	3037
2604	3700
2605	3124
2606	5954
2607	None
2608	4204
2609	None
2610	None
2611	3860
2612	5871
2613	None
2614	None
2615	3814
2616	2805
2617	3093
2618	None
2619	3973
2620	4432
2621	None
2622	5049
2623	None
2624	None
2625	None
2626	None
2627	2888
2628	5127
2629	None
2630	3762
2631	3529
2632	None
2633	None
2634	None
2635	None
2636	None
2637	None
2638	4465
2639	3295
2640	None
2641	3098
2642	None
2643	None
2644	None
2645	7156
2646	None
2647	None
2648	4444
2649	3104
2650	5821
2651	None
2652	4660
2653	None
2654	None
2655	3827
2656	3799
2657	None
2658	None
2659	None
2660	7321
2661	3550
2662	None
2663	5138
2664	4187
2665	None
2666	None
2667	None
2668	None
2669	3999
2670	None
2671	None
2672	2560
2673	None
2674	3148
2675	None
2676	None
2677	None
2678	6976
2679	None
2680	4182
2681	None
2682	None
2683	4948
2684	4220
2685	None
2686	3513
2687	None
2688	None
2689	5193
2690	3977
2691	4765
2692	None
2693	None
2694	None
2695	7181
2696	2991
2697	3773
2698	3203
2699	3242
2700	None
2701	3728
2702	None
2703	None
2704	None
2705	None
2706	3039
2707	7675
2708	2535
2709	3871
2710	5283
2711	None
2712	None
2713	None
2714	None
2715	None
2716	3891
2717	3735
2718	None
2719	3906
2720	3289
2721	None
2722	None
2723	4148
2724	3370
2725	4488
2726	None
2727	None
2728	None
2729	None
2730	None
2731	3805
2732	None
2733	3633
2734	5343
2735	None
2736	None
2737	5586
2738	None
2739	None
2740	None
2741	5950
2742	3772
2743	None
2744	3402
2745	4714
2746	None
2747	None
2748	None
2749	4692
2750	None
2751	3736
2752	3797
2753	None
2754	None
2755	3686
2756	None
2757	5607
2758	None
2759	3783
2760	3991
2761	3899
2762	3837
2763	3526
2764	None
2765	5212
2766	3599
2767	None
2768	None
2769	6711
2770	None
2771	None
2772	5053
2773	None
2774	None
2775	3877
2776	5100
2777	4966
2778	None
2779	None
2780	2210
2781	3013
2782	None
2783	3401
2784	None
2785	6299
2786	3710
2787	None
2788	None
2789	None
2790	2989
2791	None
2792	5613
2793	None
2794	4823
2795	5141
2796	4237
2797	None
2798	2919
2799	None
2800	None
2801	4511
2802	5511
2803	3833
2804	None
2805	6100
2806	3744
2807	5170
2808	None
2809	None
2810	None
2811	3819
2812	None
2813	7003
2814	3059
2815	3363
2816	None
2817	None
2818	None
2819	None
2820	3430
2821	4272
2822	3224
2823	3905
2824	6168
2825	None
2826	None
2827	None
2828	None
2829	3831
2830	4267
2831	None
2832	4722
2833	None
2834	3115
2835	2562
2836	None
2837	4268
2838	3828
2839	3202
2840	None
2841	None
2842	4431
2843	None
2844	5837
2845	None
2846	5502
2847	2879
2848	None
2849	None
2850	None
2851	5990
2852	None
2853	None
2854	6573
2855	None
2856	None
2857	4753
2858	None
2859	None
2860	None
2861	None
2862	None
2863	None
2864	4125
2865	None
2866	None
2867	None
2868	None
2869	3994
2870	None
2871	None
2872	3902
2873	None
2874	None
2875	3933
2876	None
2877	4095
2878	5074
2879	None
2880	None
2881	None
2882	3745
2883	4263
2884	None
2885	None
2886	None
2887	None
2888	3835
2889	None
2890	4212
2891	4952
2892	4340
2893	None
2894	None
2895	4747
2896	6200
2897	4996
2898	None
2899	6005
2900	3268
2901	3967
2902	4008
2903	6658
2904	None
2905	None
2906	None
2907	None
2908	3851
2909	None
2910	3105
2911	None
2912	None
2913	None
2914	None
2915	None
2916	None
2917	6807
2918	None
2919	None
2920	3356
2921	None
2922	None
2923	4834
2924	4250
2925	None
2926	5023
2927	None
2928	None
2929	3172
2930	3174
2931	None
2932	None
2933	4025
2934	4196
2935	None
2936	None
2937	None
2938	None
2939	None
2940	None
2941	5381
2942	None
2943	5184
2944	None
2945	5335
2946	None
2947	3132
2948	3382
2949	5784
2950	None
2951	None
2952	None
2953	4392
2954	4395
2955	None
2956	4317
2957	None
2958	4106
2959	None
2960	5570
2961	None
2962	None
2963	5465
2964	None
2965	None
2966	5386
2967	None
2968	None
2969	4710
2970	5340
2971	2521
2972	3319
2973	None
2974	None
2975	5393
2976	3969
2977	3353
2978	None
2979	None
2980	None
2981	6026
2982	None
2983	6205
2984	6037
2985	3497
2986	3356
2987	4119
2988	None
2989	3173
2990	None
2991	4946
2992	5726
2993	3239
2994	4120
2995	3989
2996	None
2997	None
2998	None
2999	3896
3000	None
3001	None
3002	None
3003	4160
3004	None
3005	5601
3006	5985
3007	None
3008	None
3009	None
3010	None
3011	None
3012	None
3013	None
3014	4438
3015	4375
3016	4884
3017	3946
3018	4298
3019	None
3020	None
3021	None
3022	None
3023	3817
3024	3311
3025	None
3026	None
3027	5223
3028	None
3029	None
3030	3995
3031	3182
3032	6055
3033	None
3034	None
3035	None
3036	None
3037	4138
3038	None
3039	None
3040	None
3041	None
3042	4641
3043	None
3044	None
3045	5048
3046	4850
3047	3779
3048	None
3049	4356
3050	4096
3051	3895
3052	None
3053	None
3054	4104
3055	None
3056	None
3057	None
3058	4509
3059	None
3060	3768
3061	4781
3062	None
3063	5624
3064	None
3065	None
3066	None
3067	2911
3068	4182
3069	4607
3070	4441
3071	4218
3072	None
3073	5369
3074	None
3075	None
3076	None
3077	5244
3078	None
3079	4338
3080	None
3081	2079
3082	None
3083	6402
3084	None
3085	4103
3086	None
3087	None
3088	None
3089	None
3090	3829
3091	None
3092	None
3093	None
3094	None
3095	None
3096	None
3097	None
3098	None
3099	None
3100	None
3101	7604
3102	3244
3103	None
3104	4704
3105	3979
3106	None
3107	None
3108	None
3109	None
3110	None
3111	None
3112	None
3113	None
3114	None
3115	4180
3116	None
3117	3307
3118	4322
3119	None
3120	None
3121	2481
3122	None
3123	None
3124	4116
3125	None
3126	None
3127	None
3128	None
3129	None
3130	None
3131	5220
3132	4023
3133	4909
3134	4422
3135	4146
3136	None
3137	None
3138	None
3139	None
3140	4713
3141	None
3142	None
3143	None
3144	5714
3145	6395
3146	None
3147	None
3148	None
3149	3445
3150	3713
3151	4736
3152	None
3153	3175
3154	3038
3155	6623
3156	None
3157	None
3158	None
3159	None
3160	None
3161	None
3162	None
3163	None
3164	None
3165	4500
3166	None
3167	None
3168	None
3169	5788
3170	4245
3171	5175
3172	5059
3173	5276
3174	None
3175	None
3176	8559
3177	5399
3178	4432
3179	5364
3180	3452
3181	None
3182	None
3183	None
3184	None
3185	None
3186	None
3187	None
3188	None
3189	None
3190	4359
3191	None
3192	None
3193	None
3194	7414
3195	None
3196	None
3197	None
3198	None
3199	None
3200	None
3201	4361
3202	4201
3203	5814
3204	None
3205	3276
3206	None
3207	4688
3208	None
3209	4038
3210	4194
3211	None
3212	None
3213	4505
3214	None
3215	3615
3216	5390
3217	2528
3218	3266
3219	4000
3220	3892
3221	8046
3222	4793
3223	None
3224	None
3225	4225
3226	None
3227	None
3228	7629
3229	None
3230	4948
3231	4778
3232	5209
3233	None
3234	4247
3235	None
3236	None
3237	None
3238	6859
3239	None
3240	7827
3241	5547
3242	None
3243	None
3244	8302
3245	None
3246	5676
3247	6378
3248	None
3249	None
3250	None
3251	None
3252	4965
3253	3883
3254	None
3255	3404
3256	6572
3257	None
3258	None
3259	None
3260	5890
3261	None
3262	3141
3263	3434
3264	5455
3265	6278
3266	None
3267	None
3268	None
3269	3464
3270	4252
3271	None
3272	4267
3273	4099
3274	3559
3275	6617
3276	7452
3277	5075
3278	None
3279	None
3280	4800
3281	None
3282	None
3283	None
3284	5885
3285	2996
3286	4260
3287	3308
3288	None
3289	8256
3290	None
3291	None
3292	5775
3293	None
3294	6455
3295	None
3296	None
3297	6539
3298	None
3299	None
3300	None
3301	4207
3302	5814
3303	None
3304	None
3305	None
3306	None
3307	3633
3308	None
3309	None
3310	None
3311	None
3312	None
3313	None
3314	5311
3315	5433
3316	None
3317	4809
3318	None
3319	None
3320	4177
3321	5371
3322	4236
3323	4575
3324	None
3325	7182
3326	4442
3327	6116
3328	7016
3329	None
3330	None
3331	None
3332	None
3333	3759
3334	3696
3335	None
3336	None
3337	None
3338	4713
3339	7497
3340	5848
3341	3314
3342	5132
3343	4983
3344	None
3345	None
3346	None
3347	None
3348	4166
3349	None
3350	None
3351	None
3352	5312
3353	4223
3354	None
3355	None
3356	None
3357	None
3358	None
3359	4914
3360	4109
3361	None
3362	None
3363	None
3364	None
3365	None
3366	4300
3367	5901
3368	3890
3369	3255
3370	None
3371	4343
3372	None
3373	3219
3374	4256
3375	None
3376	4129
3377	4423
3378	4385
3379	None
3380	None
3381	4179
3382	5656
3383	None
3384	None
3385	None
3386	8053
3387	2974
3388	4084
3389	5181
3390	4383
3391	None
3392	None
3393	None
3394	None
3395	None
3396	None
3397	None
3398	None
3399	None
3400	5513
3401	3305
3402	None
3403	6394
3404	4007
3405	4714
3406	None
3407	5347
3408	4508
3409	None
3410	None
3411	7134
3412	5138
3413	None
3414	None
3415	None
3416	None
3417	None
3418	4697
3419	2872
3420	6110
3421	None
3422	None
3423	None
3424	None
3425	None
3426	None
3427	None
3428	None
3429	None
3430	None
3431	None
3432	None
3433	None
3434	2327
3435	None
3436	4894
3437	None
3438	None
3439	3749
3440	None
3441	4496
3442	None
3443	4275
3444	7354
3445	5718
3446	None
3447	5632
3448	None
3449	None
3450	6536
3451	5279
3452	4309
3453	6086
3454	4337
3455	None
3456	5415
3457	3393
3458	None
3459	8268
3460	None
3461	None
3462	None
3463	None
3464	None
3465	3478
3466	5529
3467	None
3468	None
3469	5961
3470	None
3471	6551
3472	None
3473	4308
3474	None
3475	None
3476	4889
3477	5184
3478	None
3479	None
3480	6102
3481	2065
3482	4856
3483	4702
3484	None
3485	None
3486	None
3487	3304
3488	4408
3489	5927
3490	None
3491	6825
3492	6119
3493	None
3494	None
3495	4498
3496	None
3497	4433
3498	None
3499	None
3500	3215
3501	4527
3502	8571
3503	None
3504	None
3505	4627
3506	4886
3507	6217
3508	4230
3509	4427
3510	None
3511	None
3512	8533
3513	None
3514	5498
3515	5068
3516	None
3517	5017
3518	None
3519	7674
3520	4488
3521	4439
3522	5882
3523	4211
3524	None
3525	None
3526	4817
3527	None
3528	5427
3529	3481
3530	4540
3531	None
3532	None
3533	None
3534	None
3535	None
3536	3249
3537	None
3538	None
3539	None
3540	None
3541	None
3542	3960
3543	3986
3544	None
3545	None
3546	None
3547	4072
3548	3926
3549	3713
3550	4604
3551	5479
3552	None
3553	4606
3554	None
3555	4404
3556	4448
3557	4635
3558	4344
3559	4700
3560	6466
3561	None
3562	None
3563	5051
3564	None
3565	6297
3566	None
3567	None
3568	4014
3569	5268
3570	4532
3571	6180
3572	7581
3573	None
3574	8412
3575	4511
3576	5797
3577	5579
3578	None
3579	None
3580	None
3581	3847
3582	None
3583	None
3584	5468
3585	None
3586	5189
3587	None
3588	4079
3589	None
3590	5457
3591	6859
3592	None
3593	6373
3594	None
3595	None
3596	None
3597	5492
3598	None
3599	4112
3600	None
3601	None
3602	5948
3603	None
3604	None
3605	None
3606	5022
3607	4563
3608	None
3609	None
3610	None
3611	4701
3612	None
3613	3041
3614	None
3615	4891
3616	None
3617	None
3618	None
3619	4858
3620	None
3621	4626
3622	4349
3623	None
3624	6739
3625	None
3626	None
3627	None
3628	None
3629	4979
3630	4193
3631	None
3632	None
3633	None
3634	None
3635	None
3636	4363
3637	4163
3638	6210
3639	None
3640	7816
3641	3416
3642	None
3643	None
3644	None
3645	4551
3646	6481
3647	3262
3648	None
3649	None
3650	None
3651	None
3652	None
3653	None
3654	None
3655	None
3656	None
3657	None
3658	6630
3659	4188
3660	4007
3661	None
3662	None
3663	None
3664	None
3665	None
3666	None
3667	4794
3668	None
3669	None
3670	5607
3671	5455
3672	None
3673	None
3674	6219
3675	6056
3676	None
3677	None
3678	5359
3679	4995
3680	None
3681	None
3682	None
3683	5539
3684	None
3685	6633
3686	None
3687	None
3688	None
3689	None
3690	None
3691	5031
3692	4316
3693	5175
3694	None
3695	3555
3696	None
3697	None
3698	None
3699	None
3700	None
3701	None
3702	None
3703	None
3704	None
3705	None
3706	None
3707	None
3708	None
3709	None
3710	None
3711	None
3712	None
3713	None
3714	None
3715	None
3716	None
3717	None
3718	None
3719	None
3720	None
3721	None
3722	None
3723	None
3724	None
3725	None
3726	None
3727	7112
3728	None
3729	None
3730	None
3731	None
3732	None
3733	4131
3734	5272
3735	None
3736	None
3737	None
3738	None
3739	None
3740	None
3741	None
3742	None
3743	None
3744	None
3745	None
3746	None
3747	None
3748	None
3749	None
3750	None
3751	None
3752	5075
3753	None
3754	4149
3755	None
3756	None
3757	None
3758	None
3759	None
3760	None
3761	5625
3762	None
3763	4480
3764	None
3765	5442
3766	None
3767	None
3768	None
3769	3412
3770	None
3771	None
3772	None
3773	None
3774	8233
3775	None
3776	None
3777	4471
3778	None
3779	6536
3780	5147
3781	None
3782	None
3783	None
3784	None
3785	None
3786	4323
3787	2551
3788	None
3789	None
3790	None
3791	5871
3792	None
3793	None
3794	None
3795	None
3796	5170
3797	4437
3798	None
3799	5689
3800	None
3801	None
3802	None
3803	None
3804	5491
3805	4580
3806	None
3807	None
3808	None
3809	5407
3810	None
3811	None
3812	None
3813	None
3814	None
3815	None
3816	None
3817	None
3818	None
3819	None
3820	None
3821	None
3822	4458
3823	None
3824	None
3825	None
3826	5403
3827	None
3828	None
3829	3696
3830	None
3831	8089
3832	None
3833	None
3834	None
3835	4283
3836	None
3837	5430
3838	4384
3839	None
3840	None
3841	None
3842	4428
3843	6980
3844	4386
3845	None
3846	None
3847	6864
3848	None
3849	3312
3850	None
3851	None
3852	2740
3853	None
3854	4679
3855	None
3856	None
3857	6367
3858	None
3859	3527
3860	None
3861	5236
3862	None
3863	4408
3864	4394
3865	4388
3866	None
3867	None
3868	None
3869	7656
3870	None
3871	2930
3872	6331
3873	2368
3874	5700
3875	None
3876	None
3877	5101
3878	None
3879	3418
3880	None
3881	None
3882	6474
3883	None
3884	None
3885	None
3886	None
3887	None
3888	4073
3889	4529
3890	4482
3891	4844
3892	2519
3893	None
3894	None
3895	3437
3896	None
3897	None
3898	4515
3899	4743
3900	None
3901	5614
3902	None
3903	5673
3904	8302
3905	None
3906	None
3907	None
3908	None
3909	4518
3910	None
3911	None
3912	4657
3913	2856
3914	4549
3915	None
3916	None
3917	None
3918	7867
3919	None
3920	5398
3921	None
3922	None
3923	None
3924	None
3925	None
3926	4703
3927	None
3928	None
3929	3556
3930	None
3931	4291
3932	5896
3933	3518
3934	None
3935	None
3936	6145
3937	None
3938	None
3939	4550
3940	None
3941	7311
3942	None
3943	None
3944	3185
3945	None
3946	None
3947	3447
3948	None
3949	None
3950	None
3951	None
3952	6079
3953	4255
3954	None
3955	None
3956	None
3957	None
3958	8680
3959	None
3960	None
3961	None
3962	None
3963	None
3964	None
3965	None
3966	None
3967	None
3968	4580
3969	None
3970	3207
3971	None
3972	None
3973	6199
3974	None
3975	None
3976	None
3977	None
3978	None
3979	None
3980	None
3981	8226
3982	3165
3983	None
3984	None
3985	None
3986	None
3987	5325
3988	None
3989	None
3990	None
3991	None
3992	None
3993	None
3994	None
3995	None
3996	None
3997	None
3998	None
3999	None
4000	None
4001	2738
4002	5563
4003	None
4004	None
4005	None
4006	None
4007	None
4008	None
4009	None
4010	None
4011	3844
4012	None
4013	None
4014	None
4015	None
4016	6377
4017	None
4018	None
4019	5380
4020	None
4021	None
4022	None
4023	6072
4024	None
4025	3887
4026	3605
4027	None
4028	None
4029	None
4030	3014
4031	None
4032	None
4033	None
4034	None
4035	5492
4036	None
4037	None
4038	None
4039	None
4040	None
4041	None
4042	None
4043	None
4044	None
4045	None
4046	None
4047	None
4048	None
4049	None
4050	None
4051	None
4052	None
4053	None
4054	None
4055	None
4056	None
4057	None
4058	None
4059	None
4060	None
4061	None
4062	None
4063	None
4064	None
4065	None
4066	None
4067	None
4068	None
4069	None
4070	None
4071	None
4072	None
4073	None
4074	None
4075	None
4076	None
4077	5432
4078	None
4079	2587
4080	None
4081	None
4082	None
4083	None
4084	None
4085	None
4086	8449
4087	None
4088	None
4089	None
4090	None
4091	None
4092	None
4093	None
4094	None
4095	None
4096	None
4097	None
4098	None
4099	None
4100	8709
4101	None
4102	None
4103	None
4104	8481
4105	None
4106	None
4107	None
4108	None
4109	None
4110	None
4111	None
4112	None
4113	None
4114	3874
4115	None
4116	None
4117	None
4118	None
4119	None
4120	None
4121	None
4122	None
4123	None
4124	None
4125	None
4126	None
4127	None
4128	None
4129	None
4130	None
4131	None
4132	None
4133	None
4134	None
4135	None
4136	None
4137	None
4138	None
4139	None
4140	None
4141	None
4142	None
4143	None
4144	None
4145	None
4146	None
4147	None
4148	None
4149	None
4150	None
4151	7153
4152	None
4153	None
4154	None
4155	None
4156	None
4157	None
4158	5879
4159	None
4160	None
4161	None
4162	None
4163	None
4164	None
4165	None
4166	None
4167	None
4168	None
4169	None
4170	None
4171	None
4172	None
4173	None
4174	None
4175	None
4176	4927
4177	None
4178	None
4179	None
4180	None
4181	None
4182	None
4183	None
4184	None
4185	None
4186	None
4187	None
4188	None
4189	7154
4190	None
4191	None
4192	6211
4193	None
4194	None
4195	None
4196	None
4197	None
4198	None
4199	7238
4200	None
4201	None
4202	5251
4203	None
4204	6551
4205	4362
4206	None
4207	None
4208	None
4209	None
4210	None
4211	None
4212	None
4213	5413
4214	None
4215	None
4216	None
4217	None
4218	None
4219	None
4220	None
4221	None
4222	5421
4223	None
4224	None
4225	None
4226	None
4227	None
4228	None
4229	None
4230	4706
4231	None
4232	None
4233	None
4234	None
4235	None
4236	None
4237	None
4238	7083
4239	None
4240	None
4241	None
4242	None
4243	None
4244	None
4245	None
4246	None
4247	None
4248	None
4249	None
4250	None
4251	None
4252	None
4253	None
4254	None
4255	None
4256	3693
4257	None
4258	3661
4259	None
4260	None
4261	None
4262	None
4263	None
4264	None
4265	None
4266	None
4267	None
4268	None
4269	3509
4270	None
4271	None
4272	None
4273	None
4274	None
4275	None
4276	3539
4277	None
4278	None
4279	None
4280	None
4281	None
4282	None
4283	None
4284	None
4285	3748
4286	None
4287	None
4288	None
4289	None
4290	None
4291	None
4292	None
4293	None
4294	4051
4295	None
4296	None
4297	None
4298	4014
4299	None
4300	5753
4301	None
4302	None
4303	None
4304	None
4305	4019
4306	None
4307	None
4308	None
4309	None
4310	7004
4311	None
4312	None
4313	None
4314	None
4315	None
4316	None
4317	None
4318	None
4319	None
4320	3580
4321	None
4322	None
4323	None
4324	None
4325	None
4326	None
4327	None
4328	None
4329	None
4330	None
4331	7004
4332	None
4333	None
4334	None
4335	None
4336	None
4337	None
4338	6375
4339	6241
4340	None
4341	None
4342	None
4343	None
4344	None
4345	None
4346	None
4347	None
4348	None
4349	None
4350	3625
4351	None
4352	None
4353	None
4354	None
4355	None
4356	None
4357	None
4358	None
4359	None
4360	None
4361	None
4362	None
4363	6934
4364	6485
4365	3673
4366	None
4367	None
4368	None
4369	4373
4370	None
4371	None
4372	None
4373	7649
4374	None
4375	None
4376	None
4377	None
4378	None
4379	None
4380	None
4381	None
4382	None
4383	None
4384	None
4385	None
4386	None
4387	None
4388	None
4389	None
4390	None
4391	None
4392	None
4393	None
4394	None
4395	None
4396	None
4397	None
4398	None
4399	None
4400	7733
4401	None
4402	None
4403	None
4404	None
4405	None
4406	None
4407	None
4408	None
4409	None
4410	None
4411	None
4412	None
4413	None
4414	None
4415	3602
4416	6517
4417	None
4418	None
4419	6698
4420	None
4421	None
4422	None
4423	None
4424	None
4425	None
4426	None
4427	None
4428	None
4429	None
4430	None
4431	None
4432	None
4433	None
4434	None
4435	3366
4436	None
4437	None
4438	None
4439	None
4440	None
4441	None
4442	None
4443	None
4444	None
4445	4430
4446	None
4447	None
4448	None
4449	None
4450	None
4451	None
4452	None
4453	6144
4454	None
4455	5204
4456	None
4457	None
4458	None
4459	None
4460	None
4461	None
4462	None
4463	None
4464	None
4465	None
4466	None
4467	None
4468	None
4469	None
4470	None
4471	None
4472	None
4473	2959
4474	5488
4475	None
4476	None
4477	None
4478	None
4479	None
4480	None
4481	None
4482	None
4483	None
4484	None
4485	None
4486	None
4487	None
4488	None
4489	None
4490	None
4491	None
4492	None
4493	None
4494	None
4495	None
4496	None
4497	6784
4498	None
4499	None
4500	None
4501	None
4502	6848
4503	5720
4504	None
4505	None
4506	None
4507	None
4508	None
4509	None
4510	None
4511	None
4512	None
4513	None
4514	None
4515	None
4516	None
4517	None
4518	None
4519	None
4520	None
4521	None
4522	None
4523	None
4524	None
4525	None
4526	None
4527	None
4528	None
4529	None
4530	None
4531	None
4532	6246
4533	None
4534	None
4535	None
4536	None
4537	None
4538	None
4539	None
4540	None
4541	None
4542	None
4543	None
4544	7096
4545	None
4546	None
4547	None
4548	None
4549	None
4550	None
4551	None
4552	None
4553	None
4554	None
4555	None
4556	None
4557	None
4558	None
4559	None
4560	None
4561	None
4562	4239
4563	6237
4564	4072
4565	None
4566	None
4567	None
4568	None
4569	6619
4570	None
4571	None
4572	7886
4573	None
4574	None
4575	None
4576	None
4577	None
4578	None
4579	None
4580	None
4581	None
4582	None
4583	None
4584	None
4585	None
4586	None
4587	None
4588	None
4589	None
4590	None
4591	None
4592	None
4593	None
4594	None
4595	None
4596	None
4597	2426
4598	None
4599	None
4600	None
4601	None
4602	None
4603	None
4604	None
4605	None
4606	None
4607	6605
4608	None
4609	None
4610	None
4611	None
4612	None
4613	None
4614	None
4615	None
4616	6676
4617	None
4618	None
4619	None
4620	None
4621	None
4622	3936
4623	None
4624	None
4625	None
4626	None
4627	None
4628	5314
4629	None
4630	None
4631	None
4632	None
4633	None
4634	4643
4635	None
4636	None
4637	None
4638	6711
4639	None
4640	None
4641	None
4642	None
4643	None
4644	None
4645	None
4646	None
4647	None
4648	None
4649	None
4650	None
4651	6468
4652	None
4653	None
4654	None
4655	None
4656	None
4657	None
4658	None
4659	None
4660	None
4661	None
4662	None
4663	3505
4664	3456
4665	None
4666	None
4667	None
4668	4596
4669	None
4670	None
4671	None
4672	None
4673	None
4674	None
4675	None
4676	None
4677	5805
4678	6377
4679	None
4680	None
4681	6856
4682	None
4683	None
4684	3456
4685	None
4686	2506
4687	None
4688	None
4689	None
4690	None
4691	None
4692	None
4693	None
4694	None
4695	None
4696	None
4697	None
4698	None
4699	4592
4700	None
4701	None
4702	None
4703	None
4704	None
4705	None
4706	None
4707	None
4708	None
4709	None
4710	None
4711	None
4712	None
4713	None
4714	None
4715	None
4716	6885
4717	None
4718	None
4719	None
4720	None
4721	None
4722	None
4723	None
4724	None
4725	None
4726	None
4727	None
4728	None
4729	6147
4730	None
4731	None
4732	None
4733	None
4734	None
4735	None
4736	None
4737	None
4738	None
4739	6705
4740	None
4741	None
4742	None
4743	4840
4744	None
4745	None
4746	None
4747	None
4748	6719
4749	None
4750	None
4751	7306
4752	6616
4753	None
4754	None
4755	None
4756	None
4757	None
4758	None
4759	None
4760	None
4761	None
4762	None
4763	None
4764	None
4765	None
4766	6564
4767	None
4768	None
4769	None
4770	None
4771	None
4772	None
4773	None
4774	4588
4775	None
4776	6168
4777	None
4778	None
4779	None
4780	None
4781	None
4782	None
4783	None
4784	None
4785	None
4786	None
4787	None
4788	4424
4789	None
4790	None
4791	None
4792	None
4793	5321
4794	None
4795	None
4796	None
4797	None
4798	None
4799	None
4800	None
4801	None
4802	None
4803	None
4804	None
4805	None
4806	None
4807	None
4808	None
4809	7593
4810	None
4811	None
4812	None
4813	None
4814	None
4815	None
4816	6594
4817	None
4818	None
4819	None
4820	7247
4821	None
4822	None
4823	None
4824	3602
4825	None
4826	None
4827	None
4828	None
4829	6909
4830	None
4831	3752
4832	None
4833	None
4834	None
4835	None
4836	None
4837	None
4838	None
4839	None
4840	None
4841	None
4842	None
4843	None
4844	None
4845	None
4846	3453
4847	None
4848	None
4849	None
4850	None
4851	None
4852	None
4853	None
4854	None
4855	None
4856	None
4857	None
4858	7620
4859	7658
4860	None
4861	None
4862	None
4863	None
4864	None
4865	None
4866	6610
4867	None
4868	None
4869	2919
4870	None
4871	None
4872	None
4873	None
4874	None
4875	None
4876	3231
4877	6283
4878	None
4879	9326
4880	None
4881	None
4882	5366
4883	None
4884	None
4885	None
4886	None
4887	None
4888	None
4889	6773
4890	None
4891	8110
4892	4054
4893	None
4894	None
4895	None
4896	None
4897	None
4898	None
4899	None
4900	5095
4901	None
4902	None
4903	6901
4904	None
4905	None
4906	None
4907	6719
4908	None
4909	None
4910	None
4911	5981
4912	6816
4913	None
4914	None
4915	6266
4916	None
4917	None
4918	None
4919	None
4920	None
4921	None
4922	None
4923	None
4924	None
4925	None
4926	None
4927	4089
4928	None
4929	None
4930	4733
4931	None
4932	None
4933	6664
4934	None
4935	6616
4936	3939
4937	None
4938	None
4939	None
4940	None
4941	None
4942	None
4943	None
4944	4222
4945	7621
4946	6402
4947	None
4948	None
4949	None
4950	None
4951	None
4952	None
4953	4726
4954	6699
4955	None
4956	None
4957	None
4958	7766
4959	None
4960	6944
4961	3695
4962	None
4963	7081
4964	6225
4965	3722
4966	None
4967	5280
4968	None
4969	None
4970	2959
4971	None
4972	7112
4973	3742
4974	7218
4975	5180
4976	None
4977	None
4978	None
4979	3130
4980	6870
4981	5643
4982	None
4983	8136
4984	None
4985	4287
4986	6690
4987	2398
4988	None
4989	4955
4990	7601
4991	6841
4992	None
4993	None
4994	None
4995	None
4996	None
4997	None
4998	6934
4999	None
5000	None
5001	6619
5002	None
5003	6765
5004	6779
5005	3625
5006	None
5007	6889
5008	None
5009	None
5010	None
5011	None
5012	None
5013	None
5014	None
5015	None
5016	None
5017	2981
5018	3486
5019	3254
5020	6673
5021	6980
5022	None
5023	4485
5024	6618
5025	3014
5026	None
5027	None
5028	None
5029	None
5030	7067
5031	None
5032	4414
5033	None
5034	None
5035	7024
5036	None
5037	7581
5038	3674
5039	5323
5040	4179
5041	3258
5042	None
5043	7552
5044	None
5045	None
5046	7400
5047	None
5048	4785
5049	6885
5050	None
5051	7041
5052	None
5053	3964
5054	6752
5055	None
5056	4608
5057	7347
5058	5379
5059	None
5060	4444
5061	None
5062	4298
5063	7154
5064	7073
5065	7109
5066	7378
5067	6846
5068	7157
5069	7331
5070	6799
5071	5213
5072	None
5073	6530
5074	None
5075	None
5076	6967
5077	7001
5078	7669
5079	8506
5080	6747
5081	None
5082	None
5083	6230
5084	7297
5085	6705
5086	None
5087	None
5088	6871
5089	None
5090	6925
5091	7075
5092	None
5093	6752
5094	4725
5095	None
5096	6679
5097	3315
5098	3889
5099	None
5100	5763
5101	5044
5102	None
5103	7961
5104	None
5105	6888
5106	5591
5107	None
5108	7934
5109	None
5110	None
5111	None
5112	None
5113	7072
5114	None
5115	6969
5116	4997
5117	6690
5118	4530
5119	6974
5120	5018
5121	None
5122	None
5123	7213
5124	7112
5125	6673
5126	3425
5127	6745
5128	None
5129	7102
5130	3701
5131	None
5132	None
5133	4434
5134	None
5135	None
5136	7602
5137	7415
5138	5546
5139	7552
5140	6884
5141	7087
5142	4665
5143	6530
5144	7639
5145	None
5146	3857
5147	6129
5148	7206
5149	3575
5150	6234
5151	None
5152	None
5153	7285
5154	7008
5155	None
5156	7194
5157	None
5158	7377
5159	7189
5160	3507
5161	7019
5162	None
5163	None
5164	7611
5165	5565
5166	5366
5167	None
5168	None
5169	None
5170	3514
5171	4912
5172	None
5173	4657
5174	4842
5175	7295
5176	5152
5177	None
5178	None
5179	7146
5180	None
5181	7351
5182	7044
5183	4875
5184	6933
5185	8151
5186	6821
5187	None
5188	7934
5189	3461
5190	8007
5191	3047
5192	6659
5193	4392
5194	None
5195	4538
5196	None
5197	8856
5198	7295
5199	7641
5200	6975
5201	4694
5202	7821
5203	7196
5204	None
5205	3410
5206	7375
5207	None
5208	7849
5209	8099
5210	3776
5211	4951
5212	7208
5213	7404
5214	6953
5215	None
5216	5080
5217	4069
5218	7443
5219	None
5220	7631
5221	7437
5222	None
5223	7544
5224	None
5225	7259
5226	None
5227	None
5228	None
5229	6754
5230	5518
5231	8406
5232	None
5233	8276
5234	None
5235	None
5236	4387
5237	5304
5238	5314
5239	7593
5240	None
5241	7343
5242	7172
5243	7864
5244	None
5245	None
5246	3959
5247	7647
5248	None
5249	4592
5250	4714
5251	7535
5252	3684
5253	7369
5254	None
5255	7000
5256	None
5257	4858
5258	7902
5259	None
5260	None
5261	None
5262	7096
5263	7115
5264	7641
5265	7368
5266	7407
5267	None
5268	3598
5269	None
5270	None
5271	7170
5272	6950
5273	7641
5274	None
5275	7437
5276	None
5277	7532
5278	4735
5279	3832
5280	7847
5281	8136
5282	None
5283	7196
5284	None
5285	7615
5286	4340
5287	7828
5288	None
5289	7189
5290	4047
5291	4924
5292	None
5293	None
5294	None
5295	3678
5296	None
5297	None
5298	6974
5299	7441
5300	None
5301	None
5302	7741
5303	7299
5304	None
5305	None
5306	7129
5307	None
5308	4900
5309	7917
5310	7110
5311	7760
5312	3339
5313	8176
5314	None
5315	7720
5316	7362
5317	None
5318	7314
5319	7777
5320	None
5321	None
5322	None
5323	None
5324	None
5325	None
5326	5558
5327	8287
5328	7460
5329	8021
5330	None
5331	None
5332	8239
5333	None
5334	7078
5335	None
5336	None
5337	None
5338	None
5339	4332
5340	7508
5341	7090
5342	7134
5343	3478
5344	None
5345	None
5346	7474
5347	3857
5348	8050
5349	3672
5350	None
5351	6477
5352	None
5353	7555
5354	None
5355	7520
5356	8527
5357	None
5358	8429
5359	None
5360	None
5361	7482
5362	None
5363	None
5364	7248
5365	None
5366	None
5367	7760
5368	7089
5369	8519
5370	8483
5371	7523
5372	None
5373	None
5374	None
5375	None
5376	None
5377	4513
5378	7086
5379	6989
5380	5526
5381	7509
5382	7898
5383	8658
5384	None
5385	None
5386	8303
5387	None
5388	8247
5389	7394
5390	None
5391	None
5392	None
5393	None
5394	7412
5395	6557
5396	8395
5397	None
5398	7766
5399	6615
5400	8462
5401	None
5402	None
5403	None
5404	4752
5405	7580
5406	None
5407	None
5408	5503
5409	6483
5410	None
5411	None
5412	7485
5413	None
5414	4735
5415	None
5416	None
5417	None
5418	None
5419	None
5420	7542
5421	5010
5422	5935
5423	None
5424	None
5425	None
5426	None
5427	None
5428	6557
5429	None
5430	None
5431	None
5432	7900
5433	7394
5434	None
5435	4419
5436	None
5437	7581
5438	None
5439	7479
5440	5337
5441	7685
5442	None
5443	None
5444	7837
5445	6517
5446	None
5447	3683
5448	7995
5449	7443
5450	None
5451	None
5452	8727
5453	None
5454	5271
5455	7300
5456	5390
5457	None
5458	None
5459	None
5460	7761
5461	None
5462	None
5463	None
5464	None
5465	None
5466	5753
5467	7570
5468	None
5469	7659
5470	None
5471	None
5472	7435
5473	7247
5474	None
5475	None
5476	None
5477	8619
5478	None
5479	7605
5480	7568
5481	None
5482	None
5483	4660
5484	None
5485	None
5486	None
5487	7549
5488	None
5489	7358
5490	7474
5491	7488
5492	None
5493	7566
5494	None
5495	3514
5496	None
5497	None
5498	None
5499	None
5500	7679
5501	8545
5502	None
5503	None
5504	None
5505	None
5506	7721
5507	None
5508	None
5509	None
5510	6698
5511	None
5512	None
5513	8805
5514	7402
5515	None
5516	None
5517	7648
5518	None
5519	8027
5520	None
5521	8303
5522	None
5523	7451
5524	4400
5525	4238
5526	7537
5527	None
5528	None
5529	None
5530	None
5531	None
5532	None
5533	None
5534	7444
5535	8632
5536	None
5537	None
5538	7934
5539	7934
5540	None
5541	8642
5542	7620
5543	5543
5544	7954
5545	7621
5546	7775
5547	8172
5548	None
5549	None
5550	None
5551	None
5552	None
5553	7468
5554	None
5555	None
5556	7582
5557	None
5558	None
5559	None
5560	7762
5561	None
5562	None
5563	None
5564	None
5565	None
5566	None
5567	None
5568	None
5569	8107
5570	None
5571	7443
5572	None
5573	6685
5574	None
5575	8172
5576	None
5577	7386
5578	None
5579	7309
5580	None
5581	None
5582	None
5583	None
5584	8129
5585	4795
5586	None
5587	None
5588	7954
5589	None
5590	None
5591	None
5592	5848
5593	None
5594	None
5595	None
5596	None
5597	8965
5598	None
5599	7832
5600	8129
5601	None
5602	None
5603	None
5604	7523
5605	None
5606	None
5607	None
5608	7757
5609	None
5610	7557
5611	7411
5612	None
5613	None
5614	None
5615	None
5616	None
5617	None
5618	8176
5619	5350
5620	None
5621	None
5622	None
5623	3727
5624	None
5625	None
5626	None
5627	7110
5628	8882
5629	None
5630	7985
5631	None
5632	None
5633	7899
5634	7379
5635	None
5636	None
5637	7961
5638	None
5639	8487
5640	7561
5641	None
5642	None
5643	None
5644	None
5645	None
5646	7735
5647	None
5648	None
5649	8437
5650	7662
5651	7936
5652	7936
5653	None
5654	4982
5655	None
5656	5740
5657	None
5658	None
5659	4888
5660	None
5661	None
5662	None
5663	8198
5664	None
5665	None
5666	None
5667	None
5668	None
5669	None
5670	None
5671	None
5672	None
5673	4831
5674	8300
5675	7482
5676	7985
5677	None
5678	8544
5679	None
5680	7559
5681	8020
5682	None
5683	None
5684	None
5685	None
5686	4424
5687	None
5688	None
5689	7565
5690	None
5691	None
5692	None
5693	None
5694	None
5695	None
5696	None
5697	None
5698	None
5699	None
5700	None
5701	None
5702	None
5703	None
5704	None
5705	None
5706	None
5707	None
5708	None
5709	None
5710	None
5711	None
5712	None
5713	None
5714	None
5715	None
5716	None
5717	None
5718	None
5719	None
5720	None
5721	None
5722	None
5723	None
5724	None
5725	None
5726	None
5727	None
5728	None
5729	None
5730	None
5731	None
5732	None
5733	None
5734	None
5735	None
5736	None
5737	None
5738	None
5739	None
5740	None
5741	None
5742	None
5743	None
5744	None
5745	None
5746	None
5747	None
5748	None
5749	None
5750	None
5751	None
5752	None
5753	None
5754	None
5755	None
5756	None
5757	None
5758	None
5759	None
5760	None
5761	None
5762	None
5763	None
5764	None
5765	None
5766	None
5767	None
5768	None
5769	None
5770	None
5771	None
5772	None
5773	None
5774	None
5775	None
5776	None
5777	None
5778	None
5779	None
5780	None
5781	None
5782	None
5783	None
5784	None
5785	None
5786	None
5787	None
5788	None
5789	None
5790	None
5791	None
5792	None
5793	None
5794	None
5795	None
5796	None
5797	None
5798	None
5799	None
5800	None
5801	None
5802	None
5803	None
5804	None
5805	None
5806	None
5807	None
5808	None
5809	None
5810	None
5811	None
5812	None
5813	None
5814	None
5815	None
5816	None
5817	None
5818	None
5819	None
5820	None
5821	None
5822	None
5823	None
5824	None
5825	None
5826	None
5827	None
5828	None
5829	None
5830	None
5831	None
5832	None
5833	None
5834	None
5835	None
5836	None
5837	None
5838	None
5839	None
5840	None
5841	None
5842	None
5843	None
5844	None
5845	None
5846	None
5847	None
5848	None
5849	None
5850	None
5851	None
5852	None
5853	None
5854	None
5855	None
5856	None
5857	None
5858	None
5859	None
5860	None
5861	None
5862	None
5863	None
5864	None
5865	None
5866	None
5867	None
5868	None
5869	None
5870	None
5871	None
5872	None
5873	None
5874	None
5875	None
5876	None
5877	None
5878	None
5879	None
5880	None
5881	None
5882	None
5883	None
5884	None
5885	None
5886	None
5887	None
5888	None
5889	None
5890	None
5891	None
5892	None
5893	None
5894	None
5895	None
5896	None
5897	None
5898	None
5899	None
5900	None
5901	None
5902	None
5903	None
5904	None
5905	None
5906	None
5907	None
5908	None
5909	None
5910	None
5911	None
5912	None
5913	None
5914	None
5915	None
5916	None
5917	None
5918	None
5919	None
5920	None
5921	None
5922	None
5923	None
5924	None
5925	None
5926	None
5927	None
5928	None
5929	None
5930	None
5931	None
5932	None
5933	None
5934	None
5935	None
5936	None
5937	None
5938	None
5939	None
5940	None
5941	None
5942	None
5943	None
5944	None
5945	None
5946	None
5947	None
5948	None
5949	None
5950	None
5951	None
5952	None
5953	None
5954	None
5955	None
5956	None
5957	None
5958	None
5959	None
5960	None
5961	None
5962	None
5963	None
5964	None
5965	None
5966	None
5967	None
5968	None
5969	None
5970	None
5971	None
5972	None
5973	None
5974	None
5975	None
5976	None
5977	None
5978	None
5979	None
5980	None
5981	None
5982	None
5983	None
5984	None
5985	None
5986	None
5987	None
5988	None
5989	None
5990	None
5991	None
5992	None
5993	None
5994	None
5995	None
5996	None
5997	None
5998	None
5999	None
6000	None
6001	None
6002	None
6003	None
6004	None
6005	None
6006	None
6007	None
6008	None
6009	None
6010	None
6011	None
6012	None
6013	None
6014	None
6015	None
6016	None
6017	None
6018	None
6019	None
6020	None
6021	None
6022	None
6023	None
6024	None
6025	None
6026	None
6027	None
6028	None
6029	None
6030	None
6031	None
6032	None
6033	None
6034	None
6035	None
6036	None
6037	None
6038	None
6039	None
6040	None
6041	None
6042	None
6043	None
6044	None
6045	None
6046	None
6047	None
6048	None
6049	None
6050	None
6051	None
6052	None
6053	None
6054	None
6055	None
6056	None
6057	None
6058	None
6059	None
6060	None
6061	None
6062	None
6063	None
6064	None
6065	None
6066	None
6067	None
6068	None
6069	None
6070	None
6071	None
6072	None
6073	None
6074	None
6075	None
6076	None
6077	None
6078	None
6079	None
6080	None
6081	None
6082	None
6083	None
6084	None
6085	None
6086	None
6087	None
6088	None
6089	None
6090	None
6091	None
6092	None
6093	None
6094	None
6095	None
6096	None
6097	None
6098	None
6099	None
6100	None
6101	None
6102	None
6103	None
6104	None
6105	None
6106	None
6107	None
6108	None
6109	None
6110	None
6111	None
6112	None
6113	None
6114	None
6115	None
6116	None
6117	None
6118	None
6119	None
6120	None
6121	None
6122	None
6123	None
6124	None
6125	None
6126	None
6127	None
6128	None
6129	None
6130	None
6131	None
6132	None
6133	None
6134	None
6135	None
6136	None
6137	None
6138	None
6139	None
6140	None
6141	None
6142	None
6143	None
6144	None
6145	None
6146	None
6147	None
6148	None
6149	None
6150	None
6151	None
6152	None
6153	None
6154	None
6155	None
6156	None
6157	None
6158	None
6159	None
6160	None
6161	None
6162	None
6163	None
6164	None
6165	None
6166	None
6167	None
6168	None
6169	None
6170	None
6171	None
6172	None
6173	None
6174	None
6175	None
6176	None
6177	None
6178	None
6179	None
6180	None
6181	None
6182	None
6183	None
6184	None
6185	None
6186	None
6187	None
6188	None
6189	None
6190	None
6191	None
6192	None
6193	None
6194	None
6195	None
6196	None
6197	None
6198	None
6199	None
6200	None
6201	None
6202	None
6203	None
6204	None
6205	None
6206	None
6207	None
6208	None
6209	None
6210	None
6211	None
6212	None
6213	None
6214	None
6215	None
6216	None
6217	None
6218	None
6219	None
6220	None
6221	None
6222	None
6223	None
6224	None
6225	None
6226	None
6227	None
6228	None
6229	None
6230	None
6231	None
6232	None
6233	None
6234	None
6235	None
6236	None
6237	None
6238	None
6239	None
6240	None
6241	None
6242	None
6243	None
6244	None
6245	None
6246	None
6247	None
6248	None
6249	None
6250	None
6251	None
6252	None
6253	None
6254	None
6255	None
6256	None
6257	None
6258	None
6259	None
6260	None
6261	None
6262	None
6263	None
6264	None
6265	None
6266	None
6267	None
6268	None
6269	None
6270	None
6271	None
6272	None
6273	None
6274	None
6275	None
6276	None
6277	None
6278	None
6279	None
6280	None
6281	None
6282	None
6283	None
6284	None
6285	None
6286	None
6287	None
6288	None
6289	None
6290	None
6291	None
6292	None
6293	None
6294	None
6295	None
6296	None
6297	None
6298	None
6299	None
6300	None
6301	None
6302	None
6303	None
6304	None
6305	None
6306	None
6307	None
6308	None
6309	None
6310	None
6311	None
6312	None
6313	None
6314	None
6315	None
6316	None
6317	None
6318	None
6319	None
6320	None
6321	None
6322	None
6323	None
6324	None
6325	None
6326	None
6327	None
6328	None
6329	None
6330	None
6331	None
6332	None
6333	None
6334	None
6335	None
6336	None
6337	None
6338	None
6339	None
6340	None
6341	None
6342	None
6343	None
6344	None
6345	None
6346	None
6347	None
6348	None
6349	None
6350	None
6351	None
6352	None
6353	None
6354	None
6355	None
6356	None
6357	None
6358	None
6359	None
6360	None
6361	None
6362	None
6363	None
6364	None
6365	None
6366	None
6367	None
6368	None
6369	None
6370	None
6371	None
6372	None
6373	None
6374	None
6375	None
6376	None
6377	None
6378	None
6379	None
6380	None
6381	None
6382	None
6383	None
6384	None
6385	None
6386	None
6387	None
6388	None
6389	None
6390	None
6391	None
6392	None
6393	None
6394	None
6395	None
6396	None
6397	None
6398	None
6399	None
6400	None
6401	None
6402	None
6403	None
6404	None
6405	None
6406	None
6407	None
6408	None
6409	None
6410	None
6411	None
6412	None
6413	None
6414	None
6415	None
6416	None
6417	None
6418	None
6419	None
6420	None
6421	None
6422	None
6423	None
6424	None
6425	None
6426	None
6427	None
6428	None
6429	None
6430	None
6431	None
6432	None
6433	None
6434	None
6435	None
6436	None
6437	None
6438	None
6439	None
6440	None
6441	None
6442	None
6443	None
6444	None
6445	None
6446	None
6447	None
6448	None
6449	None
6450	None
6451	None
6452	None
6453	None
6454	None
6455	None
6456	None
6457	None
6458	None
6459	None
6460	None
6461	None
6462	None
6463	None
6464	None
6465	None
6466	None
6467	None
6468	None
6469	None
6470	None
6471	None
6472	None
6473	None
6474	None
6475	None
6476	None
6477	None
6478	None
6479	None
6480	None
6481	None
6482	None
6483	None
6484	None
6485	None
6486	None
6487	None
6488	None
6489	None
6490	None
6491	None
6492	None
6493	None
6494	None
6495	None
6496	None
6497	None
6498	None
6499	None
6500	None
6501	None
6502	None
6503	None
6504	None
6505	None
6506	None
6507	None
6508	None
6509	None
6510	None
6511	None
6512	None
6513	None
6514	None
6515	None
6516	None
6517	None
6518	None
6519	None
6520	None
6521	None
6522	None
6523	None
6524	None
6525	None
6526	None
6527	None
6528	None
6529	None
6530	None
6531	None
6532	None
6533	None
6534	None
6535	None
6536	None
6537	None
6538	None
6539	None
6540	None
6541	None
6542	None
6543	None
6544	None
6545	None
6546	None
6547	None
6548	None
6549	None
6550	None
6551	None
6552	None
6553	None
6554	None
6555	None
6556	None
6557	None
6558	None
6559	None
6560	None
6561	None
6562	None
6563	None
6564	None
6565	None
6566	None
6567	None
6568	None
6569	None
6570	None
6571	None
6572	None
6573	None
6574	None
6575	None
6576	None
6577	None
6578	None
6579	None
6580	None
6581	None
6582	None
6583	None
6584	None
6585	None
6586	None
6587	None
6588	None
6589	None
6590	None
6591	None
6592	None
6593	None
6594	None
6595	None
6596	None
6597	None
6598	None
6599	None
6600	None
6601	None
6602	None
6603	None
6604	None
6605	None
6606	None
6607	None
6608	None
6609	None
6610	None
6611	None
6612	None
6613	None
6614	None
6615	None
6616	None
6617	None
6618	None
6619	None
6620	None
6621	None
6622	None
6623	None
6624	None
6625	None
6626	None
6627	None
6628	None
6629	None
6630	None
6631	None
6632	None
6633	None
6634	None
6635	None
6636	None
6637	None
6638	None
6639	None
6640	None
6641	None
6642	None
6643	None
6644	None
6645	None
6646	None
6647	None
6648	None
6649	None
6650	None
6651	None
6652	None
6653	None
6654	None
6655	None
6656	None
6657	None
6658	None
6659	None
6660	None
6661	None
6662	None
6663	None
6664	None
6665	None
6666	None
6667	None
6668	None
6669	None
6670	None
6671	None
6672	None
6673	None
6674	None
6675	None
6676	None
6677	None
6678	None
6679	None
6680	None
6681	None
6682	None
6683	None
6684	None
6685	None
6686	None
6687	None
6688	None
6689	None
6690	None
6691	None
6692	None
6693	None
6694	None
6695	None
6696	None
6697	None
6698	None
6699	None
6700	None
6701	None
6702	None
6703	None
6704	None
6705	None
6706	None
6707	None
6708	None
6709	None
6710	None
6711	None
6712	None
6713	None
6714	None
6715	None
6716	None
6717	None
6718	None
6719	None
6720	None
6721	None
6722	None
6723	None
6724	None
6725	None
6726	None
6727	None
6728	None
6729	None
6730	None
6731	None
6732	None
6733	None
6734	None
6735	None
6736	None
6737	None
6738	None
6739	None
6740	None
6741	None
6742	None
6743	None
6744	None
6745	None
6746	None
6747	None
6748	None
6749	None
6750	None
6751	None
6752	None
6753	None
6754	None
6755	None
6756	None
6757	None
6758	None
6759	None
6760	None
6761	None
6762	None
6763	None
6764	None
6765	None
6766	None
6767	None
6768	None
6769	None
6770	None
6771	None
6772	None
6773	None
6774	None
6775	None
6776	None
6777	None
6778	None
6779	None
6780	None
6781	None
6782	None
6783	None
6784	None
6785	None
6786	None
6787	None
6788	None
6789	None
6790	None
6791	None
6792	None
6793	None
6794	None
6795	None
6796	None
6797	None
6798	None
6799	None
6800	None
6801	None
6802	None
6803	None
6804	None
6805	None
6806	None
6807	None
6808	None
6809	None
6810	None
6811	None
6812	None
6813	None
6814	None
6815	None
6816	None
6817	None
6818	None
6819	None
6820	None
6821	None
6822	None
6823	None
6824	None
6825	None
6826	None
6827	None
6828	None
6829	None
6830	None
6831	None
6832	None
6833	None
6834	None
6835	None
6836	None
6837	None
6838	None
6839	None
6840	None
6841	None
6842	None
6843	None
6844	None
6845	None
6846	None
6847	None
6848	None
6849	None
6850	None
6851	None
6852	None
6853	None
6854	None
6855	None
6856	None
6857	None
6858	None
6859	None
6860	None
6861	None
6862	None
6863	None
6864	None
6865	None
6866	None
6867	None
6868	None
6869	None
6870	None
6871	None
6872	None
6873	None
6874	None
6875	None
6876	None
6877	None
6878	None
6879	None
6880	None
6881	None
6882	None
6883	None
6884	None
6885	None
6886	None
6887	None
6888	None
6889	None
6890	None
6891	None
6892	None
6893	None
6894	None
6895	None
6896	None
6897	None
6898	None
6899	None
6900	None
6901	None
6902	None
6903	None
6904	None
6905	None
6906	None
6907	None
6908	None
6909	None
6910	None
6911	None
6912	None
6913	None
6914	None
6915	None
6916	None
6917	None
6918	None
6919	None
6920	None
6921	None
6922	None
6923	None
6924	None
6925	None
6926	None
6927	None
6928	None
6929	None
6930	None
6931	None
6932	None
6933	None
6934	None
6935	None
6936	None
6937	None
6938	None
6939	None
6940	None
6941	None
6942	None
6943	None
6944	None
6945	None
6946	None
6947	None
6948	None
6949	None
6950	None
6951	None
6952	None
6953	None
6954	None
6955	None
6956	None
6957	None
6958	None
6959	None
6960	None
6961	None
6962	None
6963	None
6964	None
6965	None
6966	None
6967	None
6968	None
6969	None
6970	None
6971	None
6972	None
6973	None
6974	None
6975	None
6976	None
6977	None
6978	None
6979	None
6980	None
6981	None
6982	None
6983	None
6984	None
6985	None
6986	None
6987	None
6988	None
6989	None
6990	None
6991	None
6992	None
6993	None
6994	None
6995	None
6996	None
6997	None
6998	None
6999	None
7000	None
7001	None
7002	None
7003	None
7004	None
7005	None
7006	None
7007	None
7008	None
7009	None
7010	None
7011	None
7012	None
7013	None
7014	None
7015	None
7016	None
7017	None
7018	None
7019	None
7020	None
7021	None
7022	None
7023	None
7024	None
7025	None
7026	None
7027	None
7028	None
7029	None
7030	None
7031	None
7032	None
7033	None
7034	None
7035	None
7036	None
7037	None
7038	None
7039	None
7040	None
7041	None
7042	None
7043	None
7044	None
7045	None
7046	None
7047	None
7048	None
7049	None
7050	None
7051	None
7052	None
7053	None
7054	None
7055	None
7056	None
7057	None
7058	None
7059	None
7060	None
7061	None
7062	None
7063	None
7064	None
7065	None
7066	None
7067	None
7068	None
7069	None
7070	None
7071	None
7072	None
7073	None
7074	None
7075	None
7076	None
7077	None
7078	None
7079	None
7080	None
7081	None
7082	None
7083	None
7084	None
7085	None
7086	None
7087	None
7088	None
7089	None
7090	None
7091	None
7092	None
7093	None
7094	None
7095	None
7096	None
7097	None
7098	None
7099	None
7100	None
7101	None
7102	None
7103	None
7104	None
7105	None
7106	None
7107	None
7108	None
7109	None
7110	None
7111	None
7112	None
7113	None
7114	None
7115	None
7116	None
7117	None
7118	None
7119	None
7120	None
7121	None
7122	None
7123	None
7124	None
7125	None
7126	None
7127	None
7128	None
7129	None
7130	None
7131	None
7132	None
7133	None
7134	None
7135	None
7136	None
7137	None
7138	None
7139	None
7140	None
7141	None
7142	None
7143	None
7144	None
7145	None
7146	None
7147	None
7148	None
7149	None
7150	None
7151	None
7152	None
7153	None
7154	None
7155	None
7156	None
7157	None
7158	None
7159	None
7160	None
7161	None
7162	None
7163	None
7164	None
7165	None
7166	None
7167	None
7168	None
7169	None
7170	None
7171	None
7172	None
7173	None
7174	None
7175	None
7176	None
7177	None
7178	None
7179	None
7180	None
7181	None
7182	None
7183	None
7184	None
7185	None
7186	None
7187	None
7188	None
7189	None
7190	None
7191	None
7192	None
7193	None
7194	None
7195	None
7196	None
7197	None
7198	None
7199	None
7200	None
7201	None
7202	None
7203	None
7204	None
7205	None
7206	None
7207	None
7208	None
7209	None
7210	None
7211	None
7212	None
7213	None
7214	None
7215	None
7216	None
7217	None
7218	None
7219	None
7220	None
7221	None
7222	None
7223	None
7224	None
7225	None
7226	None
7227	None
7228	None
7229	None
7230	None
7231	None
7232	None
7233	None
7234	None
7235	None
7236	None
7237	None
7238	None
7239	None
7240	None
7241	None
7242	None
7243	None
7244	None
7245	None
7246	None
7247	None
7248	None
7249	None
7250	None
7251	None
7252	None
7253	None
7254	None
7255	None
7256	None
7257	None
7258	None
7259	None
7260	None
7261	None
7262	None
7263	None
7264	None
7265	None
7266	None
7267	None
7268	None
7269	None
7270	None
7271	None
7272	None
7273	None
7274	None
7275	None
7276	None
7277	None
7278	None
7279	None
7280	None
7281	None
7282	None
7283	None
7284	None
7285	None
7286	None
7287	None
7288	None
7289	None
7290	None
7291	None
7292	None
7293	None
7294	None
7295	None
7296	None
7297	None
7298	None
7299	None
7300	None
7301	None
7302	None
7303	None
7304	None
7305	None
7306	None
7307	None
7308	None
7309	None
7310	None
7311	None
7312	None
7313	None
7314	None
7315	None
7316	None
7317	None
7318	None
7319	None
7320	None
7321	None
7322	None
7323	None
7324	None
7325	None
7326	None
7327	None
7328	None
7329	None
7330	None
7331	None
7332	None
7333	None
7334	None
7335	None
7336	None
7337	None
7338	None
7339	None
7340	None
7341	None
7342	None
7343	None
7344	None
7345	None
7346	None
7347	None
7348	None
7349	None
7350	None
7351	None
7352	None
7353	None
7354	None
7355	None
7356	None
7357	None
7358	None
7359	None
7360	None
7361	None
7362	None
7363	None
7364	None
7365	None
7366	None
7367	None
7368	None
7369	None
7370	None
7371	None
7372	None
7373	None
7374	None
7375	None
7376	None
7377	None
7378	None
7379	None
7380	None
7381	None
7382	None
7383	None
7384	None
7385	None
7386	None
7387	None
7388	None
7389	None
7390	None
7391	None
7392	None
7393	None
7394	None
7395	None
7396	None
7397	None
7398	None
7399	None
7400	None
7401	None
7402	None
7403	None
7404	None
7405	None
7406	None
7407	None
7408	None
7409	None
7410	None
7411	None
7412	None
7413	None
7414	None
7415	None
7416	None
7417	None
7418	None
7419	None
7420	None
7421	None
7422	None
7423	None
7424	None
7425	None
7426	None
7427	None
7428	None
7429	None
7430	None
7431	None
7432	None
7433	None
7434	None
7435	None
7436	None
7437	None
7438	None
7439	None
7440	None
7441	None
7442	None
7443	None
7444	None
7445	None
7446	None
7447	None
7448	None
7449	None
7450	None
7451	None
7452	None
7453	None
7454	None
7455	None
7456	None
7457	None
7458	None
7459	None
7460	None
7461	None
7462	None
7463	None
7464	None
7465	None
7466	None
7467	None
7468	None
7469	None
7470	None
7471	None
7472	None
7473	None
7474	None
7475	None
7476	None
7477	None
7478	None
7479	None
7480	None
7481	None
7482	None
7483	None
7484	None
7485	None
7486	None
7487	None
7488	None
7489	None
7490	None
7491	None
7492	None
7493	None
7494	None
7495	None
7496	None
7497	None
7498	None
7499	None
7500	None
7501	None
7502	None
7503	None
7504	None
7505	None
7506	None
7507	None
7508	None
7509	None
7510	None
7511	None
7512	None
7513	None
7514	None
7515	None
7516	None
7517	None
7518	None
7519	None
7520	None
7521	None
7522	None
7523	None
7524	None
7525	None
7526	None
7527	None
7528	None
7529	None
7530	None
7531	None
7532	None
7533	None
7534	None
7535	None
7536	None
7537	None
7538	None
7539	None
7540	None
7541	None
7542	None
7543	None
7544	None
7545	None
7546	None
7547	None
7548	None
7549	None
7550	None
7551	None
7552	None
7553	None
7554	None
7555	None
7556	None
7557	None
7558	None
7559	None
7560	None
7561	None
7562	None
7563	None
7564	None
7565	None
7566	None
7567	None
7568	None
7569	None
7570	None
7571	None
7572	None
7573	None
7574	None
7575	None
7576	None
7577	None
7578	None
7579	None
7580	None
7581	None
7582	None
7583	None
7584	None
7585	None
7586	None
7587	None
7588	None
7589	None
7590	None
7591	None
7592	None
7593	None
7594	None
7595	None
7596	None
7597	None
7598	None
7599	None
7600	None
7601	None
7602	None
7603	None
7604	None
7605	None
7606	None
7607	None
7608	None
7609	None
7610	None
7611	None
7612	None
7613	None
7614	None
7615	None
7616	None
7617	None
7618	None
7619	None
7620	None
7621	None
7622	None
7623	None
7624	None
7625	None
7626	None
7627	None
7628	None
7629	None
7630	None
7631	None
7632	None
7633	None
7634	None
7635	None
7636	None
7637	None
7638	None
7639	None
7640	None
7641	None
7642	None
7643	None
7644	None
7645	None
7646	None
7647	None
7648	None
7649	None
7650	None
7651	None
7652	None
7653	None
7654	None
7655	None
7656	None
7657	None
7658	None
7659	None
7660	None
7661	None
7662	None
7663	None
7664	None
7665	None
7666	None
7667	None
7668	None
7669	None
7670	None
7671	None
7672	None
7673	None
7674	None
7675	None
7676	None
7677	None
7678	None
7679	None
7680	None
7681	None
7682	None
7683	None
7684	None
7685	None
7686	None
7687	None
7688	None
7689	None
7690	None
7691	None
7692	None
7693	None
7694	None
7695	None
7696	None
7697	None
7698	None
7699	None
7700	None
7701	None
7702	None
7703	None
7704	None
7705	None
7706	None
7707	None
7708	None
7709	None
7710	None
7711	None
7712	None
7713	None
7714	None
7715	None
7716	None
7717	None
7718	None
7719	None
7720	None
7721	None
7722	None
7723	None
7724	None
7725	None
7726	None
7727	None
7728	None
7729	None
7730	None
7731	None
7732	None
7733	None
7734	None
7735	None
7736	None
7737	None
7738	None
7739	None
7740	None
7741	None
7742	None
7743	None
7744	None
7745	None
7746	None
7747	None
7748	None
7749	None
7750	None
7751	None
7752	None
7753	None
7754	None
7755	None
7756	None
7757	None
7758	None
7759	None
7760	None
7761	None
7762	None
7763	None
7764	None
7765	None
7766	None
7767	None
7768	None
7769	None
7770	None
7771	None
7772	None
7773	None
7774	None
7775	None
7776	None
7777	None
7778	None
7779	None
7780	None
7781	None
7782	None
7783	None
7784	None
7785	None
7786	None
7787	None
7788	None
7789	None
7790	None
7791	None
7792	None
7793	None
7794	None
7795	None
7796	None
7797	None
7798	None
7799	None
7800	None
7801	None
7802	None
7803	None
7804	None
7805	None
7806	None
7807	None
7808	None
7809	None
7810	None
7811	None
7812	None
7813	None
7814	None
7815	None
7816	None
7817	None
7818	None
7819	None
7820	None
7821	None
7822	None
7823	None
7824	None
7825	None
7826	None
7827	None
7828	None
7829	None
7830	None
7831	None
7832	None
7833	None
7834	None
7835	None
7836	None
7837	None
7838	None
7839	None
7840	None
7841	None
7842	None
7843	None
7844	None
7845	None
7846	None
7847	None
7848	None
7849	None
7850	None
7851	None
7852	None
7853	None
7854	None
7855	None
7856	None
7857	None
7858	None
7859	None
7860	None
7861	None
7862	None
7863	None
7864	None
7865	None
7866	None
7867	None
7868	None
7869	None
7870	None
7871	None
7872	None
7873	None
7874	None
7875	None
7876	None
7877	None
7878	None
7879	None
7880	None
7881	None
7882	None
7883	None
7884	None
7885	None
7886	None
7887	None
7888	None
7889	None
7890	None
7891	None
7892	None
7893	None
7894	None
7895	None
7896	None
7897	None
7898	None
7899	None
7900	None
7901	None
7902	None
7903	None
7904	None
7905	None
7906	None
7907	None
7908	None
7909	None
7910	None
7911	None
7912	None
7913	None
7914	None
7915	None
7916	None
7917	None
7918	None
7919	None
7920	None
7921	None
7922	None
7923	None
7924	None
7925	None
7926	None
7927	None
7928	None
7929	None
7930	None
7931	None
7932	None
7933	None
7934	None
7935	None
7936	None
7937	None
7938	None
7939	None
7940	None
7941	None
7942	None
7943	None
7944	None
7945	None
7946	None
7947	None
7948	None
7949	None
7950	None
7951	None
7952	None
7953	None
7954	None
7955	None
7956	None
7957	None
7958	None
7959	None
7960	None
7961	None
7962	None
7963	None
7964	None
7965	None
7966	None
7967	None
7968	None
7969	None
7970	None
7971	None
7972	None
7973	None
7974	None
7975	None
7976	None
7977	None
7978	None
7979	None
7980	None
7981	None
7982	None
7983	None
7984	None
7985	None
7986	None
7987	None
7988	None
7989	None
7990	None
7991	None
7992	None
7993	None
7994	None
7995	None
7996	None
7997	None
7998	None
7999	None
8000	None
8001	None
8002	None
8003	None
8004	None
8005	None
8006	None
8007	None
8008	None
8009	None
8010	None
8011	None
8012	None
8013	None
8014	None
8015	None
8016	None
8017	None
8018	None
8019	None
8020	None
8021	None
8022	None
8023	None
8024	None
8025	None
8026	None
8027	None
8028	None
8029	None
8030	None
8031	None
8032	None
8033	None
8034	None
8035	None
8036	None
8037	None
8038	None
8039	None
8040	None
8041	None
8042	None
8043	None
8044	None
8045	None
8046	None
8047	None
8048	None
8049	None
8050	None
8051	None
8052	None
8053	None
8054	None
8055	None
8056	None
8057	None
8058	None
8059	None
8060	None
8061	None
8062	None
8063	None
8064	None
8065	None
8066	None
8067	None
8068	None
8069	None
8070	None
8071	None
8072	None
8073	None
8074	None
8075	None
8076	None
8077	None
8078	None
8079	None
8080	None
8081	None
8082	None
8083	None
8084	None
8085	None
8086	None
8087	None
8088	None
8089	None
8090	None
8091	None
8092	None
8093	None
8094	None
8095	None
8096	None
8097	None
8098	None
8099	None
8100	None
8101	None
8102	None
8103	None
8104	None
8105	None
8106	None
8107	None
8108	None
8109	None
8110	None
8111	None
8112	None
8113	None
8114	None
8115	None
8116	None
8117	None
8118	None
8119	None
8120	None
8121	None
8122	None
8123	None
8124	None
8125	None
8126	None
8127	None
8128	None
8129	None
8130	None
8131	None
8132	None
8133	None
8134	None
8135	None
8136	None
8137	None
8138	None
8139	None
8140	None
8141	None
8142	None
8143	None
8144	None
8145	None
8146	None
8147	None
8148	None
8149	None
8150	None
8151	None
8152	None
8153	None
8154	None
8155	None
8156	None
8157	None
8158	None
8159	None
8160	None
8161	None
8162	None
8163	None
8164	None
8165	None
8166	None
8167	None
8168	None
8169	None
8170	None
8171	None
8172	None
8173	None
8174	None
8175	None
8176	None
8177	None
8178	None
8179	None
8180	None
8181	None
8182	None
8183	None
8184	None
8185	None
8186	None
8187	None
8188	None
8189	None
8190	None
8191	None
8192	None
8193	None
8194	None
8195	None
8196	None
8197	None
8198	None
8199	None
8200	None
8201	None
8202	None
8203	None
8204	None
8205	None
8206	None
8207	None
8208	None
8209	None
8210	None
8211	None
8212	None
8213	None
8214	None
8215	None
8216	None
8217	None
8218	None
8219	None
8220	None
8221	None
8222	None
8223	None
8224	None
8225	None
8226	None
8227	None
8228	None
8229	None
8230	None
8231	None
8232	None
8233	None
8234	None
8235	None
8236	None
8237	None
8238	None
8239	None
8240	None
8241	None
8242	None
8243	None
8244	None
8245	None
8246	None
8247	None
8248	None
8249	None
8250	None
8251	None
8252	None
8253	None
8254	None
8255	None
8256	None
8257	None
8258	None
8259	None
8260	None
8261	None
8262	None
8263	None
8264	None
8265	None
8266	None
8267	None
8268	None
8269	None
8270	None
8271	None
8272	None
8273	None
8274	None
8275	None
8276	None
8277	None
8278	None
8279	None
8280	None
8281	None
8282	None
8283	None
8284	None
8285	None
8286	None
8287	None
8288	None
8289	None
8290	None
8291	None
8292	None
8293	None
8294	None
8295	None
8296	None
8297	None
8298	None
8299	None
8300	None
8301	None
8302	None
8303	None
8304	None
8305	None
8306	None
8307	None
8308	None
8309	None
8310	None
8311	None
8312	None
8313	None
8314	None
8315	None
8316	None
8317	None
8318	None
8319	None
8320	None
8321	None
8322	None
8323	None
8324	None
8325	None
8326	None
8327	None
8328	None
8329	None
8330	None
8331	None
8332	None
8333	None
8334	None
8335	None
8336	None
8337	None
8338	None
8339	None
8340	None
8341	None
8342	None
8343	None
8344	None
8345	None
8346	None
8347	None
8348	None
8349	None
8350	None
8351	None
8352	None
8353	None
8354	None
8355	None
8356	None
8357	None
8358	None
8359	None
8360	None
8361	None
8362	None
8363	None
8364	None
8365	None
8366	None
8367	None
8368	None
8369	None
8370	None
8371	None
8372	None
8373	None
8374	None
8375	None
8376	None
8377	None
8378	None
8379	None
8380	None
8381	None
8382	None
8383	None
8384	None
8385	None
8386	None
8387	None
8388	None
8389	None
8390	None
8391	None
8392	None
8393	None
8394	None
8395	None
8396	None
8397	None
8398	None
8399	None
8400	None
8401	None
8402	None
8403	None
8404	None
8405	None
8406	None
8407	None
8408	None
8409	None
8410	None
8411	None
8412	None
8413	None
8414	None
8415	None
8416	None
8417	None
8418	None
8419	None
8420	None
8421	None
8422	None
8423	None
8424	None
8425	None
8426	None
8427	None
8428	None
8429	None
8430	None
8431	None
8432	None
8433	None
8434	None
8435	None
8436	None
8437	None
8438	None
8439	None
8440	None
8441	None
8442	None
8443	None
8444	None
8445	None
8446	None
8447	None
8448	None
8449	None
8450	None
8451	None
8452	None
8453	None
8454	None
8455	None
8456	None
8457	None
8458	None
8459	None
8460	None
8461	None
8462	None
8463	None
8464	None
8465	None
8466	None
8467	None
8468	None
8469	None
8470	None
8471	None
8472	None
8473	None
8474	None
8475	None
8476	None
8477	None
8478	None
8479	None
8480	None
8481	None
8482	None
8483	None
8484	None
8485	None
8486	None
8487	None
8488	None
8489	None
8490	None
8491	None
8492	None
8493	None
8494	None
8495	None
8496	None
8497	None
8498	None
8499	None
8500	None
8501	None
8502	None
8503	None
8504	None
8505	None
8506	None
8507	None
8508	None
8509	None
8510	None
8511	None
8512	None
8513	None
8514	None
8515	None
8516	None
8517	None
8518	None
8519	None
8520	None
8521	None
8522	None
8523	None
8524	None
8525	None
8526	None
8527	None
8528	None
8529	None
8530	None
8531	None
8532	None
8533	None
8534	None
8535	None
8536	None
8537	None
8538	None
8539	None
8540	None
8541	None
8542	None
8543	None
8544	None
8545	None
8546	None
8547	None
8548	None
8549	None
8550	None
8551	None
8552	None
8553	None
8554	None
8555	None
8556	None
8557	None
8558	None
8559	None
8560	None
8561	None
8562	None
8563	None
8564	None
8565	None
8566	None
8567	None
8568	None
8569	None
8570	None
8571	None
8572	None
8573	None
8574	None
8575	None
8576	None
8577	None
8578	None
8579	None
8580	None
8581	None
8582	None
8583	None
8584	None
8585	None
8586	None
8587	None
8588	None
8589	None
8590	None
8591	None
8592	None
8593	None
8594	None
8595	None
8596	None
8597	None
8598	None
8599	None
8600	None
8601	None
8602	None
8603	None
8604	None
8605	None
8606	None
8607	None
8608	None
8609	None
8610	None
8611	None
8612	None
8613	None
8614	None
8615	None
8616	None
8617	None
8618	None
8619	None
8620	None
8621	None
8622	None
8623	None
8624	None
8625	None
8626	None
8627	None
8628	None
8629	None
8630	None
8631	None
8632	None
8633	None
8634	None
8635	None
8636	None
8637	None
8638	None
8639	None
8640	None
8641	None
8642	None
8643	None
8644	None
8645	None
8646	None
8647	None
8648	None
8649	None
8650	None
8651	None
8652	None
8653	None
8654	None
8655	None
8656	None
8657	None
8658	None
8659	None
8660	None
8661	None
8662	None
8663	None
8664	None
8665	None
8666	None
8667	None
8668	None
8669	None
8670	None
8671	None
8672	None
8673	None
8674	None
8675	None
8676	None
8677	None
8678	None
8679	None
8680	None
8681	None
8682	None
8683	None
8684	None
8685	None
8686	None
8687	None
8688	None
8689	None
8690	None
8691	None
8692	None
8693	None
8694	None
8695	None
8696	None
8697	None
8698	None
8699	None
8700	None
8701	None
8702	None
8703	None
8704	None
8705	None
8706	None
8707	None
8708	None
8709	None
8710	None
8711	None
8712	None
8713	None
8714	None
8715	None
8716	None
8717	None
8718	None
8719	None
8720	None
8721	None
8722	None
8723	None
8724	None
8725	None
8726	None
8727	None
8728	None
8729	None
8730	None
8731	None
8732	None
8733	None
8734	None
8735	None
8736	None
8737	None
8738	None
8739	None
8740	None
8741	None
8742	None
8743	None
8744	None
8745	None
8746	None
8747	None
8748	None
8749	None
8750	None
8751	None
8752	None
8753	None
8754	None
8755	None
8756	None
8757	None
8758	None
8759	None
8760	None
8761	None
8762	None
8763	None
8764	None
8765	None
8766	None
8767	None
8768	None
8769	None
8770	None
8771	None
8772	None
8773	None
8774	None
8775	None
8776	None
8777	None
8778	None
8779	None
8780	None
8781	None
8782	None
8783	None
8784	None
8785	None
