     656.2999999999999545       1.0410009849651447
     656.3002002002001518       0.9814488498113791
     656.3004004004003491       0.8975427783305979
     656.3006006006005464       0.9704610869960423
     656.3008008008007437       1.0509467082159998
     656.3010010010009410       0.9563284657200181
     656.3012012012011382       0.9757957708344925
     656.3014014014013355       0.9940518452894169
     656.3016016016015328       0.9634937478017543
     656.3018018018017301       1.0097828766546462
     656.3020020020019274       1.0535104213730628
     656.3022022022021247       0.9609169075740921
     656.3024024024023220       0.9404064683529013
     656.3026026026025193       0.9653625899791618
     656.3028028028027165       1.1242216748320391
     656.3030030030029138       1.0307686824499322
     656.3032032032031111       1.0220680708886791
     656.3034034034033084       0.9500660841630443
     656.3036036036035057       0.9688113551018012
     656.3038038038037030       0.9597391159402364
     656.3040040040040140       0.9901242230576819
     656.3042042042042112       0.9586004759679196
     656.3044044044044085       1.1095887225244740
     656.3046046046046058       1.0076637645539677
     656.3048048048048031       0.9565392296794549
     656.3050050050050004       0.9378159086488518
     656.3052052052051977       0.9628972256593854
     656.3054054054053950       0.9419409208246023
     656.3056056056055922       1.0480188218812703
     656.3058058058057895       1.0857928137304440
     656.3060060060059868       0.9530157327157462
     656.3062062062061841       0.9477974976667941
     656.3064064064063814       1.0405937625457327
     656.3066066066065787       0.9395387128718541
     656.3068068068067760       0.9645328874138169
     656.3070070070069733       1.0052582359136064
     656.3072072072071705       1.0070092787191780
     656.3074074074073678       0.9655431108763052
     656.3076076076075651       0.9507488191447789
     656.3078078078077624       1.0176892274487428
     656.3080080080079597       0.9733786297518798
     656.3082082082081570       1.0427812312245770
     656.3084084084083543       1.0439103348431660
     656.3086086086085515       1.0514913878244332
     656.3088088088087488       0.9928176274610039
     656.3090090090089461       0.9923032597632736
     656.3092092092091434       0.9550660744735592
     656.3094094094093407       1.0699586886362309
     656.3096096096095380       1.0292810209811101
     656.3098098098097353       1.0022739541205952
     656.3100100100099326       1.0024256976200259
     656.3102102102101298       0.9852488140046181
     656.3104104104103271       0.9412241027260970
     656.3106106106105244       0.9394006811631544
     656.3108108108107217       1.0167540336471859
     656.3110110110109190       1.0280971976078863
     656.3112112112111163       0.8718492905892714
     656.3114114114113136       0.9670762257652648
     656.3116116116116245       1.0594062296721742
     656.3118118118118218       1.0693784206468280
     656.3120120120120191       1.0095671193349165
     656.3122122122122164       1.0835132115434170
     656.3124124124124137       1.0179121733574839
     656.3126126126126110       0.9565763724542944
     656.3128128128128083       1.0620533859902010
     656.3130130130130055       1.0494730140891095
     656.3132132132132028       1.0364600126820269
     656.3134134134134001       0.9911423169437962
     656.3136136136135974       1.0749244461967666
     656.3138138138137947       0.9803827817983359
     656.3140140140139920       1.0320979027918276
     656.3142142142141893       0.9149619662474395
     656.3144144144143866       1.0482278986253537
     656.3146146146145838       1.0069049886328394
     656.3148148148147811       1.0295593373070706
     656.3150150150149784       0.9738884831867942
     656.3152152152151757       0.9428310424262848
     656.3154154154153730       0.9742721481728627
     656.3156156156155703       1.0156566267599225
     656.3158158158157676       1.0065756707952431
     656.3160160160159649       0.8977272992500698
     656.3162162162161621       0.9840262168361915
     656.3164164164163594       1.0469487730860911
     656.3166166166165567       1.0361189010226122
     656.3168168168167540       0.9846561030821741
     656.3170170170169513       1.0758043887241855
     656.3172172172171486       1.0258461991846284
     656.3174174174173459       1.0228020049687854
     656.3176176176175431       1.0186311086765429
     656.3178178178177404       0.9586767681159887
     656.3180180180179377       1.0116089343818508
     656.3182182182181350       1.0221379360342848
     656.3184184184183323       0.9985457441098278
     656.3186186186185296       1.0497112465041925
     656.3188188188187269       1.0212870301666799
     656.3190190190189242       0.9607707626354435
     656.3192192192191214       0.9914278657898972
     656.3194194194194324       1.0222783881231554
     656.3196196196196297       1.1366639364515487
     656.3198198198198270       0.9757921935954889
     656.3200200200200243       0.9760948058187563
     656.3202202202202216       1.0117674837902766
     656.3204204204204188       0.9752744246600139
     656.3206206206206161       1.0040788263765614
     656.3208208208208134       0.9910152833141777
     656.3210210210210107       1.0639765997016131
     656.3212212212212080       1.0059715105922935
     656.3214214214214053       1.0723666350843553
     656.3216216216216026       1.0244790375803174
     656.3218218218217999       1.0176247797635654
     656.3220220220219971       1.0602813202365877
     656.3222222222221944       1.0633550724360634
     656.3224224224223917       0.9090490601036062
     656.3226226226225890       1.0077807877027729
     656.3228228228227863       1.0011816554113433
     656.3230230230229836       0.9851339872242082
     656.3232232232231809       0.9913053315579496
     656.3234234234233782       1.0614903709776560
     656.3236236236235754       0.9806201195965996
     656.3238238238237727       1.0066493525843314
     656.3240240240239700       0.9497363671663653
     656.3242242242241673       0.9577746478223755
     656.3244244244243646       1.0659270157538270
     656.3246246246245619       0.9466647667835230
     656.3248248248247592       0.9623670306589788
     656.3250250250249564       1.0507845825092281
     656.3252252252251537       0.9736924668107967
     656.3254254254253510       1.0926099697146772
     656.3256256256255483       0.9500321237246674
     656.3258258258257456       0.9755895508288682
     656.3260260260259429       1.0188814184408250
     656.3262262262261402       1.0650218871828065
     656.3264264264263375       1.0760719595901751
     656.3266266266265347       1.0040257997161883
     656.3268268268267320       1.0262959958346738
     656.3270270270270430       1.0605566080360531
     656.3272272272272403       1.0144046790370900
     656.3274274274274376       0.9670761691833785
     656.3276276276276349       1.0654938685211919
     656.3278278278278322       1.0381525446665099
     656.3280280280280294       1.0082231196982716
     656.3282282282282267       0.9697404953607210
     656.3284284284284240       0.9742072351784651
     656.3286286286286213       0.9392364994636483
     656.3288288288288186       0.9372256948573309
     656.3290290290290159       1.0453846418075514
     656.3292292292292132       0.9894994119731779
     656.3294294294294104       1.0578926779692353
     656.3296296296296077       0.9723159083972096
     656.3298298298298050       1.0455704851530161
     656.3300300300300023       1.0496444157761613
     656.3302302302301996       1.0182997690297175
     656.3304304304303969       1.0193610159746656
     656.3306306306305942       1.1094845947615413
     656.3308308308307915       0.9370162246797432
     656.3310310310309887       1.0604752441570284
     656.3312312312311860       1.0114602231602308
     656.3314314314313833       0.9652964604831682
     656.3316316316315806       0.9662724610759651
     656.3318318318317779       1.0210903929017001
     656.3320320320319752       0.9586140453048936
     656.3322322322321725       0.9985149879170444
     656.3324324324323698       0.9228854085894359
     656.3326326326325670       0.9977568771520809
     656.3328328328327643       0.9457733105572667
     656.3330330330329616       1.0109374480747690
     656.3332332332331589       1.0788148987069284
     656.3334334334333562       0.9692293985344249
     656.3336336336335535       1.0234799279090327
     656.3338338338337508       0.9789985984863627
     656.3340340340339480       1.0589383649535631
     656.3342342342341453       0.9841499767610997
     656.3344344344343426       1.0812308250664335
     656.3346346346346536       1.0131965850806610
     656.3348348348348509       1.0305751103101830
     656.3350350350350482       1.0281722328970542
     656.3352352352352455       1.0608901024585260
     656.3354354354354427       1.0745397915557646
     656.3356356356356400       1.0043552379039720
     656.3358358358358373       0.9060764962790153
     656.3360360360360346       1.0403853448909259
     656.3362362362362319       1.0241634503987838
     656.3364364364364292       0.9921218519438589
     656.3366366366366265       1.0512775868061990
     656.3368368368368237       1.0282052121985856
     656.3370370370370210       1.0235480506045576
     656.3372372372372183       1.0226284429538590
     656.3374374374374156       1.0608971378767880
     656.3376376376376129       0.9932500753424857
     656.3378378378378102       0.9886013432373107
     656.3380380380380075       0.9930012285412387
     656.3382382382382048       0.9456058655376482
     656.3384384384384020       0.9726897291716428
     656.3386386386385993       1.0071138131819386
     656.3388388388387966       1.0284309154075364
     656.3390390390389939       1.0708399921830325
     656.3392392392391912       0.9031701765425113
     656.3394394394393885       1.0215404056767237
     656.3396396396395858       0.9939213046443105
     656.3398398398397831       1.0178829075753097
     656.3400400400399803       1.0283238421094696
     656.3402402402401776       1.0057770036257732
     656.3404404404403749       0.9222985034005096
     656.3406406406405722       0.9581604268625535
     656.3408408408407695       1.0498891467554565
     656.3410410410409668       0.9362102317679875
     656.3412412412411641       0.9291859113223168
     656.3414414414413613       1.0338365908446390
     656.3416416416415586       1.0523273270386277
     656.3418418418417559       0.9932991631023559
     656.3420420420419532       1.0378072940428833
     656.3422422422421505       0.9753455993259385
     656.3424424424424615       0.9956304227316817
     656.3426426426426588       1.0318765361453002
     656.3428428428428560       1.0499868316740681
     656.3430430430430533       0.9776460438973923
     656.3432432432432506       0.9943577727662977
     656.3434434434434479       1.0174409366907797
     656.3436436436436452       1.0226624668246669
     656.3438438438438425       0.9702620140955520
     656.3440440440440398       1.0451144531060081
     656.3442442442442371       1.0018108948251641
     656.3444444444444343       1.0749498023375290
     656.3446446446446316       1.1293863789072982
     656.3448448448448289       0.9166599920021892
     656.3450450450450262       1.0373154333013663
     656.3452452452452235       0.9306967548297472
     656.3454454454454208       0.9251342829964215
     656.3456456456456181       1.0458770215282642
     656.3458458458458153       1.0177511005782380
     656.3460460460460126       1.0303599688290008
     656.3462462462462099       1.0107213220832887
     656.3464464464464072       0.9679146197551001
     656.3466466466466045       1.0644820904751491
     656.3468468468468018       0.8975845045926103
     656.3470470470469991       0.9418859257651552
     656.3472472472471964       1.0717107439274232
     656.3474474474473936       0.9542862803158897
     656.3476476476475909       1.1150960171050430
     656.3478478478477882       1.0589089445828910
     656.3480480480479855       1.0558793414960044
     656.3482482482481828       0.9054339829986867
     656.3484484484483801       0.9868785609106019
     656.3486486486485774       0.9914636565827655
     656.3488488488487747       1.0608970402874887
     656.3490490490489719       1.0384817343598236
     656.3492492492491692       1.0228390448462363
     656.3494494494493665       1.0056595032926277
     656.3496496496495638       1.0714701047327511
     656.3498498498497611       0.9822560491181708
     656.3500500500500721       0.9571600100625828
     656.3502502502502693       0.9940888547016714
     656.3504504504504666       0.9347045031651428
     656.3506506506506639       1.0399141173549822
     656.3508508508508612       1.0483298773923964
     656.3510510510510585       0.9958217431136063
     656.3512512512512558       1.0184735294706027
     656.3514514514514531       1.0284319651896272
     656.3516516516516504       1.0137942325831659
     656.3518518518518476       1.0162158813239821
     656.3520520520520449       1.0788144098674342
     656.3522522522522422       0.9757166636093584
     656.3524524524524395       0.9468761562913255
     656.3526526526526368       1.0284766018951470
     656.3528528528528341       1.0228366279684800
     656.3530530530530314       0.9663749742985198
     656.3532532532532286       1.0469765039731522
     656.3534534534534259       1.0049517058138169
     656.3536536536536232       1.0023110063002276
     656.3538538538538205       0.9493370771816253
     656.3540540540540178       0.9465510901994785
     656.3542542542542151       0.8982425296250026
     656.3544544544544124       0.9554918533960235
     656.3546546546546097       1.0005068958428252
     656.3548548548548069       0.9323711294066751
     656.3550550550550042       1.0552818716042855
     656.3552552552552015       1.0036904293243147
     656.3554554554553988       1.0060557097164140
     656.3556556556555961       1.0369715124244139
     656.3558558558557934       0.9948812231723847
     656.3560560560559907       1.0726986672583347
     656.3562562562561880       0.9864222950186184
     656.3564564564563852       1.0132786368722135
     656.3566566566565825       0.9750872935280750
     656.3568568568567798       0.9638467568305322
     656.3570570570569771       0.9596673785258775
     656.3572572572571744       0.9794181915240043
     656.3574574574573717       0.9642504529818750
     656.3576576576575690       0.9675814533364667
     656.3578578578578799       1.0591205105400463
     656.3580580580580772       0.9909285553426466
     656.3582582582582745       0.9721844721379971
     656.3584584584584718       0.9906573386386934
     656.3586586586586691       1.0239108699290176
     656.3588588588588664       1.0181587787590538
     656.3590590590590637       1.1149441509347970
     656.3592592592592609       1.0021237844498843
     656.3594594594594582       1.0424853676639259
     656.3596596596596555       0.9425579148687514
     656.3598598598598528       0.9876673460879609
     656.3600600600600501       1.0402300298416034
     656.3602602602602474       1.0574252106065400
     656.3604604604604447       0.9764355896993583
     656.3606606606606420       1.0725369734600729
     656.3608608608608392       0.8741455276622786
     656.3610610610610365       0.9913500546509503
     656.3612612612612338       0.9773625365012202
     656.3614614614614311       0.9652208988639489
     656.3616616616616284       0.9419171043477756
     656.3618618618618257       1.0481976532566164
     656.3620620620620230       0.9836989380809075
     656.3622622622622202       0.9115990781258211
     656.3624624624624175       0.9636503713336751
     656.3626626626626148       0.9972418766988467
     656.3628628628628121       0.9384283865421180
     656.3630630630630094       0.9703270650028686
     656.3632632632632067       0.9479659570512938
     656.3634634634634040       1.0210110255474119
     656.3636636636636013       1.0001625279889439
     656.3638638638637985       1.0189623337996070
     656.3640640640639958       1.0308824143850839
     656.3642642642641931       1.0086939914866444
     656.3644644644643904       1.0135827950059091
     656.3646646646645877       0.9187463921179724
     656.3648648648647850       0.9542157513831903
     656.3650650650649823       1.0113053923991746
     656.3652652652651796       0.9210509657873384
     656.3654654654654905       0.9625792000501744
     656.3656656656656878       1.0552419429162365
     656.3658658658658851       0.9942434937278098
     656.3660660660660824       0.9646269448410362
     656.3662662662662797       1.0183737814734282
     656.3664664664664770       0.9233909855587132
     656.3666666666666742       1.0082749557279329
     656.3668668668668715       0.9571361581493175
     656.3670670670670688       1.0312283121394881
     656.3672672672672661       1.0171905739478566
     656.3674674674674634       1.0036666246715700
     656.3676676676676607       0.9978537681992117
     656.3678678678678580       1.0850970134957532
     656.3680680680680553       0.9615817882775328
     656.3682682682682525       0.8812209497333063
     656.3684684684684498       1.0049316196363103
     656.3686686686686471       1.0025229524925563
     656.3688688688688444       0.9176667898044620
     656.3690690690690417       0.9613681843373807
     656.3692692692692390       0.9143222883028679
     656.3694694694694363       0.9706428035019767
     656.3696696696696335       1.0321387068430794
     656.3698698698698308       0.9994601441046467
     656.3700700700700281       0.9801701591218624
     656.3702702702702254       0.9172346435460789
     656.3704704704704227       0.9310941271126305
     656.3706706706706200       0.9919302302344128
     656.3708708708708173       0.9815044790116336
     656.3710710710710146       1.0460184477303782
     656.3712712712712118       1.0369996975890219
     656.3714714714714091       0.9810171894274584
     656.3716716716716064       1.0251832240757950
     656.3718718718718037       0.9871190433276231
     656.3720720720720010       0.9497120148171271
     656.3722722722721983       1.0267210789275272
     656.3724724724723956       0.9483490204255003
     656.3726726726725929       1.0780177631611867
     656.3728728728727901       0.9721564318677490
     656.3730730730729874       1.0183665877095054
     656.3732732732732984       0.9353108607577068
     656.3734734734734957       1.0180002268258317
     656.3736736736736930       0.9952003079919449
     656.3738738738738903       1.1127530212808150
     656.3740740740740875       1.0389124650998920
     656.3742742742742848       0.9395850190748558
     656.3744744744744821       0.9302963981299288
     656.3746746746746794       0.9874771728205936
     656.3748748748748767       1.0051591947934733
     656.3750750750750740       1.0168600351243686
     656.3752752752752713       0.9645785119983058
     656.3754754754754686       0.9764562757627133
     656.3756756756756658       0.9168892333757950
     656.3758758758758631       1.0899869789307965
     656.3760760760760604       0.9378057778652656
     656.3762762762762577       1.0662598422980269
     656.3764764764764550       0.9328970677440389
     656.3766766766766523       0.9457293456456544
     656.3768768768768496       1.0009469721246163
     656.3770770770770469       0.9967068209992193
     656.3772772772772441       1.0190217741709682
     656.3774774774774414       0.9659476388758219
     656.3776776776776387       1.0048752602496773
     656.3778778778778360       0.9004521205222572
     656.3780780780780333       0.9606734806135424
     656.3782782782782306       1.0322116866398854
     656.3784784784784279       0.9523802121091722
     656.3786786786786251       0.9074564478595177
     656.3788788788788224       1.0024883281724173
     656.3790790790790197       0.9714428024601819
     656.3792792792792170       0.9480061629626959
     656.3794794794794143       1.0280742700991408
     656.3796796796796116       0.9561587490768740
     656.3798798798798089       0.9607374021168642
     656.3800800800800062       1.0955237218618166
     656.3802802802802034       0.9525814827406923
     656.3804804804804007       0.9379247738990152
     656.3806806806805980       0.9003118581715421
     656.3808808808809090       0.9642130187861593
     656.3810810810811063       1.0521876816088731
     656.3812812812813036       1.0122874602652046
     656.3814814814815009       1.1376341623104476
     656.3816816816816981       0.9932754878802561
     656.3818818818818954       0.9768045674598355
     656.3820820820820927       0.9795195229502627
     656.3822822822822900       0.9711368275482101
     656.3824824824824873       0.8976029984703434
     656.3826826826826846       0.9688962925258962
     656.3828828828828819       0.9084858764379716
     656.3830830830830791       1.0771465368442783
     656.3832832832832764       0.9527182277412682
     656.3834834834834737       0.9485978577183770
     656.3836836836836710       0.9683552257844233
     656.3838838838838683       0.9820597278641056
     656.3840840840840656       0.9246406613819658
     656.3842842842842629       0.8785863067995747
     656.3844844844844602       1.0368596890607218
     656.3846846846846574       0.8678679949064957
     656.3848848848848547       0.9393567104400327
     656.3850850850850520       1.0099106261681225
     656.3852852852852493       0.9621746975967408
     656.3854854854854466       0.9858497660442342
     656.3856856856856439       0.9774780512566804
     656.3858858858858412       1.0095568217429665
     656.3860860860860384       0.9841532334273346
     656.3862862862862357       0.9581145140181887
     656.3864864864864330       0.8581409958219698
     656.3866866866866303       0.9798713251183934
     656.3868868868868276       0.8864515459751006
     656.3870870870870249       0.8831710771212515
     656.3872872872872222       0.8781644727307167
     656.3874874874874195       0.9577859651970766
     656.3876876876876167       0.8908664596356747
     656.3878878878878140       0.9210850081276418
     656.3880880880880113       0.9521493872059636
     656.3882882882882086       0.9249738336816078
     656.3884884884885196       1.0472420993060978
     656.3886886886887169       0.8946660677013988
     656.3888888888889142       0.9267473263252257
     656.3890890890891114       0.9900009237636178
     656.3892892892893087       0.9104216738388142
     656.3894894894895060       0.9177899001068411
     656.3896896896897033       1.0163490486065405
     656.3898898898899006       0.9932483598548600
     656.3900900900900979       1.0095069719888106
     656.3902902902902952       0.9624881797775102
     656.3904904904904924       0.9435655635175011
     656.3906906906906897       0.9239269621687292
     656.3908908908908870       0.9568889908337802
     656.3910910910910843       0.9445363851689984
     656.3912912912912816       0.8770941281579039
     656.3914914914914789       0.8679159847616804
     656.3916916916916762       0.9647956789092621
     656.3918918918918735       1.0377293189750509
     656.3920920920920707       0.9542557783071717
     656.3922922922922680       0.9988946773763225
     656.3924924924924653       0.9620927150732650
     656.3926926926926626       0.9002840293673087
     656.3928928928928599       0.9341207280019005
     656.3930930930930572       0.8528088745720150
     656.3932932932932545       0.9399238625535381
     656.3934934934934518       0.7993890632165896
     656.3936936936936490       0.8811696836617650
     656.3938938938938463       0.9611237146689682
     656.3940940940940436       0.9227952270244958
     656.3942942942942409       0.9112297086165163
     656.3944944944944382       0.7543555462277677
     656.3946946946946355       0.9839862531927853
     656.3948948948948328       0.9335416304677513
     656.3950950950950300       0.8960772596712016
     656.3952952952952273       0.9083052923786201
     656.3954954954954246       0.9701921473560852
     656.3956956956956219       0.8287720317998045
     656.3958958958958192       0.9079566420052201
     656.3960960960960165       0.9667388024263948
     656.3962962962963275       0.9344746088479488
     656.3964964964965247       0.8800802601603080
     656.3966966966967220       0.8739538837648109
     656.3968968968969193       0.8573032511352338
     656.3970970970971166       0.9462024147649029
     656.3972972972973139       0.8757773208464501
     656.3974974974975112       0.8424936905260554
     656.3976976976977085       0.8958758577539263
     656.3978978978979058       0.7927577912193904
     656.3980980980981030       0.7902004958287479
     656.3982982982983003       0.8701635785787282
     656.3984984984984976       0.8826575506313318
     656.3986986986986949       0.8374244575519911
     656.3988988988988922       0.8271833623272442
     656.3990990990990895       0.9914463072667061
     656.3992992992992868       0.9654015368202666
     656.3994994994994840       0.9244005468490260
     656.3996996996996813       0.9292819973560966
     656.3998998998998786       0.8232069091793317
     656.4001001001000759       0.8419713716409901
     656.4003003003002732       0.8450756509445426
     656.4005005005004705       0.8657949257242028
     656.4007007007006678       0.9183614266836836
     656.4009009009008651       0.9298636730312092
     656.4011011011010623       0.9025473049671261
     656.4013013013012596       0.8046679698522151
     656.4015015015014569       0.8090115522887432
     656.4017017017016542       0.7865100397405620
     656.4019019019018515       0.7907099117466025
     656.4021021021020488       0.9408682387300586
     656.4023023023022461       0.7432666926752367
     656.4025025025024433       0.8918001399206210
     656.4027027027026406       0.9545681284413597
     656.4029029029028379       0.8002941570459219
     656.4031031031030352       0.9345426428306609
     656.4033033033032325       0.9069207178501725
     656.4035035035034298       0.8711466174857220
     656.4037037037036271       0.8651098775695550
     656.4039039039039380       0.8491915315387408
     656.4041041041041353       0.8979709013874169
     656.4043043043043326       0.9318006935829122
     656.4045045045045299       0.8644694923615802
     656.4047047047047272       0.8761314126797148
     656.4049049049049245       0.8602302710492985
     656.4051051051051218       0.8407858021750060
     656.4053053053053191       0.8378471409831888
     656.4055055055055163       0.8676880891891345
     656.4057057057057136       0.9346676818454195
     656.4059059059059109       0.8221923855123491
     656.4061061061061082       0.8784466067660432
     656.4063063063063055       0.7882543253700741
     656.4065065065065028       0.8416566747337764
     656.4067067067067001       0.7996361978264575
     656.4069069069068973       0.8603861953442715
     656.4071071071070946       0.8088565697730911
     656.4073073073072919       0.8400549741062228
     656.4075075075074892       0.7668713378501113
     656.4077077077076865       0.7560029341242834
     656.4079079079078838       0.8880207908168178
     656.4081081081080811       0.8293138925085090
     656.4083083083082784       0.7822995247524409
     656.4085085085084756       0.7912122875842196
     656.4087087087086729       0.8364551437548968
     656.4089089089088702       0.9600480894361019
     656.4091091091090675       0.8622106710166968
     656.4093093093092648       0.9110049510801139
     656.4095095095094621       0.8525643351412738
     656.4097097097096594       0.7858817045884542
     656.4099099099098567       0.8300507156301318
     656.4101101101100539       0.7812521517052842
     656.4103103103102512       0.7783741004255265
     656.4105105105104485       0.8319406105276004
     656.4107107107106458       0.7745649652508466
     656.4109109109108431       0.9022280855748834
     656.4111111111110404       0.8223689287039301
     656.4113113113112377       0.8493931000017452
     656.4115115115114349       0.8726589610638115
     656.4117117117117459       0.8429991167382909
     656.4119119119119432       0.8909186994398801
     656.4121121121121405       0.9263018442045488
     656.4123123123123378       0.8221245743078173
     656.4125125125125351       0.8117132329927672
     656.4127127127127324       0.8374761548930014
     656.4129129129129296       0.7883691312640826
     656.4131131131131269       0.7527266371543371
     656.4133133133133242       0.8245463101223631
     656.4135135135135215       0.9010582611983964
     656.4137137137137188       0.7884453172837516
     656.4139139139139161       0.8207605607826565
     656.4141141141141134       0.8070811898451689
     656.4143143143143106       0.8581905196688879
     656.4145145145145079       0.7580092920930570
     656.4147147147147052       0.8398663497505798
     656.4149149149149025       0.7513493259955264
     656.4151151151150998       0.8044297401447814
     656.4153153153152971       0.7933616468411432
     656.4155155155154944       0.8078417780339686
     656.4157157157156917       0.7507231333245863
     656.4159159159158889       0.8034593723410993
     656.4161161161160862       0.7251959228035572
     656.4163163163162835       0.8242153001004650
     656.4165165165164808       0.7312318704862137
     656.4167167167166781       0.8499971978139496
     656.4169169169168754       0.8235698731787658
     656.4171171171170727       0.7440006207034419
     656.4173173173172700       0.7898459322452993
     656.4175175175174672       0.7984300529813317
     656.4177177177176645       0.7501317625395860
     656.4179179179178618       0.7882259514265539
     656.4181181181180591       0.7716944841227812
     656.4183183183182564       0.8541239036584765
     656.4185185185184537       0.8456967111145898
     656.4187187187186510       0.8118867015108867
     656.4189189189188482       0.7604947646764042
     656.4191191191190455       0.7936796228386995
     656.4193193193193565       0.8061510785068161
     656.4195195195195538       0.7692904642579930
     656.4197197197197511       0.8046057594423803
     656.4199199199199484       0.8516940141708884
     656.4201201201201457       0.7835306420784165
     656.4203203203203429       0.8034596713551232
     656.4205205205205402       0.8653276183392749
     656.4207207207207375       0.8101757828422389
     656.4209209209209348       0.7285711556499826
     656.4211211211211321       0.6630950069395107
     656.4213213213213294       0.7669418687924326
     656.4215215215215267       0.8382388875738969
     656.4217217217217240       0.7885005583781746
     656.4219219219219212       0.8428992688611765
     656.4221221221221185       0.8156158671543854
     656.4223223223223158       0.8093025986224189
     656.4225225225225131       0.8378143170275858
     656.4227227227227104       0.7993035942539801
     656.4229229229229077       0.7854392127070779
     656.4231231231231050       0.8919326364765885
     656.4233233233233022       0.8710823808381343
     656.4235235235234995       0.9035010601628676
     656.4237237237236968       0.7890655059744507
     656.4239239239238941       0.7976135602951493
     656.4241241241240914       0.7399748223825970
     656.4243243243242887       0.8051201971773716
     656.4245245245244860       0.8184799375294755
     656.4247247247246833       0.7414754609250640
     656.4249249249248805       0.8148047414349482
     656.4251251251250778       0.7029149323150394
     656.4253253253252751       0.8027024777292593
     656.4255255255254724       0.8181484648318413
     656.4257257257256697       0.7216268135116215
     656.4259259259258670       0.7844827453970387
     656.4261261261260643       0.8342495969798109
     656.4263263263262616       0.8484572434257149
     656.4265265265264588       0.7985756610182875
     656.4267267267266561       0.8258425291704461
     656.4269269269269671       0.8984314996713053
     656.4271271271271644       0.8414511530237050
     656.4273273273273617       0.8257734666757085
     656.4275275275275590       0.7546365064882774
     656.4277277277277562       0.7259557039978246
     656.4279279279279535       0.7629098674767341
     656.4281281281281508       0.8696303762723954
     656.4283283283283481       0.7813529799684653
     656.4285285285285454       0.7994197737850837
     656.4287287287287427       0.8589815032543915
     656.4289289289289400       0.8908352047301799
     656.4291291291291373       0.7865550934196907
     656.4293293293293345       0.8539148829627845
     656.4295295295295318       0.7649753064377511
     656.4297297297297291       0.8355655609785858
     656.4299299299299264       0.7872266817145037
     656.4301301301301237       0.9228412619730234
     656.4303303303303210       0.7728671126296607
     656.4305305305305183       0.7574212530926396
     656.4307307307307155       0.8675071484025203
     656.4309309309309128       0.7471923409032469
     656.4311311311311101       0.9335090728735974
     656.4313313313313074       0.8339735583046706
     656.4315315315315047       0.8329955042648799
     656.4317317317317020       0.9034742767644433
     656.4319319319318993       0.7399076623821406
     656.4321321321320966       0.8148819198251112
     656.4323323323322938       0.8325815174914957
     656.4325325325324911       0.8541251792770075
     656.4327327327326884       0.9110208719860838
     656.4329329329328857       0.8816069423818117
     656.4331331331330830       0.8889598228137031
     656.4333333333332803       0.8845770177753193
     656.4335335335334776       0.8624676748270318
     656.4337337337336749       0.8501820405030969
     656.4339339339338721       0.8155361709092221
     656.4341341341340694       0.7903420055194725
     656.4343343343342667       0.7487787801554467
     656.4345345345344640       0.7963585278970644
     656.4347347347347750       0.8661303918065826
     656.4349349349349723       0.8147643648096856
     656.4351351351351695       0.9278343661258569
     656.4353353353353668       0.8602307501647597
     656.4355355355355641       0.8761812592885673
     656.4357357357357614       0.8289140597518465
     656.4359359359359587       0.8752452169812049
     656.4361361361361560       0.7752502846118737
     656.4363363363363533       0.7881738556572966
     656.4365365365365506       0.8343160926090659
     656.4367367367367478       0.8230760449608587
     656.4369369369369451       0.7944211521303346
     656.4371371371371424       0.9048724928390194
     656.4373373373373397       0.9321103671937561
     656.4375375375375370       0.8548932205705309
     656.4377377377377343       0.9129505840439834
     656.4379379379379316       0.8771385909334689
     656.4381381381381289       0.9550949688713444
     656.4383383383383261       0.7979583636991605
     656.4385385385385234       0.8576045162849083
     656.4387387387387207       0.9014923118585159
     656.4389389389389180       0.8285254066246214
     656.4391391391391153       0.8978461767341311
     656.4393393393393126       0.9076601328642810
     656.4395395395395099       0.9167213460158696
     656.4397397397397071       0.9346687755903096
     656.4399399399399044       0.9548570870898651
     656.4401401401401017       0.9064311892447304
     656.4403403403402990       0.8269687742710863
     656.4405405405404963       0.7913156168065617
     656.4407407407406936       0.8686212701116277
     656.4409409409408909       0.8694639690390278
     656.4411411411410882       0.8454158347025920
     656.4413413413412854       0.8643983942654017
     656.4415415415414827       0.9032899420772700
     656.4417417417416800       0.8220014531611316
     656.4419419419418773       0.9015528545710697
     656.4421421421420746       0.9790673041071414
     656.4423423423423856       0.9221587094284206
     656.4425425425425829       0.8820583027791685
     656.4427427427427801       0.8802393704865148
     656.4429429429429774       0.9087072618227419
     656.4431431431431747       0.9478393423515716
     656.4433433433433720       0.9621662330904491
     656.4435435435435693       0.8238479328682348
     656.4437437437437666       0.9897052497081943
     656.4439439439439639       0.8826664231737945
     656.4441441441441611       0.9117921877063958
     656.4443443443443584       0.9600006021198821
     656.4445445445445557       0.8555796653087231
     656.4447447447447530       0.9088843102091846
     656.4449449449449503       0.8313097547008326
     656.4451451451451476       0.9532961455829062
     656.4453453453453449       0.8667499345152531
     656.4455455455455422       0.9509212811497645
     656.4457457457457394       0.9653940145719184
     656.4459459459459367       0.8713337995767972
     656.4461461461461340       0.8418275979469926
     656.4463463463463313       0.9369707888455129
     656.4465465465465286       0.9312137591703379
     656.4467467467467259       0.9428214066662181
     656.4469469469469232       0.9394346518913889
     656.4471471471471204       0.9364640075466761
     656.4473473473473177       0.9728979903114651
     656.4475475475475150       0.8684507803888285
     656.4477477477477123       0.9491863786170277
     656.4479479479479096       0.8926057183909755
     656.4481481481481069       0.8752483623169737
     656.4483483483483042       0.9597057717914653
     656.4485485485485015       0.8344371717017327
     656.4487487487486987       0.9743315571695879
     656.4489489489488960       0.8863879810171135
     656.4491491491490933       0.9321862261499473
     656.4493493493492906       0.9448059460164515
     656.4495495495494879       0.8454717815876562
     656.4497497497496852       0.8892778627157144
     656.4499499499498825       0.9013065120466474
     656.4501501501501934       0.9752864366251869
     656.4503503503503907       0.9912574332705940
     656.4505505505505880       0.9046929514088852
     656.4507507507507853       0.9756895858048846
     656.4509509509509826       0.8918263794418081
     656.4511511511511799       0.8880430075411821
     656.4513513513513772       0.9551852006440348
     656.4515515515515744       0.9670732017717673
     656.4517517517517717       0.9446649633376577
     656.4519519519519690       0.9566851817414880
     656.4521521521521663       0.9570525988695113
     656.4523523523523636       0.9277784375579951
     656.4525525525525609       0.9006242713423950
     656.4527527527527582       0.9615858779578438
     656.4529529529529555       0.9069191137276101
     656.4531531531531527       0.9982693951880235
     656.4533533533533500       0.9428413305875503
     656.4535535535535473       0.9926830735103063
     656.4537537537537446       0.8447999473534041
     656.4539539539539419       0.9331594980730279
     656.4541541541541392       0.9191116102514175
     656.4543543543543365       0.9709490003569003
     656.4545545545545338       0.9446589948833597
     656.4547547547547310       0.9148479064040710
     656.4549549549549283       0.9477908081044106
     656.4551551551551256       0.9482190963281861
     656.4553553553553229       0.9520998216252101
     656.4555555555555202       0.8548083392636745
     656.4557557557557175       0.9593762033371993
     656.4559559559559148       1.0020316467566861
     656.4561561561561120       0.9685843281268190
     656.4563563563563093       0.9357099231681631
     656.4565565565565066       0.9080506895186665
     656.4567567567567039       0.9764640151958780
     656.4569569569569012       0.9247568419791428
     656.4571571571570985       0.8670961798815001
     656.4573573573572958       0.9643787989860695
     656.4575575575574931       0.9957147062977784
     656.4577577577578040       0.9076495472691567
     656.4579579579580013       1.0054133837691948
     656.4581581581581986       0.9329687154528455
     656.4583583583583959       0.9171982579201718
     656.4585585585585932       0.9227874761419101
     656.4587587587587905       1.0087044825041565
     656.4589589589589878       0.9757686970806301
     656.4591591591591850       1.0343845797277991
     656.4593593593593823       1.0230408518739256
     656.4595595595595796       0.9423190040861295
     656.4597597597597769       1.0359810738776092
     656.4599599599599742       0.9692681562694473
     656.4601601601601715       1.0151203413753680
     656.4603603603603688       0.9508744693247638
     656.4605605605605660       0.8666706629564589
     656.4607607607607633       0.9798981260560465
     656.4609609609609606       0.9297865207975697
     656.4611611611611579       1.0392512555632192
     656.4613613613613552       0.9526832865910115
     656.4615615615615525       0.9936857487593663
     656.4617617617617498       1.0148238349871042
     656.4619619619619471       0.9320517982603715
     656.4621621621621443       0.9635599837770941
     656.4623623623623416       0.9824982304080631
     656.4625625625625389       0.9967949370099165
     656.4627627627627362       0.9842223440988954
     656.4629629629629335       1.0047244375500166
     656.4631631631631308       0.9677221355045121
     656.4633633633633281       0.9318842628822979
     656.4635635635635253       1.0204771640519115
     656.4637637637637226       0.9908451147312404
     656.4639639639639199       1.0029883884382700
     656.4641641641641172       1.0475389175731744
     656.4643643643643145       1.0309002944085091
     656.4645645645645118       1.0351146941450673
     656.4647647647647091       0.9183231657834047
     656.4649649649649064       0.9646213333400302
     656.4651651651651036       1.0230483731095847
     656.4653653653653009       0.8858366067086432
     656.4655655655656119       0.9942899692716605
     656.4657657657658092       1.0228364529206275
     656.4659659659660065       0.9862374531756587
     656.4661661661662038       1.0089005306493233
     656.4663663663664011       1.0328646333473466
     656.4665665665665983       0.9938555186974837
     656.4667667667667956       1.0083914017350231
     656.4669669669669929       0.9478082868838953
     656.4671671671671902       1.0143801098212659
     656.4673673673673875       0.9709807441701106
     656.4675675675675848       1.0387011832346502
     656.4677677677677821       0.8352508013179907
     656.4679679679679793       0.9521565128859767
     656.4681681681681766       0.9584678419644126
     656.4683683683683739       0.9760558107230783
     656.4685685685685712       1.0536889109954226
     656.4687687687687685       0.8983570579731124
     656.4689689689689658       0.9661696848821187
     656.4691691691691631       1.0101066648806500
     656.4693693693693604       1.0240978405318790
     656.4695695695695576       1.0696107864669386
     656.4697697697697549       1.0155903499895851
     656.4699699699699522       1.0157545228809459
     656.4701701701701495       1.0453374899594106
     656.4703703703703468       0.9299581739094616
     656.4705705705705441       1.0002375485599904
     656.4707707707707414       0.9197376090460320
     656.4709709709709387       1.0324794097974155
     656.4711711711711359       0.8995838389820651
     656.4713713713713332       0.9419240332304173
     656.4715715715715305       0.9615188182851482
     656.4717717717717278       0.9772588900328772
     656.4719719719719251       0.9295192875172243
     656.4721721721721224       0.8884602069591064
     656.4723723723723197       0.9491124967103876
     656.4725725725725169       1.0027531373507632
     656.4727727727727142       1.0111593485937447
     656.4729729729729115       0.9834986428767982
     656.4731731731732225       0.9883116341729584
     656.4733733733734198       1.0446171478073918
     656.4735735735736171       1.0008592553934776
     656.4737737737738144       1.0633588465313915
     656.4739739739740116       1.0453704747043595
     656.4741741741742089       0.9458768645817347
     656.4743743743744062       1.0295903905618746
     656.4745745745746035       1.0563855483285967
     656.4747747747748008       0.9471972741797309
     656.4749749749749981       0.9953779553470729
     656.4751751751751954       1.0069208642743157
     656.4753753753753927       0.9887928856175092
     656.4755755755755899       0.9715184125242480
     656.4757757757757872       1.0525195871485638
     656.4759759759759845       1.0148340672190010
     656.4761761761761818       0.8940782665407442
     656.4763763763763791       1.0465034326902676
     656.4765765765765764       1.0249674728073785
     656.4767767767767737       0.9850004939824837
     656.4769769769769709       1.0059979358055275
     656.4771771771771682       0.9313741862875028
     656.4773773773773655       1.0529829197610965
     656.4775775775775628       0.9838096120234217
     656.4777777777777601       0.9415363658790902
     656.4779779779779574       1.0289511894894245
     656.4781781781781547       1.0164285845567007
     656.4783783783783520       1.0019984480472757
     656.4785785785785492       1.0615439129550110
     656.4787787787787465       0.9928587018895474
     656.4789789789789438       1.0088131678943055
     656.4791791791791411       0.9984603763383498
     656.4793793793793384       1.0030840565311860
     656.4795795795795357       0.9946640173100377
     656.4797797797797330       0.9148694439553761
     656.4799799799799302       0.9877879100665877
     656.4801801801801275       0.9663437697352997
     656.4803803803803248       1.0008817818008104
     656.4805805805805221       1.0127642251327789
     656.4807807807808331       0.9669986928196856
     656.4809809809810304       1.0120903840779119
     656.4811811811812277       0.9652507450633107
     656.4813813813814249       1.0533748073914602
     656.4815815815816222       0.9863323706610239
     656.4817817817818195       0.9476545606462321
     656.4819819819820168       0.9860074383252945
     656.4821821821822141       0.9725335684306590
     656.4823823823824114       0.9968959844657952
     656.4825825825826087       0.9518159994736080
     656.4827827827828060       1.0436549655456622
     656.4829829829830032       0.9729054160361584
     656.4831831831832005       0.9804533520552887
     656.4833833833833978       1.0545662228795845
     656.4835835835835951       1.0035023593970422
     656.4837837837837924       1.0276093098305741
     656.4839839839839897       1.0252463470530799
     656.4841841841841870       1.0342341955259133
     656.4843843843843842       1.0067584875204740
     656.4845845845845815       1.0332274392697272
     656.4847847847847788       1.0395818851607315
     656.4849849849849761       1.0122258174687726
     656.4851851851851734       0.9757301243906450
     656.4853853853853707       0.9816075648820927
     656.4855855855855680       1.0499014368175199
     656.4857857857857653       1.0350842513509906
     656.4859859859859625       0.9931900767407903
     656.4861861861861598       1.0872881855299918
     656.4863863863863571       1.0028047357363676
     656.4865865865865544       1.0429064266050097
     656.4867867867867517       1.0936530002096871
     656.4869869869869490       0.9739350105786209
     656.4871871871871463       1.0348090829938279
     656.4873873873873436       1.0163667598744837
     656.4875875875875408       1.0339524819883512
     656.4877877877877381       1.0164163709079286
     656.4879879879879354       0.9905095987185308
     656.4881881881881327       1.0310469226272461
     656.4883883883883300       0.9588095357765858
     656.4885885885886410       0.9652663782841747
     656.4887887887888382       0.9934581308305134
     656.4889889889890355       1.0367390135137859
     656.4891891891892328       0.9414849739284520
     656.4893893893894301       0.9851872373399799
     656.4895895895896274       0.9756340630687627
     656.4897897897898247       0.9314572265903979
     656.4899899899900220       1.0521901980714272
     656.4901901901902193       0.9616956806888510
     656.4903903903904165       1.0773881072728255
     656.4905905905906138       1.0451438948660541
     656.4907907907908111       0.9435424634724791
     656.4909909909910084       0.9613434319225465
     656.4911911911912057       1.0761291665001531
     656.4913913913914030       1.0558502586073386
     656.4915915915916003       1.0256433373919953
     656.4917917917917976       1.0678031464679576
     656.4919919919919948       1.0101955181370266
     656.4921921921921921       1.0166760819055800
     656.4923923923923894       0.9975219822456870
     656.4925925925925867       1.0159391115258023
     656.4927927927927840       0.9444443238287871
     656.4929929929929813       0.9972408458551917
     656.4931931931931786       0.9611181799207589
     656.4933933933933758       1.0155796873035752
     656.4935935935935731       0.9522914969472874
     656.4937937937937704       0.9649138283170918
     656.4939939939939677       1.0542485138600659
     656.4941941941941650       1.0129242495683060
     656.4943943943943623       0.9652475815466950
     656.4945945945945596       0.9418554157817636
     656.4947947947947569       1.0381017273151905
     656.4949949949949541       1.0218689283192153
     656.4951951951951514       1.0521229059649833
     656.4953953953953487       0.9857652485728284
     656.4955955955955460       1.0016604803518796
     656.4957957957957433       1.0271325287248718
     656.4959959959959406       0.9728580505145502
     656.4961961961962515       0.9668169784250742
     656.4963963963964488       1.0533517971894271
     656.4965965965966461       0.9605943060707453
     656.4967967967968434       1.0364827614752492
     656.4969969969970407       1.0267131677873254
     656.4971971971972380       1.0121763954046421
     656.4973973973974353       1.0299277025552036
     656.4975975975976326       0.9727357706566825
     656.4977977977978298       0.9828931795653501
     656.4979979979980271       1.0068150500929707
     656.4981981981982244       0.9408004090814077
     656.4983983983984217       1.1045442596597095
     656.4985985985986190       1.0486696756666365
     656.4987987987988163       0.9865515731010588
     656.4989989989990136       0.9725403386761077
     656.4991991991992109       1.0069257191680181
     656.4993993993994081       0.9405292441878501
     656.4995995995996054       0.9842532823644894
     656.4997997997998027       0.9612456277949405
     656.5000000000000000       0.9997724607062346
