     656.2999999999999545       0.9274582486841942
     656.3002002002001518       1.0266769610416469
     656.3004004004003491       1.0417429763063699
     656.3006006006005464       1.0089612888581772
     656.3008008008007437       1.0670454847301096
     656.3010010010009410       1.0447075587298724
     656.3012012012011382       0.9896593208335820
     656.3014014014013355       1.0791985279221983
     656.3016016016015328       0.9340219992514259
     656.3018018018017301       0.9525640784317166
     656.3020020020019274       0.9923917580720844
     656.3022022022021247       1.0127305790038521
     656.3024024024023220       1.0718270753889998
     656.3026026026025193       1.0427062564737382
     656.3028028028027165       0.9939647803856734
     656.3030030030029138       0.8769877016856926
     656.3032032032031111       1.0733271389979371
     656.3034034034033084       1.0228195699915861
     656.3036036036035057       1.0162426889008964
     656.3038038038037030       1.0472507913199594
     656.3040040040040140       0.9164113437977133
     656.3042042042042112       1.1062176852148806
     656.3044044044044085       0.9278702329146028
     656.3046046046046058       1.0481362634756004
     656.3048048048048031       0.9170720091549787
     656.3050050050050004       1.0338818966912284
     656.3052052052051977       0.9648237714184851
     656.3054054054053950       0.9749476996842300
     656.3056056056055922       0.9475193571660916
     656.3058058058057895       1.0157200826824790
     656.3060060060059868       0.9669891942831873
     656.3062062062061841       1.0172682548797685
     656.3064064064063814       0.9590094430170496
     656.3066066066065787       1.0551529788651188
     656.3068068068067760       1.0177332048551890
     656.3070070070069733       0.9352625729121036
     656.3072072072071705       1.0531845962426849
     656.3074074074073678       1.0247752093999083
     656.3076076076075651       1.0782337262666375
     656.3078078078077624       1.0930093090144677
     656.3080080080079597       1.0272389143034646
     656.3082082082081570       1.0187332822560879
     656.3084084084083543       1.0185053962736905
     656.3086086086085515       1.0201978504846332
     656.3088088088087488       1.0291756192918684
     656.3090090090089461       1.0539927379138385
     656.3092092092091434       1.0344515301483219
     656.3094094094093407       0.9145932866224404
     656.3096096096095380       1.0508551049225385
     656.3098098098097353       1.0064320597494421
     656.3100100100099326       1.0225757061414078
     656.3102102102101298       1.0584582088600807
     656.3104104104103271       1.0766276559007764
     656.3106106106105244       0.9817571907037944
     656.3108108108107217       0.9600052571912752
     656.3110110110109190       0.9540800897566769
     656.3112112112111163       0.9750651004436032
     656.3114114114113136       0.9709483309557360
     656.3116116116116245       1.0171323084029722
     656.3118118118118218       0.9860582491163630
     656.3120120120120191       0.9320524144130201
     656.3122122122122164       1.0826924988711517
     656.3124124124124137       0.9470490095898623
     656.3126126126126110       1.0246834527016806
     656.3128128128128083       0.9939212151585436
     656.3130130130130055       0.9460829980959647
     656.3132132132132028       1.0219083608585851
     656.3134134134134001       1.0205261442278122
     656.3136136136135974       0.9865557487813156
     656.3138138138137947       0.9310431934463477
     656.3140140140139920       1.0573548904993941
     656.3142142142141893       0.9696695651268356
     656.3144144144143866       0.9411972737783587
     656.3146146146145838       1.0058333411735445
     656.3148148148147811       0.9502622484877372
     656.3150150150149784       1.0060886786247503
     656.3152152152151757       1.0202080474835049
     656.3154154154153730       1.0533059338340554
     656.3156156156155703       1.0065650594845352
     656.3158158158157676       0.9913792490290285
     656.3160160160159649       1.0071976892678727
     656.3162162162161621       0.9848027716639784
     656.3164164164163594       1.0245608140524269
     656.3166166166165567       1.1062702377919664
     656.3168168168167540       0.9730344814251839
     656.3170170170169513       0.9427166828215463
     656.3172172172171486       0.9833545640106027
     656.3174174174173459       1.1415118669899758
     656.3176176176175431       1.0507274592688480
     656.3178178178177404       1.0671595108404084
     656.3180180180179377       1.0576390011646501
     656.3182182182181350       1.0430714853617005
     656.3184184184183323       0.9811011901921054
     656.3186186186185296       0.9478730071494241
     656.3188188188187269       1.0142444392876357
     656.3190190190189242       0.9514356868016616
     656.3192192192191214       1.0140028694590135
     656.3194194194194324       1.0691458256381301
     656.3196196196196297       0.9632326764276764
     656.3198198198198270       0.9255975210366999
     656.3200200200200243       0.9893511614001085
     656.3202202202202216       1.0075226555848680
     656.3204204204204188       1.0727112712902267
     656.3206206206206161       0.9802276552434055
     656.3208208208208134       1.0321272308931073
     656.3210210210210107       0.9784530860445548
     656.3212212212212080       1.0559357897683594
     656.3214214214214053       1.0525916900971941
     656.3216216216216026       0.9975112546130025
     656.3218218218217999       1.0389761316633508
     656.3220220220219971       1.0425476402029918
     656.3222222222221944       0.9847727385350143
     656.3224224224223917       0.9863328280550552
     656.3226226226225890       0.8799873504596820
     656.3228228228227863       1.1062866476708735
     656.3230230230229836       1.0690859899414273
     656.3232232232231809       0.9801254922980847
     656.3234234234233782       1.0362080103290032
     656.3236236236235754       0.9588146036447818
     656.3238238238237727       1.0209340654276047
     656.3240240240239700       1.0072629215839992
     656.3242242242241673       1.0425438223533907
     656.3244244244243646       0.9546106470826695
     656.3246246246245619       1.0177794080295548
     656.3248248248247592       1.0317886889300214
     656.3250250250249564       0.9750436034777148
     656.3252252252251537       1.0038824137159938
     656.3254254254253510       0.9542398316385429
     656.3256256256255483       0.9887346015712049
     656.3258258258257456       0.9363870773782681
     656.3260260260259429       0.9633173841597217
     656.3262262262261402       0.9599504383047326
     656.3264264264263375       0.9658353983116007
     656.3266266266265347       0.9703367348172873
     656.3268268268267320       0.9797064563263612
     656.3270270270270430       1.0435549827101522
     656.3272272272272403       0.9736295337757058
     656.3274274274274376       1.0024173981682216
     656.3276276276276349       1.0655140063722404
     656.3278278278278322       0.9467470760234599
     656.3280280280280294       0.9955486163110584
     656.3282282282282267       1.0726808488145205
     656.3284284284284240       1.0532266868456652
     656.3286286286286213       0.9733798859953728
     656.3288288288288186       0.9667437544213258
     656.3290290290290159       1.0011835951052506
     656.3292292292292132       1.0020495627452637
     656.3294294294294104       0.9694265015930734
     656.3296296296296077       1.0035329991495521
     656.3298298298298050       0.9817074135506862
     656.3300300300300023       1.0183191218583469
     656.3302302302301996       0.9637912935205835
     656.3304304304303969       0.9087840728577220
     656.3306306306305942       1.0046982115935856
     656.3308308308307915       1.1076269011654702
     656.3310310310309887       1.0201826124623108
     656.3312312312311860       1.0465797243212083
     656.3314314314313833       1.0376781102737924
     656.3316316316315806       0.8955548119995506
     656.3318318318317779       0.9959257598962280
     656.3320320320319752       0.9859464306450287
     656.3322322322321725       0.9736479965213417
     656.3324324324323698       0.9253885068180512
     656.3326326326325670       0.9956154563029668
     656.3328328328327643       0.9571428908654031
     656.3330330330329616       1.0333894306784339
     656.3332332332331589       0.9855020805054523
     656.3334334334333562       0.9578786995340344
     656.3336336336335535       1.0463115982415585
     656.3338338338337508       0.9827606556919974
     656.3340340340339480       1.0700617834882773
     656.3342342342341453       0.9893200137707470
     656.3344344344343426       1.0197580351651458
     656.3346346346346536       0.9447145326521647
     656.3348348348348509       1.0116141421257814
     656.3350350350350482       0.9456698578655600
     656.3352352352352455       1.0516532770686973
     656.3354354354354427       0.9374665969791188
     656.3356356356356400       0.9822942103242684
     656.3358358358358373       0.9989072707935777
     656.3360360360360346       0.9345269417587289
     656.3362362362362319       1.0560115142787061
     656.3364364364364292       0.8911819804604749
     656.3366366366366265       1.0292071537192697
     656.3368368368368237       0.9640820185665701
     656.3370370370370210       0.9003765062054032
     656.3372372372372183       0.9771950969399351
     656.3374374374374156       1.0884064045208057
     656.3376376376376129       0.9592804535190440
     656.3378378378378102       1.0519058198937503
     656.3380380380380075       1.0125395742072776
     656.3382382382382048       0.9870952782950247
     656.3384384384384020       0.9484539823217460
     656.3386386386385993       1.0040084221981211
     656.3388388388387966       1.0329581339181053
     656.3390390390389939       1.0513751734866572
     656.3392392392391912       1.0901024821745184
     656.3394394394393885       0.9795006279243641
     656.3396396396395858       1.0121459452490318
     656.3398398398397831       0.9942999306305792
     656.3400400400399803       0.9649947426266982
     656.3402402402401776       0.9346775177285890
     656.3404404404403749       0.9430632793268449
     656.3406406406405722       1.0165310114411916
     656.3408408408407695       0.9360037990560626
     656.3410410410409668       0.9319886703961227
     656.3412412412411641       0.8946480861392085
     656.3414414414413613       0.9489603738842487
     656.3416416416415586       1.0080134377930932
     656.3418418418417559       0.8849419806604645
     656.3420420420419532       1.0097029566313804
     656.3422422422421505       1.0260121807967872
     656.3424424424424615       0.9658849094437874
     656.3426426426426588       0.9585854106002532
     656.3428428428428560       0.8751846524204138
     656.3430430430430533       1.0864622269171105
     656.3432432432432506       1.0340502062352850
     656.3434434434434479       1.0499281612254321
     656.3436436436436452       0.9860354256692409
     656.3438438438438425       0.9447505406593774
     656.3440440440440398       0.9146280162172495
     656.3442442442442371       1.0654077785582190
     656.3444444444444343       1.0034350930881535
     656.3446446446446316       0.9770667161197905
     656.3448448448448289       1.0457520463630674
     656.3450450450450262       0.9825392687164989
     656.3452452452452235       1.0712784126499342
     656.3454454454454208       1.0429443942385550
     656.3456456456456181       0.9714153238609416
     656.3458458458458153       1.0081428155563330
     656.3460460460460126       0.9902340097832675
     656.3462462462462099       1.0607425128913084
     656.3464464464464072       1.0115203381381321
     656.3466466466466045       0.9088718380357661
     656.3468468468468018       1.0135712226966234
     656.3470470470469991       1.0389776239640738
     656.3472472472471964       0.9937417413790074
     656.3474474474473936       1.0092054037225622
     656.3476476476475909       0.9783500880442241
     656.3478478478477882       0.9514176585294775
     656.3480480480479855       0.9976816451788364
     656.3482482482481828       0.9879444601873956
     656.3484484484483801       1.0409983029789021
     656.3486486486485774       0.9544570470492126
     656.3488488488487747       0.9456501888056619
     656.3490490490489719       1.0227651860795643
     656.3492492492491692       0.9488137360373042
     656.3494494494493665       1.0245079426448256
     656.3496496496495638       1.0193030586705456
     656.3498498498497611       1.0610572257355737
     656.3500500500500721       1.0051942145195620
     656.3502502502502693       0.9834093365115514
     656.3504504504504666       1.1426572265350616
     656.3506506506506639       0.9329298934095585
     656.3508508508508612       1.0250707409719759
     656.3510510510510585       0.9877211085798441
     656.3512512512512558       1.0375742953049754
     656.3514514514514531       0.9966686058983224
     656.3516516516516504       0.9434636925620368
     656.3518518518518476       1.0214192670266620
     656.3520520520520449       1.0368120981351758
     656.3522522522522422       0.9020240838831580
     656.3524524524524395       0.9896669837628397
     656.3526526526526368       0.9483077797893400
     656.3528528528528341       0.9970730506263853
     656.3530530530530314       0.9997348833528258
     656.3532532532532286       0.9786819493752351
     656.3534534534534259       0.9580404291227352
     656.3536536536536232       0.9312104140146402
     656.3538538538538205       0.9680418946390433
     656.3540540540540178       1.0221962364445920
     656.3542542542542151       0.9861646704213082
     656.3544544544544124       0.9760420144957223
     656.3546546546546097       0.9102522546243786
     656.3548548548548069       0.9803251609606608
     656.3550550550550042       0.9475360334815954
     656.3552552552552015       0.9628826520902622
     656.3554554554553988       1.0881205530079026
     656.3556556556555961       0.9063542043136048
     656.3558558558557934       0.9383028396415429
     656.3560560560559907       1.0359850875724923
     656.3562562562561880       0.9662801956066560
     656.3564564564563852       0.9771950339763871
     656.3566566566565825       0.9903137403621834
     656.3568568568567798       0.9729051060590209
     656.3570570570569771       0.9101987015887404
     656.3572572572571744       1.0010845168281319
     656.3574574574573717       0.9379541135389404
     656.3576576576575690       0.9676536590352655
     656.3578578578578799       0.9822857654798883
     656.3580580580580772       0.9815711316252480
     656.3582582582582745       0.9150595178681780
     656.3584584584584718       0.9265435915389663
     656.3586586586586691       0.9654162833700273
     656.3588588588588664       0.9857504626778624
     656.3590590590590637       1.0135579654994222
     656.3592592592592609       1.0707683796934140
     656.3594594594594582       1.1019003786000492
     656.3596596596596555       0.9951288738212084
     656.3598598598598528       1.0573267241787394
     656.3600600600600501       0.9955418659684768
     656.3602602602602474       0.9075834112935824
     656.3604604604604447       1.0194282055404207
     656.3606606606606420       0.9313614583445160
     656.3608608608608392       1.0233359037959622
     656.3610610610610365       0.9924143822179974
     656.3612612612612338       1.0405404769698254
     656.3614614614614311       0.9886474196934456
     656.3616616616616284       0.8521153913551525
     656.3618618618618257       0.8915557767428497
     656.3620620620620230       0.9553531786014722
     656.3622622622622202       0.9967900770654071
     656.3624624624624175       0.9308843389089987
     656.3626626626626148       0.9711126765501622
     656.3628628628628121       0.9724808440884659
     656.3630630630630094       0.8346704379403016
     656.3632632632632067       1.0041280191990272
     656.3634634634634040       0.9376762927160097
     656.3636636636636013       1.0025651076779885
     656.3638638638637985       0.9169253930706319
     656.3640640640639958       1.0547826280788830
     656.3642642642641931       0.9309939064848661
     656.3644644644643904       0.8719728315671610
     656.3646646646645877       1.0162325479896823
     656.3648648648647850       1.0033426395543339
     656.3650650650649823       0.8983361326947432
     656.3652652652651796       1.0132501818925714
     656.3654654654654905       0.9307937237447536
     656.3656656656656878       0.9333300477772319
     656.3658658658658851       0.9855666744579792
     656.3660660660660824       0.9189174724429892
     656.3662662662662797       0.9949483850276639
     656.3664664664664770       0.9436294306524260
     656.3666666666666742       0.8623263978500859
     656.3668668668668715       0.9126575037256839
     656.3670670670670688       1.0217631216612570
     656.3672672672672661       0.9689776066192274
     656.3674674674674634       0.9058229945678575
     656.3676676676676607       0.9306038494437192
     656.3678678678678580       0.8954089479787964
     656.3680680680680553       0.9005986379913090
     656.3682682682682525       0.9974638325415486
     656.3684684684684498       0.9502377521825138
     656.3686686686686471       0.9374089980238044
     656.3688688688688444       0.8297654559421203
     656.3690690690690417       0.8929068517532658
     656.3692692692692390       0.9198441997033650
     656.3694694694694363       0.9903476298274971
     656.3696696696696335       1.0144124286193892
     656.3698698698698308       0.8919629698932492
     656.3700700700700281       0.9115019295711406
     656.3702702702702254       0.9766882726650149
     656.3704704704704227       0.9050124998308318
     656.3706706706706200       0.9727180865253992
     656.3708708708708173       0.8395719332400744
     656.3710710710710146       0.8892154683869873
     656.3712712712712118       1.0003129760479488
     656.3714714714714091       0.8674925897098542
     656.3716716716716064       0.9157466914689889
     656.3718718718718037       0.8890233996492447
     656.3720720720720010       0.9047666246099205
     656.3722722722721983       0.8407647578046762
     656.3724724724723956       0.8887592369073175
     656.3726726726725929       0.9287515556672387
     656.3728728728727901       0.9376507638843590
     656.3730730730729874       0.8638979134380240
     656.3732732732732984       0.9104364383169161
     656.3734734734734957       0.9088246202638631
     656.3736736736736930       0.9728224790762292
     656.3738738738738903       0.9020056579939715
     656.3740740740740875       0.8690009248127236
     656.3742742742742848       0.8780079349619243
     656.3744744744744821       0.8196369042236158
     656.3746746746746794       0.9353630593553649
     656.3748748748748767       0.8022861206216393
     656.3750750750750740       0.7798859401140730
     656.3752752752752713       0.9014207036966115
     656.3754754754754686       0.9312373738959057
     656.3756756756756658       0.8576881462637543
     656.3758758758758631       0.9777365781167086
     656.3760760760760604       0.8722968358645566
     656.3762762762762577       0.8988876124493569
     656.3764764764764550       0.9480268542274842
     656.3766766766766523       0.7986876256133224
     656.3768768768768496       0.8657227930335705
     656.3770770770770469       0.8782787058675769
     656.3772772772772441       0.8986435333983480
     656.3774774774774414       0.8645337297056761
     656.3776776776776387       0.8750669678289322
     656.3778778778778360       0.8354539506546745
     656.3780780780780333       0.8773051991507564
     656.3782782782782306       0.7902229295547045
     656.3784784784784279       0.9197243915388617
     656.3786786786786251       0.8564095567472190
     656.3788788788788224       0.8706653959282505
     656.3790790790790197       0.8872834248255752
     656.3792792792792170       0.8865887896785829
     656.3794794794794143       0.8727585653767311
     656.3796796796796116       0.9414391356787503
     656.3798798798798089       0.7987999349607138
     656.3800800800800062       0.8339058869900681
     656.3802802802802034       0.8615619033295067
     656.3804804804804007       0.8639295530649809
     656.3806806806805980       0.8757303483308915
     656.3808808808809090       0.8576505683993152
     656.3810810810811063       0.8990715911658761
     656.3812812812813036       0.7804252758907816
     656.3814814814815009       0.8185910392152393
     656.3816816816816981       0.9191575615106212
     656.3818818818818954       0.8370504206770780
     656.3820820820820927       0.9580354378659329
     656.3822822822822900       0.8433647374774769
     656.3824824824824873       0.6483847214880234
     656.3826826826826846       0.7716473700574545
     656.3828828828828819       0.8725258000080997
     656.3830830830830791       0.8758481495996984
     656.3832832832832764       0.8749662587423406
     656.3834834834834737       0.8890886141345052
     656.3836836836836710       0.9014379631053997
     656.3838838838838683       0.8531103093556098
     656.3840840840840656       0.9034583297478405
     656.3842842842842629       0.8277027296071404
     656.3844844844844602       0.8358127605782086
     656.3846846846846574       0.8787419697892691
     656.3848848848848547       0.8156545338430887
     656.3850850850850520       0.7839069015172758
     656.3852852852852493       0.8138989564202954
     656.3854854854854466       0.9079822451933649
     656.3856856856856439       0.9091686661621343
     656.3858858858858412       0.8064497784567188
     656.3860860860860384       0.8260216082799272
     656.3862862862862357       0.8315926217073388
     656.3864864864864330       0.7611176270036309
     656.3866866866866303       0.7869055640677989
     656.3868868868868276       0.8362246723895632
     656.3870870870870249       0.7953592114153573
     656.3872872872872222       0.9472209439352343
     656.3874874874874195       0.8008214081578786
     656.3876876876876167       0.8274085365961594
     656.3878878878878140       0.8304942537120206
     656.3880880880880113       0.8192519422946133
     656.3882882882882086       0.8136700041696744
     656.3884884884885196       0.8289268181745678
     656.3886886886887169       0.8300064678114233
     656.3888888888889142       0.8362668595923963
     656.3890890890891114       0.8358388247930312
     656.3892892892893087       0.8443038618296532
     656.3894894894895060       0.7923756122208425
     656.3896896896897033       0.8174199214477692
     656.3898898898899006       0.8019392981212897
     656.3900900900900979       0.8821351862873299
     656.3902902902902952       0.8326567417620434
     656.3904904904904924       0.7631484645960837
     656.3906906906906897       0.7446740947934423
     656.3908908908908870       0.8508145698477187
     656.3910910910910843       0.8195443226603428
     656.3912912912912816       0.8186966262066704
     656.3914914914914789       0.9042183349402982
     656.3916916916916762       0.8151196997205918
     656.3918918918918735       0.8037132982470842
     656.3920920920920707       0.7799008279219003
     656.3922922922922680       0.7698700925371674
     656.3924924924924653       0.9126022788472528
     656.3926926926926626       0.9209980601263315
     656.3928928928928599       0.8381965722511805
     656.3930930930930572       0.7716486818642416
     656.3932932932932545       0.7528533617997611
     656.3934934934934518       0.8834602535480353
     656.3936936936936490       0.7481895517226447
     656.3938938938938463       0.7557609068318325
     656.3940940940940436       0.7981763702990561
     656.3942942942942409       0.7773974943771941
     656.3944944944944382       0.7819218048960795
     656.3946946946946355       0.7288921598767945
     656.3948948948948328       0.8128125694423922
     656.3950950950950300       0.7699064247577219
     656.3952952952952273       0.7774213032914108
     656.3954954954954246       0.9042398560161740
     656.3956956956956219       0.8161283811474473
     656.3958958958958192       0.8316993251834487
     656.3960960960960165       0.8887076557893531
     656.3962962962963275       0.8547335477946157
     656.3964964964965247       0.8711930594053956
     656.3966966966967220       0.8271696786536978
     656.3968968968969193       0.7517652950568634
     656.3970970970971166       0.7509699549676087
     656.3972972972973139       0.7758250098535550
     656.3974974974975112       0.8893545159689147
     656.3976976976977085       0.7794869979100795
     656.3978978978979058       0.7794375642075188
     656.3980980980981030       0.8272900852253620
     656.3982982982983003       0.7574983259131906
     656.3984984984984976       0.8002426732399391
     656.3986986986986949       0.7417584938499263
     656.3988988988988922       0.8364618366212718
     656.3990990990990895       0.8073760951911397
     656.3992992992992868       0.8287429989866198
     656.3994994994994840       0.9613221071922240
     656.3996996996996813       0.8477095765522572
     656.3998998998998786       0.7668882810509744
     656.4001001001000759       0.8747992428043566
     656.4003003003002732       0.7308251454854529
     656.4005005005004705       0.7550044178604218
     656.4007007007006678       0.8723324732061082
     656.4009009009008651       0.8887528526157256
     656.4011011011010623       0.7885789905349949
     656.4013013013012596       0.8110172580027903
     656.4015015015014569       0.8352338528372025
     656.4017017017016542       0.7747789047298357
     656.4019019019018515       0.7634760220393422
     656.4021021021020488       0.8564353390765235
     656.4023023023022461       0.7238956692090524
     656.4025025025024433       0.8386054055106176
     656.4027027027026406       0.8039496197163821
     656.4029029029028379       0.9306658944398537
     656.4031031031030352       0.8657230106157587
     656.4033033033032325       0.7861276899880023
     656.4035035035034298       0.7678613540617553
     656.4037037037036271       0.7824820562040904
     656.4039039039039380       0.8199191796981424
     656.4041041041041353       0.7437716989641416
     656.4043043043043326       0.8001228534981719
     656.4045045045045299       0.7455096234030045
     656.4047047047047272       0.7971607226105211
     656.4049049049049245       0.8152829965092513
     656.4051051051051218       0.8923323499635073
     656.4053053053053191       0.8710552463505308
     656.4055055055055163       0.7663259769692923
     656.4057057057057136       0.8739913287959966
     656.4059059059059109       0.7381363721029655
     656.4061061061061082       0.8105774376250542
     656.4063063063063055       0.7738742147360211
     656.4065065065065028       0.8582167625919043
     656.4067067067067001       0.8960336491998135
     656.4069069069068973       0.8328855204905239
     656.4071071071070946       0.8587293733749694
     656.4073073073072919       0.8392062505639655
     656.4075075075074892       0.8471078998255694
     656.4077077077076865       0.7852267786690870
     656.4079079079078838       0.8600881720104190
     656.4081081081080811       0.8245486439492922
     656.4083083083082784       0.7832737576278013
     656.4085085085084756       0.8388671246969711
     656.4087087087086729       0.8843053362251381
     656.4089089089088702       0.8111084605960270
     656.4091091091090675       0.7653255252824285
     656.4093093093092648       0.8188949235152667
     656.4095095095094621       0.8176276047187629
     656.4097097097096594       0.8387300228947954
     656.4099099099098567       0.8353930737870826
     656.4101101101100539       0.8177686930523547
     656.4103103103102512       0.8561312378386917
     656.4105105105104485       0.7598491891329107
     656.4107107107106458       0.7978305575673273
     656.4109109109108431       0.8298049162353098
     656.4111111111110404       0.9168520400917988
     656.4113113113112377       0.8360444415452031
     656.4115115115114349       0.8820791790872429
     656.4117117117117459       0.8662108371778606
     656.4119119119119432       0.8300077633053129
     656.4121121121121405       0.8821662227438569
     656.4123123123123378       0.8677910084819721
     656.4125125125125351       0.8821798322130906
     656.4127127127127324       0.8317831688356476
     656.4129129129129296       0.8511366862211511
     656.4131131131131269       0.8131770882557243
     656.4133133133133242       0.8033731179769061
     656.4135135135135215       0.8925208828328841
     656.4137137137137188       0.8125015032193508
     656.4139139139139161       0.9024802596231283
     656.4141141141141134       0.8301275628881999
     656.4143143143143106       0.8944685767704960
     656.4145145145145079       0.9315024481699214
     656.4147147147147052       0.9579918929199032
     656.4149149149149025       0.8535966518680126
     656.4151151151150998       0.8613391721708681
     656.4153153153152971       0.8555113609946431
     656.4155155155154944       0.8950830157969665
     656.4157157157156917       0.8862214639130745
     656.4159159159158889       0.9071401598517478
     656.4161161161160862       0.7947837412642056
     656.4163163163162835       0.9143996840090879
     656.4165165165164808       0.9399201922656463
     656.4167167167166781       0.8530043529214905
     656.4169169169168754       0.8098355167497804
     656.4171171171170727       0.7989987306866575
     656.4173173173172700       0.8636250655168007
     656.4175175175174672       0.8619652708665240
     656.4177177177176645       0.8312968330859533
     656.4179179179178618       0.9385720717276541
     656.4181181181180591       0.8216896364770281
     656.4183183183182564       0.8551585934488903
     656.4185185185184537       0.9263442558513878
     656.4187187187186510       0.9394768087702043
     656.4189189189188482       0.8649162850716919
     656.4191191191190455       0.9003480438827440
     656.4193193193193565       0.8470202208349149
     656.4195195195195538       0.8805251735108033
     656.4197197197197511       0.7998652827304358
     656.4199199199199484       0.9285035347974089
     656.4201201201201457       0.8658541102167876
     656.4203203203203429       0.8912787342958445
     656.4205205205205402       0.8608833860763851
     656.4207207207207375       0.9259496128501502
     656.4209209209209348       0.8794675763226778
     656.4211211211211321       0.8339556157469671
     656.4213213213213294       0.8344332050612384
     656.4215215215215267       0.8681186826641581
     656.4217217217217240       0.8269763367142152
     656.4219219219219212       0.9108558036123090
     656.4221221221221185       0.9037702709365620
     656.4223223223223158       0.9128468254808990
     656.4225225225225131       0.8949300193149659
     656.4227227227227104       0.9167517805575670
     656.4229229229229077       0.8511065346518989
     656.4231231231231050       0.9468648052692981
     656.4233233233233022       0.9438016412001602
     656.4235235235234995       0.9024520162909566
     656.4237237237236968       0.7694628369882224
     656.4239239239238941       1.0383665814680967
     656.4241241241240914       0.8976794299069852
     656.4243243243242887       0.8819737286902003
     656.4245245245244860       0.8574382835102407
     656.4247247247246833       0.9800269450188829
     656.4249249249248805       1.0029727594717306
     656.4251251251250778       0.9086331756973489
     656.4253253253252751       1.0322460384323249
     656.4255255255254724       0.8916693861931695
     656.4257257257256697       0.9327502998406346
     656.4259259259258670       0.8701991340077301
     656.4261261261260643       0.9859987332112736
     656.4263263263262616       0.9528400867192941
     656.4265265265264588       0.9016654710280050
     656.4267267267266561       0.9592008492702326
     656.4269269269269671       0.9334024809570144
     656.4271271271271644       0.9502104596635522
     656.4273273273273617       0.8942529041308417
     656.4275275275275590       0.8835591384700867
     656.4277277277277562       0.9560390399122224
     656.4279279279279535       0.9731149336463668
     656.4281281281281508       1.0031126173521865
     656.4283283283283481       0.9094537086229214
     656.4285285285285454       0.9603040440046512
     656.4287287287287427       0.9053544470903223
     656.4289289289289400       0.9957010661415181
     656.4291291291291373       0.8764061503911469
     656.4293293293293345       0.9572050217563302
     656.4295295295295318       0.9811171620926111
     656.4297297297297291       0.9567008554173726
     656.4299299299299264       0.9141610490598565
     656.4301301301301237       0.9356757712810132
     656.4303303303303210       0.9683325965006588
     656.4305305305305183       0.9576315961593035
     656.4307307307307155       0.9400021584005339
     656.4309309309309128       0.9152580347835840
     656.4311311311311101       0.9697229515884989
     656.4313313313313074       1.0322830726311845
     656.4315315315315047       0.9721535175876170
     656.4317317317317020       0.9175107963121053
     656.4319319319318993       0.9101605886027314
     656.4321321321320966       0.8987558643500766
     656.4323323323322938       0.8619046390542036
     656.4325325325324911       0.9875531659954423
     656.4327327327326884       0.9222451342774122
     656.4329329329328857       1.0091615497757471
     656.4331331331330830       0.9432245917927469
     656.4333333333332803       0.9427035567157810
     656.4335335335334776       0.9967190354761274
     656.4337337337336749       0.9971235563500956
     656.4339339339338721       0.9787130419273914
     656.4341341341340694       1.0368926547793280
     656.4343343343342667       1.0155151757743457
     656.4345345345344640       0.9768695494335540
     656.4347347347347750       0.9788991903204719
     656.4349349349349723       0.9838788270813508
     656.4351351351351695       0.9160373784173279
     656.4353353353353668       0.9535043460057864
     656.4355355355355641       0.9333425493037466
     656.4357357357357614       1.0185673166963172
     656.4359359359359587       0.9542913722832520
     656.4361361361361560       0.9296579046668515
     656.4363363363363533       0.9119132811075379
     656.4365365365365506       0.9664393476681757
     656.4367367367367478       1.0281575150772198
     656.4369369369369451       0.9646521091754406
     656.4371371371371424       0.9454887941923179
     656.4373373373373397       0.9907508218989602
     656.4375375375375370       0.9513098962322466
     656.4377377377377343       0.9653212692198795
     656.4379379379379316       0.9785293763373771
     656.4381381381381289       0.9307107881293718
     656.4383383383383261       0.9753806705271417
     656.4385385385385234       0.9992689493964251
     656.4387387387387207       0.9785210460377672
     656.4389389389389180       0.9829609685034377
     656.4391391391391153       1.0095642540156191
     656.4393393393393126       0.9885393465388111
     656.4395395395395099       1.0367273166805884
     656.4397397397397071       0.9573417036665485
     656.4399399399399044       0.9994481059835129
     656.4401401401401017       0.9372962778336358
     656.4403403403402990       0.9096857269010200
     656.4405405405404963       0.9384285156565453
     656.4407407407406936       0.9624572621184295
     656.4409409409408909       0.9981670852825869
     656.4411411411410882       0.9287390728378838
     656.4413413413412854       1.0055672014153467
     656.4415415415414827       0.9173869513934356
     656.4417417417416800       0.9258849103404327
     656.4419419419418773       0.9857591483963590
     656.4421421421420746       0.9177348271473810
     656.4423423423423856       0.9862484688697738
     656.4425425425425829       0.9956729862754744
     656.4427427427427801       0.9672520732661750
     656.4429429429429774       0.8895458432087352
     656.4431431431431747       1.0151159769253011
     656.4433433433433720       0.8970504897093833
     656.4435435435435693       1.0358370051731889
     656.4437437437437666       0.8355130494903864
     656.4439439439439639       0.9285313143133975
     656.4441441441441611       0.9116153366949694
     656.4443443443443584       1.0675268091044554
     656.4445445445445557       0.9316693778108889
     656.4447447447447530       1.0393023901998504
     656.4449449449449503       0.8313015741326618
     656.4451451451451476       1.0199915380719919
     656.4453453453453449       1.0574416730621929
     656.4455455455455422       1.0161948836284258
     656.4457457457457394       1.0461162780308837
     656.4459459459459367       1.0637111471519867
     656.4461461461461340       1.0538618818124437
     656.4463463463463313       1.0211969472630571
     656.4465465465465286       0.9512240223634358
     656.4467467467467259       1.0723415014915614
     656.4469469469469232       1.0242690426772221
     656.4471471471471204       0.9944567329125710
     656.4473473473473177       0.9926920049463342
     656.4475475475475150       1.0354044923235195
     656.4477477477477123       0.9360269695150460
     656.4479479479479096       1.0294858160927711
     656.4481481481481069       1.0097286724694332
     656.4483483483483042       1.0084790458339774
     656.4485485485485015       0.9526225545902790
     656.4487487487486987       0.9784629795183605
     656.4489489489488960       0.8873327904792009
     656.4491491491490933       0.9887644320927645
     656.4493493493492906       0.9604023101123725
     656.4495495495494879       1.0236489367682984
     656.4497497497496852       1.0095019205360980
     656.4499499499498825       1.0575054295670103
     656.4501501501501934       0.9311332271280014
     656.4503503503503907       0.9307027111522456
     656.4505505505505880       1.0311728659225683
     656.4507507507507853       1.0180907798663121
     656.4509509509509826       1.0756039180332246
     656.4511511511511799       1.0150299966217737
     656.4513513513513772       1.0033606656167269
     656.4515515515515744       0.9331275884275327
     656.4517517517517717       1.0554165806644602
     656.4519519519519690       1.0722325732714073
     656.4521521521521663       0.9880419749928557
     656.4523523523523636       1.0562515332821976
     656.4525525525525609       1.0759698703316039
     656.4527527527527582       0.9572363839352049
     656.4529529529529555       0.9854240072077338
     656.4531531531531527       0.9452241195900086
     656.4533533533533500       0.9445564907648993
     656.4535535535535473       1.0454697958938661
     656.4537537537537446       1.0032888987474382
     656.4539539539539419       1.0149951867471843
     656.4541541541541392       1.0281715264285052
     656.4543543543543365       1.0228563043564622
     656.4545545545545338       0.9814243619260119
     656.4547547547547310       0.9713316663898540
     656.4549549549549283       0.9652718050104183
     656.4551551551551256       0.8741377708500664
     656.4553553553553229       0.9452381721427825
     656.4555555555555202       0.9645608716004249
     656.4557557557557175       0.9982799459553655
     656.4559559559559148       0.9919353242758844
     656.4561561561561120       0.9957811040981185
     656.4563563563563093       1.0166212716664322
     656.4565565565565066       0.9745466700648195
     656.4567567567567039       1.0766074563959804
     656.4569569569569012       1.0177057434564145
     656.4571571571570985       0.9675099648238278
     656.4573573573572958       1.0709188094734130
     656.4575575575574931       0.9468342657544279
     656.4577577577578040       0.9782374860347450
     656.4579579579580013       0.9946136784426987
     656.4581581581581986       0.9697302256438837
     656.4583583583583959       0.9772317162241311
     656.4585585585585932       1.0141891948331143
     656.4587587587587905       1.0165958405973146
     656.4589589589589878       0.9757826540286840
     656.4591591591591850       1.0364729293851995
     656.4593593593593823       0.9688809423382858
     656.4595595595595796       0.9828195850352472
     656.4597597597597769       1.0830625904960431
     656.4599599599599742       1.0012604416695678
     656.4601601601601715       1.0495589615994358
     656.4603603603603688       1.0055007741545601
     656.4605605605605660       1.0107068380226640
     656.4607607607607633       0.9130028525132907
     656.4609609609609606       1.1049545840961001
     656.4611611611611579       1.0093359434139768
     656.4613613613613552       0.9695607502898711
     656.4615615615615525       1.0712283886403342
     656.4617617617617498       1.0077763611498454
     656.4619619619619471       1.0388415237926818
     656.4621621621621443       0.9462205430522223
     656.4623623623623416       1.0138233358333744
     656.4625625625625389       1.0076618605173915
     656.4627627627627362       1.0640951910466969
     656.4629629629629335       1.0214335208376060
     656.4631631631631308       0.9434032504241845
     656.4633633633633281       1.0877903594119853
     656.4635635635635253       1.0255199935345276
     656.4637637637637226       1.0086825433387223
     656.4639639639639199       1.0946149978486344
     656.4641641641641172       0.9753704241928056
     656.4643643643643145       0.9904035049494211
     656.4645645645645118       1.0107919317682663
     656.4647647647647091       0.9899660340300455
     656.4649649649649064       0.9712475203078752
     656.4651651651651036       0.9778602208449433
     656.4653653653653009       0.9977670662829957
     656.4655655655656119       1.0394599333157801
     656.4657657657658092       0.8823868411968849
     656.4659659659660065       0.9656962363786005
     656.4661661661662038       0.9667075321698191
     656.4663663663664011       1.0675722936994514
     656.4665665665665983       1.0393468017207335
     656.4667667667667956       1.0182107016182167
     656.4669669669669929       1.0204921348192133
     656.4671671671671902       0.9643754449542145
     656.4673673673673875       1.0711325152025797
     656.4675675675675848       0.9647884808646989
     656.4677677677677821       1.0077219825635093
     656.4679679679679793       0.9511444084570316
     656.4681681681681766       1.0063822782310687
     656.4683683683683739       1.0512506021827246
     656.4685685685685712       0.9970204035335751
     656.4687687687687685       1.0931642698679749
     656.4689689689689658       0.9531359845942680
     656.4691691691691631       0.9894944115362037
     656.4693693693693604       1.1260436301737715
     656.4695695695695576       1.0405287862027506
     656.4697697697697549       1.1432892281820006
     656.4699699699699522       1.0446237742951316
     656.4701701701701495       0.9832188556197562
     656.4703703703703468       0.9050097806457594
     656.4705705705705441       1.0195019762431157
     656.4707707707707414       0.9311015001321375
     656.4709709709709387       1.0685886589350604
     656.4711711711711359       1.0819005870825704
     656.4713713713713332       1.0290488610115764
     656.4715715715715305       1.0055776974949897
     656.4717717717717278       0.9930364864638187
     656.4719719719719251       0.9618946580043030
     656.4721721721721224       0.9237996206741376
     656.4723723723723197       0.9942986397982980
     656.4725725725725169       0.9875294881761377
     656.4727727727727142       1.0135772721538596
     656.4729729729729115       0.9557344140072337
     656.4731731731732225       1.0213376248392354
     656.4733733733734198       1.0347410923373728
     656.4735735735736171       1.0822525273420016
     656.4737737737738144       0.9731825231432214
     656.4739739739740116       0.9484490328318717
     656.4741741741742089       0.9574962927868002
     656.4743743743744062       1.0696962509620169
     656.4745745745746035       0.9910402897986369
     656.4747747747748008       0.9283306456745979
     656.4749749749749981       0.9747304794633411
     656.4751751751751954       1.0749313468147528
     656.4753753753753927       0.9489131084376961
     656.4755755755755899       1.0737469980642889
     656.4757757757757872       0.9771477957558381
     656.4759759759759845       1.1004894665714859
     656.4761761761761818       0.9889980434753350
     656.4763763763763791       0.9686324144672981
     656.4765765765765764       0.9807699052547429
     656.4767767767767737       1.0052391530322835
     656.4769769769769709       0.9796791716123142
     656.4771771771771682       0.9901655293656358
     656.4773773773773655       0.9147517141557868
     656.4775775775775628       0.9840598433680120
     656.4777777777777601       1.0254003606976441
     656.4779779779779574       1.0262077769225584
     656.4781781781781547       1.0034042167437698
     656.4783783783783520       0.9980796242653083
     656.4785785785785492       1.1104137666271721
     656.4787787787787465       1.0846569260245569
     656.4789789789789438       1.0362861478875272
     656.4791791791791411       1.0056717818877696
     656.4793793793793384       1.0372790539342618
     656.4795795795795357       1.0548046856100315
     656.4797797797797330       0.9656294278225152
     656.4799799799799302       1.0126157048553583
     656.4801801801801275       1.0564292723566759
     656.4803803803803248       1.0383806703725069
     656.4805805805805221       1.0917220913012518
     656.4807807807808331       1.0048529451290833
     656.4809809809810304       1.0210031001404745
     656.4811811811812277       0.9909301154725866
     656.4813813813814249       0.9930300281033200
     656.4815815815816222       1.0142103259083579
     656.4817817817818195       1.0242762505109200
     656.4819819819820168       0.9495902707553864
     656.4821821821822141       0.9869494701474976
     656.4823823823824114       0.9377984483929038
     656.4825825825826087       0.9872437001853744
     656.4827827827828060       0.9931419254170407
     656.4829829829830032       1.0051312655942817
     656.4831831831832005       0.9726109997111673
     656.4833833833833978       0.9225476813810434
     656.4835835835835951       0.9981842816658341
     656.4837837837837924       1.0440288668356597
     656.4839839839839897       1.0620910318412380
     656.4841841841841870       0.9735225968691319
     656.4843843843843842       0.9493413723003670
     656.4845845845845815       1.0276693244063670
     656.4847847847847788       1.0462440484251112
     656.4849849849849761       1.0271719995218724
     656.4851851851851734       0.9670756967428109
     656.4853853853853707       1.0313205225492243
     656.4855855855855680       1.0291685191937843
     656.4857857857857653       1.0935121791791875
     656.4859859859859625       1.0030933846886667
     656.4861861861861598       1.0858405577009731
     656.4863863863863571       0.9852251603229790
     656.4865865865865544       1.0295376181436204
     656.4867867867867517       0.9624083144047531
     656.4869869869869490       0.9338236093708820
     656.4871871871871463       0.9704663204269519
     656.4873873873873436       1.0018198236414073
     656.4875875875875408       0.9881352911457514
     656.4877877877877381       1.1164468686630444
     656.4879879879879354       0.9384103145950431
     656.4881881881881327       0.9952123717428925
     656.4883883883883300       0.9922954079820520
     656.4885885885886410       1.0536264727510631
     656.4887887887888382       0.9964854133901923
     656.4889889889890355       0.9563613756347864
     656.4891891891892328       1.0390482774532375
     656.4893893893894301       1.0534474301367387
     656.4895895895896274       0.9901593643459786
     656.4897897897898247       1.0073517930515896
     656.4899899899900220       1.0243234364269531
     656.4901901901902193       0.9718922306256483
     656.4903903903904165       0.9848007304425378
     656.4905905905906138       1.0125303202732385
     656.4907907907908111       1.0476840055072993
     656.4909909909910084       0.9881597416363144
     656.4911911911912057       0.9057159521047735
     656.4913913913914030       0.9476660784896190
     656.4915915915916003       0.9768948969370677
     656.4917917917917976       0.9665710510336550
     656.4919919919919948       0.9304554114818998
     656.4921921921921921       1.0063087300621714
     656.4923923923923894       1.0467424115036734
     656.4925925925925867       1.0698629013485244
     656.4927927927927840       1.0750688463318316
     656.4929929929929813       0.9854224287970925
     656.4931931931931786       0.8547259446320178
     656.4933933933933758       1.0161743829043539
     656.4935935935935731       1.0138235950671997
     656.4937937937937704       0.9584364243172346
     656.4939939939939677       1.0919757908528249
     656.4941941941941650       1.0417836033219345
     656.4943943943943623       0.9215836466451853
     656.4945945945945596       0.9516134108384120
     656.4947947947947569       0.9800558556007702
     656.4949949949949541       1.0219857427250503
     656.4951951951951514       1.0032045209352711
     656.4953953953953487       1.0070723320322634
     656.4955955955955460       0.9788972919992212
     656.4957957957957433       1.0785125896472647
     656.4959959959959406       0.9564631325780210
     656.4961961961962515       1.0590056199946936
     656.4963963963964488       0.9455206876724755
     656.4965965965966461       1.0597035121538017
     656.4967967967968434       0.9247205936141173
     656.4969969969970407       0.9472267185095525
     656.4971971971972380       1.0223533278052281
     656.4973973973974353       0.9957241155221890
     656.4975975975976326       1.0321796435850665
     656.4977977977978298       1.0742431033273514
     656.4979979979980271       0.9760428355852099
     656.4981981981982244       1.0929851955780863
     656.4983983983984217       0.9370994251786655
     656.4985985985986190       0.9713905512872496
     656.4987987987988163       0.9683589977121104
     656.4989989989990136       0.9471556046615643
     656.4991991991992109       0.8947312186105295
     656.4993993993994081       1.0189837635281096
     656.4995995995996054       0.9834546365729490
     656.4997997997998027       0.9958488088992818
     656.5000000000000000       1.0057076486354157
