     656.2999999999999545       0.9174888249321509
     656.3002002002001518       0.9743473494045112
     656.3004004004003491       1.0030793579506840
     656.3006006006005464       0.9843948573545972
     656.3008008008007437       1.0967670710819168
     656.3010010010009410       0.9719961147059917
     656.3012012012011382       1.0406116944060702
     656.3014014014013355       1.0624721483435615
     656.3016016016015328       1.0498136898290746
     656.3018018018017301       1.0051516511692808
     656.3020020020019274       0.9724715551809494
     656.3022022022021247       0.9876736514745581
     656.3024024024023220       1.0211879207106578
     656.3026026026025193       1.0467448012768990
     656.3028028028027165       1.1265029383026746
     656.3030030030029138       1.0502185106425090
     656.3032032032031111       0.9585786635877143
     656.3034034034033084       1.0345084016488371
     656.3036036036035057       0.9137702263322667
     656.3038038038037030       0.9964536585973547
     656.3040040040040140       0.9355062285927283
     656.3042042042042112       0.9501594077358393
     656.3044044044044085       0.9683321777854442
     656.3046046046046058       0.9766269289244515
     656.3048048048048031       0.9674519199911007
     656.3050050050050004       0.9800522032462130
     656.3052052052051977       1.0707056069784038
     656.3054054054053950       0.9456496410317876
     656.3056056056055922       0.9488978100876261
     656.3058058058057895       0.9719756173910427
     656.3060060060059868       1.0048362446454027
     656.3062062062061841       0.9139290693470652
     656.3064064064063814       0.9832292670745744
     656.3066066066065787       0.9999321974430637
     656.3068068068067760       0.9939034328233939
     656.3070070070069733       1.0393347445138259
     656.3072072072071705       0.9947263707563311
     656.3074074074073678       1.0023332354825958
     656.3076076076075651       1.0307328004709482
     656.3078078078077624       1.0411664371806229
     656.3080080080079597       1.0135978519472668
     656.3082082082081570       0.9732530948221457
     656.3084084084083543       0.9480413338419804
     656.3086086086085515       0.9433341703217695
     656.3088088088087488       1.0203670879912115
     656.3090090090089461       0.9396214369677751
     656.3092092092091434       0.9816919200547704
     656.3094094094093407       1.0326546560421788
     656.3096096096095380       1.0009542860805443
     656.3098098098097353       0.9927701946767390
     656.3100100100099326       0.8960901501000768
     656.3102102102101298       0.9868964968650049
     656.3104104104103271       1.0711377420032042
     656.3106106106105244       0.9898624083575237
     656.3108108108107217       0.9971556471637937
     656.3110110110109190       1.0141881911164510
     656.3112112112111163       1.0162610947436477
     656.3114114114113136       0.9952754407190473
     656.3116116116116245       1.0323216071398904
     656.3118118118118218       0.9418089202897527
     656.3120120120120191       0.9603464027539965
     656.3122122122122164       1.0720970072695355
     656.3124124124124137       0.9226286687818028
     656.3126126126126110       1.0403277081941835
     656.3128128128128083       1.0119939249551557
     656.3130130130130055       1.0233108516657536
     656.3132132132132028       0.9791129105910769
     656.3134134134134001       1.0074334505373179
     656.3136136136135974       1.0006577864021322
     656.3138138138137947       1.0162761345003233
     656.3140140140139920       1.0008405333524231
     656.3142142142141893       0.9962261133164428
     656.3144144144143866       1.0590081027125320
     656.3146146146145838       0.9366167379440419
     656.3148148148147811       1.0175264130867532
     656.3150150150149784       0.9275101314384350
     656.3152152152151757       1.0111266777088894
     656.3154154154153730       0.9544926671787061
     656.3156156156155703       1.0661720139667623
     656.3158158158157676       1.0083400222968522
     656.3160160160159649       1.0030338726945720
     656.3162162162161621       0.9936560978451515
     656.3164164164163594       1.0692114171082692
     656.3166166166165567       0.9169998901563721
     656.3168168168167540       1.0102863601740104
     656.3170170170169513       0.9606640102483871
     656.3172172172171486       1.0501477765434264
     656.3174174174173459       1.0035955630292359
     656.3176176176175431       1.0937125483646384
     656.3178178178177404       0.9376786664337761
     656.3180180180179377       0.9303366685072224
     656.3182182182181350       0.9662912188248430
     656.3184184184183323       0.9795061451168746
     656.3186186186185296       0.8563272287079665
     656.3188188188187269       0.9983922084539176
     656.3190190190189242       0.9697484086425839
     656.3192192192191214       1.0352364480277076
     656.3194194194194324       0.9268462202492749
     656.3196196196196297       1.0931566659354357
     656.3198198198198270       0.9782202763435319
     656.3200200200200243       1.0405680809127169
     656.3202202202202216       1.0497902301209410
     656.3204204204204188       0.9858713733344349
     656.3206206206206161       0.9843528833908799
     656.3208208208208134       0.8632127986438574
     656.3210210210210107       0.9690026481218695
     656.3212212212212080       0.9983714622665195
     656.3214214214214053       1.0766773696526195
     656.3216216216216026       1.0696027469441960
     656.3218218218217999       0.9509878597863487
     656.3220220220219971       0.9757231797480802
     656.3222222222221944       0.8250652393650898
     656.3224224224223917       0.9816880430083164
     656.3226226226225890       1.0093290583953509
     656.3228228228227863       1.0548821377652606
     656.3230230230229836       1.0534110333060516
     656.3232232232231809       0.9828209391283598
     656.3234234234233782       1.0345163448610992
     656.3236236236235754       0.9443575775843053
     656.3238238238237727       0.9995863116348752
     656.3240240240239700       0.9961564510100389
     656.3242242242241673       1.1208612633218358
     656.3244244244243646       0.9838148133294647
     656.3246246246245619       1.0303491553279627
     656.3248248248247592       0.9976269394188029
     656.3250250250249564       1.0063484839631167
     656.3252252252251537       1.0029577716010976
     656.3254254254253510       0.9903287541095783
     656.3256256256255483       0.9946712547743164
     656.3258258258257456       1.0065439285497426
     656.3260260260259429       0.9920944680188942
     656.3262262262261402       1.0030703861153674
     656.3264264264263375       1.0521590939160990
     656.3266266266265347       0.8974161902667011
     656.3268268268267320       0.9751559854717151
     656.3270270270270430       0.9444839793826344
     656.3272272272272403       1.0442283408123221
     656.3274274274274376       0.9944201403655767
     656.3276276276276349       0.8666984530529046
     656.3278278278278322       0.9111577969904576
     656.3280280280280294       1.0315373768427651
     656.3282282282282267       0.9757972623095292
     656.3284284284284240       0.9173634346996293
     656.3286286286286213       0.9595905990263686
     656.3288288288288186       1.0229612598993851
     656.3290290290290159       0.9943979555419720
     656.3292292292292132       0.9324029446095463
     656.3294294294294104       1.0784780882554750
     656.3296296296296077       0.9378544250267274
     656.3298298298298050       1.0546997635031810
     656.3300300300300023       0.9243061929325339
     656.3302302302301996       0.9932119025505575
     656.3304304304303969       0.9706392144718565
     656.3306306306305942       0.9972973004582822
     656.3308308308307915       0.9767184911200554
     656.3310310310309887       0.9927671369648565
     656.3312312312311860       1.0073748928520003
     656.3314314314313833       0.8688970898859381
     656.3316316316315806       1.0252139017157305
     656.3318318318317779       1.1005738553815512
     656.3320320320319752       0.9917794871123846
     656.3322322322321725       1.0358674391374780
     656.3324324324323698       0.9089702870140133
     656.3326326326325670       1.0754993796901156
     656.3328328328327643       1.0744777466588151
     656.3330330330329616       1.0125806885038435
     656.3332332332331589       1.0251576351658587
     656.3334334334333562       1.0534654951005038
     656.3336336336335535       0.9832770327039358
     656.3338338338337508       1.0679170813443544
     656.3340340340339480       0.9673323551741231
     656.3342342342341453       0.9992036210427496
     656.3344344344343426       0.9706599509710441
     656.3346346346346536       1.0007844897813989
     656.3348348348348509       0.9952755572072058
     656.3350350350350482       1.0902605938729115
     656.3352352352352455       0.9623980351158046
     656.3354354354354427       0.9758874063436068
     656.3356356356356400       0.9678617483467840
     656.3358358358358373       1.0370741242125925
     656.3360360360360346       0.9316558445258012
     656.3362362362362319       1.0632671986323512
     656.3364364364364292       0.9352197217644586
     656.3366366366366265       1.0807249262345584
     656.3368368368368237       0.9161680805870956
     656.3370370370370210       1.0278624880625453
     656.3372372372372183       0.9316890570848030
     656.3374374374374156       0.9775943680121457
     656.3376376376376129       1.0162133695793805
     656.3378378378378102       1.0217654746333633
     656.3380380380380075       1.0518345155773656
     656.3382382382382048       0.9413612473560525
     656.3384384384384020       1.0594623441953823
     656.3386386386385993       1.1398075760040838
     656.3388388388387966       0.9698213160884438
     656.3390390390389939       0.9920102873248937
     656.3392392392391912       1.0356854541789038
     656.3394394394393885       1.0620809443248513
     656.3396396396395858       0.9479088633991114
     656.3398398398397831       0.9838745889306170
     656.3400400400399803       0.9691775290230770
     656.3402402402401776       0.9774440418095119
     656.3404404404403749       1.0175947781745660
     656.3406406406405722       1.0622384364869457
     656.3408408408407695       0.9629336328463065
     656.3410410410409668       0.9860152600241462
     656.3412412412411641       0.9414705141802587
     656.3414414414413613       0.9969884873337862
     656.3416416416415586       1.0296619883274443
     656.3418418418417559       0.9184956704574405
     656.3420420420419532       1.0661812356924885
     656.3422422422421505       1.0259952588997721
     656.3424424424424615       0.9854666050377221
     656.3426426426426588       1.0113812749352866
     656.3428428428428560       0.9784399100179164
     656.3430430430430533       1.0006485392076470
     656.3432432432432506       1.0326510122661454
     656.3434434434434479       1.0470433840489128
     656.3436436436436452       1.0212147853145259
     656.3438438438438425       1.0091892551453163
     656.3440440440440398       1.0144482571333477
     656.3442442442442371       1.0028147260255236
     656.3444444444444343       0.9996657553922208
     656.3446446446446316       0.9504984340330715
     656.3448448448448289       1.0281032636496847
     656.3450450450450262       1.0347365189153606
     656.3452452452452235       1.0375522960691397
     656.3454454454454208       1.0126218639461304
     656.3456456456456181       1.0018749891434382
     656.3458458458458153       0.9450573351617297
     656.3460460460460126       1.0644679758938365
     656.3462462462462099       1.0025675803315426
     656.3464464464464072       1.0060478183358081
     656.3466466466466045       0.9776051781426723
     656.3468468468468018       0.9082581166488646
     656.3470470470469991       1.0564287971686002
     656.3472472472471964       1.0422195611899738
     656.3474474474473936       1.0065304859433559
     656.3476476476475909       0.9487720271323856
     656.3478478478477882       1.0321266290039908
     656.3480480480479855       0.9946543985683436
     656.3482482482481828       0.9358643591496671
     656.3484484484483801       0.9716732573121876
     656.3486486486485774       1.0528569813954181
     656.3488488488487747       1.0104748398678667
     656.3490490490489719       0.9586958206991597
     656.3492492492491692       1.1511689715020532
     656.3494494494493665       0.9647892381938391
     656.3496496496495638       1.0445798152186687
     656.3498498498497611       1.0806846015972682
     656.3500500500500721       0.9954938250778994
     656.3502502502502693       0.9792078696221206
     656.3504504504504666       0.9531477517906135
     656.3506506506506639       0.9809424286456753
     656.3508508508508612       0.9998615060401536
     656.3510510510510585       0.9626497073951871
     656.3512512512512558       0.9605426626010436
     656.3514514514514531       0.9896450680524914
     656.3516516516516504       0.9624029274598747
     656.3518518518518476       1.0634731867049456
     656.3520520520520449       1.0337479035024639
     656.3522522522522422       1.0599748113398768
     656.3524524524524395       1.0154594223624094
     656.3526526526526368       0.9759256445268316
     656.3528528528528341       1.0534225867371685
     656.3530530530530314       0.9289733606412252
     656.3532532532532286       0.9892230203055188
     656.3534534534534259       0.9840829877270088
     656.3536536536536232       0.9582510296430833
     656.3538538538538205       1.0556190049868697
     656.3540540540540178       0.9928727155459360
     656.3542542542542151       0.9952087598979468
     656.3544544544544124       1.0347029198063395
     656.3546546546546097       1.0218092435162092
     656.3548548548548069       1.0690473951375405
     656.3550550550550042       0.9672283236683348
     656.3552552552552015       0.8986387034961526
     656.3554554554553988       1.0349088758750713
     656.3556556556555961       0.9556370320818784
     656.3558558558557934       0.9724696918092638
     656.3560560560559907       1.0897133035878954
     656.3562562562561880       1.0994743033269998
     656.3564564564563852       1.0190590697741424
     656.3566566566565825       0.9836808877423444
     656.3568568568567798       1.0174022980218214
     656.3570570570569771       1.0067756687219909
     656.3572572572571744       0.9924899934065097
     656.3574574574573717       0.9994923887107353
     656.3576576576575690       0.9457392477228050
     656.3578578578578799       0.9798720675330307
     656.3580580580580772       0.9950992280383816
     656.3582582582582745       0.9455467691044596
     656.3584584584584718       0.9654391564943665
     656.3586586586586691       0.9733664869749693
     656.3588588588588664       0.9650513643647308
     656.3590590590590637       1.0285959674308778
     656.3592592592592609       1.1107385629585413
     656.3594594594594582       1.0045187352230283
     656.3596596596596555       0.8453411576429364
     656.3598598598598528       0.9257470922605977
     656.3600600600600501       1.0102083545858747
     656.3602602602602474       0.9823380196176087
     656.3604604604604447       0.8834153233343142
     656.3606606606606420       1.0514942963132485
     656.3608608608608392       0.9326731364288410
     656.3610610610610365       1.0750636856315139
     656.3612612612612338       1.0606570354706495
     656.3614614614614311       1.0912902855221585
     656.3616616616616284       1.0353323992220012
     656.3618618618618257       0.9811368949276031
     656.3620620620620230       1.0126152522847811
     656.3622622622622202       0.9931652676613905
     656.3624624624624175       1.0316608140367449
     656.3626626626626148       1.0275697784950701
     656.3628628628628121       0.9596151673178414
     656.3630630630630094       0.9587972845909143
     656.3632632632632067       1.0431016127373227
     656.3634634634634040       0.9827674546008838
     656.3636636636636013       0.9925558337801810
     656.3638638638637985       1.0204175813824210
     656.3640640640639958       1.0220981240754496
     656.3642642642641931       0.9000001673416191
     656.3644644644643904       1.0163997569981735
     656.3646646646645877       1.0138970284487288
     656.3648648648647850       1.1287280852787029
     656.3650650650649823       1.0037761593797896
     656.3652652652651796       1.0037864097402629
     656.3654654654654905       0.9560067405913335
     656.3656656656656878       0.8810253365260658
     656.3658658658658851       1.0351510252540113
     656.3660660660660824       0.9692595585180881
     656.3662662662662797       0.9666652610315245
     656.3664664664664770       1.0374098419455184
     656.3666666666666742       1.0531022872446787
     656.3668668668668715       1.0430418316777721
     656.3670670670670688       1.0250917741096415
     656.3672672672672661       1.0423850478263466
     656.3674674674674634       0.9932040626182602
     656.3676676676676607       1.0028793357595385
     656.3678678678678580       0.9970182207732763
     656.3680680680680553       1.0268514259551567
     656.3682682682682525       1.0160685159159062
     656.3684684684684498       0.9778378175564316
     656.3686686686686471       0.9662121487831407
     656.3688688688688444       1.1411289553709199
     656.3690690690690417       1.0147199676280327
     656.3692692692692390       0.9723668252321173
     656.3694694694694363       0.9325694656832704
     656.3696696696696335       1.0511441252736484
     656.3698698698698308       0.9897353558494757
     656.3700700700700281       0.9929821673535830
     656.3702702702702254       1.0148081214861213
     656.3704704704704227       1.0034353345409723
     656.3706706706706200       0.9569612262228254
     656.3708708708708173       0.9305425465474559
     656.3710710710710146       1.0621356698821931
     656.3712712712712118       0.9774274519785048
     656.3714714714714091       0.9902081032184767
     656.3716716716716064       0.9923707146093830
     656.3718718718718037       0.9251191610406024
     656.3720720720720010       0.9740499245814429
     656.3722722722721983       1.0478835166100491
     656.3724724724723956       1.0174837962073604
     656.3726726726725929       1.0011739957898462
     656.3728728728727901       0.9437046220842596
     656.3730730730729874       0.9330430878881680
     656.3732732732732984       0.9294767296975952
     656.3734734734734957       0.9860374570507859
     656.3736736736736930       1.0033494867568273
     656.3738738738738903       1.0461852174228465
     656.3740740740740875       1.1196196395073350
     656.3742742742742848       0.9630595786798858
     656.3744744744744821       0.9592985432817043
     656.3746746746746794       0.9983327239497793
     656.3748748748748767       0.9768204926794554
     656.3750750750750740       1.0572163429570451
     656.3752752752752713       0.9349755199848121
     656.3754754754754686       0.8927684200259374
     656.3756756756756658       0.9849918857291147
     656.3758758758758631       1.0373018510366139
     656.3760760760760604       1.0431948312816752
     656.3762762762762577       1.0014491939333927
     656.3764764764764550       0.9828981273780384
     656.3766766766766523       0.9563751298355929
     656.3768768768768496       1.0137485890358073
     656.3770770770770469       0.9924843052601251
     656.3772772772772441       1.0200834977405939
     656.3774774774774414       1.0852547450073140
     656.3776776776776387       0.8944855773226320
     656.3778778778778360       0.9852237050091168
     656.3780780780780333       1.0452006620706136
     656.3782782782782306       1.0782339301938224
     656.3784784784784279       0.9079212467843474
     656.3786786786786251       1.0064752332334868
     656.3788788788788224       0.9966274248296351
     656.3790790790790197       1.0634673201147891
     656.3792792792792170       0.9548303978562269
     656.3794794794794143       1.0229790584525222
     656.3796796796796116       1.0616887725417594
     656.3798798798798089       1.0656528744317386
     656.3800800800800062       1.0200227393599721
     656.3802802802802034       0.9363082813518688
     656.3804804804804007       0.9412384762257933
     656.3806806806805980       0.9870021522631652
     656.3808808808809090       0.8778830130919441
     656.3810810810811063       0.9913920149006192
     656.3812812812813036       1.0108855400707966
     656.3814814814815009       0.8849643914512022
     656.3816816816816981       0.9763710425907872
     656.3818818818818954       0.9434176047788997
     656.3820820820820927       0.9937215798722052
     656.3822822822822900       0.9604437884676550
     656.3824824824824873       0.8924551184545303
     656.3826826826826846       0.8942210064578974
     656.3828828828828819       0.9462447477327383
     656.3830830830830791       0.9654022129051516
     656.3832832832832764       1.0207957349343684
     656.3834834834834737       0.9970004571975516
     656.3836836836836710       1.0177933271679880
     656.3838838838838683       0.9108108816029918
     656.3840840840840656       0.9995045753727299
     656.3842842842842629       0.9182423119123502
     656.3844844844844602       0.9984478435742481
     656.3846846846846574       1.0038921409359558
     656.3848848848848547       0.9835624676399435
     656.3850850850850520       0.9687038435481792
     656.3852852852852493       0.9295279212054320
     656.3854854854854466       0.8800813997664400
     656.3856856856856439       0.9714708913577829
     656.3858858858858412       0.8896471635299330
     656.3860860860860384       0.9752140981455424
     656.3862862862862357       0.9686259912915829
     656.3864864864864330       0.9473771344284037
     656.3866866866866303       1.0374652385768734
     656.3868868868868276       0.9684553120808177
     656.3870870870870249       1.0130098521256410
     656.3872872872872222       0.9382829629144986
     656.3874874874874195       0.9697913423053932
     656.3876876876876167       0.9861568133653811
     656.3878878878878140       0.9569268530420418
     656.3880880880880113       0.9640584926911939
     656.3882882882882086       0.9444831816377416
     656.3884884884885196       0.9359829416062623
     656.3886886886887169       0.9821873495320370
     656.3888888888889142       0.9303467954192981
     656.3890890890891114       0.9315523238619616
     656.3892892892893087       0.9823864946431762
     656.3894894894895060       0.8936137213082915
     656.3896896896897033       0.8355190909267192
     656.3898898898899006       1.0105168341962478
     656.3900900900900979       0.9793566915333043
     656.3902902902902952       0.7540059390828124
     656.3904904904904924       0.9360793755183312
     656.3906906906906897       0.9216873577663982
     656.3908908908908870       0.9074989745500377
     656.3910910910910843       0.9164509024667731
     656.3912912912912816       0.9143077370840548
     656.3914914914914789       0.9516250823035630
     656.3916916916916762       0.8485757269868123
     656.3918918918918735       0.9599736820658716
     656.3920920920920707       0.9061896319743249
     656.3922922922922680       0.9082641275626145
     656.3924924924924653       0.9573976273143897
     656.3926926926926626       0.9610336697605275
     656.3928928928928599       0.9612854437768836
     656.3930930930930572       0.9681282301963784
     656.3932932932932545       0.8998466782648624
     656.3934934934934518       0.9679730810784566
     656.3936936936936490       0.9013983272245976
     656.3938938938938463       0.9197931833745786
     656.3940940940940436       0.9066328690338535
     656.3942942942942409       0.9820081208403709
     656.3944944944944382       0.9543877374730549
     656.3946946946946355       0.8607068508922623
     656.3948948948948328       0.8901439184526807
     656.3950950950950300       0.8765770342431440
     656.3952952952952273       0.8768329160387291
     656.3954954954954246       0.8537386534776573
     656.3956956956956219       0.9149762215384573
     656.3958958958958192       0.8925094256985606
     656.3960960960960165       0.8280252718394977
     656.3962962962963275       0.8457613806366564
     656.3964964964965247       0.9180064073001987
     656.3966966966967220       0.9163670405178972
     656.3968968968969193       0.8726546846160668
     656.3970970970971166       0.9367668133130873
     656.3972972972973139       0.9354334100120362
     656.3974974974975112       0.8766673029224261
     656.3976976976977085       0.8316618929713182
     656.3978978978979058       0.8852440891697004
     656.3980980980981030       0.9701450629238800
     656.3982982982983003       0.8895721495393416
     656.3984984984984976       0.8712999061375150
     656.3986986986986949       0.8964458061912542
     656.3988988988988922       0.9014575609530080
     656.3990990990990895       0.9340009408487802
     656.3992992992992868       0.9674660624016576
     656.3994994994994840       0.7870875007781120
     656.3996996996996813       0.8923121153393213
     656.3998998998998786       0.8709729087049363
     656.4001001001000759       0.9062736181646285
     656.4003003003002732       0.8277460787024820
     656.4005005005004705       0.9180548426501202
     656.4007007007006678       0.9229893469620503
     656.4009009009008651       0.8505882452803668
     656.4011011011010623       0.9387070361022897
     656.4013013013012596       0.8602711776202059
     656.4015015015014569       0.8350412320289546
     656.4017017017016542       0.8861542274708234
     656.4019019019018515       0.8275972333448759
     656.4021021021020488       0.9244386319749700
     656.4023023023022461       0.8519346560309128
     656.4025025025024433       0.8302332099372283
     656.4027027027026406       0.8333265313814494
     656.4029029029028379       0.7870508883958313
     656.4031031031030352       0.8354445515456553
     656.4033033033032325       0.8190617809728298
     656.4035035035034298       0.9079479482548428
     656.4037037037036271       0.9466202511450478
     656.4039039039039380       0.8232498512408024
     656.4041041041041353       0.8507963282750155
     656.4043043043043326       0.8834439647401436
     656.4045045045045299       0.9146183268161728
     656.4047047047047272       0.7983450901801312
     656.4049049049049245       0.7505593185509311
     656.4051051051051218       0.8115434376355867
     656.4053053053053191       0.8586009557357730
     656.4055055055055163       0.8540643609237624
     656.4057057057057136       0.9436787673884033
     656.4059059059059109       0.7973126074297143
     656.4061061061061082       0.8258711284206268
     656.4063063063063055       0.8774563943729962
     656.4065065065065028       0.8512104427790124
     656.4067067067067001       0.8233023849109885
     656.4069069069068973       0.8985079060681456
     656.4071071071070946       0.8012544662855736
     656.4073073073072919       0.8400861216053245
     656.4075075075074892       0.9095680148297667
     656.4077077077076865       0.8481733528991352
     656.4079079079078838       0.8257904780282227
     656.4081081081080811       0.7902573447645019
     656.4083083083082784       0.7913356370431204
     656.4085085085084756       0.8869700477692107
     656.4087087087086729       0.8687509822022870
     656.4089089089088702       0.8095184020403724
     656.4091091091090675       0.8001612870722927
     656.4093093093092648       0.8176699700537337
     656.4095095095094621       0.8169499882070568
     656.4097097097096594       0.8752099215388996
     656.4099099099098567       0.7974772499549230
     656.4101101101100539       0.7346376049190101
     656.4103103103102512       0.7780108994979618
     656.4105105105104485       0.8489435343572248
     656.4107107107106458       0.8707305896295185
     656.4109109109108431       0.8558165130052269
     656.4111111111110404       0.8064691349092946
     656.4113113113112377       0.7899411422213100
     656.4115115115114349       0.8251943117985975
     656.4117117117117459       0.8247852732208699
     656.4119119119119432       0.8403485709204684
     656.4121121121121405       0.8549245039609916
     656.4123123123123378       0.8197391852781226
     656.4125125125125351       0.8739546898265198
     656.4127127127127324       0.8142736428311526
     656.4129129129129296       0.7819377013232256
     656.4131131131131269       0.8720347318789657
     656.4133133133133242       0.7879788724892491
     656.4135135135135215       0.7682658632298355
     656.4137137137137188       0.8896734640721373
     656.4139139139139161       0.7786254651482047
     656.4141141141141134       0.7926487079425530
     656.4143143143143106       0.8627290247720986
     656.4145145145145079       0.7226919636602802
     656.4147147147147052       0.7842125336212251
     656.4149149149149025       0.8579016740657017
     656.4151151151150998       0.7162062773340893
     656.4153153153152971       0.7474367102384373
     656.4155155155154944       0.7593583913329032
     656.4157157157156917       0.8710805192157927
     656.4159159159158889       0.7862181896967445
     656.4161161161160862       0.8681505296715312
     656.4163163163162835       0.8381211409959615
     656.4165165165164808       0.7367868423398874
     656.4167167167166781       0.8953915162312023
     656.4169169169168754       0.9024171966352010
     656.4171171171170727       0.8487098394787367
     656.4173173173172700       0.7536230917831339
     656.4175175175174672       0.8375447867837820
     656.4177177177176645       0.6998375397889566
     656.4179179179178618       0.8172380411966322
     656.4181181181180591       0.8086291857091256
     656.4183183183182564       0.8372298830658722
     656.4185185185184537       0.8504225959279732
     656.4187187187186510       0.8474888844486876
     656.4189189189188482       0.8321404580767604
     656.4191191191190455       0.7890496389754813
     656.4193193193193565       0.8280142092200129
     656.4195195195195538       0.8130174128316239
     656.4197197197197511       0.7892947010073643
     656.4199199199199484       0.7869572454351008
     656.4201201201201457       0.9008801731391212
     656.4203203203203429       0.7217187620479554
     656.4205205205205402       0.8295875490979008
     656.4207207207207375       0.6945616699377561
     656.4209209209209348       0.8007828709048281
     656.4211211211211321       0.7974936993296982
     656.4213213213213294       0.7971576644317712
     656.4215215215215267       0.7546626089850488
     656.4217217217217240       0.7907142933667706
     656.4219219219219212       0.8160472967637269
     656.4221221221221185       0.8166597439340437
     656.4223223223223158       0.8408188621728606
     656.4225225225225131       0.8518633753052838
     656.4227227227227104       0.8043753547426682
     656.4229229229229077       0.8633143693633933
     656.4231231231231050       0.8597021879341066
     656.4233233233233022       0.7918380447541241
     656.4235235235234995       0.7561341235329859
     656.4237237237236968       0.7787812249145663
     656.4239239239238941       0.7795469318528003
     656.4241241241240914       0.7885804865922563
     656.4243243243242887       0.7525799816222267
     656.4245245245244860       0.7977407163077032
     656.4247247247246833       0.8372979743880393
     656.4249249249248805       0.7658153877243347
     656.4251251251250778       0.7465221352224864
     656.4253253253252751       0.8381919420787638
     656.4255255255254724       0.7148649261365471
     656.4257257257256697       0.8475312649669642
     656.4259259259258670       0.8077171189916528
     656.4261261261260643       0.7460641902286083
     656.4263263263262616       0.7785388317076261
     656.4265265265264588       0.7768649631125604
     656.4267267267266561       0.8668007494808621
     656.4269269269269671       0.8470699935472946
     656.4271271271271644       0.8041309147385685
     656.4273273273273617       0.8134671988079288
     656.4275275275275590       0.7562890865526515
     656.4277277277277562       0.7925307570087049
     656.4279279279279535       0.8714686688203108
     656.4281281281281508       0.7099909934181253
     656.4283283283283481       0.8778915147013969
     656.4285285285285454       0.8272157683104847
     656.4287287287287427       0.8913860408885941
     656.4289289289289400       0.8734126663129709
     656.4291291291291373       0.7580602364375733
     656.4293293293293345       0.8467168591198944
     656.4295295295295318       0.8262562428615409
     656.4297297297297291       0.7545257128431841
     656.4299299299299264       0.7211711138562795
     656.4301301301301237       0.7681753695046774
     656.4303303303303210       0.8547564299354306
     656.4305305305305183       0.7659470971424269
     656.4307307307307155       0.9356186870509492
     656.4309309309309128       0.8062999203225386
     656.4311311311311101       0.8975715033255394
     656.4313313313313074       0.8681685969344435
     656.4315315315315047       0.8960005037614412
     656.4317317317317020       0.8852613228348446
     656.4319319319318993       0.8814353653930567
     656.4321321321320966       0.8006046239812322
     656.4323323323322938       0.7692675631224803
     656.4325325325324911       0.7566531197128018
     656.4327327327326884       0.7604343593839293
     656.4329329329328857       0.8136483728494921
     656.4331331331330830       0.8732412583201027
     656.4333333333332803       0.8991020104954188
     656.4335335335334776       0.8873835399415231
     656.4337337337336749       0.8225751725257500
     656.4339339339338721       0.8631600874219156
     656.4341341341340694       0.8102408571380346
     656.4343343343342667       0.8363762159364697
     656.4345345345344640       0.8917538896267878
     656.4347347347347750       0.8221594548294108
     656.4349349349349723       0.8720312633935202
     656.4351351351351695       0.8632599096726081
     656.4353353353353668       0.7964968968010520
     656.4355355355355641       0.8164595628410929
     656.4357357357357614       0.7835407139337821
     656.4359359359359587       0.8522193145901353
     656.4361361361361560       1.0035045052700915
     656.4363363363363533       0.8571235909141537
     656.4365365365365506       0.9091996854024886
     656.4367367367367478       0.8010305552289542
     656.4369369369369451       0.8576815311596588
     656.4371371371371424       0.9019089833152285
     656.4373373373373397       0.8736747957971741
     656.4375375375375370       0.8166070366814420
     656.4377377377377343       0.8345581046269476
     656.4379379379379316       0.8761291399316073
     656.4381381381381289       0.8794494907162959
     656.4383383383383261       0.8872708336288030
     656.4385385385385234       0.9566963492014819
     656.4387387387387207       0.9514574368660225
     656.4389389389389180       0.8692798203188361
     656.4391391391391153       0.8168923426417017
     656.4393393393393126       0.8114272385583924
     656.4395395395395099       0.8176019254318911
     656.4397397397397071       0.8276302185724355
     656.4399399399399044       0.9201584783320946
     656.4401401401401017       0.8354276558357787
     656.4403403403402990       0.9457496037528293
     656.4405405405404963       0.8592218814628362
     656.4407407407406936       0.9554063280758063
     656.4409409409408909       0.8078391723393850
     656.4411411411410882       0.9510445862321865
     656.4413413413412854       0.8167512219344293
     656.4415415415414827       0.8984690887956941
     656.4417417417416800       0.9194627234489923
     656.4419419419418773       0.8780054483047403
     656.4421421421420746       0.9238764298015332
     656.4423423423423856       0.8790540625685511
     656.4425425425425829       0.9414547594769644
     656.4427427427427801       0.9024548422227743
     656.4429429429429774       0.9327292110001338
     656.4431431431431747       0.8651581403961834
     656.4433433433433720       0.9662805137982549
     656.4435435435435693       0.8885282671746471
     656.4437437437437666       0.8846513266083088
     656.4439439439439639       0.9149913164282015
     656.4441441441441611       0.9525014994905212
     656.4443443443443584       0.8945946908459346
     656.4445445445445557       0.8800888050049379
     656.4447447447447530       0.9923126716494072
     656.4449449449449503       0.8878659534588765
     656.4451451451451476       0.8864960391080925
     656.4453453453453449       0.8324048456556908
     656.4455455455455422       0.9833623472151465
     656.4457457457457394       0.9900313572369194
     656.4459459459459367       0.9647461029880731
     656.4461461461461340       0.8093993601896938
     656.4463463463463313       0.9243447785069961
     656.4465465465465286       0.8877475445327920
     656.4467467467467259       0.8357213373219697
     656.4469469469469232       0.9261774822299278
     656.4471471471471204       0.9151991147649320
     656.4473473473473177       0.9391071313871930
     656.4475475475475150       0.8973595670014183
     656.4477477477477123       0.8213932276874800
     656.4479479479479096       0.9625972052660948
     656.4481481481481069       1.0075012925463549
     656.4483483483483042       0.9858934787933269
     656.4485485485485015       0.8921897902939960
     656.4487487487486987       0.9028111092247316
     656.4489489489488960       0.9195936415519108
     656.4491491491490933       0.8948517535360717
     656.4493493493492906       0.8834037164056089
     656.4495495495494879       0.9301145659885847
     656.4497497497496852       0.9450528638389660
     656.4499499499498825       0.9612420801016708
     656.4501501501501934       0.8970738474970518
     656.4503503503503907       0.9132417068491456
     656.4505505505505880       0.8520933158108764
     656.4507507507507853       0.9483695696750463
     656.4509509509509826       0.9236123022792520
     656.4511511511511799       0.8785593744246043
     656.4513513513513772       0.8925800871003952
     656.4515515515515744       1.0808048076136481
     656.4517517517517717       0.8776425938067193
     656.4519519519519690       0.8967980727165465
     656.4521521521521663       0.9354446876821618
     656.4523523523523636       0.9300467675054438
     656.4525525525525609       0.9435587048441708
     656.4527527527527582       0.9102694500947867
     656.4529529529529555       0.9986167692051421
     656.4531531531531527       0.9943742275095595
     656.4533533533533500       0.8703908522636011
     656.4535535535535473       0.9110572421567878
     656.4537537537537446       0.9951394712972862
     656.4539539539539419       0.9569731232749662
     656.4541541541541392       0.9292976641214845
     656.4543543543543365       0.9913824111384910
     656.4545545545545338       0.8807962496658903
     656.4547547547547310       0.9461300064538859
     656.4549549549549283       0.9595116132937298
     656.4551551551551256       0.9564514284606644
     656.4553553553553229       1.0155623474847233
     656.4555555555555202       0.9527284268720252
     656.4557557557557175       1.0091538385270431
     656.4559559559559148       0.8991556088219631
     656.4561561561561120       0.9343085668677433
     656.4563563563563093       0.9264383245534735
     656.4565565565565066       0.9801756815486673
     656.4567567567567039       0.9644838649392441
     656.4569569569569012       0.9458203354633040
     656.4571571571570985       1.0264789381921613
     656.4573573573572958       0.9163657169399145
     656.4575575575574931       1.0266116819979065
     656.4577577577578040       1.0074528764882882
     656.4579579579580013       1.0043862732437989
     656.4581581581581986       0.8694732957069231
     656.4583583583583959       0.9345086573920922
     656.4585585585585932       1.0615483293481009
     656.4587587587587905       0.9036328813640410
     656.4589589589589878       0.9962633505166161
     656.4591591591591850       0.9812142580189173
     656.4593593593593823       1.0159540184102855
     656.4595595595595796       0.9745567602563108
     656.4597597597597769       1.0599169524944581
     656.4599599599599742       0.9126296986388659
     656.4601601601601715       0.9610073271720264
     656.4603603603603688       1.0487578327291311
     656.4605605605605660       0.9855167217059742
     656.4607607607607633       1.0511789222623897
     656.4609609609609606       1.0422081529595522
     656.4611611611611579       0.8931777690158893
     656.4613613613613552       0.9792089273214826
     656.4615615615615525       0.9600605964312392
     656.4617617617617498       0.9797471562382140
     656.4619619619619471       0.9074057871778152
     656.4621621621621443       0.9417317168535062
     656.4623623623623416       1.0343386028976238
     656.4625625625625389       0.9789219113906165
     656.4627627627627362       0.9411523093982567
     656.4629629629629335       0.9039587546932587
     656.4631631631631308       0.9724684996147677
     656.4633633633633281       1.0374618373885292
     656.4635635635635253       0.9489695994857258
     656.4637637637637226       0.9893459545051771
     656.4639639639639199       0.9296301998112710
     656.4641641641641172       1.0077966438426269
     656.4643643643643145       0.9482869047427317
     656.4645645645645118       0.9738113943629160
     656.4647647647647091       0.8955795195960798
     656.4649649649649064       1.0354516166955623
     656.4651651651651036       1.0370507925899743
     656.4653653653653009       1.0016302830332606
     656.4655655655656119       1.0586301593191823
     656.4657657657658092       0.9944770032791355
     656.4659659659660065       1.0056897562776861
     656.4661661661662038       0.9201641422027299
     656.4663663663664011       1.0148319653918563
     656.4665665665665983       0.9645136291746065
     656.4667667667667956       0.9952707615100821
     656.4669669669669929       1.0677554015117579
     656.4671671671671902       1.0125268686624294
     656.4673673673673875       0.8981148941331868
     656.4675675675675848       0.9254148790334513
     656.4677677677677821       1.0259147843519816
     656.4679679679679793       0.9521400217129053
     656.4681681681681766       0.9001371147485108
     656.4683683683683739       0.9797769719029084
     656.4685685685685712       0.9894732295426719
     656.4687687687687685       1.0287606698355551
     656.4689689689689658       1.0190468110444399
     656.4691691691691631       1.0169409965308296
     656.4693693693693604       0.9977810143678860
     656.4695695695695576       0.9613914249904241
     656.4697697697697549       0.8595256005380433
     656.4699699699699522       0.9607944276596657
     656.4701701701701495       1.0000029971124129
     656.4703703703703468       0.9513057961225698
     656.4705705705705441       1.0212176502611625
     656.4707707707707414       0.9011237029584945
     656.4709709709709387       0.9873061982019917
     656.4711711711711359       1.0391592070061684
     656.4713713713713332       1.0046137763394891
     656.4715715715715305       0.9371064973384667
     656.4717717717717278       0.9719358281713003
     656.4719719719719251       1.0184402772602428
     656.4721721721721224       0.9212387509304203
     656.4723723723723197       0.9761362139752866
     656.4725725725725169       0.9663107125699665
     656.4727727727727142       0.9497190420872873
     656.4729729729729115       0.9960328201396106
     656.4731731731732225       1.0225903473308113
     656.4733733733734198       0.8835258582093993
     656.4735735735736171       0.9934256751724755
     656.4737737737738144       1.0333515630065944
     656.4739739739740116       1.0168400190880216
     656.4741741741742089       1.0142555220951428
     656.4743743743744062       0.9509345183819758
     656.4745745745746035       0.9082334691145524
     656.4747747747748008       0.9529770845555633
     656.4749749749749981       0.9968693612373724
     656.4751751751751954       1.0335759095573511
     656.4753753753753927       1.0097683709187608
     656.4755755755755899       1.0975242853793299
     656.4757757757757872       0.9002146022059410
     656.4759759759759845       1.0195451155002790
     656.4761761761761818       1.0213601926356084
     656.4763763763763791       0.9357444271827349
     656.4765765765765764       1.0140372431940228
     656.4767767767767737       1.0076754924709590
     656.4769769769769709       0.9998994056954444
     656.4771771771771682       0.9622265814692297
     656.4773773773773655       1.0124641357970070
     656.4775775775775628       0.9830847049201279
     656.4777777777777601       1.0229837332965290
     656.4779779779779574       1.0045974974407055
     656.4781781781781547       0.9425046118491618
     656.4783783783783520       0.9936735219227588
     656.4785785785785492       0.9333810321269627
     656.4787787787787465       1.0491371816447139
     656.4789789789789438       1.0011939484713710
     656.4791791791791411       0.9896496049427870
     656.4793793793793384       0.9416653968383644
     656.4795795795795357       1.0618280074249267
     656.4797797797797330       0.9515515600035186
     656.4799799799799302       1.0556075334695336
     656.4801801801801275       1.0250131115369063
     656.4803803803803248       0.9642403926911347
     656.4805805805805221       0.9885481468823802
     656.4807807807808331       0.9714774863330283
     656.4809809809810304       1.0270845591251518
     656.4811811811812277       0.9962223774620288
     656.4813813813814249       1.0117150059052231
     656.4815815815816222       1.0151568255017402
     656.4817817817818195       1.0227246974963686
     656.4819819819820168       0.9521774993542537
     656.4821821821822141       0.8329832211570000
     656.4823823823824114       0.9945175450838355
     656.4825825825826087       0.9784328144780920
     656.4827827827828060       1.0070662384684355
     656.4829829829830032       1.0342995537479323
     656.4831831831832005       0.9632288235729427
     656.4833833833833978       0.9773984598131783
     656.4835835835835951       0.9392517000069526
     656.4837837837837924       0.9686418454659026
     656.4839839839839897       1.0430951490575353
     656.4841841841841870       1.0214681539056825
     656.4843843843843842       0.9138992548631343
     656.4845845845845815       0.9764822780772019
     656.4847847847847788       1.0017127458987263
     656.4849849849849761       0.8915444860259845
     656.4851851851851734       1.0454397523012080
     656.4853853853853707       0.9979644103783326
     656.4855855855855680       0.8890355757925932
     656.4857857857857653       0.9917934322492752
     656.4859859859859625       1.0638082409146006
     656.4861861861861598       0.9578098919476550
     656.4863863863863571       1.0964717552248264
     656.4865865865865544       1.0337251812152095
     656.4867867867867517       0.9899423504917413
     656.4869869869869490       1.0248268707613502
     656.4871871871871463       0.9300236003671741
     656.4873873873873436       0.9720403843869920
     656.4875875875875408       1.0418867996427124
     656.4877877877877381       1.0626001793246471
     656.4879879879879354       1.0738421519147376
     656.4881881881881327       1.0377668700909766
     656.4883883883883300       1.0241306316482086
     656.4885885885886410       1.0946575461627328
     656.4887887887888382       1.0197860049587466
     656.4889889889890355       1.0802140011939687
     656.4891891891892328       1.0379347631025562
     656.4893893893894301       0.9450974247770314
     656.4895895895896274       1.0074831908139772
     656.4897897897898247       1.0104574691119637
     656.4899899899900220       0.8955369321235866
     656.4901901901902193       0.9688324544447404
     656.4903903903904165       0.9854828723837765
     656.4905905905906138       0.9107985016483989
     656.4907907907908111       1.0471325723237237
     656.4909909909910084       1.0162702542687367
     656.4911911911912057       0.9510686793333167
     656.4913913913914030       1.0963057493177146
     656.4915915915916003       0.9924274894765635
     656.4917917917917976       0.9291293644558609
     656.4919919919919948       0.9407204106362226
     656.4921921921921921       1.0670068719801047
     656.4923923923923894       0.9341488999998151
     656.4925925925925867       1.0235523162396989
     656.4927927927927840       0.9747958939893621
     656.4929929929929813       1.0764884472276539
     656.4931931931931786       0.9936456423002200
     656.4933933933933758       1.0111832694509315
     656.4935935935935731       0.9521371211655647
     656.4937937937937704       1.0891370496503714
     656.4939939939939677       1.0153701952381293
     656.4941941941941650       0.8903373689816142
     656.4943943943943623       0.9957086849526700
     656.4945945945945596       1.0445499460306367
     656.4947947947947569       0.9484254702939870
     656.4949949949949541       1.0153023946951261
     656.4951951951951514       0.9002278263912744
     656.4953953953953487       0.9934765843053519
     656.4955955955955460       0.9445609609967995
     656.4957957957957433       0.9672823260206553
     656.4959959959959406       0.9809703247880968
     656.4961961961962515       1.0684624072699234
     656.4963963963964488       1.0628899523904973
     656.4965965965966461       0.9732803148048573
     656.4967967967968434       0.9246143503141364
     656.4969969969970407       0.9718334503949487
     656.4971971971972380       0.9976597925674415
     656.4973973973974353       1.0172286108751039
     656.4975975975976326       1.0043895303144581
     656.4977977977978298       1.0078921379059067
     656.4979979979980271       0.9600043291594966
     656.4981981981982244       0.9970948615900722
     656.4983983983984217       1.0198940189268679
     656.4985985985986190       1.0981701523374294
     656.4987987987988163       0.9997802848422358
     656.4989989989990136       0.9652021762590963
     656.4991991991992109       1.0473819658437908
     656.4993993993994081       0.9815929460095758
     656.4995995995996054       1.0075963184002985
     656.4997997997998027       0.9517934823297015
     656.5000000000000000       1.0401481399776085
