     656.2999999999999545       0.9914745070289671
     656.3002002002001518       0.9328660488207304
     656.3004004004003491       1.0370221431546276
     656.3006006006005464       0.9888288272962528
     656.3008008008007437       0.9497055309508039
     656.3010010010009410       1.0392148193513768
     656.3012012012011382       0.9839519441979715
     656.3014014014013355       1.0164122933804709
     656.3016016016015328       0.9677065882212277
     656.3018018018017301       1.0161610031997128
     656.3020020020019274       0.9092670729720238
     656.3022022022021247       0.9869901678724832
     656.3024024024023220       0.9402462085169980
     656.3026026026025193       1.0618161016364984
     656.3028028028027165       1.0482760260669135
     656.3030030030029138       0.9923334023310992
     656.3032032032031111       1.0450354590806892
     656.3034034034033084       1.0842154293389692
     656.3036036036035057       1.0157215915703213
     656.3038038038037030       0.9778282017067137
     656.3040040040040140       0.8981964027747557
     656.3042042042042112       1.1551197125257291
     656.3044044044044085       1.0693045522339395
     656.3046046046046058       1.1210143113015947
     656.3048048048048031       0.9805133676638429
     656.3050050050050004       0.9554101578484037
     656.3052052052051977       0.9786160217262895
     656.3054054054053950       0.9914386126829623
     656.3056056056055922       1.0152897525966480
     656.3058058058057895       1.0794202743618291
     656.3060060060059868       1.0991009001256788
     656.3062062062061841       0.9975992578501881
     656.3064064064063814       0.9665153367274477
     656.3066066066065787       1.0858859160255367
     656.3068068068067760       0.9736287069788563
     656.3070070070069733       1.0120711642889324
     656.3072072072071705       1.0717617360710379
     656.3074074074073678       0.9669215069480398
     656.3076076076075651       1.0492733530180716
     656.3078078078077624       0.9407050992499405
     656.3080080080079597       1.0546804904311358
     656.3082082082081570       0.9617290503011365
     656.3084084084083543       0.9866976625788456
     656.3086086086085515       1.1061564691603829
     656.3088088088087488       0.9932170307081553
     656.3090090090089461       1.0570590541663256
     656.3092092092091434       1.1031541571274537
     656.3094094094093407       0.9370853228518439
     656.3096096096095380       1.0140213976855872
     656.3098098098097353       1.0039305221982748
     656.3100100100099326       0.9992350171880534
     656.3102102102101298       0.9583685545407424
     656.3104104104103271       1.0777938729372778
     656.3106106106105244       1.0387451208007548
     656.3108108108107217       0.9887761370416723
     656.3110110110109190       1.0022569159757702
     656.3112112112111163       1.0419573779017317
     656.3114114114113136       0.9769530779681844
     656.3116116116116245       0.9081103187838185
     656.3118118118118218       1.0482512889309819
     656.3120120120120191       1.1055041137398625
     656.3122122122122164       0.9725871128780760
     656.3124124124124137       1.0270920758940920
     656.3126126126126110       1.0219541411279531
     656.3128128128128083       1.0667114807197053
     656.3130130130130055       0.9996579159175335
     656.3132132132132028       1.0273299285800617
     656.3134134134134001       1.0092480653502460
     656.3136136136135974       1.0420461960039407
     656.3138138138137947       1.1193195141571555
     656.3140140140139920       0.9457432187691616
     656.3142142142141893       1.0220866161901041
     656.3144144144143866       1.0651129498227387
     656.3146146146145838       0.9549216617928065
     656.3148148148147811       1.0046452782015809
     656.3150150150149784       0.9706278228318993
     656.3152152152151757       1.0485659779846901
     656.3154154154153730       0.8707584726131194
     656.3156156156155703       0.9038130859551430
     656.3158158158157676       0.9884619220644709
     656.3160160160159649       1.0137090864851115
     656.3162162162161621       1.0182346201991224
     656.3164164164163594       1.0227554769315033
     656.3166166166165567       1.0461422195579571
     656.3168168168167540       1.1126464241457961
     656.3170170170169513       1.0988943451626181
     656.3172172172171486       1.0756510433096573
     656.3174174174173459       1.0153305942304776
     656.3176176176175431       0.9828321455754976
     656.3178178178177404       0.9252792519553549
     656.3180180180179377       1.0411431289097370
     656.3182182182181350       1.0306971085189072
     656.3184184184183323       1.0217365115181232
     656.3186186186185296       1.0752639283034324
     656.3188188188187269       0.9617100472236829
     656.3190190190189242       1.0869149023753213
     656.3192192192191214       0.9437776325643008
     656.3194194194194324       0.9867510320528029
     656.3196196196196297       1.0480401878927381
     656.3198198198198270       0.9968187700296692
     656.3200200200200243       0.9951780747356618
     656.3202202202202216       1.0435194168092983
     656.3204204204204188       1.0042226636948195
     656.3206206206206161       0.9792719134462354
     656.3208208208208134       0.9799355618291425
     656.3210210210210107       1.0081952739244882
     656.3212212212212080       0.9237994747227838
     656.3214214214214053       1.0310579867297640
     656.3216216216216026       0.9804753130860753
     656.3218218218217999       1.0093598866636073
     656.3220220220219971       1.0896394149168525
     656.3222222222221944       1.0030800917460803
     656.3224224224223917       0.9919493635643958
     656.3226226226225890       0.9851046464078697
     656.3228228228227863       1.0663796840472313
     656.3230230230229836       0.9720109840335317
     656.3232232232231809       0.9454386401399879
     656.3234234234233782       0.9722381319407669
     656.3236236236235754       0.9132233499523845
     656.3238238238237727       1.0186215301058132
     656.3240240240239700       1.0064454835638794
     656.3242242242241673       0.9813511311326244
     656.3244244244243646       1.0414858549139576
     656.3246246246245619       1.0733357594614572
     656.3248248248247592       0.9905563369019209
     656.3250250250249564       0.9779932027753709
     656.3252252252251537       0.9072240801708820
     656.3254254254253510       0.9628795064018790
     656.3256256256255483       0.9785281575163431
     656.3258258258257456       1.0314169419772259
     656.3260260260259429       0.9827526168084338
     656.3262262262261402       0.9686634919925687
     656.3264264264263375       1.0107800796923323
     656.3266266266265347       0.8715526589261285
     656.3268268268267320       1.0090355925045129
     656.3270270270270430       1.0361556622774697
     656.3272272272272403       1.0070947582693839
     656.3274274274274376       1.0244153556071589
     656.3276276276276349       1.0078922481285177
     656.3278278278278322       1.0370128010251856
     656.3280280280280294       0.9867089701569511
     656.3282282282282267       0.9585591698047632
     656.3284284284284240       1.0226111524259869
     656.3286286286286213       0.9937210832449056
     656.3288288288288186       0.9986597128634532
     656.3290290290290159       1.0032350173639855
     656.3292292292292132       0.9443501834773046
     656.3294294294294104       0.9631912618169054
     656.3296296296296077       0.9095750946825777
     656.3298298298298050       0.9644136551280091
     656.3300300300300023       1.0473346538980901
     656.3302302302301996       0.9222596304177546
     656.3304304304303969       0.9431408721286960
     656.3306306306305942       0.9823910217845188
     656.3308308308307915       1.0138685484466552
     656.3310310310309887       1.0164359709857851
     656.3312312312311860       1.0141988447980479
     656.3314314314313833       1.0160099651846983
     656.3316316316315806       1.0738280654971377
     656.3318318318317779       0.9528436303533332
     656.3320320320319752       0.9723148534187227
     656.3322322322321725       1.0254804977554424
     656.3324324324323698       1.0603490505832569
     656.3326326326325670       0.9988498926659320
     656.3328328328327643       1.0303104444628479
     656.3330330330329616       0.9735052684976657
     656.3332332332331589       0.9446071469815213
     656.3334334334333562       0.9343320899725006
     656.3336336336335535       0.9527570237254228
     656.3338338338337508       0.8854302293892744
     656.3340340340339480       0.9169181396647688
     656.3342342342341453       1.0166411797229065
     656.3344344344343426       1.0551852968492748
     656.3346346346346536       0.9699689671830098
     656.3348348348348509       0.9268695402566427
     656.3350350350350482       0.9331211659306238
     656.3352352352352455       0.9621248511474939
     656.3354354354354427       1.0214032106566904
     656.3356356356356400       1.0746618823970282
     656.3358358358358373       0.9852904979803470
     656.3360360360360346       1.0025524760146389
     656.3362362362362319       0.8248035742511333
     656.3364364364364292       1.0345881823344043
     656.3366366366366265       0.9516144518772549
     656.3368368368368237       1.0332153010358271
     656.3370370370370210       1.0647397943777150
     656.3372372372372183       0.9940895644543744
     656.3374374374374156       1.0205089272299508
     656.3376376376376129       1.0469261825109271
     656.3378378378378102       1.1125556478909315
     656.3380380380380075       1.0144311769367302
     656.3382382382382048       1.0193063435796004
     656.3384384384384020       0.8809463921721262
     656.3386386386385993       0.9570503030989023
     656.3388388388387966       1.0216020102651742
     656.3390390390389939       1.0681822277534789
     656.3392392392391912       0.9439272477211212
     656.3394394394393885       1.0292737167343211
     656.3396396396395858       1.0429585665483403
     656.3398398398397831       0.9485420015141520
     656.3400400400399803       0.9806486837185000
     656.3402402402401776       0.9736426472959531
     656.3404404404403749       1.0258897831849547
     656.3406406406405722       1.0255293433930888
     656.3408408408407695       1.0373312270901804
     656.3410410410409668       1.0138000327473637
     656.3412412412411641       0.9911524116260126
     656.3414414414413613       0.9916515557730778
     656.3416416416415586       0.9532617683161364
     656.3418418418417559       0.9503094610170115
     656.3420420420419532       0.9645043462331194
     656.3422422422421505       1.0106756688327412
     656.3424424424424615       1.0371809994357140
     656.3426426426426588       0.9735438795691715
     656.3428428428428560       1.0259052019803254
     656.3430430430430533       0.9069081536312735
     656.3432432432432506       0.9826157767695166
     656.3434434434434479       0.9742092628392276
     656.3436436436436452       1.0146073358782131
     656.3438438438438425       0.8992305870949137
     656.3440440440440398       1.0589324575804206
     656.3442442442442371       0.9457397922721986
     656.3444444444444343       0.9661416209304151
     656.3446446446446316       1.0165339672662346
     656.3448448448448289       1.0395899638543300
     656.3450450450450262       1.0402461941213246
     656.3452452452452235       1.0724946178564472
     656.3454454454454208       1.0104821945105604
     656.3456456456456181       1.0227790625898652
     656.3458458458458153       0.9643077731099835
     656.3460460460460126       0.9948219028691733
     656.3462462462462099       1.0714581117728126
     656.3464464464464072       0.9704181474030840
     656.3466466466466045       1.1258333660355468
     656.3468468468468018       0.9493985067011280
     656.3470470470469991       0.9111211933112590
     656.3472472472471964       0.9910169044554372
     656.3474474474473936       1.0057429737013681
     656.3476476476475909       1.0485041925579819
     656.3478478478477882       0.9658895780017570
     656.3480480480479855       0.9975228726370228
     656.3482482482481828       0.9745095852252311
     656.3484484484483801       1.0317438357017099
     656.3486486486485774       1.0257563461808608
     656.3488488488487747       1.0071773139468867
     656.3490490490489719       0.9755028002668643
     656.3492492492491692       0.9889681388598751
     656.3494494494493665       1.0069134056986677
     656.3496496496495638       1.0653226872091679
     656.3498498498497611       0.9831832967676558
     656.3500500500500721       1.0142748555380108
     656.3502502502502693       0.8977307661979480
     656.3504504504504666       1.0295511175366558
     656.3506506506506639       0.9948009706271782
     656.3508508508508612       1.0421382147185441
     656.3510510510510585       1.0229999465728157
     656.3512512512512558       0.9369388268759092
     656.3514514514514531       0.9922707285561000
     656.3516516516516504       1.0109801226131379
     656.3518518518518476       0.9757268472504287
     656.3520520520520449       1.0656798689981306
     656.3522522522522422       1.0193775614330534
     656.3524524524524395       1.0517824985389390
     656.3526526526526368       1.0589636586767246
     656.3528528528528341       1.0271659580743069
     656.3530530530530314       0.9373611347761660
     656.3532532532532286       0.9937866725715427
     656.3534534534534259       0.9395380853407983
     656.3536536536536232       1.0508221333994727
     656.3538538538538205       0.9763446119690055
     656.3540540540540178       0.9480624807655879
     656.3542542542542151       0.8681062907429908
     656.3544544544544124       0.9686557567871050
     656.3546546546546097       0.9095304929342418
     656.3548548548548069       0.9387465383312460
     656.3550550550550042       1.0013201845885233
     656.3552552552552015       0.9802878339819309
     656.3554554554553988       1.0203178134381519
     656.3556556556555961       0.9758450751089450
     656.3558558558557934       0.9560167970865650
     656.3560560560559907       1.0583298585037468
     656.3562562562561880       1.0672471727643411
     656.3564564564563852       1.0424632756265146
     656.3566566566565825       1.0404678716977993
     656.3568568568567798       0.9123164035790131
     656.3570570570569771       0.9570939836619827
     656.3572572572571744       0.9273985390678108
     656.3574574574573717       0.9109580821014822
     656.3576576576575690       0.9345873649647658
     656.3578578578578799       0.9363935950554175
     656.3580580580580772       0.9808029095721136
     656.3582582582582745       0.9563929124428919
     656.3584584584584718       0.9341569343671718
     656.3586586586586691       0.9359788743531646
     656.3588588588588664       0.9425145924903747
     656.3590590590590637       0.9646298015703748
     656.3592592592592609       0.9925349282543079
     656.3594594594594582       0.9839881497204862
     656.3596596596596555       1.0270338538295229
     656.3598598598598528       1.0656079565651106
     656.3600600600600501       0.9768685290965996
     656.3602602602602474       1.0227541377040001
     656.3604604604604447       0.9540986631460574
     656.3606606606606420       0.9650140802528056
     656.3608608608608392       0.9893412237793738
     656.3610610610610365       1.0441847754106448
     656.3612612612612338       0.9591248834013046
     656.3614614614614311       0.9213903457100174
     656.3616616616616284       0.9551525073324374
     656.3618618618618257       0.8696077474507697
     656.3620620620620230       0.9844090330382260
     656.3622622622622202       0.9948464769690032
     656.3624624624624175       0.8570307115349451
     656.3626626626626148       0.9878055092043015
     656.3628628628628121       0.9738352811580313
     656.3630630630630094       0.9217903300659597
     656.3632632632632067       1.0149406147099762
     656.3634634634634040       0.9831295227978515
     656.3636636636636013       0.9759747122605983
     656.3638638638637985       1.0509566892872400
     656.3640640640639958       0.9017318297352861
     656.3642642642641931       0.9231403749930751
     656.3644644644643904       0.9652222381586655
     656.3646646646645877       0.9628151559796231
     656.3648648648647850       1.0249897587216565
     656.3650650650649823       0.9380281623946546
     656.3652652652651796       0.9920946285044276
     656.3654654654654905       0.9909455761011526
     656.3656656656656878       0.9675263703885395
     656.3658658658658851       0.9203196863357147
     656.3660660660660824       1.0073023821017710
     656.3662662662662797       0.9668820146323857
     656.3664664664664770       0.9682771188250887
     656.3666666666666742       0.8976880627344327
     656.3668668668668715       0.9359164791521205
     656.3670670670670688       0.8647899821333691
     656.3672672672672661       0.9912929998112125
     656.3674674674674634       0.9240592061932130
     656.3676676676676607       0.9279227033257897
     656.3678678678678580       0.9049737755658591
     656.3680680680680553       0.9551553035248719
     656.3682682682682525       0.9830094116082632
     656.3684684684684498       0.9049936329053966
     656.3686686686686471       0.9834499425428715
     656.3688688688688444       0.9646062182953539
     656.3690690690690417       0.9530823714276375
     656.3692692692692390       0.9472151335105320
     656.3694694694694363       0.9188973093124617
     656.3696696696696335       0.9637561776224826
     656.3698698698698308       0.9097514273809270
     656.3700700700700281       0.9322001447259773
     656.3702702702702254       0.8928225938398962
     656.3704704704704227       0.8625290035133449
     656.3706706706706200       0.8535093644288800
     656.3708708708708173       1.0025552552186805
     656.3710710710710146       0.8213171330275950
     656.3712712712712118       0.9599634270529910
     656.3714714714714091       0.9088067629972205
     656.3716716716716064       0.9126882108101749
     656.3718718718718037       0.8706603578579599
     656.3720720720720010       0.9085230835972815
     656.3722722722721983       0.8356467623588473
     656.3724724724723956       0.9500195332581103
     656.3726726726725929       0.9061843528160015
     656.3728728728727901       0.9924122449376211
     656.3730730730729874       0.9473735764404450
     656.3732732732732984       0.9657097092500089
     656.3734734734734957       1.0024660891426609
     656.3736736736736930       0.9299617987598495
     656.3738738738738903       0.7649383512349814
     656.3740740740740875       0.9600642148255129
     656.3742742742742848       0.8540581341604290
     656.3744744744744821       0.9318872632869796
     656.3746746746746794       0.8188066359789292
     656.3748748748748767       0.9209284688975895
     656.3750750750750740       0.8644380191016093
     656.3752752752752713       0.9107983818904692
     656.3754754754754686       0.8835393600883467
     656.3756756756756658       0.9189656547362164
     656.3758758758758631       0.8828954860167916
     656.3760760760760604       0.9436453724717115
     656.3762762762762577       0.9284862458735340
     656.3764764764764550       0.9347960758964416
     656.3766766766766523       0.9398365131782657
     656.3768768768768496       0.8627000608518437
     656.3770770770770469       0.8573542932914329
     656.3772772772772441       0.8454037688564027
     656.3774774774774414       0.9204385336381289
     656.3776776776776387       0.8412839270506789
     656.3778778778778360       0.9297662387084230
     656.3780780780780333       0.8901079431766854
     656.3782782782782306       0.8301009181771608
     656.3784784784784279       0.8230758886817758
     656.3786786786786251       0.9892747512261006
     656.3788788788788224       0.8807451559371154
     656.3790790790790197       0.9556679392718672
     656.3792792792792170       0.8901608012996678
     656.3794794794794143       0.8376448651933727
     656.3796796796796116       0.8208580007652173
     656.3798798798798089       0.8280326457878553
     656.3800800800800062       0.8286870684166331
     656.3802802802802034       0.8746379085568340
     656.3804804804804007       0.8770261791462363
     656.3806806806805980       0.9444649524006032
     656.3808808808809090       0.9076475955341958
     656.3810810810811063       0.8877794335369916
     656.3812812812813036       0.8943752881672409
     656.3814814814815009       0.7616660106322073
     656.3816816816816981       0.8451430132284887
     656.3818818818818954       0.8935305265200415
     656.3820820820820927       0.8720939162339789
     656.3822822822822900       0.8700559514159661
     656.3824824824824873       0.8450878506268870
     656.3826826826826846       0.8769217507939762
     656.3828828828828819       0.8307058340871012
     656.3830830830830791       0.8339030883515823
     656.3832832832832764       0.8041806108679707
     656.3834834834834737       0.8178211836916055
     656.3836836836836710       0.7907112071975798
     656.3838838838838683       0.8240323250028337
     656.3840840840840656       0.8925214091562661
     656.3842842842842629       0.8924695695199452
     656.3844844844844602       0.9319949930267600
     656.3846846846846574       0.8851950839636564
     656.3848848848848547       0.8228338578533414
     656.3850850850850520       0.8170893440100916
     656.3852852852852493       0.7931810824293496
     656.3854854854854466       0.8461222813139194
     656.3856856856856439       0.8512227785172409
     656.3858858858858412       0.8452149949429315
     656.3860860860860384       0.7603877800905988
     656.3862862862862357       0.7556823127926799
     656.3864864864864330       0.8362699919573802
     656.3866866866866303       0.8056083831873587
     656.3868868868868276       0.7869069140394379
     656.3870870870870249       0.8678732581134700
     656.3872872872872222       0.8360259171189245
     656.3874874874874195       0.7991025428241900
     656.3876876876876167       0.8445711436120962
     656.3878878878878140       0.8355639302826481
     656.3880880880880113       0.7968697675083158
     656.3882882882882086       0.8996299738331435
     656.3884884884885196       0.8218050076347234
     656.3886886886887169       0.7446990147042364
     656.3888888888889142       0.7494311408646033
     656.3890890890891114       0.7891513501005388
     656.3892892892893087       0.8883801206515534
     656.3894894894895060       0.7548969681136498
     656.3896896896897033       0.8268186622423699
     656.3898898898899006       0.8222260135701035
     656.3900900900900979       0.8022826700925155
     656.3902902902902952       0.8051209245181290
     656.3904904904904924       0.8215520425968126
     656.3906906906906897       0.8596253261896116
     656.3908908908908870       0.8108303218433014
     656.3910910910910843       0.8172769155084622
     656.3912912912912816       0.7217816373554892
     656.3914914914914789       0.7921812255741882
     656.3916916916916762       0.8820480996249555
     656.3918918918918735       0.7531139674852070
     656.3920920920920707       0.7355344300457612
     656.3922922922922680       0.7656007149689801
     656.3924924924924653       0.8602324481475321
     656.3926926926926626       0.7838717560830621
     656.3928928928928599       0.8239084447278340
     656.3930930930930572       0.8490669510831146
     656.3932932932932545       0.8110217870800402
     656.3934934934934518       0.7052465910937299
     656.3936936936936490       0.7725718307134781
     656.3938938938938463       0.7943194620554752
     656.3940940940940436       0.8150025688414633
     656.3942942942942409       0.7980746369756685
     656.3944944944944382       0.7409706437176693
     656.3946946946946355       0.8000402794565553
     656.3948948948948328       0.7573301780626023
     656.3950950950950300       0.8067970491432213
     656.3952952952952273       0.7520090066483400
     656.3954954954954246       0.7324220894511261
     656.3956956956956219       0.7847498033241384
     656.3958958958958192       0.7701021504909580
     656.3960960960960165       0.8069201966746238
     656.3962962962963275       0.8044856901175448
     656.3964964964965247       0.8148780828177334
     656.3966966966967220       0.8650412145150710
     656.3968968968969193       0.7884063038972746
     656.3970970970971166       0.8168993709167046
     656.3972972972973139       0.7515417786234481
     656.3974974974975112       0.7677885990911198
     656.3976976976977085       0.8032115593216267
     656.3978978978979058       0.8144603445171009
     656.3980980980981030       0.8607749946090217
     656.3982982982983003       0.8458367618615559
     656.3984984984984976       0.7639114663549081
     656.3986986986986949       0.8591323223245748
     656.3988988988988922       0.8699513101036245
     656.3990990990990895       0.8719497175064672
     656.3992992992992868       0.8740527509075346
     656.3994994994994840       0.8149416699690324
     656.3996996996996813       0.7795295752149468
     656.3998998998998786       0.8274706028119216
     656.4001001001000759       0.7761299264977903
     656.4003003003002732       0.8827463488482590
     656.4005005005004705       0.7320313923359488
     656.4007007007006678       0.7538405007249769
     656.4009009009008651       0.8086263361019654
     656.4011011011010623       0.7806095921832760
     656.4013013013012596       0.7876440726704211
     656.4015015015014569       0.7507037489046151
     656.4017017017016542       0.7602380030369597
     656.4019019019018515       0.7295896931113062
     656.4021021021020488       0.7881924036537058
     656.4023023023022461       0.8481225659731214
     656.4025025025024433       0.7695263290120624
     656.4027027027026406       0.8481523147520071
     656.4029029029028379       0.7998216173551320
     656.4031031031030352       0.7485339957704764
     656.4033033033032325       0.8365256477873821
     656.4035035035034298       0.7916201219995609
     656.4037037037036271       0.7286833587918959
     656.4039039039039380       0.7778984687719109
     656.4041041041041353       0.7694332679588455
     656.4043043043043326       0.9168991146008063
     656.4045045045045299       0.8180807038565866
     656.4047047047047272       0.7717112287087819
     656.4049049049049245       0.8408091528815438
     656.4051051051051218       0.7975812540151722
     656.4053053053053191       0.7761780052836620
     656.4055055055055163       0.8422632907736805
     656.4057057057057136       0.8710791590546670
     656.4059059059059109       0.7797731829918155
     656.4061061061061082       0.7834547825487330
     656.4063063063063055       0.7380096349812261
     656.4065065065065028       0.7863027644330718
     656.4067067067067001       0.7536999108595873
     656.4069069069068973       0.7800518328956494
     656.4071071071070946       0.8702082031798597
     656.4073073073072919       0.8035954028248887
     656.4075075075074892       0.8628528272955857
     656.4077077077076865       0.7604700554830730
     656.4079079079078838       0.7976628907570246
     656.4081081081080811       0.7989823830604025
     656.4083083083082784       0.8504965690595667
     656.4085085085084756       0.8011309136558580
     656.4087087087086729       0.8241208988575378
     656.4089089089088702       0.9009301563811598
     656.4091091091090675       0.7634956861978726
     656.4093093093092648       0.8201033834964333
     656.4095095095094621       0.9117172969995826
     656.4097097097096594       0.8365727236725171
     656.4099099099098567       0.9163145052235693
     656.4101101101100539       0.7687420549586580
     656.4103103103102512       0.7656706468114964
     656.4105105105104485       0.8603436426267005
     656.4107107107106458       0.7904427700973025
     656.4109109109108431       0.8315987050535256
     656.4111111111110404       0.8058745554710423
     656.4113113113112377       0.9235499114018886
     656.4115115115114349       0.8021946414908667
     656.4117117117117459       0.8388618722131964
     656.4119119119119432       0.7875862100784667
     656.4121121121121405       0.8826332497251791
     656.4123123123123378       0.8265836253269082
     656.4125125125125351       0.7431039663366091
     656.4127127127127324       0.8214109584993338
     656.4129129129129296       0.7878448476556161
     656.4131131131131269       0.8101929925916634
     656.4133133133133242       0.8467394286736190
     656.4135135135135215       0.8984127921166665
     656.4137137137137188       0.8672326871835520
     656.4139139139139161       0.8649683513435940
     656.4141141141141134       0.8157720589990693
     656.4143143143143106       0.8324000221620665
     656.4145145145145079       0.8832663508288685
     656.4147147147147052       0.8728798900178594
     656.4149149149149025       0.8747673531771222
     656.4151151151150998       0.8571768194767299
     656.4153153153152971       0.9433632401733345
     656.4155155155154944       0.8686108490676452
     656.4157157157156917       0.8509791288199264
     656.4159159159158889       0.8619945101688805
     656.4161161161160862       0.8316920811568848
     656.4163163163162835       0.7866678952313587
     656.4165165165164808       0.8664401133871655
     656.4167167167166781       0.8940370760951475
     656.4169169169168754       0.9340867408274924
     656.4171171171170727       0.9382622152495244
     656.4173173173172700       0.8741840463982448
     656.4175175175174672       0.9371514860732166
     656.4177177177176645       0.8365890324745680
     656.4179179179178618       0.9282467104959662
     656.4181181181180591       0.9443309463633005
     656.4183183183182564       0.8759202747100741
     656.4185185185184537       0.9539897578510914
     656.4187187187186510       0.8679627496630138
     656.4189189189188482       0.8865375660983534
     656.4191191191190455       0.8939470300437476
     656.4193193193193565       0.8840655229162179
     656.4195195195195538       0.8717495748351111
     656.4197197197197511       0.8471506939990082
     656.4199199199199484       0.8398872602751416
     656.4201201201201457       0.8920524724746151
     656.4203203203203429       0.9224199211725608
     656.4205205205205402       0.9599314192694393
     656.4207207207207375       0.8851574015223193
     656.4209209209209348       0.8039136309518189
     656.4211211211211321       0.9118398091859865
     656.4213213213213294       0.9741039793687709
     656.4215215215215267       0.9207716656669773
     656.4217217217217240       0.8925477100949419
     656.4219219219219212       0.8784803152816655
     656.4221221221221185       0.8795879481860485
     656.4223223223223158       0.8790232573109213
     656.4225225225225131       0.9324003039594128
     656.4227227227227104       0.9696775724694351
     656.4229229229229077       0.9416543984290872
     656.4231231231231050       0.8772075228142689
     656.4233233233233022       1.0447823705820234
     656.4235235235234995       0.7999383578324017
     656.4237237237236968       0.9969910483799331
     656.4239239239238941       0.9037076423034592
     656.4241241241240914       0.9502766433303592
     656.4243243243242887       0.9083983089125255
     656.4245245245244860       0.9578445065399447
     656.4247247247246833       0.9704970276576722
     656.4249249249248805       0.9062584307260808
     656.4251251251250778       0.8820680591874802
     656.4253253253252751       0.8584457426962202
     656.4255255255254724       0.9197692237176244
     656.4257257257256697       0.9088814295273254
     656.4259259259258670       0.9093685747620297
     656.4261261261260643       0.9469759353719218
     656.4263263263262616       0.9728394734455524
     656.4265265265264588       1.0189400535037529
     656.4267267267266561       0.8369139206503891
     656.4269269269269671       0.9740081054710331
     656.4271271271271644       0.9562718706142322
     656.4273273273273617       0.9188589295098762
     656.4275275275275590       0.8936987143457436
     656.4277277277277562       0.9680239738440249
     656.4279279279279535       0.8796215455628177
     656.4281281281281508       0.9045257591723790
     656.4283283283283481       0.9189819769428988
     656.4285285285285454       0.7669517520264810
     656.4287287287287427       0.9270448529671629
     656.4289289289289400       0.9179905415709058
     656.4291291291291373       0.8979060745096692
     656.4293293293293345       0.8888746573385140
     656.4295295295295318       0.9381244092445409
     656.4297297297297291       0.8841564391461598
     656.4299299299299264       0.9718632740332350
     656.4301301301301237       1.0254982865978772
     656.4303303303303210       0.9415466763704273
     656.4305305305305183       0.9443268678123944
     656.4307307307307155       0.9720669502721381
     656.4309309309309128       0.9663795518723933
     656.4311311311311101       1.0187026001166322
     656.4313313313313074       0.9593421310059247
     656.4315315315315047       0.7884967314300071
     656.4317317317317020       0.9241640954834199
     656.4319319319318993       0.9609551655819636
     656.4321321321320966       0.8121775789191369
     656.4323323323322938       0.9788478978748428
     656.4325325325324911       0.9077770821115193
     656.4327327327326884       1.0209086080842289
     656.4329329329328857       0.9096508898243586
     656.4331331331330830       0.9068071751469604
     656.4333333333332803       1.0173011107871766
     656.4335335335334776       0.9670698252427243
     656.4337337337336749       0.9518688302225061
     656.4339339339338721       1.0002102870812313
     656.4341341341340694       1.0399705821710574
     656.4343343343342667       0.9633883704958029
     656.4345345345344640       0.9465773855231965
     656.4347347347347750       1.0451920274139406
     656.4349349349349723       0.9949707559802232
     656.4351351351351695       1.0090249643381484
     656.4353353353353668       0.9638552404346794
     656.4355355355355641       0.8893002548423846
     656.4357357357357614       0.9170095073577321
     656.4359359359359587       0.9492877436887943
     656.4361361361361560       0.8882056913394047
     656.4363363363363533       0.9318094912779387
     656.4365365365365506       0.8910536946218838
     656.4367367367367478       0.9302237135246466
     656.4369369369369451       0.9187060088530493
     656.4371371371371424       0.9825274544075306
     656.4373373373373397       0.8742907423120869
     656.4375375375375370       0.9763231547860438
     656.4377377377377343       0.9534353151579527
     656.4379379379379316       0.9598943754404229
     656.4381381381381289       0.9494483969635401
     656.4383383383383261       0.9450883261791457
     656.4385385385385234       0.9466010341018086
     656.4387387387387207       0.9469948001188749
     656.4389389389389180       0.9832581999543077
     656.4391391391391153       1.0300161303284403
     656.4393393393393126       1.0161396899818771
     656.4395395395395099       0.9806600331786322
     656.4397397397397071       1.0891992603106591
     656.4399399399399044       1.0511356683668538
     656.4401401401401017       0.9507211024244118
     656.4403403403402990       0.9531103218373016
     656.4405405405404963       0.9388084132199629
     656.4407407407406936       0.9421652491949964
     656.4409409409408909       1.0417036385892600
     656.4411411411410882       0.9933170269926419
     656.4413413413412854       0.9949949415509122
     656.4415415415414827       0.8443702003325133
     656.4417417417416800       1.0833137529893881
     656.4419419419418773       0.9416987582124416
     656.4421421421420746       0.9183675610905919
     656.4423423423423856       0.9755472591138343
     656.4425425425425829       0.9718869556922424
     656.4427427427427801       0.9834064424917601
     656.4429429429429774       0.9819385067579116
     656.4431431431431747       0.9171419275166475
     656.4433433433433720       0.8990697997038667
     656.4435435435435693       1.0024160584530351
     656.4437437437437666       1.0495003941985601
     656.4439439439439639       1.0098695261418866
     656.4441441441441611       1.0380277861350842
     656.4443443443443584       1.0396331933533149
     656.4445445445445557       0.9847103129171867
     656.4447447447447530       0.8778783180722880
     656.4449449449449503       0.9864453973952325
     656.4451451451451476       1.0487612272762361
     656.4453453453453449       1.0043532005236744
     656.4455455455455422       0.9308670467227284
     656.4457457457457394       0.9790281228259237
     656.4459459459459367       0.9953253309343116
     656.4461461461461340       0.9528945407607488
     656.4463463463463313       1.0194728262414716
     656.4465465465465286       0.9673742298485042
     656.4467467467467259       0.9968662253559574
     656.4469469469469232       1.1181497253265555
     656.4471471471471204       0.9376681184420775
     656.4473473473473177       0.9308780784866105
     656.4475475475475150       0.8894602543274477
     656.4477477477477123       1.0024450126459090
     656.4479479479479096       0.9551763141678891
     656.4481481481481069       1.0819089044524790
     656.4483483483483042       1.0008950914890717
     656.4485485485485015       0.9236163268415298
     656.4487487487486987       1.0805995730069793
     656.4489489489488960       1.0189540378865538
     656.4491491491490933       0.9558465880504298
     656.4493493493492906       1.0539624194205031
     656.4495495495494879       0.9915398645812253
     656.4497497497496852       0.9925477341717674
     656.4499499499498825       1.0853710076559233
     656.4501501501501934       1.0242613613596570
     656.4503503503503907       0.9019368062358599
     656.4505505505505880       1.0313926737479697
     656.4507507507507853       1.0339753086630059
     656.4509509509509826       1.0143656263510878
     656.4511511511511799       0.9502054891026293
     656.4513513513513772       0.9119180118203648
     656.4515515515515744       0.9858944700173028
     656.4517517517517717       1.0189987641294458
     656.4519519519519690       1.0773697162845839
     656.4521521521521663       0.9588658337359833
     656.4523523523523636       0.9773966608365731
     656.4525525525525609       0.9376261724402921
     656.4527527527527582       0.9800726374893602
     656.4529529529529555       0.9538388154594614
     656.4531531531531527       0.9662177599160222
     656.4533533533533500       0.9582061944298621
     656.4535535535535473       0.8689890572274915
     656.4537537537537446       1.0118859046658124
     656.4539539539539419       0.9503164133393510
     656.4541541541541392       1.0114012305526883
     656.4543543543543365       0.9709784294443419
     656.4545545545545338       1.0370197347434982
     656.4547547547547310       1.0116777077697856
     656.4549549549549283       1.0408136124505334
     656.4551551551551256       0.9890912525863196
     656.4553553553553229       1.0894645948618504
     656.4555555555555202       0.9579978025280711
     656.4557557557557175       1.0662837429613989
     656.4559559559559148       1.0093894709891755
     656.4561561561561120       1.0220272614514438
     656.4563563563563093       1.0063899187057124
     656.4565565565565066       1.0905042658914674
     656.4567567567567039       0.9282929268208845
     656.4569569569569012       1.0121223747734649
     656.4571571571570985       1.0520249110940803
     656.4573573573572958       1.0389431029928577
     656.4575575575574931       1.0331388769413974
     656.4577577577578040       1.1176787756667461
     656.4579579579580013       0.9932713568871038
     656.4581581581581986       1.0221493691286865
     656.4583583583583959       1.0846185444106391
     656.4585585585585932       1.0170891217363154
     656.4587587587587905       0.9661868912983100
     656.4589589589589878       1.0602028124301208
     656.4591591591591850       1.0974978288811648
     656.4593593593593823       0.9545559465778845
     656.4595595595595796       0.9621975606779272
     656.4597597597597769       1.0209234360654886
     656.4599599599599742       1.1056659202506138
     656.4601601601601715       0.9615267560418631
     656.4603603603603688       1.0467248194236778
     656.4605605605605660       0.9422034629370082
     656.4607607607607633       1.0096529305773378
     656.4609609609609606       0.9407151804296494
     656.4611611611611579       1.0139895454685282
     656.4613613613613552       0.9057258457657238
     656.4615615615615525       0.9709928903200039
     656.4617617617617498       0.9792085387102906
     656.4619619619619471       1.0026863793392424
     656.4621621621621443       0.9843299389553831
     656.4623623623623416       1.0725958227371790
     656.4625625625625389       0.9446355443413319
     656.4627627627627362       0.8988268512047330
     656.4629629629629335       0.9341082545990049
     656.4631631631631308       0.9442474639455249
     656.4633633633633281       1.0263553317906335
     656.4635635635635253       0.9457140525879797
     656.4637637637637226       0.9139034397347935
     656.4639639639639199       1.0162165386637327
     656.4641641641641172       0.9324724262587799
     656.4643643643643145       1.0084828160411643
     656.4645645645645118       0.9652390060808387
     656.4647647647647091       1.0154328351621018
     656.4649649649649064       0.9521739608837088
     656.4651651651651036       1.0164517990082289
     656.4653653653653009       0.9172062430017676
     656.4655655655656119       1.0230998083288763
     656.4657657657658092       0.9712669569154261
     656.4659659659660065       0.9540841894792059
     656.4661661661662038       1.0219112471314160
     656.4663663663664011       1.0103654158258712
     656.4665665665665983       1.0828901252399865
     656.4667667667667956       0.9892734304089440
     656.4669669669669929       0.9638992788827826
     656.4671671671671902       1.0419309595025763
     656.4673673673673875       1.0691990743227420
     656.4675675675675848       0.9988370353973618
     656.4677677677677821       1.0418704704625497
     656.4679679679679793       0.9698521399101485
     656.4681681681681766       0.9630616845302443
     656.4683683683683739       0.9402337360949885
     656.4685685685685712       1.0518132109442393
     656.4687687687687685       0.9993830114040885
     656.4689689689689658       1.0252129904523239
     656.4691691691691631       1.0028075773990279
     656.4693693693693604       0.9723432298015530
     656.4695695695695576       1.0567136002559792
     656.4697697697697549       0.9735601404662193
     656.4699699699699522       1.0183208571588511
     656.4701701701701495       0.9800487563098543
     656.4703703703703468       1.0024904768449163
     656.4705705705705441       1.0273866218899430
     656.4707707707707414       0.9520669680889541
     656.4709709709709387       0.9777370929363808
     656.4711711711711359       1.1158287800645452
     656.4713713713713332       0.9882180782325266
     656.4715715715715305       1.1134122171544223
     656.4717717717717278       1.0609826008874266
     656.4719719719719251       0.9699089046770517
     656.4721721721721224       0.9906978882465894
     656.4723723723723197       1.0645573352915880
     656.4725725725725169       1.0709612953884937
     656.4727727727727142       0.9720764111988948
     656.4729729729729115       1.1153087660866139
     656.4731731731732225       0.9475199376089339
     656.4733733733734198       1.0232047100815558
     656.4735735735736171       0.9724506611147481
     656.4737737737738144       1.0575039306351957
     656.4739739739740116       1.0173669945174977
     656.4741741741742089       1.0410896537645757
     656.4743743743744062       0.9143582987862124
     656.4745745745746035       1.0785261553934267
     656.4747747747748008       0.9921046245500774
     656.4749749749749981       1.0562488667967469
     656.4751751751751954       1.0862282895593580
     656.4753753753753927       1.0724781004551969
     656.4755755755755899       1.0023241849901052
     656.4757757757757872       0.9826019485015115
     656.4759759759759845       0.9704686822832287
     656.4761761761761818       1.0377837326907198
     656.4763763763763791       1.0538175845719704
     656.4765765765765764       0.9977745955540842
     656.4767767767767737       1.0300600586125737
     656.4769769769769709       0.9647225053937983
     656.4771771771771682       0.9192100851786633
     656.4773773773773655       0.9467505533276226
     656.4775775775775628       1.0178791089761972
     656.4777777777777601       0.9395079757723667
     656.4779779779779574       0.9712455348489000
     656.4781781781781547       0.9628685464546601
     656.4783783783783520       1.0443018354284730
     656.4785785785785492       1.0265882845255501
     656.4787787787787465       1.0238949098774957
     656.4789789789789438       0.9724945747971298
     656.4791791791791411       0.9633007723701021
     656.4793793793793384       0.9996294173011836
     656.4795795795795357       1.0838290034324403
     656.4797797797797330       1.0108611649821844
     656.4799799799799302       1.0608323578763943
     656.4801801801801275       1.0287558788346609
     656.4803803803803248       1.0818655034311961
     656.4805805805805221       0.9511658191503916
     656.4807807807808331       0.9883942283895287
     656.4809809809810304       1.0374790681741117
     656.4811811811812277       1.0221775207797599
     656.4813813813814249       1.0289129401867914
     656.4815815815816222       1.0131289001857109
     656.4817817817818195       1.0035887870253875
     656.4819819819820168       1.0260290534679610
     656.4821821821822141       1.0733211378074619
     656.4823823823824114       1.0069604692960668
     656.4825825825826087       1.0004465805858502
     656.4827827827828060       0.9798956550341703
     656.4829829829830032       1.0144949466524542
     656.4831831831832005       0.9322504614032008
     656.4833833833833978       0.9967817236794441
     656.4835835835835951       1.0959367632308483
     656.4837837837837924       0.9738254544945971
     656.4839839839839897       0.9657312163765058
     656.4841841841841870       0.9981442434720311
     656.4843843843843842       0.9596311456304041
     656.4845845845845815       1.0342710920064864
     656.4847847847847788       1.0514614441341825
     656.4849849849849761       1.0218952804004029
     656.4851851851851734       0.9721151558244988
     656.4853853853853707       0.9825868001184688
     656.4855855855855680       0.8931061783711701
     656.4857857857857653       0.9396592060346138
     656.4859859859859625       0.9816014829616543
     656.4861861861861598       0.9726690510175164
     656.4863863863863571       0.9746062864411766
     656.4865865865865544       1.0191530361509951
     656.4867867867867517       0.9166033556050646
     656.4869869869869490       1.0474313512544451
     656.4871871871871463       1.0359921297214623
     656.4873873873873436       0.9246089869387608
     656.4875875875875408       0.9380467402425600
     656.4877877877877381       0.9836145836388492
     656.4879879879879354       0.9591121662837054
     656.4881881881881327       0.9284884853244364
     656.4883883883883300       0.9305428236783060
     656.4885885885886410       1.1219980778728487
     656.4887887887888382       1.0291221459457032
     656.4889889889890355       0.9912679939261346
     656.4891891891892328       1.0870254865389133
     656.4893893893894301       1.0553394417441133
     656.4895895895896274       1.0829475465399230
     656.4897897897898247       0.9828157813061809
     656.4899899899900220       1.0016457617655807
     656.4901901901902193       1.0298491739096520
     656.4903903903904165       0.9416810354006814
     656.4905905905906138       1.0077220475684101
     656.4907907907908111       0.9449767088935231
     656.4909909909910084       1.0101732279955771
     656.4911911911912057       0.8960242592124660
     656.4913913913914030       1.0146760006031967
     656.4915915915916003       1.0350264594796934
     656.4917917917917976       0.9911337069786289
     656.4919919919919948       1.0168157226145564
     656.4921921921921921       0.9958296281481210
     656.4923923923923894       0.9667214510805648
     656.4925925925925867       0.9566830835501519
     656.4927927927927840       0.9826131313883023
     656.4929929929929813       1.0311142458622613
     656.4931931931931786       0.9954585920151764
     656.4933933933933758       0.9867596928025083
     656.4935935935935731       1.0006723423064181
     656.4937937937937704       1.0467431307139603
     656.4939939939939677       0.9080501174853208
     656.4941941941941650       1.0182263072973354
     656.4943943943943623       0.9807334651383564
     656.4945945945945596       0.9764601248267180
     656.4947947947947569       0.9739079792173035
     656.4949949949949541       1.0969357001538915
     656.4951951951951514       0.9491020721872563
     656.4953953953953487       1.0868382791008486
     656.4955955955955460       0.9382440092214214
     656.4957957957957433       0.9659273728853646
     656.4959959959959406       1.0157763106392523
     656.4961961961962515       0.9296744410303565
     656.4963963963964488       1.0584239138383387
     656.4965965965966461       1.0681325067189538
     656.4967967967968434       1.0316768892821941
     656.4969969969970407       0.9740942255341959
     656.4971971971972380       1.0268801869536528
     656.4973973973974353       1.0267216754151951
     656.4975975975976326       1.0282832637408821
     656.4977977977978298       0.9994162002674123
     656.4979979979980271       0.9836979569705059
     656.4981981981982244       0.9912781459318826
     656.4983983983984217       1.0218846947513098
     656.4985985985986190       0.9653149175968339
     656.4987987987988163       0.9529640604644486
     656.4989989989990136       1.0212820177529867
     656.4991991991992109       0.9689212931878902
     656.4993993993994081       0.9634984590825411
     656.4995995995996054       1.0222469226406352
     656.4997997997998027       1.0092351045414951
     656.5000000000000000       1.0254583256841086
