     656.2999999999999545       1.0041755001288553
     656.3002002002001518       0.9911229804214244
     656.3004004004003491       0.9741231664239368
     656.3006006006005464       0.9999821485285822
     656.3008008008007437       1.0077041914343898
     656.3010010010009410       0.9843367297716860
     656.3012012012011382       1.0097964809168150
     656.3014014014013355       0.8743234088897226
     656.3016016016015328       1.0845593410824446
     656.3018018018017301       1.0510058878453377
     656.3020020020019274       0.9988327497219815
     656.3022022022021247       1.0610667356453687
     656.3024024024023220       0.9669107747618660
     656.3026026026025193       0.9863548285509310
     656.3028028028027165       1.0524175355956877
     656.3030030030029138       0.9602988161430225
     656.3032032032031111       1.0391082875179931
     656.3034034034033084       0.9794825973941461
     656.3036036036035057       1.0100982872802207
     656.3038038038037030       0.9911855048067837
     656.3040040040040140       0.9541821627130113
     656.3042042042042112       1.0450673169080051
     656.3044044044044085       0.9013723845786827
     656.3046046046046058       0.9626172067041987
     656.3048048048048031       0.9737149028524011
     656.3050050050050004       1.0265957355023470
     656.3052052052051977       1.0028156390472411
     656.3054054054053950       1.0205743884278284
     656.3056056056055922       0.9688095160137983
     656.3058058058057895       1.0380163735216912
     656.3060060060059868       1.0210244685893721
     656.3062062062061841       1.0290859243697339
     656.3064064064063814       1.0773852919895621
     656.3066066066065787       1.0286196042957321
     656.3068068068067760       1.1007495948292796
     656.3070070070069733       0.9588721477891515
     656.3072072072071705       0.9805005205518819
     656.3074074074073678       0.9571223729501335
     656.3076076076075651       0.9700844305857349
     656.3078078078077624       1.0175682074400203
     656.3080080080079597       1.0316892578438490
     656.3082082082081570       0.9587253189172744
     656.3084084084083543       0.9809095039389776
     656.3086086086085515       1.0476049341349021
     656.3088088088087488       0.9884618815625684
     656.3090090090089461       0.9832474858300261
     656.3092092092091434       1.0657571598968660
     656.3094094094093407       0.8964816553362334
     656.3096096096095380       0.9323959509896210
     656.3098098098097353       0.9205053076645661
     656.3100100100099326       0.9681228770648556
     656.3102102102101298       1.0849930902886644
     656.3104104104103271       1.0738914003594202
     656.3106106106105244       0.9967337864495988
     656.3108108108107217       0.9941489974864277
     656.3110110110109190       1.0164472272613807
     656.3112112112111163       0.9615121441429927
     656.3114114114113136       0.9801259915070214
     656.3116116116116245       1.0029217661856635
     656.3118118118118218       1.0171498143627709
     656.3120120120120191       1.0629348712910280
     656.3122122122122164       1.0773017802703075
     656.3124124124124137       0.9939586566298262
     656.3126126126126110       0.9943652316009602
     656.3128128128128083       1.0416763713121961
     656.3130130130130055       1.0036718365770645
     656.3132132132132028       0.9543071438751668
     656.3134134134134001       1.0018302536460442
     656.3136136136135974       1.0780964150497143
     656.3138138138137947       0.9273238337801794
     656.3140140140139920       0.9799863684054072
     656.3142142142141893       0.9739452111551768
     656.3144144144143866       1.0654901875689915
     656.3146146146145838       1.0128404031079723
     656.3148148148147811       0.9332657120473560
     656.3150150150149784       1.0923877198728944
     656.3152152152151757       0.9031811782363819
     656.3154154154153730       1.0309437928543197
     656.3156156156155703       0.9781556980681528
     656.3158158158157676       0.9753250387315044
     656.3160160160159649       0.9742650878181844
     656.3162162162161621       0.9277865553974187
     656.3164164164163594       1.0031121391578477
     656.3166166166165567       0.9683174368998417
     656.3168168168167540       1.1289020561076175
     656.3170170170169513       0.8999973036979507
     656.3172172172171486       0.8980726759291989
     656.3174174174173459       0.9916064898616743
     656.3176176176175431       0.9860344627634804
     656.3178178178177404       1.0460636053219321
     656.3180180180179377       0.9977271570088271
     656.3182182182181350       0.9798076275538181
     656.3184184184183323       1.0157293019877685
     656.3186186186185296       1.0052456665179670
     656.3188188188187269       0.9032602460473063
     656.3190190190189242       0.9723005515307256
     656.3192192192191214       0.9431507107824801
     656.3194194194194324       0.9647197507764191
     656.3196196196196297       1.0333445769036769
     656.3198198198198270       0.9551129251954018
     656.3200200200200243       0.9855719818844056
     656.3202202202202216       0.9913494035774796
     656.3204204204204188       0.9544915230441395
     656.3206206206206161       0.9945467727793661
     656.3208208208208134       0.9724272819011719
     656.3210210210210107       0.9437303814850828
     656.3212212212212080       0.9332938164473589
     656.3214214214214053       1.0087327762643268
     656.3216216216216026       0.9874333775099871
     656.3218218218217999       1.1055263565450733
     656.3220220220219971       1.0274351394224359
     656.3222222222221944       0.9520491187843839
     656.3224224224223917       1.0692432212663747
     656.3226226226225890       0.9944689395919410
     656.3228228228227863       1.0156525399164029
     656.3230230230229836       0.9283523603056218
     656.3232232232231809       1.0526920833244451
     656.3234234234233782       1.0301823586759724
     656.3236236236235754       0.9708697359930981
     656.3238238238237727       0.8830483978473966
     656.3240240240239700       1.0093367993371869
     656.3242242242241673       0.9802247445912756
     656.3244244244243646       0.9749841645118527
     656.3246246246245619       0.9895291018902721
     656.3248248248247592       1.0439419528313123
     656.3250250250249564       0.9917696630748223
     656.3252252252251537       1.0477812310829677
     656.3254254254253510       0.9053324992570272
     656.3256256256255483       1.0765961504122434
     656.3258258258257456       1.0042391956190155
     656.3260260260259429       0.9507991679482002
     656.3262262262261402       1.0284803921879724
     656.3264264264263375       0.9749703667472798
     656.3266266266265347       0.9629635114185255
     656.3268268268267320       1.0239741197301977
     656.3270270270270430       1.1002485772734369
     656.3272272272272403       0.9653773839769633
     656.3274274274274376       0.9382678436850779
     656.3276276276276349       0.9499640095020453
     656.3278278278278322       0.9888531163893878
     656.3280280280280294       0.9204692242001772
     656.3282282282282267       1.0170307240744398
     656.3284284284284240       1.0293901407720349
     656.3286286286286213       0.9634713230277124
     656.3288288288288186       0.8924246856227944
     656.3290290290290159       1.0219541682735196
     656.3292292292292132       1.0106901300309170
     656.3294294294294104       0.9192867665692839
     656.3296296296296077       1.0332187976634164
     656.3298298298298050       1.0015070741394509
     656.3300300300300023       0.9665741591946131
     656.3302302302301996       0.9349090911892057
     656.3304304304303969       0.9405641028474681
     656.3306306306305942       1.0559808114858695
     656.3308308308307915       1.0359889012723706
     656.3310310310309887       1.0026760587227745
     656.3312312312311860       0.9993200294451757
     656.3314314314313833       0.9843982058685050
     656.3316316316315806       1.0322138597877202
     656.3318318318317779       0.9807336558252067
     656.3320320320319752       1.0103000653879934
     656.3322322322321725       0.9896216074783351
     656.3324324324323698       1.0132259515658788
     656.3326326326325670       1.0260772511045213
     656.3328328328327643       0.9544359189940369
     656.3330330330329616       0.9790963318723834
     656.3332332332331589       1.0215220595769652
     656.3334334334333562       1.0411035465147862
     656.3336336336335535       1.0250603714373379
     656.3338338338337508       1.0191729012281892
     656.3340340340339480       1.0565020796856990
     656.3342342342341453       0.9951400903326917
     656.3344344344343426       0.9452151801034766
     656.3346346346346536       1.0288267491895382
     656.3348348348348509       0.9069292293121819
     656.3350350350350482       1.0144842256051034
     656.3352352352352455       1.0281697163658987
     656.3354354354354427       0.9338165749221603
     656.3356356356356400       0.9834393120539753
     656.3358358358358373       1.0710369957063357
     656.3360360360360346       1.1242700792477720
     656.3362362362362319       0.9840299002859710
     656.3364364364364292       1.0419427004358839
     656.3366366366366265       1.0960990739224870
     656.3368368368368237       0.9833758840951841
     656.3370370370370210       1.0332763738727055
     656.3372372372372183       1.0524275154464098
     656.3374374374374156       1.0031358914133284
     656.3376376376376129       1.0239835382085070
     656.3378378378378102       1.0147677919370777
     656.3380380380380075       0.9420895607690261
     656.3382382382382048       0.9977556671376805
     656.3384384384384020       0.9445783709365954
     656.3386386386385993       0.9695100420795200
     656.3388388388387966       1.0530144466815488
     656.3390390390389939       1.0499170108501157
     656.3392392392391912       0.9733398438321704
     656.3394394394393885       0.9626808748644000
     656.3396396396395858       1.0697011668361873
     656.3398398398397831       0.9661648414677200
     656.3400400400399803       0.8892746796617285
     656.3402402402401776       0.9397936017714165
     656.3404404404403749       1.0384868262666527
     656.3406406406405722       1.0752350926878425
     656.3408408408407695       1.0565330234097496
     656.3410410410409668       1.1010112650958570
     656.3412412412411641       1.0315834925556926
     656.3414414414413613       1.0495184396748796
     656.3416416416415586       1.1414070774008798
     656.3418418418417559       0.9695311479940004
     656.3420420420419532       0.9855545564500223
     656.3422422422421505       0.9259258817090684
     656.3424424424424615       0.9250780800508763
     656.3426426426426588       0.9998715230988665
     656.3428428428428560       1.0289681380886724
     656.3430430430430533       0.9816224636046277
     656.3432432432432506       0.8438437383366708
     656.3434434434434479       0.9960893783726329
     656.3436436436436452       0.9111619661755981
     656.3438438438438425       1.0534637725818796
     656.3440440440440398       1.0374122320240589
     656.3442442442442371       0.9608814857818230
     656.3444444444444343       1.0368946397248355
     656.3446446446446316       0.9872124897946171
     656.3448448448448289       0.8990837942238440
     656.3450450450450262       0.9448985297792202
     656.3452452452452235       0.9275101721444758
     656.3454454454454208       0.9533394270523051
     656.3456456456456181       1.0009482402200698
     656.3458458458458153       0.9537541675296347
     656.3460460460460126       0.9876013149933535
     656.3462462462462099       0.9215316131801310
     656.3464464464464072       1.0097928041462083
     656.3466466466466045       1.0009036478867099
     656.3468468468468018       1.0472529452855268
     656.3470470470469991       0.9695148795553800
     656.3472472472471964       1.0132178429840712
     656.3474474474473936       0.9585910987449581
     656.3476476476475909       0.9959849580319454
     656.3478478478477882       1.0550996974421236
     656.3480480480479855       0.9512371401329873
     656.3482482482481828       1.0160495522306106
     656.3484484484483801       1.0604332478439329
     656.3486486486485774       0.9335523989323499
     656.3488488488487747       0.9658048743800279
     656.3490490490489719       1.0145466244993806
     656.3492492492491692       0.9797519902812967
     656.3494494494493665       1.0001041688248000
     656.3496496496495638       0.9896051426436393
     656.3498498498497611       1.0372034208791407
     656.3500500500500721       1.0160945740267644
     656.3502502502502693       0.9710581935541894
     656.3504504504504666       0.9535044973618505
     656.3506506506506639       0.8572257541163985
     656.3508508508508612       1.0394750967219961
     656.3510510510510585       0.9782295228396282
     656.3512512512512558       0.9026123836976612
     656.3514514514514531       0.9280011788933816
     656.3516516516516504       1.0245857952379220
     656.3518518518518476       1.0493940870770806
     656.3520520520520449       1.0027107712947947
     656.3522522522522422       1.0167885488330302
     656.3524524524524395       0.9015556006033993
     656.3526526526526368       0.9307853418576201
     656.3528528528528341       0.9484303680952876
     656.3530530530530314       1.0118245932278462
     656.3532532532532286       0.9210639827571800
     656.3534534534534259       0.9785640803662758
     656.3536536536536232       1.0293126338941767
     656.3538538538538205       0.9913327241857326
     656.3540540540540178       0.9840269382031963
     656.3542542542542151       1.0407305526091635
     656.3544544544544124       0.8669094085641534
     656.3546546546546097       1.0632473226709376
     656.3548548548548069       0.9225359606985184
     656.3550550550550042       0.8966676740651570
     656.3552552552552015       0.9658567476091220
     656.3554554554553988       1.0231761465167912
     656.3556556556555961       0.9455967310922961
     656.3558558558557934       0.9842024839450900
     656.3560560560559907       0.9679527668037520
     656.3562562562561880       0.9627479485158282
     656.3564564564563852       0.9658421753050579
     656.3566566566565825       0.9436096437143798
     656.3568568568567798       0.9917581896186568
     656.3570570570569771       1.0069530872867296
     656.3572572572571744       0.9588410085107880
     656.3574574574573717       1.0278355002146535
     656.3576576576575690       0.8950928539681726
     656.3578578578578799       0.9732252085333557
     656.3580580580580772       0.9726399700661849
     656.3582582582582745       0.9727576908830569
     656.3584584584584718       0.9315512075688364
     656.3586586586586691       0.9507799367683269
     656.3588588588588664       0.9795179763243029
     656.3590590590590637       0.9640073241380653
     656.3592592592592609       0.9614736780390210
     656.3594594594594582       0.9568476153559945
     656.3596596596596555       0.9968743931820815
     656.3598598598598528       1.0033336898764573
     656.3600600600600501       0.9738220911187129
     656.3602602602602474       0.9628185963070516
     656.3604604604604447       0.9864637748126215
     656.3606606606606420       0.9152174394817613
     656.3608608608608392       0.9729277979220954
     656.3610610610610365       0.9885753189165499
     656.3612612612612338       0.9097631392702609
     656.3614614614614311       0.9480402286222813
     656.3616616616616284       0.9902063318284691
     656.3618618618618257       0.9718962297105826
     656.3620620620620230       0.9644530484735858
     656.3622622622622202       1.0105434329422027
     656.3624624624624175       0.8663801375072830
     656.3626626626626148       1.0042136222728730
     656.3628628628628121       0.9402105117938160
     656.3630630630630094       0.9179650793946502
     656.3632632632632067       1.0482656981908365
     656.3634634634634040       0.9826363702424824
     656.3636636636636013       0.9690378939263635
     656.3638638638637985       0.9884671578948951
     656.3640640640639958       0.9780661293800422
     656.3642642642641931       0.9234673192162187
     656.3644644644643904       1.0003870546858775
     656.3646646646645877       0.9288891624165794
     656.3648648648647850       0.9524671508268501
     656.3650650650649823       0.9524703698216589
     656.3652652652651796       0.9290037820479691
     656.3654654654654905       0.9587122899192940
     656.3656656656656878       0.9732814955197365
     656.3658658658658851       0.9105183992347969
     656.3660660660660824       0.9231295313166515
     656.3662662662662797       0.8709437448606107
     656.3664664664664770       0.9479377262056939
     656.3666666666666742       0.9051975106873584
     656.3668668668668715       0.9241879091972385
     656.3670670670670688       0.8592147159016196
     656.3672672672672661       0.8776766739487633
     656.3674674674674634       1.0297256634957237
     656.3676676676676607       1.0432196009617911
     656.3678678678678580       0.9658340422338908
     656.3680680680680553       0.8640039759929903
     656.3682682682682525       0.9051951798822040
     656.3684684684684498       1.0020197169649199
     656.3686686686686471       0.9496677314637124
     656.3688688688688444       0.8981298561376094
     656.3690690690690417       0.9549098416725427
     656.3692692692692390       0.9006418203971565
     656.3694694694694363       0.9311026154509229
     656.3696696696696335       0.9170407998178969
     656.3698698698698308       0.9049572261569065
     656.3700700700700281       1.0049905894318898
     656.3702702702702254       0.8596603137218384
     656.3704704704704227       0.9631157759230791
     656.3706706706706200       0.9043611342691042
     656.3708708708708173       0.9660801404440984
     656.3710710710710146       0.9127573667704758
     656.3712712712712118       0.8954512534136269
     656.3714714714714091       1.0560711585136873
     656.3716716716716064       1.0167854898817832
     656.3718718718718037       0.9637574802081851
     656.3720720720720010       0.9342730022531317
     656.3722722722721983       0.9005264771455546
     656.3724724724723956       0.9393188184581180
     656.3726726726725929       0.9599183467487844
     656.3728728728727901       0.8207150235642099
     656.3730730730729874       0.9236603202494569
     656.3732732732732984       1.0142906461043040
     656.3734734734734957       0.8465918288718021
     656.3736736736736930       0.9710599828819643
     656.3738738738738903       0.8609986784058569
     656.3740740740740875       0.9290675500692334
     656.3742742742742848       0.9585763822929513
     656.3744744744744821       0.9341616518684408
     656.3746746746746794       0.8763552445217099
     656.3748748748748767       0.9548810307339162
     656.3750750750750740       0.8713065803236304
     656.3752752752752713       0.8918207791730943
     656.3754754754754686       0.8958257121199442
     656.3756756756756658       0.8695628095023574
     656.3758758758758631       0.8995941034253536
     656.3760760760760604       0.9287268928606441
     656.3762762762762577       0.9335999037426044
     656.3764764764764550       0.8473878351742637
     656.3766766766766523       0.8525935187499687
     656.3768768768768496       0.8821425482656621
     656.3770770770770469       0.8490969598944158
     656.3772772772772441       0.9086205311623805
     656.3774774774774414       0.9014871647154035
     656.3776776776776387       0.9426452534364553
     656.3778778778778360       0.9090474680467180
     656.3780780780780333       0.8389171471778334
     656.3782782782782306       0.9293678004898468
     656.3784784784784279       0.8543140210560523
     656.3786786786786251       0.8512265319200714
     656.3788788788788224       0.9285189218566566
     656.3790790790790197       0.8252315143377970
     656.3792792792792170       0.8689003462164555
     656.3794794794794143       0.7721773801499716
     656.3796796796796116       0.8875075692429946
     656.3798798798798089       0.7950875337122005
     656.3800800800800062       0.9192789529351375
     656.3802802802802034       0.8583324180572195
     656.3804804804804007       0.7996850584280049
     656.3806806806805980       0.8719017589534708
     656.3808808808809090       0.8289795857360127
     656.3810810810811063       0.9180304762569256
     656.3812812812813036       0.8158546902030499
     656.3814814814815009       0.8803875163207046
     656.3816816816816981       0.8156164668405382
     656.3818818818818954       0.8364643452155427
     656.3820820820820927       0.8081523058001586
     656.3822822822822900       0.8171737436560679
     656.3824824824824873       0.8671083926857855
     656.3826826826826846       0.8655490432170141
     656.3828828828828819       0.8780938246874338
     656.3830830830830791       0.8478249873434163
     656.3832832832832764       0.7601121868228136
     656.3834834834834737       0.8662610508031443
     656.3836836836836710       0.8170156184917056
     656.3838838838838683       0.8022947577341348
     656.3840840840840656       0.7793921688770180
     656.3842842842842629       0.8147903857499113
     656.3844844844844602       0.8205907676874915
     656.3846846846846574       0.8000321763555656
     656.3848848848848547       0.7683657389197892
     656.3850850850850520       0.8852057621137537
     656.3852852852852493       0.7668163847507085
     656.3854854854854466       0.8940276056626115
     656.3856856856856439       0.8809122574653830
     656.3858858858858412       0.8287817673470812
     656.3860860860860384       0.8035408343469109
     656.3862862862862357       0.8436360639201905
     656.3864864864864330       0.8154301611073158
     656.3866866866866303       0.7501538409359368
     656.3868868868868276       0.8257032282355143
     656.3870870870870249       0.9214021012800095
     656.3872872872872222       0.8041139234779175
     656.3874874874874195       0.8722405812618400
     656.3876876876876167       0.8584505194836906
     656.3878878878878140       0.7830399638192741
     656.3880880880880113       0.7874813808083739
     656.3882882882882086       0.9112273251417720
     656.3884884884885196       0.7639013013222782
     656.3886886886887169       0.8658336557260300
     656.3888888888889142       0.7116864129898742
     656.3890890890891114       0.8378520503377886
     656.3892892892893087       0.8225882978902597
     656.3894894894895060       0.7637983677243277
     656.3896896896897033       0.8877942764769122
     656.3898898898899006       0.7581408107691332
     656.3900900900900979       0.8101345353934613
     656.3902902902902952       0.8193673884902219
     656.3904904904904924       0.7741835844860897
     656.3906906906906897       0.7822842775735382
     656.3908908908908870       0.8570456457148675
     656.3910910910910843       0.8373963363880248
     656.3912912912912816       0.8225637735145377
     656.3914914914914789       0.8660428529474512
     656.3916916916916762       0.7674440635833026
     656.3918918918918735       0.8027789818530600
     656.3920920920920707       0.7823408315625553
     656.3922922922922680       0.9077325872320126
     656.3924924924924653       0.8576282212065509
     656.3926926926926626       0.7684485992641369
     656.3928928928928599       0.6943462477777795
     656.3930930930930572       0.8463184087985464
     656.3932932932932545       0.8067029730036035
     656.3934934934934518       0.8337631784817167
     656.3936936936936490       0.7982105049590019
     656.3938938938938463       0.6623492592724436
     656.3940940940940436       0.8190936543893081
     656.3942942942942409       0.8252328000664937
     656.3944944944944382       0.8521450162043344
     656.3946946946946355       0.7679399949143999
     656.3948948948948328       0.7680907939777248
     656.3950950950950300       0.8391746279749273
     656.3952952952952273       0.7970083059852116
     656.3954954954954246       0.7890452635163818
     656.3956956956956219       0.7901237098169454
     656.3958958958958192       0.8649250751893816
     656.3960960960960165       0.8808536915019050
     656.3962962962963275       0.7223482852350344
     656.3964964964965247       0.7767751310221963
     656.3966966966967220       0.7930902201013512
     656.3968968968969193       0.7962862325862643
     656.3970970970971166       0.7249381603144662
     656.3972972972973139       0.8246544256547904
     656.3974974974975112       0.8070102681483202
     656.3976976976977085       0.8254513128036622
     656.3978978978979058       0.7832801731899285
     656.3980980980981030       0.8056232568163799
     656.3982982982983003       0.9351053642611777
     656.3984984984984976       0.7969840022054389
     656.3986986986986949       0.8345428638173860
     656.3988988988988922       0.8218752066387311
     656.3990990990990895       0.8414010369128118
     656.3992992992992868       0.8487753830980862
     656.3994994994994840       0.7830459961220735
     656.3996996996996813       0.8034375267494434
     656.3998998998998786       0.7442307214815214
     656.4001001001000759       0.7432936857736439
     656.4003003003002732       0.6920735246804750
     656.4005005005004705       0.8142906608250136
     656.4007007007006678       0.7897102136511995
     656.4009009009008651       0.8644707827245163
     656.4011011011010623       0.8069650892260057
     656.4013013013012596       0.8241801375582316
     656.4015015015014569       0.8004614359312250
     656.4017017017016542       0.8799563990663529
     656.4019019019018515       0.7700483330977238
     656.4021021021020488       0.7960303309654079
     656.4023023023022461       0.7600031856443931
     656.4025025025024433       0.7079382323928487
     656.4027027027026406       0.8107664750231001
     656.4029029029028379       0.8601542408617917
     656.4031031031030352       0.7708521276738715
     656.4033033033032325       0.7750424085910215
     656.4035035035034298       0.7470857102855379
     656.4037037037036271       0.8833625514546897
     656.4039039039039380       0.7844336760538615
     656.4041041041041353       0.8406207234479491
     656.4043043043043326       0.8832737365241536
     656.4045045045045299       0.7681220921227236
     656.4047047047047272       0.8233146484204135
     656.4049049049049245       0.8436505359991022
     656.4051051051051218       0.9040339516877802
     656.4053053053053191       0.8205887747739034
     656.4055055055055163       0.8854751294680263
     656.4057057057057136       0.8401305511978605
     656.4059059059059109       0.7823448013550787
     656.4061061061061082       0.8131982891452766
     656.4063063063063055       0.8117654034337494
     656.4065065065065028       0.7748167469736316
     656.4067067067067001       0.7574674864313965
     656.4069069069068973       0.7832291481348036
     656.4071071071070946       0.8444236259775715
     656.4073073073072919       0.7330334628036714
     656.4075075075074892       0.8570012964333615
     656.4077077077076865       0.7909142484905467
     656.4079079079078838       0.9018878315843363
     656.4081081081080811       0.8836057708880337
     656.4083083083082784       0.8417181380878356
     656.4085085085084756       0.7808537266347928
     656.4087087087086729       0.8097846073120138
     656.4089089089088702       0.7342390203923150
     656.4091091091090675       0.7355699268943430
     656.4093093093092648       0.8449188277971145
     656.4095095095094621       0.8449950358132586
     656.4097097097096594       0.7861529331936636
     656.4099099099098567       0.8941316148475836
     656.4101101101100539       0.8216371743108781
     656.4103103103102512       0.8366881082017172
     656.4105105105104485       0.7889653916581455
     656.4107107107106458       0.8500682198554886
     656.4109109109108431       0.8766803417635091
     656.4111111111110404       0.8265091710589302
     656.4113113113112377       0.8302926451266064
     656.4115115115114349       0.8071740054356175
     656.4117117117117459       0.8316642226011233
     656.4119119119119432       0.7665250618784021
     656.4121121121121405       0.8764584625834806
     656.4123123123123378       0.8561104645958261
     656.4125125125125351       0.8336763451226893
     656.4127127127127324       0.8239863896453248
     656.4129129129129296       0.8401556604614139
     656.4131131131131269       0.9198526596849365
     656.4133133133133242       0.8446918787601221
     656.4135135135135215       0.8394174444010996
     656.4137137137137188       0.8593115121784540
     656.4139139139139161       0.8198707827621257
     656.4141141141141134       0.8809225255520678
     656.4143143143143106       0.8731227081351342
     656.4145145145145079       0.8717831727505561
     656.4147147147147052       0.8755496637539023
     656.4149149149149025       0.9330264491768225
     656.4151151151150998       0.8293946060885420
     656.4153153153152971       0.9396976537302164
     656.4155155155154944       0.8866021495234279
     656.4157157157156917       0.8239027303269604
     656.4159159159158889       0.8323586278922525
     656.4161161161160862       0.8977595080027549
     656.4163163163162835       0.8246059197028242
     656.4165165165164808       0.8589272177806456
     656.4167167167166781       0.9312322873040325
     656.4169169169168754       0.8340172962695578
     656.4171171171170727       0.8767242353399485
     656.4173173173172700       0.8782191377297839
     656.4175175175174672       0.8519831900051754
     656.4177177177176645       0.9123239872922475
     656.4179179179178618       0.8127540393332526
     656.4181181181180591       0.8351852870384895
     656.4183183183182564       0.8610173849628370
     656.4185185185184537       0.9028154178007296
     656.4187187187186510       0.9059713378450052
     656.4189189189188482       0.8700799342120201
     656.4191191191190455       0.8073317384564840
     656.4193193193193565       0.9293659305473282
     656.4195195195195538       0.8785409416103415
     656.4197197197197511       0.8336736784736059
     656.4199199199199484       0.9016037802463996
     656.4201201201201457       0.8353556618737100
     656.4203203203203429       0.8980681209435405
     656.4205205205205402       0.9131690278354172
     656.4207207207207375       0.8458708324712609
     656.4209209209209348       0.8745180142814055
     656.4211211211211321       0.9051243543058882
     656.4213213213213294       0.8857500177618989
     656.4215215215215267       0.9166088064716309
     656.4217217217217240       0.9206545819308091
     656.4219219219219212       0.8227689822742117
     656.4221221221221185       0.8440253747345713
     656.4223223223223158       0.9247015574821343
     656.4225225225225131       0.8367032764775201
     656.4227227227227104       0.9659830781844809
     656.4229229229229077       0.8733390496229778
     656.4231231231231050       0.9032790791267065
     656.4233233233233022       0.9671276459524275
     656.4235235235234995       0.9094069255805849
     656.4237237237236968       0.8369875891744705
     656.4239239239238941       0.9222746981114897
     656.4241241241240914       0.9412168317274570
     656.4243243243242887       0.8720716296054285
     656.4245245245244860       0.9541966285463238
     656.4247247247246833       0.8724256169178615
     656.4249249249248805       0.7714246936943983
     656.4251251251250778       0.9402324117089965
     656.4253253253252751       0.9462787762600393
     656.4255255255254724       1.0781281758479642
     656.4257257257256697       0.8759771752930146
     656.4259259259258670       0.9799426923240647
     656.4261261261260643       0.9220634438276057
     656.4263263263262616       0.8910538095325417
     656.4265265265264588       0.9534225178013813
     656.4267267267266561       0.8698624233277705
     656.4269269269269671       0.9014034837188397
     656.4271271271271644       0.9753474641988259
     656.4273273273273617       0.9435102746402768
     656.4275275275275590       0.8499840493892370
     656.4277277277277562       0.9125161961555914
     656.4279279279279535       0.8570552635198670
     656.4281281281281508       0.8797069129366211
     656.4283283283283481       0.9180910424603393
     656.4285285285285454       0.9929473466524539
     656.4287287287287427       0.8294763811363558
     656.4289289289289400       0.9293383119724917
     656.4291291291291373       0.9435669668093645
     656.4293293293293345       0.9062019421269525
     656.4295295295295318       0.8851393527879879
     656.4297297297297291       1.0824811302258985
     656.4299299299299264       0.9392794499650874
     656.4301301301301237       0.9366566030892358
     656.4303303303303210       0.8522877704879017
     656.4305305305305183       1.0097716407349191
     656.4307307307307155       0.8570796173569992
     656.4309309309309128       1.0029410269949617
     656.4311311311311101       0.9899609242699468
     656.4313313313313074       0.9381673822191483
     656.4315315315315047       0.9860257304275757
     656.4317317317317020       0.9247851174289317
     656.4319319319318993       0.8897247827325251
     656.4321321321320966       1.0236474474452066
     656.4323323323322938       0.9171238385056713
     656.4325325325324911       0.9823959520041150
     656.4327327327326884       0.9337812885633962
     656.4329329329328857       0.9196889495609012
     656.4331331331330830       0.9342620339080897
     656.4333333333332803       1.0049771349226733
     656.4335335335334776       0.9385301240906101
     656.4337337337336749       0.9540501193864535
     656.4339339339338721       0.9979456033248268
     656.4341341341340694       0.9188750271606083
     656.4343343343342667       0.9435313708090876
     656.4345345345344640       0.9245509602863936
     656.4347347347347750       0.8594361827606969
     656.4349349349349723       0.9550069989172705
     656.4351351351351695       0.9834227462504392
     656.4353353353353668       0.9192364668882930
     656.4355355355355641       0.9628013808232583
     656.4357357357357614       0.9492648424372032
     656.4359359359359587       1.0123907796015388
     656.4361361361361560       0.9835651857285722
     656.4363363363363533       0.9807590728515003
     656.4365365365365506       0.9847943223186804
     656.4367367367367478       1.0093232384127964
     656.4369369369369451       0.9176444274961770
     656.4371371371371424       0.9674916146419623
     656.4373373373373397       0.9509283911370406
     656.4375375375375370       0.9308209432681844
     656.4377377377377343       0.9986560552818783
     656.4379379379379316       0.9406715483337136
     656.4381381381381289       0.9701104033820501
     656.4383383383383261       0.9758533443445866
     656.4385385385385234       0.8764068458796598
     656.4387387387387207       0.8981044105148144
     656.4389389389389180       0.9576940867689129
     656.4391391391391153       0.9396879352621939
     656.4393393393393126       1.0067058753456706
     656.4395395395395099       0.8839642419586571
     656.4397397397397071       1.0273419379514825
     656.4399399399399044       0.9730718371354709
     656.4401401401401017       0.9529935007016481
     656.4403403403402990       1.0129914620171978
     656.4405405405404963       1.0169206171196992
     656.4407407407406936       0.9492505407772585
     656.4409409409408909       0.9225437384952992
     656.4411411411410882       1.0646443157646579
     656.4413413413412854       0.9661873776312581
     656.4415415415414827       1.0094220539893941
     656.4417417417416800       1.0266392073880974
     656.4419419419418773       1.0605556107761802
     656.4421421421420746       1.0361382863046300
     656.4423423423423856       1.0568478459921951
     656.4425425425425829       0.9735266939916351
     656.4427427427427801       0.9860436556962324
     656.4429429429429774       0.9287239438679307
     656.4431431431431747       0.9718143378093252
     656.4433433433433720       1.0054235456951384
     656.4435435435435693       1.0786148345876128
     656.4437437437437666       1.0080505312381889
     656.4439439439439639       0.9673066374033124
     656.4441441441441611       0.9574869967372648
     656.4443443443443584       1.0122482188845825
     656.4445445445445557       0.9710612144253218
     656.4447447447447530       0.9571449658165272
     656.4449449449449503       1.0053132843074368
     656.4451451451451476       0.9900091578530377
     656.4453453453453449       0.9894348999775679
     656.4455455455455422       1.0641579705857163
     656.4457457457457394       1.0949228916001554
     656.4459459459459367       0.9490715576658885
     656.4461461461461340       0.9158792766853378
     656.4463463463463313       1.0185684957713725
     656.4465465465465286       0.9981066671378319
     656.4467467467467259       0.9349805313087416
     656.4469469469469232       0.9866589521276298
     656.4471471471471204       0.9648720279844304
     656.4473473473473177       0.9529729886932495
     656.4475475475475150       0.9323593646116838
     656.4477477477477123       0.9903280510959096
     656.4479479479479096       0.9075998498390294
     656.4481481481481069       1.0214228337909899
     656.4483483483483042       0.9820480356760459
     656.4485485485485015       0.9816997480857230
     656.4487487487486987       0.9108750596319170
     656.4489489489488960       1.0558700639824294
     656.4491491491490933       1.0066413366048907
     656.4493493493492906       0.9623418612308486
     656.4495495495494879       1.0216335593785071
     656.4497497497496852       1.0184296279637830
     656.4499499499498825       0.9883031154006483
     656.4501501501501934       0.8961818444097354
     656.4503503503503907       0.9814490220530100
     656.4505505505505880       0.9859622783998504
     656.4507507507507853       1.0228577415683757
     656.4509509509509826       0.8808094178041270
     656.4511511511511799       1.0124149228207671
     656.4513513513513772       1.0462107453370173
     656.4515515515515744       1.0431678485618103
     656.4517517517517717       1.0394442956031347
     656.4519519519519690       0.9024170007169408
     656.4521521521521663       1.0966802026874014
     656.4523523523523636       1.0288595232100464
     656.4525525525525609       1.0002814002002975
     656.4527527527527582       1.0286999585075476
     656.4529529529529555       0.9846955199828168
     656.4531531531531527       1.0555233461272531
     656.4533533533533500       0.9484358670603360
     656.4535535535535473       0.9564899933086579
     656.4537537537537446       1.0705679054451696
     656.4539539539539419       1.0406455224707338
     656.4541541541541392       1.0070500525996491
     656.4543543543543365       1.0275642089511940
     656.4545545545545338       1.0062435553059488
     656.4547547547547310       1.0359869087612861
     656.4549549549549283       0.9764776717402462
     656.4551551551551256       0.9283401669846586
     656.4553553553553229       0.9827815673055884
     656.4555555555555202       0.9372740771107773
     656.4557557557557175       0.9203048424891804
     656.4559559559559148       0.9777904653190000
     656.4561561561561120       1.0815987054071803
     656.4563563563563093       0.9236557183194669
     656.4565565565565066       0.9508769402181769
     656.4567567567567039       0.9812430087346116
     656.4569569569569012       0.8848380243606445
     656.4571571571570985       0.9998232368297364
     656.4573573573572958       0.9991171980650440
     656.4575575575574931       0.9638707807900789
     656.4577577577578040       0.9941147081268629
     656.4579579579580013       1.0105323762236247
     656.4581581581581986       1.0325389893679076
     656.4583583583583959       1.0650794747360384
     656.4585585585585932       0.9368884641082759
     656.4587587587587905       0.9562662565021270
     656.4589589589589878       0.9834151408035896
     656.4591591591591850       1.0273052062245620
     656.4593593593593823       1.0146139659157765
     656.4595595595595796       1.0038387542540863
     656.4597597597597769       1.0165074797957647
     656.4599599599599742       1.0078227128115631
     656.4601601601601715       0.9875790604907880
     656.4603603603603688       1.1053488027809992
     656.4605605605605660       0.9012808423647498
     656.4607607607607633       1.0133785502560047
     656.4609609609609606       0.9988038124998391
     656.4611611611611579       1.0729210186690419
     656.4613613613613552       1.0322010071317678
     656.4615615615615525       0.9924107003317153
     656.4617617617617498       1.0023628515219578
     656.4619619619619471       1.0399168227882418
     656.4621621621621443       1.0938493695724443
     656.4623623623623416       1.0862419877697498
     656.4625625625625389       0.9566662483559385
     656.4627627627627362       0.9449381983716341
     656.4629629629629335       1.0676933890800500
     656.4631631631631308       0.9407416099174810
     656.4633633633633281       0.9856369978524011
     656.4635635635635253       1.0815952584167912
     656.4637637637637226       1.0369326957343263
     656.4639639639639199       1.0001793553780016
     656.4641641641641172       1.0235915309225154
     656.4643643643643145       1.0044124121440205
     656.4645645645645118       0.9407032733165205
     656.4647647647647091       1.0247383118416256
     656.4649649649649064       1.0216111549953073
     656.4651651651651036       1.0204259530556592
     656.4653653653653009       1.0069245497870143
     656.4655655655656119       0.9720279459487792
     656.4657657657658092       0.9905441489093250
     656.4659659659660065       1.0075501083539349
     656.4661661661662038       1.0778945849069181
     656.4663663663664011       0.9184252234877631
     656.4665665665665983       1.0297502553193052
     656.4667667667667956       0.9643974273572842
     656.4669669669669929       1.0782479559402356
     656.4671671671671902       0.9524780306789242
     656.4673673673673875       0.9877621012676059
     656.4675675675675848       1.0154512746920072
     656.4677677677677821       1.0496572072389747
     656.4679679679679793       0.9516021242712719
     656.4681681681681766       1.0612909669645827
     656.4683683683683739       1.0037664586160298
     656.4685685685685712       0.9424280603071133
     656.4687687687687685       1.1224713228640377
     656.4689689689689658       1.1152103162755342
     656.4691691691691631       1.0003195546797130
     656.4693693693693604       1.0575789565749090
     656.4695695695695576       0.9855901666885416
     656.4697697697697549       1.0508711204745724
     656.4699699699699522       0.9496628318450225
     656.4701701701701495       1.0045809995894319
     656.4703703703703468       0.9775043009082530
     656.4705705705705441       1.0566318667922654
     656.4707707707707414       1.0092507838002274
     656.4709709709709387       0.9935795139782155
     656.4711711711711359       0.9861562355661118
     656.4713713713713332       1.0205252742029185
     656.4715715715715305       0.9772589313084485
     656.4717717717717278       0.9739450659643644
     656.4719719719719251       0.9815751378430332
     656.4721721721721224       0.8882864061945931
     656.4723723723723197       0.9319583917000251
     656.4725725725725169       1.0074211239595052
     656.4727727727727142       1.0054148405288705
     656.4729729729729115       0.9741131060058570
     656.4731731731732225       0.9873528568772215
     656.4733733733734198       0.9263318778067152
     656.4735735735736171       1.0357990404402098
     656.4737737737738144       1.0216397323826003
     656.4739739739740116       1.0607963453145302
     656.4741741741742089       0.9729619287969563
     656.4743743743744062       0.9875576382924464
     656.4745745745746035       1.0947511658351310
     656.4747747747748008       1.0367037886369512
     656.4749749749749981       1.1065028469241622
     656.4751751751751954       0.9003900822132985
     656.4753753753753927       1.0070303478730542
     656.4755755755755899       0.9438619729010793
     656.4757757757757872       1.0462272769747534
     656.4759759759759845       0.9721549929011820
     656.4761761761761818       0.9606788626752690
     656.4763763763763791       1.0152533982356617
     656.4765765765765764       1.0419357653105585
     656.4767767767767737       0.9711702227321213
     656.4769769769769709       0.9526455130378453
     656.4771771771771682       1.0052274392834710
     656.4773773773773655       0.9858493909130448
     656.4775775775775628       1.0376816999746274
     656.4777777777777601       1.0386353915003137
     656.4779779779779574       1.0220937918000033
     656.4781781781781547       1.0370758711382089
     656.4783783783783520       0.8970317819468376
     656.4785785785785492       1.0418060154392572
     656.4787787787787465       1.0031151070810549
     656.4789789789789438       0.9416803780109735
     656.4791791791791411       0.9547813167031363
     656.4793793793793384       1.0619155983007935
     656.4795795795795357       0.9550348214550728
     656.4797797797797330       0.9441403702061625
     656.4799799799799302       1.0274343555965211
     656.4801801801801275       1.0223835053857844
     656.4803803803803248       1.0207059430727492
     656.4805805805805221       1.0606012360031816
     656.4807807807808331       0.9620050310342860
     656.4809809809810304       0.9872515752141191
     656.4811811811812277       1.0775561553467834
     656.4813813813814249       0.9696334388298481
     656.4815815815816222       0.9785120695050680
     656.4817817817818195       0.9810265689690171
     656.4819819819820168       1.0546762062471946
     656.4821821821822141       1.0455684366838485
     656.4823823823824114       0.9559675050616168
     656.4825825825826087       1.1265436787302903
     656.4827827827828060       1.0937419329140019
     656.4829829829830032       1.0555746401856836
     656.4831831831832005       1.0181737494777590
     656.4833833833833978       1.1090079528952916
     656.4835835835835951       0.9406092606454277
     656.4837837837837924       0.9481507277311827
     656.4839839839839897       1.0072806256991464
     656.4841841841841870       0.9408190538183948
     656.4843843843843842       0.9999300577855755
     656.4845845845845815       0.9359714620632935
     656.4847847847847788       0.9606767976048834
     656.4849849849849761       0.9437463230982303
     656.4851851851851734       0.9848461454678390
     656.4853853853853707       1.1208560234278955
     656.4855855855855680       1.0475734109316766
     656.4857857857857653       0.9873913394866801
     656.4859859859859625       0.9364998292095258
     656.4861861861861598       1.0322659248684212
     656.4863863863863571       0.9774901696641303
     656.4865865865865544       1.1296859253222353
     656.4867867867867517       1.0773532678944711
     656.4869869869869490       1.0019761737333588
     656.4871871871871463       0.9696873212641817
     656.4873873873873436       0.9246900269281255
     656.4875875875875408       0.9577922726890346
     656.4877877877877381       1.0178617305804791
     656.4879879879879354       0.9944025737875808
     656.4881881881881327       0.9335113464083739
     656.4883883883883300       0.9656478621321810
     656.4885885885886410       1.0508220667763284
     656.4887887887888382       1.0416221452186536
     656.4889889889890355       0.9919664840117065
     656.4891891891892328       0.9863644630355123
     656.4893893893894301       1.0418169434503386
     656.4895895895896274       1.0695854815974750
     656.4897897897898247       1.0320974175737105
     656.4899899899900220       1.0549096567602696
     656.4901901901902193       0.9151530642555570
     656.4903903903904165       0.9937049905686044
     656.4905905905906138       0.9845902509561139
     656.4907907907908111       1.0124779819114174
     656.4909909909910084       0.9950632116719681
     656.4911911911912057       0.9634428754882369
     656.4913913913914030       0.9097714309279892
     656.4915915915916003       1.0143092987132456
     656.4917917917917976       1.0083344340037483
     656.4919919919919948       0.9599087300539698
     656.4921921921921921       0.9462457418723291
     656.4923923923923894       0.9820080997347774
     656.4925925925925867       1.0154165608152010
     656.4927927927927840       1.0303366091021291
     656.4929929929929813       0.9315815876352070
     656.4931931931931786       1.0087229849903125
     656.4933933933933758       0.9955974178449211
     656.4935935935935731       1.0104096375277132
     656.4937937937937704       1.0460787661734221
     656.4939939939939677       1.0734763568623538
     656.4941941941941650       0.9335119188279922
     656.4943943943943623       0.9586397201950848
     656.4945945945945596       0.8479954074137639
     656.4947947947947569       1.0091258976776820
     656.4949949949949541       0.9616634245019935
     656.4951951951951514       1.0417920855406710
     656.4953953953953487       0.9694131428368721
     656.4955955955955460       1.0248652974355494
     656.4957957957957433       1.0653068602248412
     656.4959959959959406       0.9992423186806695
     656.4961961961962515       0.9173973296227200
     656.4963963963964488       0.8888386262706863
     656.4965965965966461       0.9253001157580728
     656.4967967967968434       0.9185170241442854
     656.4969969969970407       0.9259075266085890
     656.4971971971972380       0.9892789190374452
     656.4973973973974353       0.9993940238523771
     656.4975975975976326       0.9749756466601808
     656.4977977977978298       0.9882800040653266
     656.4979979979980271       1.0828625360364252
     656.4981981981982244       0.9663836187744116
     656.4983983983984217       0.9934638264236657
     656.4985985985986190       1.0083584295184749
     656.4987987987988163       0.9124324624347997
     656.4989989989990136       1.0127654667593615
     656.4991991991992109       1.0259831311757026
     656.4993993993994081       1.0524343595637169
     656.4995995995996054       1.0252613437326632
     656.4997997997998027       0.9870145181164105
     656.5000000000000000       1.0260421885713433
