     656.2999999999999545       1.0013780972022799
     656.3002002002001518       1.0029619444103883
     656.3004004004003491       0.9669756478009051
     656.3006006006005464       0.9768230932039859
     656.3008008008007437       1.0299769526443319
     656.3010010010009410       0.9916684178613400
     656.3012012012011382       1.0369753761069378
     656.3014014014013355       0.9568807592334175
     656.3016016016015328       1.0038897069213073
     656.3018018018017301       1.0270188578760591
     656.3020020020019274       1.0071277960398346
     656.3022022022021247       1.1720618304819532
     656.3024024024023220       0.9165494886067168
     656.3026026026025193       1.0458180454205299
     656.3028028028027165       1.0552332658690646
     656.3030030030029138       1.0084610680267911
     656.3032032032031111       1.0315882224504944
     656.3034034034033084       1.0251850518995362
     656.3036036036035057       0.9718491486605899
     656.3038038038037030       0.9778944882614393
     656.3040040040040140       0.9680885406892539
     656.3042042042042112       1.0272148991366195
     656.3044044044044085       0.8481530839600745
     656.3046046046046058       1.0364692167973160
     656.3048048048048031       0.9414521151433206
     656.3050050050050004       0.9561446786661656
     656.3052052052051977       0.9494346410337928
     656.3054054054053950       0.9457544714054108
     656.3056056056055922       1.0125571080767548
     656.3058058058057895       1.0068922206523989
     656.3060060060059868       0.9750113235930489
     656.3062062062061841       1.0967576568503874
     656.3064064064063814       1.0896047790401000
     656.3066066066065787       0.9610262166844841
     656.3068068068067760       1.0826406616151341
     656.3070070070069733       1.0030653061430164
     656.3072072072071705       1.0664410205316703
     656.3074074074073678       1.0070578078588792
     656.3076076076075651       1.0457315802462581
     656.3078078078077624       0.9850517672359207
     656.3080080080079597       1.0247706027500230
     656.3082082082081570       0.9912047563715402
     656.3084084084083543       0.9898824309393036
     656.3086086086085515       1.0519550608595658
     656.3088088088087488       1.0412369199810492
     656.3090090090089461       1.0553026176351090
     656.3092092092091434       1.0502545920923358
     656.3094094094093407       0.9674099210783744
     656.3096096096095380       0.9969995993108650
     656.3098098098097353       1.0247231357337969
     656.3100100100099326       1.0193306008942873
     656.3102102102101298       1.0945474248910305
     656.3104104104103271       0.9631069118514436
     656.3106106106105244       0.9958803462857980
     656.3108108108107217       0.9881347825388463
     656.3110110110109190       0.9796335431755471
     656.3112112112111163       1.0168910689886570
     656.3114114114113136       1.1473164362209838
     656.3116116116116245       1.1362424740788315
     656.3118118118118218       1.0457003473266329
     656.3120120120120191       0.9746035299718510
     656.3122122122122164       1.0695727780286362
     656.3124124124124137       0.9325782071724229
     656.3126126126126110       1.0852098844757661
     656.3128128128128083       0.9647921736757533
     656.3130130130130055       0.9704520589501275
     656.3132132132132028       1.0919003555484155
     656.3134134134134001       0.9792292983042258
     656.3136136136135974       1.0244789890273509
     656.3138138138137947       0.9409152695430086
     656.3140140140139920       1.0218748311843786
     656.3142142142141893       0.8982570436663514
     656.3144144144143866       1.0387282295163942
     656.3146146146145838       1.0245445734595124
     656.3148148148147811       0.9969183668107148
     656.3150150150149784       1.0118757127756801
     656.3152152152151757       1.0169231599561268
     656.3154154154153730       1.0219266468026595
     656.3156156156155703       1.0646290693182627
     656.3158158158157676       1.0151530334350141
     656.3160160160159649       0.9585002071115898
     656.3162162162161621       1.0115679367969181
     656.3164164164163594       1.0186557251586581
     656.3166166166165567       1.0283810134007112
     656.3168168168167540       1.0108910889927190
     656.3170170170169513       1.0706229939587719
     656.3172172172171486       0.9709600516217672
     656.3174174174173459       1.0193958368950120
     656.3176176176175431       1.0747039556723113
     656.3178178178177404       0.9527479632464840
     656.3180180180179377       0.9954548371169087
     656.3182182182181350       0.9717306905046448
     656.3184184184183323       1.0294454023187387
     656.3186186186185296       1.0555578766524840
     656.3188188188187269       1.0484249009880409
     656.3190190190189242       1.0346400841011083
     656.3192192192191214       1.0172238261667959
     656.3194194194194324       1.0291190909425512
     656.3196196196196297       1.0486621325561876
     656.3198198198198270       0.9181948378337013
     656.3200200200200243       0.9692951951088585
     656.3202202202202216       1.0542697510169639
     656.3204204204204188       0.9509025233955261
     656.3206206206206161       1.0279799049690954
     656.3208208208208134       1.0556141122009457
     656.3210210210210107       0.9675930572116134
     656.3212212212212080       0.9472778195346184
     656.3214214214214053       0.9957812835353361
     656.3216216216216026       0.9941726525754510
     656.3218218218217999       0.9340259947311245
     656.3220220220219971       1.0228298454275770
     656.3222222222221944       0.9856995960774676
     656.3224224224223917       0.9709382357475693
     656.3226226226225890       0.8807947486261734
     656.3228228228227863       1.0407756542243640
     656.3230230230229836       1.0579940885048218
     656.3232232232231809       0.9500386221648697
     656.3234234234233782       0.9774119605375421
     656.3236236236235754       0.9571056581776854
     656.3238238238237727       1.0411640355451168
     656.3240240240239700       0.9736555978621578
     656.3242242242241673       1.0167621095762440
     656.3244244244243646       1.0183773246855807
     656.3246246246245619       0.9751601662713846
     656.3248248248247592       1.0629035835835423
     656.3250250250249564       1.0030834576553236
     656.3252252252251537       0.9979335905215931
     656.3254254254253510       1.0574730149047022
     656.3256256256255483       0.9678954317483477
     656.3258258258257456       0.9188620896089740
     656.3260260260259429       0.9541961598614971
     656.3262262262261402       1.0568408122449684
     656.3264264264263375       1.0120748001017401
     656.3266266266265347       1.1020533214401014
     656.3268268268267320       1.0099514985869082
     656.3270270270270430       1.0226659067441548
     656.3272272272272403       1.0047528104676087
     656.3274274274274376       0.9009721285556332
     656.3276276276276349       0.9578932695315785
     656.3278278278278322       1.0102143902665190
     656.3280280280280294       1.0225025252152946
     656.3282282282282267       1.0423948025962915
     656.3284284284284240       0.9573990009467338
     656.3286286286286213       0.9672779488570187
     656.3288288288288186       1.0072667116748857
     656.3290290290290159       0.9702916647189436
     656.3292292292292132       1.0086202472141881
     656.3294294294294104       0.9848469704516988
     656.3296296296296077       1.0593320281708918
     656.3298298298298050       1.0890926551957092
     656.3300300300300023       0.9781908059161221
     656.3302302302301996       1.0178761242613767
     656.3304304304303969       1.0084905813644038
     656.3306306306305942       0.9908777896501918
     656.3308308308307915       1.0447842086361026
     656.3310310310309887       1.0188372537103043
     656.3312312312311860       1.0246047451933546
     656.3314314314313833       0.9700174147523767
     656.3316316316315806       1.0516793614011473
     656.3318318318317779       1.0089602894120251
     656.3320320320319752       1.0254160093765377
     656.3322322322321725       0.9919660705593790
     656.3324324324323698       0.9107876125732907
     656.3326326326325670       1.0735323116901379
     656.3328328328327643       1.0459276857070559
     656.3330330330329616       1.0545713341601459
     656.3332332332331589       0.9321914938076310
     656.3334334334333562       1.0032588719356332
     656.3336336336335535       0.9998162049527620
     656.3338338338337508       1.0519510907643503
     656.3340340340339480       0.9835524174492963
     656.3342342342341453       1.0612131186417775
     656.3344344344343426       1.0082331351905194
     656.3346346346346536       1.0385948273253938
     656.3348348348348509       0.9887332008301983
     656.3350350350350482       1.0203117309260330
     656.3352352352352455       0.9932755353398648
     656.3354354354354427       1.0842093730888007
     656.3356356356356400       1.0002367815390585
     656.3358358358358373       1.0204938600600943
     656.3360360360360346       0.9741207469411446
     656.3362362362362319       1.0170345857372860
     656.3364364364364292       1.0604118099365636
     656.3366366366366265       1.0681219685621894
     656.3368368368368237       0.9209790361778719
     656.3370370370370210       1.0861069232318519
     656.3372372372372183       1.0618672355249728
     656.3374374374374156       1.0208977202938425
     656.3376376376376129       1.0169346429085730
     656.3378378378378102       1.0077871555227089
     656.3380380380380075       1.0877674641032182
     656.3382382382382048       0.9498553300894934
     656.3384384384384020       0.9923206997260490
     656.3386386386385993       0.9443378172362907
     656.3388388388387966       0.9825052054201292
     656.3390390390389939       0.9859541068795140
     656.3392392392391912       0.9934734427639003
     656.3394394394393885       0.9282294368046176
     656.3396396396395858       0.9717642638011886
     656.3398398398397831       0.9775610231313960
     656.3400400400399803       0.9539821583123568
     656.3402402402401776       1.0188884907275351
     656.3404404404403749       0.9691458629659281
     656.3406406406405722       0.9440836016257899
     656.3408408408407695       1.0330568301700920
     656.3410410410409668       1.0021713373331131
     656.3412412412411641       0.9607579727839389
     656.3414414414413613       0.9563816643955825
     656.3416416416415586       0.9715809310191126
     656.3418418418417559       0.9601645861025424
     656.3420420420419532       1.1099000263877783
     656.3422422422421505       1.0024804001438543
     656.3424424424424615       1.0123330501533501
     656.3426426426426588       1.0371988359152673
     656.3428428428428560       0.9307006707152272
     656.3430430430430533       0.9949724494325446
     656.3432432432432506       1.0384437907490716
     656.3434434434434479       1.0298546236189681
     656.3436436436436452       1.0229455241877361
     656.3438438438438425       1.0164807677568792
     656.3440440440440398       0.9893194749913363
     656.3442442442442371       1.0220571816889561
     656.3444444444444343       0.9493235758559395
     656.3446446446446316       1.0342875228537567
     656.3448448448448289       0.9811388507769799
     656.3450450450450262       0.8706307485841119
     656.3452452452452235       0.9948347159972385
     656.3454454454454208       0.9799485966351758
     656.3456456456456181       0.9597298138582441
     656.3458458458458153       1.0310886670932349
     656.3460460460460126       0.9514457279611541
     656.3462462462462099       0.9832684925982589
     656.3464464464464072       0.9242651333320593
     656.3466466466466045       0.9709332003084443
     656.3468468468468018       0.9826748172111035
     656.3470470470469991       0.9600315721079098
     656.3472472472471964       0.8405477826205002
     656.3474474474473936       0.9957361328870455
     656.3476476476475909       1.0253353837822345
     656.3478478478477882       0.9391100463903758
     656.3480480480479855       0.9577881323798805
     656.3482482482481828       0.9957846229155577
     656.3484484484483801       0.9013072224207355
     656.3486486486485774       0.8769455308561404
     656.3488488488487747       0.9253110665838209
     656.3490490490489719       0.9657363496071515
     656.3492492492491692       1.0523210633800097
     656.3494494494493665       0.9602015489502023
     656.3496496496495638       0.8926741143305784
     656.3498498498497611       0.9859959921238184
     656.3500500500500721       0.9920851958679001
     656.3502502502502693       1.0497564181702659
     656.3504504504504666       0.9811848629639958
     656.3506506506506639       1.0254928520743398
     656.3508508508508612       0.9987633606248233
     656.3510510510510585       1.0504661373273803
     656.3512512512512558       0.9946079864206079
     656.3514514514514531       1.0177550214871107
     656.3516516516516504       0.9156158889000978
     656.3518518518518476       1.0467974684314234
     656.3520520520520449       0.9734725408604809
     656.3522522522522422       1.0607733550409575
     656.3524524524524395       1.0966839606000272
     656.3526526526526368       0.9775081924619463
     656.3528528528528341       1.0420033703805487
     656.3530530530530314       0.9761233649929092
     656.3532532532532286       0.9489724060187085
     656.3534534534534259       0.9958619878424567
     656.3536536536536232       0.9245042762961395
     656.3538538538538205       1.0677287719485602
     656.3540540540540178       1.0787784100693196
     656.3542542542542151       1.0620011769547624
     656.3544544544544124       1.1041098771690510
     656.3546546546546097       1.0399017074844716
     656.3548548548548069       0.9552352816406763
     656.3550550550550042       1.0341071879166837
     656.3552552552552015       1.0234444176643489
     656.3554554554553988       0.9940412984075048
     656.3556556556555961       1.0348270848329504
     656.3558558558557934       0.9393342219422015
     656.3560560560559907       1.0551071699745553
     656.3562562562561880       0.9849693064352129
     656.3564564564563852       0.9048536763431383
     656.3566566566565825       1.0523544226299761
     656.3568568568567798       1.1128190019111495
     656.3570570570569771       1.0431212910405532
     656.3572572572571744       1.0389870007046689
     656.3574574574573717       0.9372255027952687
     656.3576576576575690       0.9597304440931984
     656.3578578578578799       1.0016472428237275
     656.3580580580580772       1.0247560245519607
     656.3582582582582745       1.0631127023832043
     656.3584584584584718       0.9804569162514155
     656.3586586586586691       0.9038220017794221
     656.3588588588588664       0.9920617302957930
     656.3590590590590637       0.9990485710140318
     656.3592592592592609       0.9929273092383313
     656.3594594594594582       0.9970449838364004
     656.3596596596596555       0.9253188126749656
     656.3598598598598528       1.0392410885710406
     656.3600600600600501       1.0486639655056587
     656.3602602602602474       0.9849676253442019
     656.3604604604604447       1.0739853810062314
     656.3606606606606420       1.0493026227053850
     656.3608608608608392       1.0060818017593138
     656.3610610610610365       0.9899211090542707
     656.3612612612612338       0.9961903745217701
     656.3614614614614311       1.0290463295381103
     656.3616616616616284       1.1390036743736909
     656.3618618618618257       1.0138479459892613
     656.3620620620620230       0.9894596195403993
     656.3622622622622202       0.9962787493902652
     656.3624624624624175       0.9864748988268150
     656.3626626626626148       0.9084374259068607
     656.3628628628628121       0.9898465683283841
     656.3630630630630094       1.0082917904089235
     656.3632632632632067       0.9845389119744815
     656.3634634634634040       0.9412277652670473
     656.3636636636636013       0.9709362056395889
     656.3638638638637985       0.9635263064569940
     656.3640640640639958       1.0188317538569849
     656.3642642642641931       0.9775046334283292
     656.3644644644643904       0.9327791016168325
     656.3646646646645877       1.0218848419198363
     656.3648648648647850       0.9641499934282310
     656.3650650650649823       0.9427037434158533
     656.3652652652651796       1.0688467121448539
     656.3654654654654905       0.9054432296971480
     656.3656656656656878       0.9323557028047235
     656.3658658658658851       1.0370159088225366
     656.3660660660660824       0.9989670304336921
     656.3662662662662797       0.9948805201238106
     656.3664664664664770       1.0224076791945906
     656.3666666666666742       0.9905334218269078
     656.3668668668668715       1.0315203274475473
     656.3670670670670688       0.9514435579913930
     656.3672672672672661       1.0346232239383657
     656.3674674674674634       1.0744658065743824
     656.3676676676676607       0.9650555673927148
     656.3678678678678580       1.0127822341116122
     656.3680680680680553       0.9877068502303152
     656.3682682682682525       0.9421678936947991
     656.3684684684684498       1.0950301687373960
     656.3686686686686471       1.0678781293791137
     656.3688688688688444       1.0035384373198246
     656.3690690690690417       0.9804450043996471
     656.3692692692692390       0.9695082269247707
     656.3694694694694363       1.0648237272454257
     656.3696696696696335       1.0047536933190018
     656.3698698698698308       0.9870349218471138
     656.3700700700700281       0.9946463561459273
     656.3702702702702254       1.0049333257692310
     656.3704704704704227       0.9006570135502614
     656.3706706706706200       1.0177129120785864
     656.3708708708708173       1.0352881800891587
     656.3710710710710146       1.0575297022662848
     656.3712712712712118       0.9697343776799652
     656.3714714714714091       1.0439126355803550
     656.3716716716716064       0.9411205267267159
     656.3718718718718037       0.9900332126674412
     656.3720720720720010       1.0565365720533120
     656.3722722722721983       0.9683999634991610
     656.3724724724723956       1.0070626598976480
     656.3726726726725929       0.9368059303841572
     656.3728728728727901       1.0442793403752091
     656.3730730730729874       0.9658841151875106
     656.3732732732732984       1.0337221695878014
     656.3734734734734957       0.9549097488349038
     656.3736736736736930       0.9741382250451867
     656.3738738738738903       0.9816669502318474
     656.3740740740740875       1.0486864266245866
     656.3742742742742848       1.0531668775099980
     656.3744744744744821       1.0085244760348067
     656.3746746746746794       1.0687868299423871
     656.3748748748748767       1.0165505494836995
     656.3750750750750740       0.9597999605195530
     656.3752752752752713       1.0583983918752078
     656.3754754754754686       1.0365393732968076
     656.3756756756756658       0.9945931550729107
     656.3758758758758631       0.9997161072633003
     656.3760760760760604       0.9628604265675478
     656.3762762762762577       0.9853541445507975
     656.3764764764764550       0.9770574377341709
     656.3766766766766523       0.9807549199887279
     656.3768768768768496       1.0233455776575677
     656.3770770770770469       0.9775596090490990
     656.3772772772772441       0.9113752419844221
     656.3774774774774414       0.9834949930979958
     656.3776776776776387       1.0205868445870281
     656.3778778778778360       1.0176844763732524
     656.3780780780780333       0.9066563911465575
     656.3782782782782306       0.9011008721054622
     656.3784784784784279       1.0347648748091864
     656.3786786786786251       1.0004540816061067
     656.3788788788788224       1.0225283107486072
     656.3790790790790197       0.9196691561635038
     656.3792792792792170       1.0366184758430341
     656.3794794794794143       1.0003741857200028
     656.3796796796796116       1.0448034033738345
     656.3798798798798089       1.0089919283782913
     656.3800800800800062       0.9223392753684824
     656.3802802802802034       0.9355231896034242
     656.3804804804804007       0.9662298211313862
     656.3806806806805980       0.8950274714577455
     656.3808808808809090       0.9765415167464837
     656.3810810810811063       0.9752894752105602
     656.3812812812813036       0.9253207778564422
     656.3814814814815009       0.9820437659806398
     656.3816816816816981       0.9784935589885454
     656.3818818818818954       0.9497530962493548
     656.3820820820820927       0.9484576424193460
     656.3822822822822900       0.9564796116206087
     656.3824824824824873       1.0215891200503309
     656.3826826826826846       0.9170817560808689
     656.3828828828828819       0.9439494604256851
     656.3830830830830791       1.0193828326582541
     656.3832832832832764       1.0062191997550074
     656.3834834834834737       1.0147250323042925
     656.3836836836836710       0.9898752922391243
     656.3838838838838683       1.0435111695119248
     656.3840840840840656       1.0169309400935547
     656.3842842842842629       0.8635993630083613
     656.3844844844844602       1.0154545571305715
     656.3846846846846574       1.1178838029984943
     656.3848848848848547       0.9749844801742499
     656.3850850850850520       1.0411735894200409
     656.3852852852852493       0.9813479242069840
     656.3854854854854466       1.0286771027100796
     656.3856856856856439       0.9909268015574467
     656.3858858858858412       0.9310107648952025
     656.3860860860860384       0.9294140228862963
     656.3862862862862357       0.9496582568666451
     656.3864864864864330       1.0557566230498083
     656.3866866866866303       0.9257486644751722
     656.3868868868868276       1.0401074453132466
     656.3870870870870249       0.9128762119297533
     656.3872872872872222       0.9016650611767748
     656.3874874874874195       1.0128013189305616
     656.3876876876876167       0.9346277606198995
     656.3878878878878140       0.9473006764700252
     656.3880880880880113       0.9647407465085402
     656.3882882882882086       0.9502513084515697
     656.3884884884885196       1.0184684574402612
     656.3886886886887169       1.0577507500764216
     656.3888888888889142       0.9170910118623791
     656.3890890890891114       1.0120605209035869
     656.3892892892893087       1.0671251906579986
     656.3894894894895060       0.9897553178029486
     656.3896896896897033       0.9824808615973433
     656.3898898898899006       0.9270200284561851
     656.3900900900900979       0.9381530195861713
     656.3902902902902952       0.8857156280725077
     656.3904904904904924       1.0297161960559871
     656.3906906906906897       0.8920655633402126
     656.3908908908908870       0.9545882347885994
     656.3910910910910843       0.9409016154331983
     656.3912912912912816       1.0184905233640227
     656.3914914914914789       0.9166837807702582
     656.3916916916916762       0.9875512439269215
     656.3918918918918735       1.0581268866222133
     656.3920920920920707       0.9740014594989687
     656.3922922922922680       0.9570323724205424
     656.3924924924924653       0.9309675551041975
     656.3926926926926626       0.9497183312663384
     656.3928928928928599       0.9709388615467771
     656.3930930930930572       0.9331403931389575
     656.3932932932932545       0.9882245396468640
     656.3934934934934518       0.9467289466335169
     656.3936936936936490       0.9074981561080178
     656.3938938938938463       0.9772558074811685
     656.3940940940940436       0.9117381788566323
     656.3942942942942409       0.9126774402913401
     656.3944944944944382       1.0057371639735657
     656.3946946946946355       0.8999278796447812
     656.3948948948948328       0.8816616271885035
     656.3950950950950300       0.9163785353969945
     656.3952952952952273       0.9462709507199015
     656.3954954954954246       0.9018146105632106
     656.3956956956956219       0.9702819894270440
     656.3958958958958192       1.0084425813617943
     656.3960960960960165       0.9789545376744593
     656.3962962962963275       0.9679599907073209
     656.3964964964965247       0.9610727740012811
     656.3966966966967220       0.9278904027512991
     656.3968968968969193       1.0059181025012534
     656.3970970970971166       1.0671915171786015
     656.3972972972973139       0.9887802021618015
     656.3974974974975112       0.9187701665079688
     656.3976976976977085       0.8976782643165983
     656.3978978978979058       0.9263554843398478
     656.3980980980981030       0.9292417240097788
     656.3982982982983003       0.9121913171879812
     656.3984984984984976       1.0350634244217463
     656.3986986986986949       0.9767482890484184
     656.3988988988988922       0.9987063454905633
     656.3990990990990895       0.9697071475916386
     656.3992992992992868       0.9427936017179671
     656.3994994994994840       0.9585155232382843
     656.3996996996996813       0.9810603707131517
     656.3998998998998786       1.0331273886289210
     656.4001001001000759       0.9499608805099177
     656.4003003003002732       0.8960662049106890
     656.4005005005004705       0.9317295898082540
     656.4007007007006678       0.9415376264661398
     656.4009009009008651       0.9240302797720286
     656.4011011011010623       1.0109307747280594
     656.4013013013012596       0.9196468972488564
     656.4015015015014569       0.8867427783476571
     656.4017017017016542       0.9177169827984476
     656.4019019019018515       0.9043030498230558
     656.4021021021020488       0.9421859565710584
     656.4023023023022461       0.9810898276676483
     656.4025025025024433       0.8672570451714889
     656.4027027027026406       0.9964543784785678
     656.4029029029028379       0.9743107714476583
     656.4031031031030352       0.8150986334253206
     656.4033033033032325       0.8541379033352163
     656.4035035035034298       0.9582056909423575
     656.4037037037036271       0.8355721202517346
     656.4039039039039380       0.8099630879837424
     656.4041041041041353       0.9529270959150504
     656.4043043043043326       0.7983234442582077
     656.4045045045045299       0.9704534350062332
     656.4047047047047272       0.9559135357570250
     656.4049049049049245       0.8996258759451030
     656.4051051051051218       0.9462597047630480
     656.4053053053053191       0.9824464415264360
     656.4055055055055163       1.0107836727248796
     656.4057057057057136       0.9929272182342467
     656.4059059059059109       0.9468763600723478
     656.4061061061061082       0.8730725858247363
     656.4063063063063055       0.9218043948561673
     656.4065065065065028       0.8045124464330371
     656.4067067067067001       0.9774185174078094
     656.4069069069068973       0.8708542425708524
     656.4071071071070946       0.9469604149607436
     656.4073073073072919       0.8817442035184969
     656.4075075075074892       0.9413743200662861
     656.4077077077076865       0.9353385633986249
     656.4079079079078838       0.8404174496040743
     656.4081081081080811       0.8704473611509261
     656.4083083083082784       0.8974098421338068
     656.4085085085084756       0.9078414111251984
     656.4087087087086729       0.8742118245785658
     656.4089089089088702       0.8762660549705570
     656.4091091091090675       0.9243533110329040
     656.4093093093092648       0.8936146259726147
     656.4095095095094621       0.8307295153459432
     656.4097097097096594       0.8807470023899604
     656.4099099099098567       0.9663391451508219
     656.4101101101100539       0.8732829743886021
     656.4103103103102512       0.9324130053971803
     656.4105105105104485       0.9230330572971851
     656.4107107107106458       0.8605083438593952
     656.4109109109108431       0.8622514727766148
     656.4111111111110404       0.8470659495026668
     656.4113113113112377       0.9161567896439321
     656.4115115115114349       0.8179263132141702
     656.4117117117117459       0.8346337276257194
     656.4119119119119432       0.7888559097460300
     656.4121121121121405       0.9274907525910493
     656.4123123123123378       0.9045151284780241
     656.4125125125125351       0.8259728878358945
     656.4127127127127324       0.8665206168564416
     656.4129129129129296       0.9208537808780237
     656.4131131131131269       0.7789503860281350
     656.4133133133133242       0.9064962510762287
     656.4135135135135215       0.8127225299790120
     656.4137137137137188       0.8939622253239938
     656.4139139139139161       0.8513601944645701
     656.4141141141141134       0.7244903329829032
     656.4143143143143106       0.7795300264730979
     656.4145145145145079       0.9009379398256924
     656.4147147147147052       0.8950996838096327
     656.4149149149149025       0.9369351960699351
     656.4151151151150998       0.8528487073974382
     656.4153153153152971       0.9247444143847769
     656.4155155155154944       0.8429961430922610
     656.4157157157156917       0.8660805095052505
     656.4159159159158889       0.8021083131362461
     656.4161161161160862       0.8163662155716515
     656.4163163163162835       0.9039678988177680
     656.4165165165164808       0.9021294359559378
     656.4167167167166781       0.7946238318618088
     656.4169169169168754       0.8303091433100376
     656.4171171171170727       0.8625421254675016
     656.4173173173172700       0.8511059307400048
     656.4175175175174672       0.8169239347241005
     656.4177177177176645       0.7346950070441756
     656.4179179179178618       0.9075712326472459
     656.4181181181180591       0.7809413961978073
     656.4183183183182564       0.8208948090352208
     656.4185185185184537       0.7517044724218644
     656.4187187187186510       0.8375707296145194
     656.4189189189188482       0.7873085372021598
     656.4191191191190455       0.8977553211048301
     656.4193193193193565       0.7794746806290673
     656.4195195195195538       0.9124530592528356
     656.4197197197197511       0.8411710515193696
     656.4199199199199484       0.9139948658033545
     656.4201201201201457       0.7278150793702336
     656.4203203203203429       0.7779999849637806
     656.4205205205205402       0.8149955949433405
     656.4207207207207375       0.6821578992565652
     656.4209209209209348       0.8963127988882948
     656.4211211211211321       0.8621088680789620
     656.4213213213213294       0.7960914349902007
     656.4215215215215267       0.8591685429881732
     656.4217217217217240       0.9447895024810058
     656.4219219219219212       0.8343726130757805
     656.4221221221221185       0.7649929934329622
     656.4223223223223158       0.9036125837777342
     656.4225225225225131       0.8487633921452983
     656.4227227227227104       0.8555921862186060
     656.4229229229229077       0.8153976554638330
     656.4231231231231050       0.7857946283798311
     656.4233233233233022       0.7816438150289173
     656.4235235235234995       0.8306621558825437
     656.4237237237236968       0.8125061189108378
     656.4239239239238941       0.8658618213761200
     656.4241241241240914       0.7995771814748902
     656.4243243243242887       0.7762334650594096
     656.4245245245244860       0.8048091146789849
     656.4247247247246833       0.7926297110783018
     656.4249249249248805       0.7917036988870574
     656.4251251251250778       0.7539296378379212
     656.4253253253252751       0.8571198658564311
     656.4255255255254724       0.8181010523424745
     656.4257257257256697       0.8896062284545401
     656.4259259259258670       0.8192207906241847
     656.4261261261260643       0.7401792149567601
     656.4263263263262616       0.7681352245231290
     656.4265265265264588       0.7788352070055367
     656.4267267267266561       0.8571681950234464
     656.4269269269269671       0.8507080302365988
     656.4271271271271644       0.8189794431105339
     656.4273273273273617       0.7902751180492325
     656.4275275275275590       0.7546713775403615
     656.4277277277277562       0.8187734535444490
     656.4279279279279535       0.7512489452286011
     656.4281281281281508       0.7022485481371533
     656.4283283283283481       0.8171700719805574
     656.4285285285285454       0.8381505773236626
     656.4287287287287427       0.7693381290053547
     656.4289289289289400       0.9412952294685829
     656.4291291291291373       0.7868524908054861
     656.4293293293293345       0.8126664586817669
     656.4295295295295318       0.7854644735457481
     656.4297297297297291       0.7464539016396273
     656.4299299299299264       0.8367359217979038
     656.4301301301301237       0.7910925877970381
     656.4303303303303210       0.7702825609264177
     656.4305305305305183       0.7963059062410953
     656.4307307307307155       0.7570863771131302
     656.4309309309309128       0.7197187750623614
     656.4311311311311101       0.7809974903221418
     656.4313313313313074       0.8042327483808649
     656.4315315315315047       0.7275384740835904
     656.4317317317317020       0.7572985978497535
     656.4319319319318993       0.7754997736021341
     656.4321321321320966       0.7846399346219931
     656.4323323323322938       0.7480394378230328
     656.4325325325324911       0.8211881049870531
     656.4327327327326884       0.7425800609498614
     656.4329329329328857       0.7969441060446614
     656.4331331331330830       0.7819121310250570
     656.4333333333332803       0.8310311636234977
     656.4335335335334776       0.8242948708136228
     656.4337337337336749       0.8058704793102734
     656.4339339339338721       0.8140397768753216
     656.4341341341340694       0.8273187346985067
     656.4343343343342667       0.8109636790339374
     656.4345345345344640       0.8595596812962157
     656.4347347347347750       0.7775144613752052
     656.4349349349349723       0.8019815961925243
     656.4351351351351695       0.8208367844249777
     656.4353353353353668       0.7857909987148657
     656.4355355355355641       0.8222657782585943
     656.4357357357357614       0.7847777618942764
     656.4359359359359587       0.8394447799770615
     656.4361361361361560       0.7531369744567061
     656.4363363363363533       0.7197200188548921
     656.4365365365365506       0.7685340526653526
     656.4367367367367478       0.7847291322067175
     656.4369369369369451       0.8067384895134353
     656.4371371371371424       0.8070413175384731
     656.4373373373373397       0.7756912707595369
     656.4375375375375370       0.8028571803844445
     656.4377377377377343       0.8850039921263427
     656.4379379379379316       0.8735800747672156
     656.4381381381381289       0.7317425236181746
     656.4383383383383261       0.8507170233034838
     656.4385385385385234       0.8567606843946873
     656.4387387387387207       0.8350306370859760
     656.4389389389389180       0.8348819994614588
     656.4391391391391153       0.7557036611557696
     656.4393393393393126       0.8428732645335599
     656.4395395395395099       0.8379468112692863
     656.4397397397397071       0.8717730076034655
     656.4399399399399044       0.8484844965936207
     656.4401401401401017       0.8938975454102290
     656.4403403403402990       0.8362107464419426
     656.4405405405404963       0.7914095606134810
     656.4407407407406936       0.7769102729375178
     656.4409409409408909       0.8666417266891668
     656.4411411411410882       0.8755378649969278
     656.4413413413412854       0.7711488316158667
     656.4415415415414827       0.8193579464855620
     656.4417417417416800       0.8079972190285627
     656.4419419419418773       0.8926559678993176
     656.4421421421420746       0.8022494606615813
     656.4423423423423856       0.8207185631496037
     656.4425425425425829       0.8385362363150410
     656.4427427427427801       0.9028115464983536
     656.4429429429429774       0.7787289408186153
     656.4431431431431747       0.7800992005703811
     656.4433433433433720       0.8623685441963774
     656.4435435435435693       0.9510629241301793
     656.4437437437437666       0.7829414287930906
     656.4439439439439639       0.9057082730656467
     656.4441441441441611       0.8840017103140889
     656.4443443443443584       0.9560957295411185
     656.4445445445445557       0.8076138900832257
     656.4447447447447530       0.8818184699649146
     656.4449449449449503       0.8631608627588456
     656.4451451451451476       0.8066643882527373
     656.4453453453453449       0.8110398943231868
     656.4455455455455422       0.8775564086184309
     656.4457457457457394       0.8362428202737050
     656.4459459459459367       0.8539416004822065
     656.4461461461461340       0.8359210103611162
     656.4463463463463313       0.8904923170856192
     656.4465465465465286       0.8026335605573266
     656.4467467467467259       0.8623744383736097
     656.4469469469469232       0.8963231823103835
     656.4471471471471204       0.9795764686212108
     656.4473473473473177       0.8683408017106022
     656.4475475475475150       0.9168267133258496
     656.4477477477477123       0.9150426048444743
     656.4479479479479096       0.7986513897794553
     656.4481481481481069       0.7988435447338124
     656.4483483483483042       0.8382671566395160
     656.4485485485485015       0.8592335241600110
     656.4487487487486987       0.7640664879731459
     656.4489489489488960       0.8589142023179787
     656.4491491491490933       0.8100421564087084
     656.4493493493492906       0.8964416684198716
     656.4495495495494879       0.8594568187924375
     656.4497497497496852       1.0001390328244493
     656.4499499499498825       0.8644724222179549
     656.4501501501501934       0.8456884948414183
     656.4503503503503907       0.8676742950058602
     656.4505505505505880       0.9019891282244389
     656.4507507507507853       0.9587986081964772
     656.4509509509509826       0.8391718748339519
     656.4511511511511799       1.0586277548988752
     656.4513513513513772       0.8802691335752748
     656.4515515515515744       0.9701496048480713
     656.4517517517517717       0.9563302742157963
     656.4519519519519690       0.8711238405064137
     656.4521521521521663       0.8655472291016302
     656.4523523523523636       0.9177818340123788
     656.4525525525525609       0.8703958511827883
     656.4527527527527582       0.9489201033367514
     656.4529529529529555       0.8615548928338054
     656.4531531531531527       0.8621755888003654
     656.4533533533533500       0.9071912651017014
     656.4535535535535473       0.9080861683958934
     656.4537537537537446       0.9754402058200726
     656.4539539539539419       0.9679600135979362
     656.4541541541541392       0.9323167210914992
     656.4543543543543365       0.9193448330146322
     656.4545545545545338       0.8987590785668487
     656.4547547547547310       0.9171141199397083
     656.4549549549549283       0.8751507470645703
     656.4551551551551256       0.9807570533390055
     656.4553553553553229       0.9292603775037124
     656.4555555555555202       0.8764841075853592
     656.4557557557557175       1.0001989558158968
     656.4559559559559148       0.8031520748913228
     656.4561561561561120       0.9087324119875649
     656.4563563563563093       0.9175412747287319
     656.4565565565565066       0.9445896799748665
     656.4567567567567039       0.9620897628284858
     656.4569569569569012       0.9177727056203854
     656.4571571571570985       0.9624364530986238
     656.4573573573572958       0.9403717041397377
     656.4575575575574931       1.0282707941413061
     656.4577577577578040       0.9626202554738463
     656.4579579579580013       0.8608047757713080
     656.4581581581581986       0.9969489965625444
     656.4583583583583959       0.9644236056013928
     656.4585585585585932       0.9533064949699720
     656.4587587587587905       0.9629465831138921
     656.4589589589589878       0.9024944429447999
     656.4591591591591850       0.9498005913279997
     656.4593593593593823       0.9448482534032566
     656.4595595595595796       0.9454216681731954
     656.4597597597597769       0.9146617387336202
     656.4599599599599742       0.8931361443325734
     656.4601601601601715       1.0395103722706289
     656.4603603603603688       0.9178017328614079
     656.4605605605605660       1.0153957852996156
     656.4607607607607633       1.0089039447612271
     656.4609609609609606       1.0010572144768171
     656.4611611611611579       0.9134840998842131
     656.4613613613613552       0.9528603410690387
     656.4615615615615525       0.8638974356058432
     656.4617617617617498       0.9101085437569453
     656.4619619619619471       0.8686454987181820
     656.4621621621621443       0.9940092413190629
     656.4623623623623416       0.9333401076828495
     656.4625625625625389       0.9384283543567556
     656.4627627627627362       0.9119632135777915
     656.4629629629629335       0.9672155101979926
     656.4631631631631308       0.9709207066848116
     656.4633633633633281       0.9739158491924713
     656.4635635635635253       1.0448048909642620
     656.4637637637637226       0.9092936857272512
     656.4639639639639199       0.9876836561459013
     656.4641641641641172       0.9531452402334745
     656.4643643643643145       0.9331072045756250
     656.4645645645645118       0.9455233449060869
     656.4647647647647091       0.9321699215579153
     656.4649649649649064       0.9268584601113782
     656.4651651651651036       1.0096308962244447
     656.4653653653653009       1.0106380304494902
     656.4655655655656119       0.9393824129261559
     656.4657657657658092       0.9955747575452421
     656.4659659659660065       1.0584938217688376
     656.4661661661662038       0.8875920337290150
     656.4663663663664011       0.9113313734568705
     656.4665665665665983       0.9951791643426843
     656.4667667667667956       0.9782029398610543
     656.4669669669669929       1.0248370270305793
     656.4671671671671902       1.0375571689738230
     656.4673673673673875       0.9637493291363833
     656.4675675675675848       0.8845727929078246
     656.4677677677677821       0.9989845555882015
     656.4679679679679793       0.9617295078160996
     656.4681681681681766       1.0143994652396016
     656.4683683683683739       0.9064120474395906
     656.4685685685685712       1.0354452140306916
     656.4687687687687685       0.9785794896340517
     656.4689689689689658       0.9415986147997275
     656.4691691691691631       0.9482084098011946
     656.4693693693693604       0.9142469936703517
     656.4695695695695576       0.9528953139740678
     656.4697697697697549       1.0322379767688643
     656.4699699699699522       1.0438525967599535
     656.4701701701701495       0.9525459781534192
     656.4703703703703468       1.0284351776989031
     656.4705705705705441       0.9137855809790109
     656.4707707707707414       0.9174528370358498
     656.4709709709709387       0.9335984638351985
     656.4711711711711359       0.9778062445285908
     656.4713713713713332       0.8794216176894338
     656.4715715715715305       0.9870214117671802
     656.4717717717717278       0.9444554985137653
     656.4719719719719251       1.0280254127488766
     656.4721721721721224       0.8969523556451302
     656.4723723723723197       0.9297373651889204
     656.4725725725725169       0.9309697500038216
     656.4727727727727142       0.9529664352653451
     656.4729729729729115       1.0172356261609274
     656.4731731731732225       0.9485444207336052
     656.4733733733734198       0.9787189187277482
     656.4735735735736171       0.9685483594189388
     656.4737737737738144       0.9151662567039054
     656.4739739739740116       1.0662723030212469
     656.4741741741742089       0.8941954689061620
     656.4743743743744062       0.9413650169868777
     656.4745745745746035       0.9276752654516013
     656.4747747747748008       0.9334042260013061
     656.4749749749749981       0.9381923630115970
     656.4751751751751954       0.9766669803503207
     656.4753753753753927       1.0380865431033974
     656.4755755755755899       0.9603702017166097
     656.4757757757757872       0.9257195327787804
     656.4759759759759845       0.9799657345011565
     656.4761761761761818       0.9104430986220068
     656.4763763763763791       0.8144485751937711
     656.4765765765765764       0.9593900552726110
     656.4767767767767737       1.0394422651068971
     656.4769769769769709       0.9368124537510043
     656.4771771771771682       0.9744414473625177
     656.4773773773773655       0.9488598127417506
     656.4775775775775628       0.9272772943259778
     656.4777777777777601       1.0323406760291181
     656.4779779779779574       1.0071668864165961
     656.4781781781781547       1.0226786315320999
     656.4783783783783520       1.0249117379077721
     656.4785785785785492       1.0241518305195902
     656.4787787787787465       0.9835678046766632
     656.4789789789789438       1.0119935360634909
     656.4791791791791411       1.0109188560820641
     656.4793793793793384       0.9674078818880718
     656.4795795795795357       1.0017971863160100
     656.4797797797797330       0.9630282918638713
     656.4799799799799302       1.0083834657089117
     656.4801801801801275       0.9865061612016451
     656.4803803803803248       1.0754816962615554
     656.4805805805805221       0.9948085342224298
     656.4807807807808331       1.0775798609107210
     656.4809809809810304       0.9296642081074175
     656.4811811811812277       0.9427076656918594
     656.4813813813814249       1.0122642547888570
     656.4815815815816222       0.9317397052945713
     656.4817817817818195       0.9807761195483657
     656.4819819819820168       0.9678666073992197
     656.4821821821822141       1.0581581156370659
     656.4823823823824114       1.0305475900461847
     656.4825825825826087       0.9252806461888963
     656.4827827827828060       1.0206423907438966
     656.4829829829830032       1.0718712574532034
     656.4831831831832005       0.9681867080279569
     656.4833833833833978       1.0854950516711264
     656.4835835835835951       0.9621212269386217
     656.4837837837837924       0.9368714092277989
     656.4839839839839897       1.0886631746030224
     656.4841841841841870       0.9971935949895080
     656.4843843843843842       1.0601927849557162
     656.4845845845845815       1.0247589053809931
     656.4847847847847788       0.9826918285002445
     656.4849849849849761       1.0196046407023913
     656.4851851851851734       1.0688748433682989
     656.4853853853853707       0.9603042903225623
     656.4855855855855680       0.9494406134238932
     656.4857857857857653       1.0039429811892111
     656.4859859859859625       0.9141675489852990
     656.4861861861861598       0.9428357558251691
     656.4863863863863571       0.9728374484061503
     656.4865865865865544       0.8879516073223627
     656.4867867867867517       1.0230640047857733
     656.4869869869869490       0.9894388432010468
     656.4871871871871463       0.9761569000386555
     656.4873873873873436       1.0611789171283812
     656.4875875875875408       1.0116909767932381
     656.4877877877877381       0.8812808166470764
     656.4879879879879354       0.8927158161776392
     656.4881881881881327       1.0074306886044946
     656.4883883883883300       0.9770338940272179
     656.4885885885886410       1.0612443349804332
     656.4887887887888382       0.9238102230550304
     656.4889889889890355       1.0281522265405869
     656.4891891891892328       0.9882333225458718
     656.4893893893894301       1.0128104200063288
     656.4895895895896274       1.0084846689204638
     656.4897897897898247       1.0380124397715687
     656.4899899899900220       0.9822111104850977
     656.4901901901902193       1.0142761877518771
     656.4903903903904165       0.9665315967180905
     656.4905905905906138       0.9457728912768427
     656.4907907907908111       0.9338611050204527
     656.4909909909910084       0.9865015658811961
     656.4911911911912057       1.0475479350183181
     656.4913913913914030       1.0438005109635378
     656.4915915915916003       1.0136826348026744
     656.4917917917917976       0.9136459606530842
     656.4919919919919948       0.9501282503949767
     656.4921921921921921       1.0610312340383197
     656.4923923923923894       0.9287822393368180
     656.4925925925925867       0.9955668558610491
     656.4927927927927840       0.9557662189785613
     656.4929929929929813       1.0055430081045338
     656.4931931931931786       0.9857934185592488
     656.4933933933933758       0.9810144331355526
     656.4935935935935731       1.0270713585032587
     656.4937937937937704       0.9311782826407335
     656.4939939939939677       0.9448269482910095
     656.4941941941941650       0.9823914238059313
     656.4943943943943623       1.0132682290086521
     656.4945945945945596       0.9525745632317865
     656.4947947947947569       0.9961071331457608
     656.4949949949949541       0.9622408141053317
     656.4951951951951514       1.0210794199229145
     656.4953953953953487       0.9566715672544901
     656.4955955955955460       0.9360558848858717
     656.4957957957957433       0.9871778898266800
     656.4959959959959406       0.9592378250858747
     656.4961961961962515       0.9671866412379809
     656.4963963963964488       0.8826249874337272
     656.4965965965966461       1.0122151515199285
     656.4967967967968434       0.9926380106104428
     656.4969969969970407       0.9872888911029117
     656.4971971971972380       0.9512583328141079
     656.4973973973974353       1.0397848680416497
     656.4975975975976326       1.0471933072608630
     656.4977977977978298       0.9650543843129767
     656.4979979979980271       1.0300872492184654
     656.4981981981982244       1.0004385210199418
     656.4983983983984217       1.0872358018813650
     656.4985985985986190       1.0512924071605312
     656.4987987987988163       1.0008991715820479
     656.4989989989990136       1.0118705542472033
     656.4991991991992109       1.0822122037043813
     656.4993993993994081       1.0249988274966917
     656.4995995995996054       1.0140518772311293
     656.4997997997998027       0.9512638539343172
     656.5000000000000000       1.1352681996028586
