     656.2999999999999545       0.9465250332988815
     656.3002002002001518       0.9325045975954880
     656.3004004004003491       1.0858316435057003
     656.3006006006005464       1.0012646081552357
     656.3008008008007437       1.0142900005299524
     656.3010010010009410       0.9583273224596198
     656.3012012012011382       1.0765955491014561
     656.3014014014013355       1.0193413695332989
     656.3016016016015328       0.9487518505624331
     656.3018018018017301       1.0180663288956300
     656.3020020020019274       1.0879122367600356
     656.3022022022021247       0.9626497392511885
     656.3024024024023220       0.9836983811663670
     656.3026026026025193       0.9971132312664366
     656.3028028028027165       0.9237858992370418
     656.3030030030029138       1.0801354879286520
     656.3032032032031111       1.0652622058049142
     656.3034034034033084       0.9546934326621176
     656.3036036036035057       1.0393682969854707
     656.3038038038037030       0.9786919636047116
     656.3040040040040140       0.9766397322509589
     656.3042042042042112       1.0214279549468768
     656.3044044044044085       1.0786567909620906
     656.3046046046046058       0.9615552183348535
     656.3048048048048031       0.9259935571041886
     656.3050050050050004       1.0191665993041559
     656.3052052052051977       1.0354800791159402
     656.3054054054053950       0.9916852094899182
     656.3056056056055922       1.0499303337109436
     656.3058058058057895       1.0794004652938018
     656.3060060060059868       0.9788656587895409
     656.3062062062061841       1.0924810485085188
     656.3064064064063814       1.0542046142548473
     656.3066066066065787       1.0401107281605770
     656.3068068068067760       0.9650968222259086
     656.3070070070069733       1.0670002160134566
     656.3072072072071705       0.8861249865985731
     656.3074074074073678       1.0090123919122025
     656.3076076076075651       0.9881677090961628
     656.3078078078077624       0.9923522333712866
     656.3080080080079597       1.0882028594287361
     656.3082082082081570       0.9752141761548118
     656.3084084084083543       0.9975639045186143
     656.3086086086085515       0.9069299038946254
     656.3088088088087488       0.9552958254047174
     656.3090090090089461       0.9924471343855564
     656.3092092092091434       0.9540113953377941
     656.3094094094093407       1.0545038142656336
     656.3096096096095380       1.0075812189266347
     656.3098098098097353       0.9481999834508569
     656.3100100100099326       0.9491523549509154
     656.3102102102101298       0.9450862679876136
     656.3104104104103271       0.9671746532103730
     656.3106106106105244       1.0311304118920432
     656.3108108108107217       0.9374629587868685
     656.3110110110109190       1.0011391759876478
     656.3112112112111163       0.9109877854391187
     656.3114114114113136       1.0416214697959536
     656.3116116116116245       1.0678765880502814
     656.3118118118118218       0.9304267879673256
     656.3120120120120191       0.9976622487121338
     656.3122122122122164       1.0209057293637809
     656.3124124124124137       1.0549047313736120
     656.3126126126126110       0.9895028749943129
     656.3128128128128083       1.0002671452159495
     656.3130130130130055       1.0170554959607165
     656.3132132132132028       1.0581532062125232
     656.3134134134134001       1.0035820100013142
     656.3136136136135974       0.8950797496079822
     656.3138138138137947       0.9701368947984857
     656.3140140140139920       1.0036420613698112
     656.3142142142141893       1.0300382810866888
     656.3144144144143866       0.9520749284807150
     656.3146146146145838       1.0017466666073156
     656.3148148148147811       0.9746265714017553
     656.3150150150149784       0.8621704871761946
     656.3152152152151757       1.0660195061368463
     656.3154154154153730       0.9562356261293820
     656.3156156156155703       0.9132793202109170
     656.3158158158157676       0.9555948601720921
     656.3160160160159649       1.0268858618306775
     656.3162162162161621       1.0235477062483782
     656.3164164164163594       1.0304750740324784
     656.3166166166165567       0.9413722984453726
     656.3168168168167540       1.0654736303998802
     656.3170170170169513       0.9572661924137306
     656.3172172172171486       1.0101043165695254
     656.3174174174173459       1.0367052000454346
     656.3176176176175431       1.0086382620963512
     656.3178178178177404       1.0625952220586590
     656.3180180180179377       1.0062858178105647
     656.3182182182181350       1.0334742412842923
     656.3184184184183323       0.9759334555526932
     656.3186186186185296       0.9801284195605433
     656.3188188188187269       1.0074296827596747
     656.3190190190189242       1.0784382597010433
     656.3192192192191214       1.0692711531298951
     656.3194194194194324       1.0303607882089136
     656.3196196196196297       1.0582791690045776
     656.3198198198198270       1.0519392947344719
     656.3200200200200243       1.0817559348558223
     656.3202202202202216       0.9204047959848609
     656.3204204204204188       1.0738605826743535
     656.3206206206206161       1.0205141075548161
     656.3208208208208134       0.9312967464964682
     656.3210210210210107       1.0074620141107213
     656.3212212212212080       1.0804578613505851
     656.3214214214214053       0.9645461558453536
     656.3216216216216026       0.9329979688530053
     656.3218218218217999       0.9718541654711778
     656.3220220220219971       0.9955869722659519
     656.3222222222221944       0.9566014992991941
     656.3224224224223917       1.0268649973981356
     656.3226226226225890       1.0916879963597794
     656.3228228228227863       0.9476004919852188
     656.3230230230229836       0.9942172286714371
     656.3232232232231809       1.0244996194800968
     656.3234234234233782       0.8548719229219623
     656.3236236236235754       0.9670546591361243
     656.3238238238237727       0.8999288356169951
     656.3240240240239700       0.9644300142377047
     656.3242242242241673       0.9563331920153599
     656.3244244244243646       0.9662301090197940
     656.3246246246245619       0.9000347251096522
     656.3248248248247592       1.0472633878032154
     656.3250250250249564       1.0498576728728071
     656.3252252252251537       0.9730023615280726
     656.3254254254253510       1.0528946322704544
     656.3256256256255483       1.0482529874868050
     656.3258258258257456       1.0286004618279683
     656.3260260260259429       0.9981438781912013
     656.3262262262261402       0.9056654197438471
     656.3264264264263375       0.9808242461354818
     656.3266266266265347       1.0086324462767551
     656.3268268268267320       1.0344538187536281
     656.3270270270270430       0.8979909038090501
     656.3272272272272403       1.0236641983691372
     656.3274274274274376       1.0121239168756553
     656.3276276276276349       1.0024839671828063
     656.3278278278278322       1.0316095170571897
     656.3280280280280294       1.0745653654935388
     656.3282282282282267       1.0061177971815203
     656.3284284284284240       0.9822893108747295
     656.3286286286286213       1.0363596307054381
     656.3288288288288186       1.0531483601823823
     656.3290290290290159       1.0545794820936338
     656.3292292292292132       0.9574279366966826
     656.3294294294294104       0.9867493904705672
     656.3296296296296077       0.9383365619263219
     656.3298298298298050       1.0218981848921951
     656.3300300300300023       0.9853498743564242
     656.3302302302301996       0.9788282537560196
     656.3304304304303969       0.9161176455674344
     656.3306306306305942       0.9983401305031397
     656.3308308308307915       0.9704798068504298
     656.3310310310309887       0.9709558594888111
     656.3312312312311860       1.0218384502308167
     656.3314314314313833       1.0142405328973405
     656.3316316316315806       1.0349681865582687
     656.3318318318317779       1.0079684939745843
     656.3320320320319752       1.0055889891950720
     656.3322322322321725       0.9587480308769827
     656.3324324324323698       1.0273143433557481
     656.3326326326325670       1.0639506891821069
     656.3328328328327643       0.9617596389503626
     656.3330330330329616       0.9508162189841808
     656.3332332332331589       0.9469288291213501
     656.3334334334333562       1.1047398323789599
     656.3336336336335535       1.0110616087076156
     656.3338338338337508       0.9925323229979884
     656.3340340340339480       0.9565345996838694
     656.3342342342341453       1.0149562574310584
     656.3344344344343426       1.0523597464907894
     656.3346346346346536       1.0460933447271863
     656.3348348348348509       0.9459922201943631
     656.3350350350350482       1.0027753931662517
     656.3352352352352455       0.9738427797724206
     656.3354354354354427       0.9360138341015467
     656.3356356356356400       1.0092323342488512
     656.3358358358358373       0.9295642205829170
     656.3360360360360346       0.9126815509066352
     656.3362362362362319       1.0465307998433264
     656.3364364364364292       0.9384923672759251
     656.3366366366366265       1.0881376527803903
     656.3368368368368237       1.0230283946776735
     656.3370370370370210       1.0198129435568020
     656.3372372372372183       0.9197830920821433
     656.3374374374374156       1.0627313632176156
     656.3376376376376129       1.0039451952405756
     656.3378378378378102       1.0870785131623864
     656.3380380380380075       1.0266723347391369
     656.3382382382382048       0.9780391452244801
     656.3384384384384020       0.9260360723418075
     656.3386386386385993       1.0686989525098261
     656.3388388388387966       1.0009641712412090
     656.3390390390389939       1.0190427638006969
     656.3392392392391912       0.9608640524454988
     656.3394394394393885       0.9998225574335911
     656.3396396396395858       0.9089153936323306
     656.3398398398397831       0.9068580366319566
     656.3400400400399803       0.9461888829928449
     656.3402402402401776       1.0129292866076016
     656.3404404404403749       1.0079777904154505
     656.3406406406405722       1.0151063519314247
     656.3408408408407695       1.0296996887164171
     656.3410410410409668       0.9244780944666584
     656.3412412412411641       0.9031784162642451
     656.3414414414413613       0.9818552528508896
     656.3416416416415586       0.9879624926551652
     656.3418418418417559       0.9486339661086616
     656.3420420420419532       0.9977246716056400
     656.3422422422421505       1.0092043194206042
     656.3424424424424615       0.9050818041734260
     656.3426426426426588       0.9310401926638657
     656.3428428428428560       0.9935388465062256
     656.3430430430430533       1.0084839271488657
     656.3432432432432506       1.0135028228732037
     656.3434434434434479       1.0003291738138391
     656.3436436436436452       0.9810358710804511
     656.3438438438438425       1.0270948827321980
     656.3440440440440398       0.9556345533141892
     656.3442442442442371       0.9415809006263536
     656.3444444444444343       1.0422785298930746
     656.3446446446446316       0.9698501500390138
     656.3448448448448289       1.0395707007646204
     656.3450450450450262       0.9476285306756331
     656.3452452452452235       0.9307209184889700
     656.3454454454454208       0.9873566219613999
     656.3456456456456181       0.9850583333311812
     656.3458458458458153       1.0044823608699613
     656.3460460460460126       0.9328817107907016
     656.3462462462462099       0.9100072171501155
     656.3464464464464072       0.9757602044832537
     656.3466466466466045       1.0586380643598270
     656.3468468468468018       1.0666662973001779
     656.3470470470469991       1.0331360653691788
     656.3472472472471964       0.9743002695416791
     656.3474474474473936       1.0072356453384046
     656.3476476476475909       0.9120398227302468
     656.3478478478477882       0.9554690347403308
     656.3480480480479855       1.0109528802293424
     656.3482482482481828       0.9490906829164623
     656.3484484484483801       0.8626621416592387
     656.3486486486485774       0.9773599345989824
     656.3488488488487747       0.9387941327578094
     656.3490490490489719       0.9840045039610648
     656.3492492492491692       0.9500006365872651
     656.3494494494493665       0.9644583099394991
     656.3496496496495638       0.9920961766471182
     656.3498498498497611       0.8943372395882613
     656.3500500500500721       1.0400387204631814
     656.3502502502502693       1.0494444356823407
     656.3504504504504666       0.8900069937997924
     656.3506506506506639       0.9811087633866856
     656.3508508508508612       0.9944135682390344
     656.3510510510510585       0.9119140435123055
     656.3512512512512558       0.9959215297300495
     656.3514514514514531       0.9292702333088265
     656.3516516516516504       0.9359762547888346
     656.3518518518518476       1.0593981944641748
     656.3520520520520449       0.9614993837656902
     656.3522522522522422       0.9692406314647428
     656.3524524524524395       0.9465483848054739
     656.3526526526526368       0.9050828919675739
     656.3528528528528341       1.0082516097424794
     656.3530530530530314       0.9063533325828244
     656.3532532532532286       0.9598806469903645
     656.3534534534534259       1.0425519464334174
     656.3536536536536232       0.9697383474082882
     656.3538538538538205       0.9589967587016366
     656.3540540540540178       0.8971077561083568
     656.3542542542542151       0.9324406237379917
     656.3544544544544124       1.0066661906478651
     656.3546546546546097       0.9073030032925559
     656.3548548548548069       0.8634845032114171
     656.3550550550550042       0.8420269038153996
     656.3552552552552015       0.9287215764124466
     656.3554554554553988       0.9830986221697470
     656.3556556556555961       0.9756546879194348
     656.3558558558557934       1.0172055324287022
     656.3560560560559907       0.9194238843766471
     656.3562562562561880       0.9326661259539931
     656.3564564564563852       0.9715972481626906
     656.3566566566565825       0.9492473349026816
     656.3568568568567798       0.9666534573173942
     656.3570570570569771       0.9363291271362798
     656.3572572572571744       0.8858592621990524
     656.3574574574573717       0.9440166323473260
     656.3576576576575690       0.9189731034218626
     656.3578578578578799       1.0326318034417803
     656.3580580580580772       0.9765193186570071
     656.3582582582582745       0.9047599131869070
     656.3584584584584718       0.9407275035680194
     656.3586586586586691       0.9426526325678038
     656.3588588588588664       1.0162770489219028
     656.3590590590590637       0.9248154208378070
     656.3592592592592609       0.9839047517178099
     656.3594594594594582       0.8344146740090986
     656.3596596596596555       0.9278319977737869
     656.3598598598598528       0.9650797670856608
     656.3600600600600501       0.9564798148833645
     656.3602602602602474       0.8986866513331979
     656.3604604604604447       0.9653350128402740
     656.3606606606606420       0.8614189618558691
     656.3608608608608392       0.9398359482297740
     656.3610610610610365       0.8797475498747326
     656.3612612612612338       0.8411105549134097
     656.3614614614614311       0.9207252389501156
     656.3616616616616284       0.9062859614019492
     656.3618618618618257       0.8716742856338391
     656.3620620620620230       1.0107110666265755
     656.3622622622622202       0.9353554203707648
     656.3624624624624175       0.8854556555162614
     656.3626626626626148       0.8910522228337054
     656.3628628628628121       0.8846682819954419
     656.3630630630630094       0.9749376067424501
     656.3632632632632067       0.9457831509128201
     656.3634634634634040       0.8893835761449486
     656.3636636636636013       0.8496913532873775
     656.3638638638637985       0.9041761131007925
     656.3640640640639958       0.9706818349377081
     656.3642642642641931       0.9388660361487894
     656.3644644644643904       0.9263701575776752
     656.3646646646645877       0.9286047529602445
     656.3648648648647850       0.9359185631465960
     656.3650650650649823       0.9231504532799758
     656.3652652652651796       0.9070703879812931
     656.3654654654654905       1.0103247531474080
     656.3656656656656878       0.8663027560935870
     656.3658658658658851       0.9814966673352211
     656.3660660660660824       0.9126627387981644
     656.3662662662662797       0.8390652002068201
     656.3664664664664770       0.9722798842367865
     656.3666666666666742       0.9202576700851824
     656.3668668668668715       0.9110781629665400
     656.3670670670670688       0.8390016302869379
     656.3672672672672661       0.8948740187666913
     656.3674674674674634       0.8777355650608857
     656.3676676676676607       0.9522201619402908
     656.3678678678678580       0.8969060092363786
     656.3680680680680553       0.8359961634620269
     656.3682682682682525       0.8692069558795460
     656.3684684684684498       0.9216476148954914
     656.3686686686686471       0.9589194898834411
     656.3688688688688444       0.8857417118030344
     656.3690690690690417       0.8696709619142731
     656.3692692692692390       0.8973599396622887
     656.3694694694694363       0.8072151386307038
     656.3696696696696335       0.9218066043996661
     656.3698698698698308       0.8426480062922650
     656.3700700700700281       0.8819397636568588
     656.3702702702702254       0.7868298407151628
     656.3704704704704227       0.9139649074844703
     656.3706706706706200       0.8452395721629986
     656.3708708708708173       0.8464695275958506
     656.3710710710710146       0.8214856230584739
     656.3712712712712118       0.9086237481252223
     656.3714714714714091       0.8305041255180967
     656.3716716716716064       0.8682973809540393
     656.3718718718718037       0.8407870863000882
     656.3720720720720010       0.8611876097607010
     656.3722722722721983       0.7925298091282960
     656.3724724724723956       0.7979733039564579
     656.3726726726725929       0.8819763768372396
     656.3728728728727901       0.8244265739523007
     656.3730730730729874       0.8746525319686937
     656.3732732732732984       0.8413042879323032
     656.3734734734734957       0.8663487177550686
     656.3736736736736930       0.8182626171252354
     656.3738738738738903       0.8661295934308648
     656.3740740740740875       0.8869139933535424
     656.3742742742742848       0.8371538135487696
     656.3744744744744821       0.8144198190354068
     656.3746746746746794       0.8643671383844045
     656.3748748748748767       0.8602117270285417
     656.3750750750750740       0.7362679423793157
     656.3752752752752713       0.8107828231014098
     656.3754754754754686       0.8427694032421307
     656.3756756756756658       0.8170785037319983
     656.3758758758758631       0.7536260172449372
     656.3760760760760604       0.8200883682905283
     656.3762762762762577       0.8462831017601027
     656.3764764764764550       0.8436025940005185
     656.3766766766766523       0.8073788509607359
     656.3768768768768496       0.7920167013598739
     656.3770770770770469       0.7682910429153778
     656.3772772772772441       0.9153438772608666
     656.3774774774774414       0.8764040833014696
     656.3776776776776387       0.8529492926439940
     656.3778778778778360       0.8102968956858775
     656.3780780780780333       0.7929953678231556
     656.3782782782782306       0.7873381765894404
     656.3784784784784279       0.8686897182465230
     656.3786786786786251       0.7192765683912858
     656.3788788788788224       0.8414231674444606
     656.3790790790790197       0.8762286573269160
     656.3792792792792170       0.8058153447552299
     656.3794794794794143       0.8093825238048059
     656.3796796796796116       0.7999645829332661
     656.3798798798798089       0.7423465059446249
     656.3800800800800062       0.7743256101222412
     656.3802802802802034       0.8460564274108897
     656.3804804804804007       0.7961769622002978
     656.3806806806805980       0.8529467599565781
     656.3808808808809090       0.8514540632407129
     656.3810810810811063       0.6923952192739413
     656.3812812812813036       0.7088755896971983
     656.3814814814815009       0.7219289301497841
     656.3816816816816981       0.7700710077091490
     656.3818818818818954       0.7831493082650933
     656.3820820820820927       0.8421728556287791
     656.3822822822822900       0.8090078434704356
     656.3824824824824873       0.9004514076413908
     656.3826826826826846       0.8267169320288181
     656.3828828828828819       0.7523678166603091
     656.3830830830830791       0.8924732724230858
     656.3832832832832764       0.8365266742827950
     656.3834834834834737       0.6953450788294738
     656.3836836836836710       0.7434855430786775
     656.3838838838838683       0.7621559208002131
     656.3840840840840656       0.8632266409042446
     656.3842842842842629       0.8646451515044393
     656.3844844844844602       0.8275008111584212
     656.3846846846846574       0.8250029536819045
     656.3848848848848547       0.8339557050337201
     656.3850850850850520       0.8036221180212506
     656.3852852852852493       0.7637473739544562
     656.3854854854854466       0.7298055420933800
     656.3856856856856439       0.8856146616369875
     656.3858858858858412       0.8048833029993581
     656.3860860860860384       0.7862844214451983
     656.3862862862862357       0.7430171964469973
     656.3864864864864330       0.7714264700903124
     656.3866866866866303       0.8055420359877641
     656.3868868868868276       0.8273913922273990
     656.3870870870870249       0.8364976157186218
     656.3872872872872222       0.8274002759788550
     656.3874874874874195       0.7995327136338406
     656.3876876876876167       0.7971228326319368
     656.3878878878878140       0.8240202587807863
     656.3880880880880113       0.8833684703311822
     656.3882882882882086       0.7953105771232772
     656.3884884884885196       0.7364996225285770
     656.3886886886887169       0.8111661394808252
     656.3888888888889142       0.7761177049245818
     656.3890890890891114       0.7732043620584002
     656.3892892892893087       0.8021857667014818
     656.3894894894895060       0.7682037175736177
     656.3896896896897033       0.8308221844741761
     656.3898898898899006       0.8579214843453714
     656.3900900900900979       0.7958133251120574
     656.3902902902902952       0.7517247480838785
     656.3904904904904924       0.7767792061132228
     656.3906906906906897       0.7714222527988863
     656.3908908908908870       0.8602780671446295
     656.3910910910910843       0.7611889513894701
     656.3912912912912816       0.7893203755658449
     656.3914914914914789       0.7927669645069707
     656.3916916916916762       0.8769098113584564
     656.3918918918918735       0.7979742720083804
     656.3920920920920707       0.8100771916315825
     656.3922922922922680       0.8425012892691169
     656.3924924924924653       0.8037728005824819
     656.3926926926926626       0.7947204798833208
     656.3928928928928599       0.8734244853164088
     656.3930930930930572       0.7719787193671368
     656.3932932932932545       0.8164305942469494
     656.3934934934934518       0.9091043444156086
     656.3936936936936490       0.7959461049329779
     656.3938938938938463       0.7106781733214735
     656.3940940940940436       0.8422485564249280
     656.3942942942942409       0.8680053464817019
     656.3944944944944382       0.8559446138894082
     656.3946946946946355       0.8398620947672325
     656.3948948948948328       0.8195801617945778
     656.3950950950950300       0.8261237748171053
     656.3952952952952273       0.8390337567865066
     656.3954954954954246       0.8185414569961726
     656.3956956956956219       0.8569873388249234
     656.3958958958958192       0.8735127337704233
     656.3960960960960165       0.8040005437084217
     656.3962962962963275       0.7624356449726436
     656.3964964964965247       0.8043180257366392
     656.3966966966967220       0.8136053397938695
     656.3968968968969193       0.8023228910400343
     656.3970970970971166       0.7409852152028531
     656.3972972972973139       0.8003175072424382
     656.3974974974975112       0.9105239496970152
     656.3976976976977085       0.8119086138343892
     656.3978978978979058       0.8485833483290641
     656.3980980980981030       0.8908827303936883
     656.3982982982983003       0.9589391423461199
     656.3984984984984976       0.8119377377224951
     656.3986986986986949       0.8715416296737888
     656.3988988988988922       0.8256077025821436
     656.3990990990990895       0.8822470900045624
     656.3992992992992868       0.8246519566363812
     656.3994994994994840       0.7893006335620800
     656.3996996996996813       0.8499989140576488
     656.3998998998998786       0.8087396825220828
     656.4001001001000759       0.8411712329607062
     656.4003003003002732       0.7232571933573200
     656.4005005005004705       0.9138151100364810
     656.4007007007006678       0.8486657869779879
     656.4009009009008651       0.8990861383754656
     656.4011011011010623       0.8243543817762988
     656.4013013013012596       0.8315483014439418
     656.4015015015014569       0.7682184080045085
     656.4017017017016542       0.7802587644087466
     656.4019019019018515       0.9189897073598119
     656.4021021021020488       0.8718581887154605
     656.4023023023022461       0.9141146870455270
     656.4025025025024433       0.7769708143194483
     656.4027027027026406       0.9242962028888360
     656.4029029029028379       0.8831257058136599
     656.4031031031030352       0.8165568964038875
     656.4033033033032325       0.8582489552837156
     656.4035035035034298       0.9181610311259359
     656.4037037037036271       0.7489698212350582
     656.4039039039039380       0.8445512466179419
     656.4041041041041353       0.7942030463871077
     656.4043043043043326       0.8563052460919379
     656.4045045045045299       0.8626374832723197
     656.4047047047047272       0.8000524588014464
     656.4049049049049245       0.8857566950799000
     656.4051051051051218       0.7991296959590249
     656.4053053053053191       0.7963575717538083
     656.4055055055055163       0.8573330948113567
     656.4057057057057136       0.7655624719702649
     656.4059059059059109       0.8702449477009501
     656.4061061061061082       0.7683477133043695
     656.4063063063063055       0.8387550848490287
     656.4065065065065028       0.9217600990992111
     656.4067067067067001       0.8463526264003552
     656.4069069069068973       0.8554068989069135
     656.4071071071070946       0.8759963279920836
     656.4073073073072919       0.8595401837703062
     656.4075075075074892       0.8817962001131440
     656.4077077077076865       0.9165405492261641
     656.4079079079078838       0.8530344827663892
     656.4081081081080811       0.8419515145117875
     656.4083083083082784       0.9140818269885370
     656.4085085085084756       0.8460174429995939
     656.4087087087086729       0.8930998378850183
     656.4089089089088702       0.9302700998700388
     656.4091091091090675       0.8796182847558975
     656.4093093093092648       0.8924753427997427
     656.4095095095094621       0.8094155557870464
     656.4097097097096594       0.8586621095470055
     656.4099099099098567       0.9057841658692415
     656.4101101101100539       0.8632604683591322
     656.4103103103102512       0.8894583051106160
     656.4105105105104485       0.8986357853947388
     656.4107107107106458       0.8277290720842367
     656.4109109109108431       1.0319672064340226
     656.4111111111110404       0.8591672007430373
     656.4113113113112377       0.9050337376669941
     656.4115115115114349       0.9461220274558776
     656.4117117117117459       0.8351181002608628
     656.4119119119119432       0.9402643472660414
     656.4121121121121405       0.8837400655557311
     656.4123123123123378       0.8710477641492252
     656.4125125125125351       0.9650596204827883
     656.4127127127127324       0.9541925102021916
     656.4129129129129296       0.8489924896894925
     656.4131131131131269       0.9136867429825467
     656.4133133133133242       0.8711416099665488
     656.4135135135135215       0.8434509992098068
     656.4137137137137188       0.9133609595461218
     656.4139139139139161       0.9078634880515037
     656.4141141141141134       0.9673238870500380
     656.4143143143143106       0.9862774935449496
     656.4145145145145079       0.8444953513613381
     656.4147147147147052       1.0317722944155514
     656.4149149149149025       0.9450326622237002
     656.4151151151150998       0.8918451820915938
     656.4153153153152971       0.8974737113345198
     656.4155155155154944       0.8812330741990727
     656.4157157157156917       0.8771947219300810
     656.4159159159158889       0.8598725281721125
     656.4161161161160862       0.9409742736198901
     656.4163163163162835       0.8782377365841485
     656.4165165165164808       0.9854704941414558
     656.4167167167166781       0.9476544867834786
     656.4169169169168754       0.8669869817941133
     656.4171171171170727       0.9226845816787574
     656.4173173173172700       0.9438038973873996
     656.4175175175174672       0.9100910700238614
     656.4177177177176645       0.9303694695401932
     656.4179179179178618       0.9719363970378879
     656.4181181181180591       0.9289224708126499
     656.4183183183182564       0.9169172966379677
     656.4185185185184537       0.9203822353228363
     656.4187187187186510       0.9577517304510985
     656.4189189189188482       0.9360487762520963
     656.4191191191190455       0.9940480702110565
     656.4193193193193565       0.9553319174090958
     656.4195195195195538       0.9849185978704789
     656.4197197197197511       1.0187373155029167
     656.4199199199199484       0.8455828506856229
     656.4201201201201457       0.9445694636382025
     656.4203203203203429       0.8365837509476377
     656.4205205205205402       0.9533126387127467
     656.4207207207207375       0.8649272856951191
     656.4209209209209348       0.8803427493834032
     656.4211211211211321       0.9222914582289522
     656.4213213213213294       0.9062089063891197
     656.4215215215215267       1.0260701891960227
     656.4217217217217240       1.0023040566180672
     656.4219219219219212       0.9151544196829231
     656.4221221221221185       0.9615868821886472
     656.4223223223223158       0.9918638121764327
     656.4225225225225131       0.9444888993805631
     656.4227227227227104       0.9801577737472392
     656.4229229229229077       0.9809631280931169
     656.4231231231231050       0.9187578032641774
     656.4233233233233022       0.9326676898330569
     656.4235235235234995       0.9621777137217279
     656.4237237237236968       0.9917078158093197
     656.4239239239238941       0.9417551767786019
     656.4241241241240914       1.0376315924326738
     656.4243243243242887       0.9731030726391782
     656.4245245245244860       0.9890199259198893
     656.4247247247246833       0.9727271405704618
     656.4249249249248805       0.9488141842581060
     656.4251251251250778       1.0119305622495518
     656.4253253253252751       0.9685568982653406
     656.4255255255254724       0.8504008119851482
     656.4257257257256697       1.0348179355866574
     656.4259259259258670       0.9805015528092655
     656.4261261261260643       0.9989883207485041
     656.4263263263262616       0.9576025271022105
     656.4265265265264588       0.9841906613980655
     656.4267267267266561       0.9975871575161024
     656.4269269269269671       1.0597026401329148
     656.4271271271271644       0.9191745797454599
     656.4273273273273617       0.9544665212877519
     656.4275275275275590       0.9694373266245654
     656.4277277277277562       0.9752239327099154
     656.4279279279279535       0.8744146720440136
     656.4281281281281508       0.9748904291505960
     656.4283283283283481       0.9486591119842983
     656.4285285285285454       0.9789993002505183
     656.4287287287287427       0.9126663281840151
     656.4289289289289400       0.9864483758359383
     656.4291291291291373       1.0318481656276624
     656.4293293293293345       0.9928638664943124
     656.4295295295295318       0.9679409350452065
     656.4297297297297291       0.9757944894282208
     656.4299299299299264       1.0649215525853091
     656.4301301301301237       0.9708447121575864
     656.4303303303303210       1.0134464490579198
     656.4305305305305183       0.8821320790932865
     656.4307307307307155       0.8770876573651404
     656.4309309309309128       0.9665734435845502
     656.4311311311311101       1.0156039222250390
     656.4313313313313074       0.9532207408930966
     656.4315315315315047       0.9856112499412351
     656.4317317317317020       1.0229531425934180
     656.4319319319318993       0.9884786336293023
     656.4321321321320966       1.0336099433439963
     656.4323323323322938       0.9927903049082443
     656.4325325325324911       0.9198581761038034
     656.4327327327326884       0.9002098099377552
     656.4329329329328857       1.0263195301352761
     656.4331331331330830       0.9408412839736725
     656.4333333333332803       1.0760327069986309
     656.4335335335334776       1.0029041117094186
     656.4337337337336749       0.9445629467566412
     656.4339339339338721       0.9118329306158457
     656.4341341341340694       1.0151853133437010
     656.4343343343342667       1.0191549015995023
     656.4345345345344640       1.0643935417384609
     656.4347347347347750       0.9891842091362847
     656.4349349349349723       0.9588598955853348
     656.4351351351351695       0.9816122246304153
     656.4353353353353668       0.9915387781896998
     656.4355355355355641       0.9852803604544442
     656.4357357357357614       0.8659017355239141
     656.4359359359359587       1.0212715289666638
     656.4361361361361560       1.0097146868311144
     656.4363363363363533       0.9378149651747895
     656.4365365365365506       1.0511056930047553
     656.4367367367367478       1.0102540535843154
     656.4369369369369451       0.9643369466677846
     656.4371371371371424       0.9487056133322166
     656.4373373373373397       1.0110360560573937
     656.4375375375375370       0.9888677588119573
     656.4377377377377343       1.0518103601555469
     656.4379379379379316       1.0475718615987919
     656.4381381381381289       0.9918717886097510
     656.4383383383383261       1.0444537949612505
     656.4385385385385234       0.9160275328788435
     656.4387387387387207       0.9625287705249532
     656.4389389389389180       1.0238110882707367
     656.4391391391391153       0.9925619038991165
     656.4393393393393126       0.9778612911025233
     656.4395395395395099       0.9265128970450347
     656.4397397397397071       1.0517302391452721
     656.4399399399399044       1.0110974444144005
     656.4401401401401017       1.0223659343097364
     656.4403403403402990       0.9875163426055690
     656.4405405405404963       0.9780748934429281
     656.4407407407406936       0.9561548590430755
     656.4409409409408909       1.0224804775925982
     656.4411411411410882       1.0079896735507994
     656.4413413413412854       1.0354685795688776
     656.4415415415414827       1.0260653537141158
     656.4417417417416800       1.0343919590091430
     656.4419419419418773       0.9509616154620701
     656.4421421421420746       0.9673292796734020
     656.4423423423423856       1.0403119861217767
     656.4425425425425829       0.9841994128485009
     656.4427427427427801       1.0113902039108731
     656.4429429429429774       0.9123720182838928
     656.4431431431431747       1.0126531395135294
     656.4433433433433720       1.0545358870063328
     656.4435435435435693       1.0007547715953597
     656.4437437437437666       1.0765324972572841
     656.4439439439439639       0.9159719991991997
     656.4441441441441611       0.9879300559075657
     656.4443443443443584       1.0294076578514046
     656.4445445445445557       1.0224852991412856
     656.4447447447447530       0.9074259012321120
     656.4449449449449503       1.0336097212729602
     656.4451451451451476       1.0583504207612924
     656.4453453453453449       1.0239230979330993
     656.4455455455455422       1.0232109618726715
     656.4457457457457394       1.0522777344968002
     656.4459459459459367       0.9677969459595801
     656.4461461461461340       1.0312318826986435
     656.4463463463463313       0.9815487771933104
     656.4465465465465286       1.0727214651363997
     656.4467467467467259       0.9876341859649074
     656.4469469469469232       0.9322619097696511
     656.4471471471471204       1.0494781419926689
     656.4473473473473177       0.9537885066480193
     656.4475475475475150       1.0175077202773766
     656.4477477477477123       1.0430827052594316
     656.4479479479479096       0.9714786310362229
     656.4481481481481069       0.9456211927691197
     656.4483483483483042       0.9694020409373958
     656.4485485485485015       0.9311474694717268
     656.4487487487486987       0.9752808275963236
     656.4489489489488960       0.9329357954498944
     656.4491491491490933       1.0635043169378040
     656.4493493493492906       1.0374120103733802
     656.4495495495494879       1.0032569889031155
     656.4497497497496852       0.9775318133555351
     656.4499499499498825       0.8989286554579607
     656.4501501501501934       1.0023576326249870
     656.4503503503503907       0.9734740507244617
     656.4505505505505880       0.9811657690343715
     656.4507507507507853       1.0493909167976756
     656.4509509509509826       1.0143133880262409
     656.4511511511511799       0.9818157082121206
     656.4513513513513772       0.9870171076462499
     656.4515515515515744       0.9868818609500909
     656.4517517517517717       1.0135530897891316
     656.4519519519519690       1.0929226974334021
     656.4521521521521663       0.9947900738138258
     656.4523523523523636       0.9828362184979749
     656.4525525525525609       0.9229237499732048
     656.4527527527527582       1.0354436266653000
     656.4529529529529555       0.9258294135198084
     656.4531531531531527       0.9953091137264836
     656.4533533533533500       0.9837464474410619
     656.4535535535535473       1.1113353644759396
     656.4537537537537446       0.9994494256418531
     656.4539539539539419       1.0840832922344972
     656.4541541541541392       0.9410925559351400
     656.4543543543543365       0.8645536123755135
     656.4545545545545338       0.9917150765781239
     656.4547547547547310       0.9770569324523116
     656.4549549549549283       1.0204356812201389
     656.4551551551551256       0.9843544311093670
     656.4553553553553229       0.9849379113877362
     656.4555555555555202       1.0239416149141678
     656.4557557557557175       1.0054731482867161
     656.4559559559559148       1.0072977742888760
     656.4561561561561120       1.0098649213455435
     656.4563563563563093       1.0167503420726605
     656.4565565565565066       0.9844870025018237
     656.4567567567567039       0.9441717831410046
     656.4569569569569012       0.9616659535790796
     656.4571571571570985       1.0217177853789567
     656.4573573573572958       0.9994562029835347
     656.4575575575574931       1.0205929494124111
     656.4577577577578040       0.9068687191438728
     656.4579579579580013       0.9227676074165350
     656.4581581581581986       1.0018289641866245
     656.4583583583583959       1.0357683970521787
     656.4585585585585932       0.9754954908601460
     656.4587587587587905       0.9274361220611533
     656.4589589589589878       0.9211619258998753
     656.4591591591591850       1.0235669131927740
     656.4593593593593823       0.9351334960119634
     656.4595595595595796       0.9578457521003992
     656.4597597597597769       0.9941854023321952
     656.4599599599599742       0.9783624144362567
     656.4601601601601715       0.9699600615748789
     656.4603603603603688       1.0600670262252705
     656.4605605605605660       1.0928871183520235
     656.4607607607607633       0.9886755336920152
     656.4609609609609606       0.9956536376070402
     656.4611611611611579       1.1006494325137361
     656.4613613613613552       0.9663257225250901
     656.4615615615615525       1.0220614937088193
     656.4617617617617498       1.1102097630376524
     656.4619619619619471       0.9984872293126380
     656.4621621621621443       1.0146586762464660
     656.4623623623623416       1.0210182540605965
     656.4625625625625389       0.9791823484048171
     656.4627627627627362       0.9951811994956608
     656.4629629629629335       0.9874746598137774
     656.4631631631631308       1.0530267356928398
     656.4633633633633281       0.9720821079792762
     656.4635635635635253       1.0473356734112156
     656.4637637637637226       1.0729533080356255
     656.4639639639639199       0.9433161252743076
     656.4641641641641172       0.9589836345362461
     656.4643643643643145       1.0403122208914921
     656.4645645645645118       0.9417026772647686
     656.4647647647647091       1.0229784421942130
     656.4649649649649064       0.9295610383592289
     656.4651651651651036       1.0233781080719053
     656.4653653653653009       1.0426868868243517
     656.4655655655656119       0.9748877857133805
     656.4657657657658092       0.9923854411303774
     656.4659659659660065       0.9719197783750677
     656.4661661661662038       0.9444464300272924
     656.4663663663664011       1.0121555592766756
     656.4665665665665983       1.0103633925227782
     656.4667667667667956       1.0241353042780199
     656.4669669669669929       0.9765094272448130
     656.4671671671671902       1.0124118494235155
     656.4673673673673875       0.9874748395669067
     656.4675675675675848       0.9693259512952727
     656.4677677677677821       1.0206693162060057
     656.4679679679679793       1.0449923870652578
     656.4681681681681766       1.0918785079957916
     656.4683683683683739       1.0439355788144096
     656.4685685685685712       1.0115758126317533
     656.4687687687687685       0.8643574571592385
     656.4689689689689658       1.0267550300718360
     656.4691691691691631       0.9365620383597841
     656.4693693693693604       1.0102306855422287
     656.4695695695695576       1.0391996485045061
     656.4697697697697549       0.9684386413010916
     656.4699699699699522       0.9428152967375497
     656.4701701701701495       1.0522421329125833
     656.4703703703703468       0.9905803233694546
     656.4705705705705441       0.9638635170175220
     656.4707707707707414       1.0292318815571277
     656.4709709709709387       0.9854559553312252
     656.4711711711711359       1.0251596606692368
     656.4713713713713332       0.9858310505845291
     656.4715715715715305       1.0597446336427885
     656.4717717717717278       0.8625022516268832
     656.4719719719719251       0.9967503546985067
     656.4721721721721224       1.0349978475178756
     656.4723723723723197       0.9433384425440511
     656.4725725725725169       0.9367294588816566
     656.4727727727727142       1.0057653637501456
     656.4729729729729115       1.0135049719355167
     656.4731731731732225       0.9966992612414565
     656.4733733733734198       1.0807278069687616
     656.4735735735736171       0.9657873314655393
     656.4737737737738144       0.9586527021992086
     656.4739739739740116       0.9768157348677461
     656.4741741741742089       1.0430699940768713
     656.4743743743744062       1.0346276164188790
     656.4745745745746035       0.9489779122529735
     656.4747747747748008       1.0117269696151736
     656.4749749749749981       0.9727226219662560
     656.4751751751751954       0.9791163640527998
     656.4753753753753927       0.9621270754757404
     656.4755755755755899       0.9748609611023122
     656.4757757757757872       1.0177547564910512
     656.4759759759759845       0.9820232432615689
     656.4761761761761818       0.8905387884961699
     656.4763763763763791       1.0132445914174180
     656.4765765765765764       0.9789095925470976
     656.4767767767767737       1.0388587556713302
     656.4769769769769709       0.9739214014478403
     656.4771771771771682       1.0079718277638605
     656.4773773773773655       0.9807040194983517
     656.4775775775775628       0.9746785577063131
     656.4777777777777601       0.9562738991705879
     656.4779779779779574       0.9561977746437750
     656.4781781781781547       0.9476821021172751
     656.4783783783783520       0.9917684227744675
     656.4785785785785492       1.0289570367525753
     656.4787787787787465       0.9261568535388631
     656.4789789789789438       1.0002152785888132
     656.4791791791791411       0.9460424326225171
     656.4793793793793384       0.9655731233536088
     656.4795795795795357       1.0718874589849268
     656.4797797797797330       0.9741347653342468
     656.4799799799799302       1.0132177793427779
     656.4801801801801275       1.0153709716429176
     656.4803803803803248       0.9841623298479495
     656.4805805805805221       0.9634821415993137
     656.4807807807808331       1.0808476502681705
     656.4809809809810304       0.9845625885684545
     656.4811811811812277       1.0574014235701792
     656.4813813813814249       0.9945233041034530
     656.4815815815816222       0.9757495075952790
     656.4817817817818195       0.9733613525783519
     656.4819819819820168       0.9509779300297331
     656.4821821821822141       1.0861571874099800
     656.4823823823824114       0.9166810565120294
     656.4825825825826087       1.1124148180457676
     656.4827827827828060       1.0843270740224722
     656.4829829829830032       0.9659459530040947
     656.4831831831832005       0.9647354200945798
     656.4833833833833978       0.9872643902186750
     656.4835835835835951       0.9629650285161581
     656.4837837837837924       0.9801287381449754
     656.4839839839839897       1.0172011368289819
     656.4841841841841870       0.9511337870410775
     656.4843843843843842       0.9990629108256076
     656.4845845845845815       0.9254992585850801
     656.4847847847847788       0.9969058714812281
     656.4849849849849761       0.9881113859151239
     656.4851851851851734       0.9167770718301702
     656.4853853853853707       1.0998356802737668
     656.4855855855855680       1.0319702675585911
     656.4857857857857653       1.0670295109803380
     656.4859859859859625       0.9287208444893038
     656.4861861861861598       1.0650640670843166
     656.4863863863863571       0.9841630822958659
     656.4865865865865544       0.9505812086073350
     656.4867867867867517       1.0469316982576373
     656.4869869869869490       1.0470149207288588
     656.4871871871871463       0.9506113559641786
     656.4873873873873436       0.9904073625870157
     656.4875875875875408       1.0003415809922105
     656.4877877877877381       0.9260528428487658
     656.4879879879879354       1.0742959963957606
     656.4881881881881327       0.9997162284314558
     656.4883883883883300       1.0523319765675210
     656.4885885885886410       1.0041415732149270
     656.4887887887888382       0.9301330677715869
     656.4889889889890355       1.0200476629522950
     656.4891891891892328       0.9453499557131523
     656.4893893893894301       0.9582604892332183
     656.4895895895896274       1.0676736568073468
     656.4897897897898247       1.0126360964068351
     656.4899899899900220       1.0912994697416447
     656.4901901901902193       1.0356641045459929
     656.4903903903904165       1.0936620130751025
     656.4905905905906138       1.0029233156343322
     656.4907907907908111       0.9879301208867372
     656.4909909909910084       1.0133441502598406
     656.4911911911912057       1.0525298680459567
     656.4913913913914030       0.9908946634365875
     656.4915915915916003       0.9795704867982408
     656.4917917917917976       0.9874367081953532
     656.4919919919919948       1.0201213938089444
     656.4921921921921921       1.0090220366780227
     656.4923923923923894       0.9931371638290909
     656.4925925925925867       0.9816005896685914
     656.4927927927927840       1.0535080107976400
     656.4929929929929813       1.0856127551533719
     656.4931931931931786       1.0074202394267378
     656.4933933933933758       1.0084780596830876
     656.4935935935935731       0.9807637538417167
     656.4937937937937704       1.0040011848626558
     656.4939939939939677       1.0239426954707305
     656.4941941941941650       1.0006233289952069
     656.4943943943943623       1.0450295775921374
     656.4945945945945596       0.9985100349908582
     656.4947947947947569       0.9350475333527035
     656.4949949949949541       0.9093034908944160
     656.4951951951951514       1.0083576089999629
     656.4953953953953487       0.9346658562852852
     656.4955955955955460       0.9335557492282951
     656.4957957957957433       0.9651302846360188
     656.4959959959959406       1.0373655586491826
     656.4961961961962515       0.9868833037352767
     656.4963963963964488       1.0638058854517602
     656.4965965965966461       0.9840786212235377
     656.4967967967968434       0.9912374059654412
     656.4969969969970407       0.9688771540305580
     656.4971971971972380       1.0127093695410578
     656.4973973973974353       1.0130126601161846
     656.4975975975976326       1.0643207271949935
     656.4977977977978298       1.0302644402145351
     656.4979979979980271       0.9874252009359417
     656.4981981981982244       1.0246144991228179
     656.4983983983984217       1.0064645720218055
     656.4985985985986190       1.0517429321386988
     656.4987987987988163       0.9221849568498760
     656.4989989989990136       1.0662759251538276
     656.4991991991992109       1.0066705562436074
     656.4993993993994081       1.0316109606436767
     656.4995995995996054       1.0629939075607773
     656.4997997997998027       1.0148328726471136
     656.5000000000000000       0.9274034408155645
