     656.2999999999999545       1.0816616413332538
     656.3002002002001518       1.0169866229505886
     656.3004004004003491       0.9897206634792763
     656.3006006006005464       0.9888974583402723
     656.3008008008007437       1.0666175337824897
     656.3010010010009410       1.0197343930665668
     656.3012012012011382       0.9102531788893778
     656.3014014014013355       0.9834488196310983
     656.3016016016015328       1.0285249338916338
     656.3018018018017301       1.0205113058363811
     656.3020020020019274       1.0347011400858317
     656.3022022022021247       0.9808424160785000
     656.3024024024023220       0.9830062334047837
     656.3026026026025193       0.9714161769250012
     656.3028028028027165       0.9680916521998695
     656.3030030030029138       1.0091020650934808
     656.3032032032031111       0.9501923731521069
     656.3034034034033084       1.0054898050124228
     656.3036036036035057       1.0027133757369155
     656.3038038038037030       1.0104384926474324
     656.3040040040040140       0.9979683738183381
     656.3042042042042112       0.9562088227171909
     656.3044044044044085       0.9741627296410703
     656.3046046046046058       0.9973019252173452
     656.3048048048048031       0.9624860650089566
     656.3050050050050004       0.9472554431266352
     656.3052052052051977       0.9944436916761230
     656.3054054054053950       0.9373190120528703
     656.3056056056055922       0.9897817881700742
     656.3058058058057895       0.9616285529276501
     656.3060060060059868       0.9951824498545782
     656.3062062062061841       0.9350094140609441
     656.3064064064063814       0.9639300158053787
     656.3066066066065787       0.9701035324643422
     656.3068068068067760       1.0376282578645748
     656.3070070070069733       0.9440629986586823
     656.3072072072071705       1.0756627501941542
     656.3074074074073678       0.9698168012596772
     656.3076076076075651       1.0885655194360906
     656.3078078078077624       0.9993737836932381
     656.3080080080079597       0.9857192096906030
     656.3082082082081570       1.0444737358904677
     656.3084084084083543       1.0210310352448175
     656.3086086086085515       0.9779380441158635
     656.3088088088087488       1.0590541642435332
     656.3090090090089461       0.9675647269922499
     656.3092092092091434       0.9991184839133994
     656.3094094094093407       1.0080826300611148
     656.3096096096095380       0.9965696133099758
     656.3098098098097353       0.9872693798945219
     656.3100100100099326       0.9479587942910300
     656.3102102102101298       1.0412668038405228
     656.3104104104103271       1.0144419896087360
     656.3106106106105244       1.0589843888271915
     656.3108108108107217       0.9672122106889719
     656.3110110110109190       0.9981882670222167
     656.3112112112111163       1.0151388676642625
     656.3114114114113136       0.9803049460950011
     656.3116116116116245       0.9867121907509918
     656.3118118118118218       1.0059953214698447
     656.3120120120120191       0.8934947344643140
     656.3122122122122164       0.9723402652694997
     656.3124124124124137       0.9759724181250968
     656.3126126126126110       1.0186678849622957
     656.3128128128128083       1.0040235796397985
     656.3130130130130055       0.9549727973920147
     656.3132132132132028       1.0037527426239874
     656.3134134134134001       1.0703024349197721
     656.3136136136135974       0.9943920778758247
     656.3138138138137947       1.0418014833243769
     656.3140140140139920       0.9775364258031742
     656.3142142142141893       1.0620687014645394
     656.3144144144143866       0.9924629612747137
     656.3146146146145838       0.9583635321947364
     656.3148148148147811       1.0007569609403490
     656.3150150150149784       0.9744401383209376
     656.3152152152151757       0.9894218686399576
     656.3154154154153730       1.0367199567835264
     656.3156156156155703       0.9827896720774006
     656.3158158158157676       1.0134722442982784
     656.3160160160159649       1.0695798269676824
     656.3162162162161621       0.9886513408815020
     656.3164164164163594       0.9618290472572376
     656.3166166166165567       0.9792927678635407
     656.3168168168167540       1.1855793738080833
     656.3170170170169513       0.9664868372453880
     656.3172172172171486       0.9648526248555963
     656.3174174174173459       1.0131225916064064
     656.3176176176175431       1.0871153849172650
     656.3178178178177404       0.9803509990749409
     656.3180180180179377       1.0178259014908666
     656.3182182182181350       0.9585064173616582
     656.3184184184183323       1.0160428887864312
     656.3186186186185296       0.9815059834841406
     656.3188188188187269       1.0364766019565188
     656.3190190190189242       1.0049372995670736
     656.3192192192191214       1.0682721122282341
     656.3194194194194324       1.0410418734974383
     656.3196196196196297       1.0155429851526203
     656.3198198198198270       0.9308870332925259
     656.3200200200200243       0.9427493946765696
     656.3202202202202216       0.9772373796060052
     656.3204204204204188       0.9153393104322843
     656.3206206206206161       0.9869026665237178
     656.3208208208208134       1.0285970245193536
     656.3210210210210107       0.9327010695281994
     656.3212212212212080       1.0080717399732362
     656.3214214214214053       1.0100409311331606
     656.3216216216216026       0.9590894885962095
     656.3218218218217999       1.1392530261492544
     656.3220220220219971       1.0281868237550191
     656.3222222222221944       0.9296338844100492
     656.3224224224223917       1.0474581693373894
     656.3226226226225890       1.0656783622226258
     656.3228228228227863       0.9736875935341289
     656.3230230230229836       0.9768665508049484
     656.3232232232231809       0.9994945025668620
     656.3234234234233782       0.9808802900878855
     656.3236236236235754       0.9832184292455394
     656.3238238238237727       1.0029082688741280
     656.3240240240239700       1.1097039120345740
     656.3242242242241673       1.0807961504406434
     656.3244244244243646       1.0417654399412055
     656.3246246246245619       0.9748702732870137
     656.3248248248247592       0.9437314236799662
     656.3250250250249564       1.0752303792264715
     656.3252252252251537       1.0560980014721491
     656.3254254254253510       1.0029529937858572
     656.3256256256255483       0.9544064056105271
     656.3258258258257456       0.9929732070773888
     656.3260260260259429       1.0241868534145917
     656.3262262262261402       0.9606830512448065
     656.3264264264263375       0.9520709915728655
     656.3266266266265347       0.9962288607943665
     656.3268268268267320       0.9368797076794189
     656.3270270270270430       0.9510182132863794
     656.3272272272272403       1.0174683514240899
     656.3274274274274376       1.0203700313531705
     656.3276276276276349       1.0044978875234933
     656.3278278278278322       0.9845588081523273
     656.3280280280280294       1.0416691522600678
     656.3282282282282267       0.9252771881451343
     656.3284284284284240       0.9159319441340259
     656.3286286286286213       0.9891614189312081
     656.3288288288288186       1.0200705967888610
     656.3290290290290159       1.0685514553042070
     656.3292292292292132       1.0202481999036412
     656.3294294294294104       0.9470969292845158
     656.3296296296296077       0.9734173412701653
     656.3298298298298050       0.9807006483789859
     656.3300300300300023       0.9608566019401306
     656.3302302302301996       1.0346899969230623
     656.3304304304303969       0.9705008508173399
     656.3306306306305942       0.9447156426718825
     656.3308308308307915       1.0666805877934658
     656.3310310310309887       0.9261036530053278
     656.3312312312311860       0.9284358577655352
     656.3314314314313833       0.9785129425748459
     656.3316316316315806       0.9770153746167642
     656.3318318318317779       1.0330054631967127
     656.3320320320319752       1.0091047347082132
     656.3322322322321725       0.9453652235029821
     656.3324324324323698       1.0269452583567829
     656.3326326326325670       1.0319369748685998
     656.3328328328327643       1.0439549060316233
     656.3330330330329616       1.0428436223984301
     656.3332332332331589       0.9964673322895009
     656.3334334334333562       0.9566376532093050
     656.3336336336335535       0.8944522970450012
     656.3338338338337508       0.9578499071065497
     656.3340340340339480       0.9873630504903084
     656.3342342342341453       1.0193333897127195
     656.3344344344343426       1.0743311510432492
     656.3346346346346536       0.9477518983572999
     656.3348348348348509       1.0114176683140035
     656.3350350350350482       1.0238236903405267
     656.3352352352352455       0.9431207446773250
     656.3354354354354427       0.9917045803902933
     656.3356356356356400       1.0437057394684657
     656.3358358358358373       0.9697992780560997
     656.3360360360360346       0.9213222723469504
     656.3362362362362319       0.9640456437095556
     656.3364364364364292       1.0838831348800377
     656.3366366366366265       0.9840911934706335
     656.3368368368368237       0.9829094125935780
     656.3370370370370210       0.9935602225279337
     656.3372372372372183       1.0115069662934546
     656.3374374374374156       0.9162761423394914
     656.3376376376376129       1.0523576616622989
     656.3378378378378102       0.9264388843944191
     656.3380380380380075       0.8756432359601739
     656.3382382382382048       0.9950737324419749
     656.3384384384384020       0.9907118062545437
     656.3386386386385993       1.0042386740211304
     656.3388388388387966       0.9651802675679177
     656.3390390390389939       1.0508273820740743
     656.3392392392391912       0.9426583929814971
     656.3394394394393885       1.0535214678338625
     656.3396396396395858       0.9279338723239086
     656.3398398398397831       0.9302094265467077
     656.3400400400399803       1.0875860350888780
     656.3402402402401776       1.0248766371841216
     656.3404404404403749       0.9793436752931919
     656.3406406406405722       1.0101193095341641
     656.3408408408407695       0.9700145460056122
     656.3410410410409668       0.9485191920778473
     656.3412412412411641       0.9781860868232342
     656.3414414414413613       0.9564318019897634
     656.3416416416415586       0.9258416345991601
     656.3418418418417559       1.0806622477973518
     656.3420420420419532       0.9670163651366168
     656.3422422422421505       0.9385517749221607
     656.3424424424424615       0.9064233855180305
     656.3426426426426588       1.0003907239886098
     656.3428428428428560       1.0639702680171008
     656.3430430430430533       0.9917307490590087
     656.3432432432432506       1.0333448645295786
     656.3434434434434479       0.9901796362281634
     656.3436436436436452       0.9918413431135494
     656.3438438438438425       0.9960401251967405
     656.3440440440440398       1.0522542263874810
     656.3442442442442371       1.0009405665864270
     656.3444444444444343       0.9458879025684934
     656.3446446446446316       0.8902623375035490
     656.3448448448448289       1.0566815514266135
     656.3450450450450262       0.9502094378714396
     656.3452452452452235       1.0579981996242906
     656.3454454454454208       1.0394176288538723
     656.3456456456456181       0.9904314969456033
     656.3458458458458153       1.0145367275330597
     656.3460460460460126       1.0054585968336540
     656.3462462462462099       0.9760555061008120
     656.3464464464464072       0.9341566464849392
     656.3466466466466045       0.9594448638908100
     656.3468468468468018       0.9626447043031633
     656.3470470470469991       0.9333112642817992
     656.3472472472471964       0.8819641538815333
     656.3474474474473936       0.9803482776260709
     656.3476476476475909       0.9943042982546723
     656.3478478478477882       0.9973199294298908
     656.3480480480479855       0.9380194783168915
     656.3482482482481828       0.9662298001499174
     656.3484484484483801       1.0022248956197291
     656.3486486486485774       0.9540476923629940
     656.3488488488487747       0.9603985822460320
     656.3490490490489719       0.9155006761731290
     656.3492492492491692       0.9333049862928420
     656.3494494494493665       1.0078766512557817
     656.3496496496495638       1.0694741367329872
     656.3498498498497611       1.0362837341675766
     656.3500500500500721       0.9319131977304467
     656.3502502502502693       0.9656829478276960
     656.3504504504504666       0.9117119022601711
     656.3506506506506639       1.0431353805039119
     656.3508508508508612       1.0178341367946278
     656.3510510510510585       0.8639142628872006
     656.3512512512512558       1.0220654121536890
     656.3514514514514531       1.0468094379659043
     656.3516516516516504       1.0046698926367350
     656.3518518518518476       1.0018675678095499
     656.3520520520520449       0.9623073460296245
     656.3522522522522422       0.8624501014350585
     656.3524524524524395       0.9176138585482569
     656.3526526526526368       0.9849077456560523
     656.3528528528528341       0.9506746432705093
     656.3530530530530314       0.9685440887845684
     656.3532532532532286       0.9955069838061315
     656.3534534534534259       0.9573585388280154
     656.3536536536536232       0.9343800274179513
     656.3538538538538205       0.9632272314265213
     656.3540540540540178       0.9498607314828170
     656.3542542542542151       0.9299928248898396
     656.3544544544544124       1.0393649634955175
     656.3546546546546097       0.9666284263842059
     656.3548548548548069       0.9329024865049504
     656.3550550550550042       0.9070105734838356
     656.3552552552552015       0.9644256992687059
     656.3554554554553988       0.9710505509194275
     656.3556556556555961       0.9349995406351654
     656.3558558558557934       1.0041914282114113
     656.3560560560559907       0.8363106442985555
     656.3562562562561880       0.8761055993520229
     656.3564564564563852       0.9542428957629837
     656.3566566566565825       0.8965865208818989
     656.3568568568567798       0.9297699680886091
     656.3570570570569771       0.9795779742632406
     656.3572572572571744       0.9016886092730843
     656.3574574574573717       0.8692617062041119
     656.3576576576575690       0.9889044149547176
     656.3578578578578799       0.9265293126441414
     656.3580580580580772       0.9329502395223939
     656.3582582582582745       0.8825031364964239
     656.3584584584584718       0.9212297029496093
     656.3586586586586691       0.8463317477998841
     656.3588588588588664       0.9289724949735600
     656.3590590590590637       1.0480175761819952
     656.3592592592592609       0.9231412902025025
     656.3594594594594582       0.9334707404886325
     656.3596596596596555       0.8827803085140790
     656.3598598598598528       0.8858474878743781
     656.3600600600600501       0.8980306359492672
     656.3602602602602474       0.9180577101250738
     656.3604604604604447       0.8635147972574264
     656.3606606606606420       0.9767717675597475
     656.3608608608608392       1.0336817934298954
     656.3610610610610365       0.8640892606806255
     656.3612612612612338       0.9180641522802195
     656.3614614614614311       0.9631441891292417
     656.3616616616616284       0.8584452516039112
     656.3618618618618257       0.9564856713548073
     656.3620620620620230       0.8557148801317482
     656.3622622622622202       0.8563300475079489
     656.3624624624624175       0.9015664566542452
     656.3626626626626148       0.8992315335429435
     656.3628628628628121       0.9093848850994670
     656.3630630630630094       0.8334704303646768
     656.3632632632632067       0.9518080852642643
     656.3634634634634040       0.9008854341558367
     656.3636636636636013       0.9592074039539482
     656.3638638638637985       0.9329240176808790
     656.3640640640639958       0.8996903514207170
     656.3642642642641931       1.0012530741710690
     656.3644644644643904       0.8978698492950018
     656.3646646646645877       0.8429700408304132
     656.3648648648647850       0.8710433404040385
     656.3650650650649823       0.8636585935310163
     656.3652652652651796       0.8837954992311274
     656.3654654654654905       0.8137457960069623
     656.3656656656656878       0.8908797157594517
     656.3658658658658851       0.9047144156270116
     656.3660660660660824       1.0056807639580003
     656.3662662662662797       0.9586485536070505
     656.3664664664664770       0.9018179674995280
     656.3666666666666742       0.8948661789551881
     656.3668668668668715       0.9729311079813744
     656.3670670670670688       0.8832466754534005
     656.3672672672672661       0.8427427934117218
     656.3674674674674634       0.9412141569127758
     656.3676676676676607       0.8887221978803568
     656.3678678678678580       0.8534103700090480
     656.3680680680680553       0.9251478998108943
     656.3682682682682525       0.7793709051232703
     656.3684684684684498       0.9091333347401903
     656.3686686686686471       0.7957453822126571
     656.3688688688688444       0.8657144077348267
     656.3690690690690417       0.8839825274661799
     656.3692692692692390       0.8709801839641442
     656.3694694694694363       0.8746099519933292
     656.3696696696696335       0.7894892215573638
     656.3698698698698308       0.8758191054372304
     656.3700700700700281       0.7942848405680102
     656.3702702702702254       0.8511169295265604
     656.3704704704704227       0.9344884034566269
     656.3706706706706200       0.8424373547837862
     656.3708708708708173       0.9164667730416981
     656.3710710710710146       0.9022041142849087
     656.3712712712712118       0.9024273908154040
     656.3714714714714091       0.8890928407882583
     656.3716716716716064       0.7858346333727362
     656.3718718718718037       0.8730707044149769
     656.3720720720720010       0.7996388281794780
     656.3722722722721983       0.8098897774031277
     656.3724724724723956       0.8583938509863928
     656.3726726726725929       0.9172899309453825
     656.3728728728727901       0.8383200571589304
     656.3730730730729874       0.9063884178570318
     656.3732732732732984       0.9522399163464572
     656.3734734734734957       0.8600705130234254
     656.3736736736736930       0.9205880901059731
     656.3738738738738903       0.7611950630981803
     656.3740740740740875       0.8639079881408778
     656.3742742742742848       0.8247302404869458
     656.3744744744744821       0.8596452632852156
     656.3746746746746794       0.7702672106907991
     656.3748748748748767       0.8178604532087375
     656.3750750750750740       0.8397631455707302
     656.3752752752752713       0.8129349400706376
     656.3754754754754686       0.8710843471331493
     656.3756756756756658       0.8534550144787754
     656.3758758758758631       0.8034913859986088
     656.3760760760760604       0.8069525197236386
     656.3762762762762577       1.0266439638140334
     656.3764764764764550       0.8166104480747582
     656.3766766766766523       0.8719275743603750
     656.3768768768768496       0.7709207884563266
     656.3770770770770469       0.9088907705459930
     656.3772772772772441       0.8152230916147261
     656.3774774774774414       0.7826127623814790
     656.3776776776776387       0.9354386266908347
     656.3778778778778360       0.8038121096373460
     656.3780780780780333       0.8427440642099697
     656.3782782782782306       0.8492781071327439
     656.3784784784784279       0.8217759144586210
     656.3786786786786251       0.9196384907745943
     656.3788788788788224       0.8779764050316741
     656.3790790790790197       0.8807543895759375
     656.3792792792792170       0.7956209872706508
     656.3794794794794143       0.8045454010589940
     656.3796796796796116       0.7979198679459881
     656.3798798798798089       0.8674007946001444
     656.3800800800800062       0.7748248400004284
     656.3802802802802034       0.8902249052888642
     656.3804804804804007       0.8559393208657641
     656.3806806806805980       0.8058255713532365
     656.3808808808809090       0.7964809657226265
     656.3810810810811063       0.8090310484842227
     656.3812812812813036       0.8345620750175280
     656.3814814814815009       0.8221435148803496
     656.3816816816816981       0.8190250321544146
     656.3818818818818954       0.7691113135972056
     656.3820820820820927       0.8299825453442837
     656.3822822822822900       0.8293135510555022
     656.3824824824824873       0.9410490774216451
     656.3826826826826846       0.8085407248845391
     656.3828828828828819       0.7585860414241793
     656.3830830830830791       0.8422420615356537
     656.3832832832832764       0.8144177520359515
     656.3834834834834737       0.8133450027106172
     656.3836836836836710       0.7274815543954538
     656.3838838838838683       0.6625554976728003
     656.3840840840840656       0.7760502304229109
     656.3842842842842629       0.7030705717291059
     656.3844844844844602       0.8162269856172826
     656.3846846846846574       0.8886929548269097
     656.3848848848848547       0.7652597407420283
     656.3850850850850520       0.8662926695672850
     656.3852852852852493       0.8067452501366548
     656.3854854854854466       0.8003329012381422
     656.3856856856856439       0.8040846567808109
     656.3858858858858412       0.7809401334912287
     656.3860860860860384       0.7815797569838836
     656.3862862862862357       0.7533933480981413
     656.3864864864864330       0.7536099339617914
     656.3866866866866303       0.7990367326700831
     656.3868868868868276       0.7857507305705425
     656.3870870870870249       0.8478162881670185
     656.3872872872872222       0.8891191645596541
     656.3874874874874195       0.7464084352574960
     656.3876876876876167       0.7639427944200696
     656.3878878878878140       0.8479277246410339
     656.3880880880880113       0.8206641195318600
     656.3882882882882086       0.8045392560091246
     656.3884884884885196       0.7419576980817558
     656.3886886886887169       0.7373523220170100
     656.3888888888889142       0.8523209524568303
     656.3890890890891114       0.8199449852493992
     656.3892892892893087       0.7991370266651618
     656.3894894894895060       0.8932236217996824
     656.3896896896897033       0.7376966455736815
     656.3898898898899006       0.8250857772769281
     656.3900900900900979       0.8259122192573971
     656.3902902902902952       0.8851149288504609
     656.3904904904904924       0.7835837058883941
     656.3906906906906897       0.7574220772781086
     656.3908908908908870       0.7968689477658542
     656.3910910910910843       0.8623087714180135
     656.3912912912912816       0.8567207397710861
     656.3914914914914789       0.8049790032456238
     656.3916916916916762       0.7217399369287536
     656.3918918918918735       0.8265181391791911
     656.3920920920920707       0.8063849986747773
     656.3922922922922680       0.8706272869018589
     656.3924924924924653       0.8394145511652086
     656.3926926926926626       0.7770142868534403
     656.3928928928928599       0.6857276409770381
     656.3930930930930572       0.8669503426388405
     656.3932932932932545       0.8030692110174553
     656.3934934934934518       0.9263015063285267
     656.3936936936936490       0.8093976129465095
     656.3938938938938463       0.7804478240191817
     656.3940940940940436       0.7524898808794740
     656.3942942942942409       0.8063828060734222
     656.3944944944944382       0.7717040171479703
     656.3946946946946355       0.8327935222013193
     656.3948948948948328       0.8117279415852624
     656.3950950950950300       0.7796180982346497
     656.3952952952952273       0.7761689484208040
     656.3954954954954246       0.8189596334050298
     656.3956956956956219       0.8474947068232850
     656.3958958958958192       0.7937598750422529
     656.3960960960960165       0.8530557651989836
     656.3962962962963275       0.8057437414448175
     656.3964964964965247       0.7890366986678335
     656.3966966966967220       0.8216085398489695
     656.3968968968969193       0.7696005920528245
     656.3970970970971166       0.8608436440387219
     656.3972972972973139       0.8387780003302068
     656.3974974974975112       0.7945112572455382
     656.3976976976977085       0.7965716802886209
     656.3978978978979058       0.8443477789413898
     656.3980980980981030       0.7829445487847729
     656.3982982982983003       0.8211615244391429
     656.3984984984984976       0.8441474945066362
     656.3986986986986949       0.8120800854059556
     656.3988988988988922       0.7838967683296654
     656.3990990990990895       0.8709694106506100
     656.3992992992992868       0.7656122563257040
     656.3994994994994840       0.7969448081825892
     656.3996996996996813       0.9012842722034818
     656.3998998998998786       0.8812169785168414
     656.4001001001000759       0.8483006171654515
     656.4003003003002732       0.8397296630000783
     656.4005005005004705       0.8534050258335953
     656.4007007007006678       0.9099764340334946
     656.4009009009008651       0.8647854348201200
     656.4011011011010623       0.8291815919902878
     656.4013013013012596       0.8603732126639410
     656.4015015015014569       0.7740541534881453
     656.4017017017016542       0.8443247046212050
     656.4019019019018515       0.7157814024181577
     656.4021021021020488       0.7418102117447879
     656.4023023023022461       0.8095765834799533
     656.4025025025024433       0.8766311550160215
     656.4027027027026406       0.8688248440680399
     656.4029029029028379       0.8333656873383062
     656.4031031031030352       0.9360243392591264
     656.4033033033032325       0.8486730423219793
     656.4035035035034298       0.8533600515563816
     656.4037037037036271       0.9285640101636623
     656.4039039039039380       0.8316623768815983
     656.4041041041041353       0.8051548745986536
     656.4043043043043326       0.8225067940908729
     656.4045045045045299       0.8129889441091475
     656.4047047047047272       0.9154081851329188
     656.4049049049049245       0.8067812932611477
     656.4051051051051218       0.8523993793424302
     656.4053053053053191       0.8820315372675145
     656.4055055055055163       0.9067394048891133
     656.4057057057057136       0.8308432186388421
     656.4059059059059109       0.8834774880401816
     656.4061061061061082       0.7954315348990846
     656.4063063063063055       0.7670797730750133
     656.4065065065065028       0.9437598307591003
     656.4067067067067001       0.8297816541216411
     656.4069069069068973       0.8153640366108090
     656.4071071071070946       0.8743320065881331
     656.4073073073072919       0.8451934715014172
     656.4075075075074892       0.9028473247827554
     656.4077077077076865       0.7663052986339324
     656.4079079079078838       0.8698454252076142
     656.4081081081080811       0.8067324635679360
     656.4083083083082784       0.9246096054054090
     656.4085085085084756       0.8980045433921739
     656.4087087087086729       0.7729801823801956
     656.4089089089088702       0.8312452974236735
     656.4091091091090675       0.9171810910315707
     656.4093093093092648       0.8248260686665969
     656.4095095095094621       0.8423302501856880
     656.4097097097096594       0.8705923377579912
     656.4099099099098567       0.8611675933103616
     656.4101101101100539       0.9084579906268314
     656.4103103103102512       0.9476574209066306
     656.4105105105104485       0.9636013361824857
     656.4107107107106458       0.9323094930849558
     656.4109109109108431       0.9059474203220121
     656.4111111111110404       0.9197631136018811
     656.4113113113112377       0.9073832670823632
     656.4115115115114349       0.8853383068806046
     656.4117117117117459       0.8769558651647658
     656.4119119119119432       0.9092386870417825
     656.4121121121121405       0.8517768140246070
     656.4123123123123378       0.9645364108204012
     656.4125125125125351       0.8873175877760507
     656.4127127127127324       0.9376164584901555
     656.4129129129129296       0.8965230835056834
     656.4131131131131269       0.9465040033447546
     656.4133133133133242       0.9756580453811015
     656.4135135135135215       0.8680008820687984
     656.4137137137137188       0.8777060854932695
     656.4139139139139161       0.9699613866195305
     656.4141141141141134       0.9275729738919789
     656.4143143143143106       0.9061230704086856
     656.4145145145145079       0.9726132703295388
     656.4147147147147052       0.8405953509345829
     656.4149149149149025       0.9532560338039433
     656.4151151151150998       0.9315275685346127
     656.4153153153152971       0.8672321939844422
     656.4155155155154944       0.8658169065226239
     656.4157157157156917       0.9015490214604679
     656.4159159159158889       0.8967450399017105
     656.4161161161160862       0.9699753400810955
     656.4163163163162835       0.9408088337494946
     656.4165165165164808       0.8919804747008049
     656.4167167167166781       0.9742452904215793
     656.4169169169168754       0.9287618223725501
     656.4171171171170727       0.9541400430802498
     656.4173173173172700       1.0123091454422615
     656.4175175175174672       0.9069392136610417
     656.4177177177176645       0.8925740327970120
     656.4179179179178618       0.8916127456048969
     656.4181181181180591       0.8801572254532589
     656.4183183183182564       0.9640322314102208
     656.4185185185184537       0.9357157599951508
     656.4187187187186510       0.9848157763422642
     656.4189189189188482       0.9708107510147558
     656.4191191191190455       0.9084493425228631
     656.4193193193193565       0.9099205616156197
     656.4195195195195538       0.9377584328353130
     656.4197197197197511       0.9720333994598735
     656.4199199199199484       0.8722319830565717
     656.4201201201201457       0.8130248254459214
     656.4203203203203429       0.9058348151587678
     656.4205205205205402       0.9060077094786593
     656.4207207207207375       0.9994452831983998
     656.4209209209209348       0.8863249285780920
     656.4211211211211321       0.9722707072444027
     656.4213213213213294       0.9019369446405197
     656.4215215215215267       0.9524808856652700
     656.4217217217217240       0.9780414234434094
     656.4219219219219212       0.9491793293054538
     656.4221221221221185       0.9328761052486590
     656.4223223223223158       0.9378089838157559
     656.4225225225225131       0.9330634577839061
     656.4227227227227104       0.9846012273720838
     656.4229229229229077       0.9856399245890314
     656.4231231231231050       0.8725874456494218
     656.4233233233233022       0.9446762152642131
     656.4235235235234995       0.8545100165938194
     656.4237237237236968       0.9473521458191377
     656.4239239239238941       0.9750262762193553
     656.4241241241240914       1.0580772670904954
     656.4243243243242887       1.0112007224518766
     656.4245245245244860       0.9621115426808287
     656.4247247247246833       0.9880694459848405
     656.4249249249248805       1.0149621570877461
     656.4251251251250778       0.9448193215496644
     656.4253253253252751       0.9309982933022168
     656.4255255255254724       1.0670075183659922
     656.4257257257256697       1.0452753767974041
     656.4259259259258670       0.8929549956212315
     656.4261261261260643       0.8887551889523825
     656.4263263263262616       0.9871761501931929
     656.4265265265264588       1.0086518767600183
     656.4267267267266561       1.0698120054884954
     656.4269269269269671       1.0640074291396249
     656.4271271271271644       0.9777073979660157
     656.4273273273273617       1.0061527839996345
     656.4275275275275590       0.9036408865211248
     656.4277277277277562       0.9213403438370654
     656.4279279279279535       0.9022554055721508
     656.4281281281281508       0.9570373425691423
     656.4283283283283481       0.9450935062544800
     656.4285285285285454       1.0046105159872352
     656.4287287287287427       0.9269095174294775
     656.4289289289289400       1.0707358013390729
     656.4291291291291373       0.9774518424664628
     656.4293293293293345       0.9853562097934032
     656.4295295295295318       0.8540207279098272
     656.4297297297297291       0.9845592736292691
     656.4299299299299264       0.9639420344399862
     656.4301301301301237       0.9025482219204696
     656.4303303303303210       0.9668107542561124
     656.4305305305305183       1.0247740220413895
     656.4307307307307155       1.0509793730705352
     656.4309309309309128       0.8978001292277463
     656.4311311311311101       0.9938835593978573
     656.4313313313313074       1.0257180994387576
     656.4315315315315047       1.0000314114306323
     656.4317317317317020       0.9628926061045273
     656.4319319319318993       1.0473624161054891
     656.4321321321320966       0.9604949558812372
     656.4323323323322938       0.9481851466388389
     656.4325325325324911       1.0879411882078378
     656.4327327327326884       0.9516709310051600
     656.4329329329328857       0.9439577686547064
     656.4331331331330830       1.0145514014627719
     656.4333333333332803       0.9781200960244680
     656.4335335335334776       1.0015952067486671
     656.4337337337336749       0.9336740386982363
     656.4339339339338721       0.9612395280066166
     656.4341341341340694       0.9698299868476364
     656.4343343343342667       1.1065830131824967
     656.4345345345344640       0.9666054406762823
     656.4347347347347750       1.0070719758421105
     656.4349349349349723       1.0200751416815881
     656.4351351351351695       0.9146449645379184
     656.4353353353353668       0.9654405291752328
     656.4355355355355641       0.9367876766582321
     656.4357357357357614       1.0979812414443244
     656.4359359359359587       1.0389814733638749
     656.4361361361361560       1.0065373755596854
     656.4363363363363533       0.9287816540163708
     656.4365365365365506       0.9449341781658214
     656.4367367367367478       1.0330977069204828
     656.4369369369369451       1.0328342766181171
     656.4371371371371424       1.0126352176986382
     656.4373373373373397       0.9359756661214232
     656.4375375375375370       0.9604477411872178
     656.4377377377377343       1.0016735527808907
     656.4379379379379316       1.0686424648800514
     656.4381381381381289       0.9949121891762842
     656.4383383383383261       0.9385808882167702
     656.4385385385385234       0.9784286804381287
     656.4387387387387207       0.9531347339189991
     656.4389389389389180       0.9531627533503303
     656.4391391391391153       0.9238398519815412
     656.4393393393393126       0.9932457420066170
     656.4395395395395099       1.0585833862728065
     656.4397397397397071       0.9935135917838670
     656.4399399399399044       0.9716370144926543
     656.4401401401401017       1.0384816574875271
     656.4403403403402990       1.0648245252101800
     656.4405405405404963       1.0183557514976851
     656.4407407407406936       0.9043833710023899
     656.4409409409408909       1.0065680844845879
     656.4411411411410882       0.9626451764736322
     656.4413413413412854       0.9717714240038541
     656.4415415415414827       0.9485488500820473
     656.4417417417416800       0.9622840628003800
     656.4419419419418773       0.9833365572059805
     656.4421421421420746       1.1136819097819970
     656.4423423423423856       1.0263438723119527
     656.4425425425425829       0.9568078478161975
     656.4427427427427801       0.9895054309843040
     656.4429429429429774       1.0879851906362068
     656.4431431431431747       0.9928548171656052
     656.4433433433433720       0.9844785060618424
     656.4435435435435693       0.9502097869566687
     656.4437437437437666       0.9936528950466880
     656.4439439439439639       0.9296790483901978
     656.4441441441441611       0.9992834378169957
     656.4443443443443584       1.0013732981690533
     656.4445445445445557       0.9871733888174870
     656.4447447447447530       1.0435276127735262
     656.4449449449449503       0.9954668956215121
     656.4451451451451476       1.1011246845306806
     656.4453453453453449       1.0377918880529857
     656.4455455455455422       1.0586502873692258
     656.4457457457457394       1.0286076608981769
     656.4459459459459367       0.9925159705022992
     656.4461461461461340       0.9812788001222493
     656.4463463463463313       1.0117025574376011
     656.4465465465465286       0.9833882410260942
     656.4467467467467259       0.9543444516907584
     656.4469469469469232       1.0769114377366273
     656.4471471471471204       0.9929252461822138
     656.4473473473473177       0.8886796299726519
     656.4475475475475150       1.0015019588216321
     656.4477477477477123       0.9390455545188081
     656.4479479479479096       0.9823357549178013
     656.4481481481481069       1.0571725334385134
     656.4483483483483042       1.0652581095932443
     656.4485485485485015       0.9222497402537206
     656.4487487487486987       0.9563201132561137
     656.4489489489488960       0.9758081796404537
     656.4491491491490933       0.8969069357036351
     656.4493493493492906       0.9881353864984773
     656.4495495495494879       1.0083456139132185
     656.4497497497496852       0.9694400823585687
     656.4499499499498825       0.9686849640284649
     656.4501501501501934       1.0588039725600513
     656.4503503503503907       0.9532759607225210
     656.4505505505505880       0.9487046752956964
     656.4507507507507853       0.9387581619353671
     656.4509509509509826       1.0548372486298119
     656.4511511511511799       0.9100651660631729
     656.4513513513513772       0.9815486729920737
     656.4515515515515744       1.0127306240136409
     656.4517517517517717       1.0028742787903342
     656.4519519519519690       1.0626631031121512
     656.4521521521521663       0.9918356794900745
     656.4523523523523636       0.9718976262428594
     656.4525525525525609       1.0732881191271813
     656.4527527527527582       0.9977370602728559
     656.4529529529529555       1.0911485135421244
     656.4531531531531527       0.9493884043456036
     656.4533533533533500       1.0180609941751566
     656.4535535535535473       1.0018632130959073
     656.4537537537537446       0.9734551798931190
     656.4539539539539419       1.0170051153486539
     656.4541541541541392       1.0029654973769739
     656.4543543543543365       0.8673764138462701
     656.4545545545545338       0.9714525087860361
     656.4547547547547310       1.0158066067874336
     656.4549549549549283       0.9301052090041290
     656.4551551551551256       1.0197133974375707
     656.4553553553553229       1.0281123626047917
     656.4555555555555202       0.9925242236512192
     656.4557557557557175       0.8867497269291441
     656.4559559559559148       0.9849154730104636
     656.4561561561561120       1.0406928059078571
     656.4563563563563093       1.0634590823666401
     656.4565565565565066       1.0581738220253967
     656.4567567567567039       1.0594158699728127
     656.4569569569569012       0.9584087013031358
     656.4571571571570985       0.9798861727919815
     656.4573573573572958       1.0834705044319404
     656.4575575575574931       1.0469499705951866
     656.4577577577578040       0.9998586392294017
     656.4579579579580013       0.9662308189231401
     656.4581581581581986       0.9789477606227407
     656.4583583583583959       0.9793607088666061
     656.4585585585585932       1.0071060500666018
     656.4587587587587905       1.0095938652245602
     656.4589589589589878       1.0146289183898689
     656.4591591591591850       1.0430098812632811
     656.4593593593593823       1.0135476455943495
     656.4595595595595796       0.9937288891253383
     656.4597597597597769       1.0204394518345083
     656.4599599599599742       0.9867455199452398
     656.4601601601601715       1.0280950495252039
     656.4603603603603688       0.9285755998467820
     656.4605605605605660       0.9689383319443144
     656.4607607607607633       1.0528764937917123
     656.4609609609609606       1.0533269675601444
     656.4611611611611579       1.0396961320674643
     656.4613613613613552       1.0027877200694830
     656.4615615615615525       1.0219116029283704
     656.4617617617617498       1.0026306328239447
     656.4619619619619471       0.9932707426770201
     656.4621621621621443       1.0374718846476692
     656.4623623623623416       0.9193431310842934
     656.4625625625625389       1.0360770326152369
     656.4627627627627362       0.9604633267568226
     656.4629629629629335       0.9870109114630379
     656.4631631631631308       0.9668275824781467
     656.4633633633633281       0.9281473268749499
     656.4635635635635253       1.0236974026158703
     656.4637637637637226       0.9763057642029659
     656.4639639639639199       1.0693913818901848
     656.4641641641641172       1.0759932146715916
     656.4643643643643145       1.0647590324185059
     656.4645645645645118       1.0367351829558200
     656.4647647647647091       0.9866084544307486
     656.4649649649649064       1.0116998179323713
     656.4651651651651036       1.0726190250392973
     656.4653653653653009       1.0456944924962344
     656.4655655655656119       0.9686348766341865
     656.4657657657658092       0.9952416100263373
     656.4659659659660065       1.0653855499011660
     656.4661661661662038       0.9407843877075178
     656.4663663663664011       0.9778338646418206
     656.4665665665665983       1.0342909078954121
     656.4667667667667956       0.9716816615669764
     656.4669669669669929       0.9971866480196275
     656.4671671671671902       0.9007800415523526
     656.4673673673673875       0.9607899770053828
     656.4675675675675848       0.9176215203426045
     656.4677677677677821       1.0716795672512327
     656.4679679679679793       1.0144726734175942
     656.4681681681681766       0.9760302200557661
     656.4683683683683739       1.1095289853724464
     656.4685685685685712       0.9995622411493688
     656.4687687687687685       1.0207446707768018
     656.4689689689689658       0.9897106967778020
     656.4691691691691631       1.1258184456802836
     656.4693693693693604       1.0317076593217283
     656.4695695695695576       1.0026414006346718
     656.4697697697697549       0.9731469369891247
     656.4699699699699522       0.9636089321356992
     656.4701701701701495       1.0460188939079713
     656.4703703703703468       0.9981588192593567
     656.4705705705705441       1.0104950478760983
     656.4707707707707414       0.9938845944796710
     656.4709709709709387       0.9949634712645898
     656.4711711711711359       0.9718837104162270
     656.4713713713713332       1.0371486175902827
     656.4715715715715305       1.0382396354356962
     656.4717717717717278       0.9831363343316657
     656.4719719719719251       1.0858832352576977
     656.4721721721721224       1.0451636469270267
     656.4723723723723197       0.9877748051160654
     656.4725725725725169       1.0254363042992753
     656.4727727727727142       0.9924282587031878
     656.4729729729729115       0.9908498425028384
     656.4731731731732225       1.0542065824799742
     656.4733733733734198       1.0156396615339052
     656.4735735735736171       1.0079138641095726
     656.4737737737738144       1.0006127727491847
     656.4739739739740116       0.9997824751132113
     656.4741741741742089       1.0836842898277277
     656.4743743743744062       1.0097755221783924
     656.4745745745746035       1.0055520585162747
     656.4747747747748008       0.9719925213089111
     656.4749749749749981       0.9836772720852031
     656.4751751751751954       0.8784032861202036
     656.4753753753753927       0.9334835716906070
     656.4755755755755899       0.9900036049265319
     656.4757757757757872       1.0214511403994422
     656.4759759759759845       1.0098569900077514
     656.4761761761761818       0.9583939901577566
     656.4763763763763791       1.0203720999384980
     656.4765765765765764       1.0790925858846097
     656.4767767767767737       1.0888927459650715
     656.4769769769769709       1.0274880733557421
     656.4771771771771682       0.9817255315219811
     656.4773773773773655       0.9584487031216656
     656.4775775775775628       0.9174549825166034
     656.4777777777777601       0.9998226508221302
     656.4779779779779574       1.0494818078826627
     656.4781781781781547       0.9599232570264090
     656.4783783783783520       0.9756347520793415
     656.4785785785785492       1.0377592234502968
     656.4787787787787465       0.9425120700420064
     656.4789789789789438       1.1040126422882270
     656.4791791791791411       1.0255773171647440
     656.4793793793793384       1.0625212068437420
     656.4795795795795357       1.0299289984006439
     656.4797797797797330       0.9846410590706450
     656.4799799799799302       0.9893506797968820
     656.4801801801801275       0.9316688721333802
     656.4803803803803248       1.0015510904258367
     656.4805805805805221       1.0214607623520058
     656.4807807807808331       1.0328373345221016
     656.4809809809810304       0.9701616127897555
     656.4811811811812277       0.9830688696768515
     656.4813813813814249       1.0080517796413493
     656.4815815815816222       0.9889164474349997
     656.4817817817818195       1.0248329957282047
     656.4819819819820168       0.9933570229205023
     656.4821821821822141       1.0336241978782246
     656.4823823823824114       1.0264720652675940
     656.4825825825826087       1.0020109745888883
     656.4827827827828060       0.9944972188896241
     656.4829829829830032       1.0056490199305443
     656.4831831831832005       0.9931605403774980
     656.4833833833833978       0.9834696344320176
     656.4835835835835951       0.9911489059842672
     656.4837837837837924       0.9992250340763519
     656.4839839839839897       1.0240390301063886
     656.4841841841841870       1.0326765695265627
     656.4843843843843842       1.0358791195653727
     656.4845845845845815       1.0147755528090443
     656.4847847847847788       0.9560690930118444
     656.4849849849849761       1.0207272235561842
     656.4851851851851734       1.0328326349224020
     656.4853853853853707       0.9526356136774971
     656.4855855855855680       1.0601253038292096
     656.4857857857857653       0.9640194376761617
     656.4859859859859625       1.0390279046713984
     656.4861861861861598       0.9429610204584640
     656.4863863863863571       1.0217081691118191
     656.4865865865865544       0.9790086120275449
     656.4867867867867517       0.9521157325157646
     656.4869869869869490       1.0163170366907681
     656.4871871871871463       1.0295104880520052
     656.4873873873873436       0.9324006969176341
     656.4875875875875408       1.0480904319126809
     656.4877877877877381       0.9368582634262919
     656.4879879879879354       1.0336374292949972
     656.4881881881881327       1.0221860375647824
     656.4883883883883300       0.9560592844832085
     656.4885885885886410       0.9378427149523285
     656.4887887887888382       0.9692673075495095
     656.4889889889890355       0.9942869732019812
     656.4891891891892328       1.0146733026632662
     656.4893893893894301       1.0331389657933341
     656.4895895895896274       0.9789835919598774
     656.4897897897898247       1.0135909134560404
     656.4899899899900220       1.0517650350654744
     656.4901901901902193       1.1070779791721526
     656.4903903903904165       1.0626922219607722
     656.4905905905906138       0.9232286582806479
     656.4907907907908111       1.0077878669700264
     656.4909909909910084       0.9480502095443488
     656.4911911911912057       0.9660127016996451
     656.4913913913914030       1.0055846998563664
     656.4915915915916003       1.0028597113967974
     656.4917917917917976       0.9949276220446772
     656.4919919919919948       0.9639015925022199
     656.4921921921921921       0.9532264844690032
     656.4923923923923894       0.9576292794868675
     656.4925925925925867       0.9509151779024200
     656.4927927927927840       1.0083967634592854
     656.4929929929929813       1.0663150287010212
     656.4931931931931786       0.9463596287337898
     656.4933933933933758       0.9623362675943404
     656.4935935935935731       1.0082046789704746
     656.4937937937937704       0.9584374316340212
     656.4939939939939677       0.9452026295533578
     656.4941941941941650       0.9552522398645669
     656.4943943943943623       0.9912879911975294
     656.4945945945945596       1.0224570283930636
     656.4947947947947569       0.9889229163423485
     656.4949949949949541       0.9737091389322072
     656.4951951951951514       1.0161975150293661
     656.4953953953953487       1.0125243564679138
     656.4955955955955460       1.0225654681977594
     656.4957957957957433       1.0255878681528550
     656.4959959959959406       1.0200630678783658
     656.4961961961962515       1.0015299692776631
     656.4963963963964488       1.0249321589496994
     656.4965965965966461       0.9271200874000476
     656.4967967967968434       1.0050802280179796
     656.4969969969970407       0.8790889164439405
     656.4971971971972380       0.9428291671284525
     656.4973973973974353       0.9462304137723931
     656.4975975975976326       1.0067415339307475
     656.4977977977978298       1.0185647637008632
     656.4979979979980271       1.0172060628575501
     656.4981981981982244       0.9204600259521797
     656.4983983983984217       1.0258982822802596
     656.4985985985986190       0.9936847969272311
     656.4987987987988163       0.8716398082984119
     656.4989989989990136       0.9725127171370744
     656.4991991991992109       1.0247037110180646
     656.4993993993994081       0.9920775066501776
     656.4995995995996054       0.9580518651802059
     656.4997997997998027       0.9218222012103270
     656.5000000000000000       1.0147959749448860
