     656.2999999999999545       0.9587715867741727
     656.3002002002001518       1.0048090085938348
     656.3004004004003491       0.9328086412723434
     656.3006006006005464       1.0343407836483391
     656.3008008008007437       1.0129180200459880
     656.3010010010009410       1.0490619792838936
     656.3012012012011382       0.9774462253109727
     656.3014014014013355       1.0494825230088360
     656.3016016016015328       0.9559699279975677
     656.3018018018017301       0.9950312667741742
     656.3020020020019274       0.9406755133048885
     656.3022022022021247       0.9739288678868221
     656.3024024024023220       0.9270159384521184
     656.3026026026025193       0.9109257982909647
     656.3028028028027165       1.1278762591206433
     656.3030030030029138       0.9388363316803007
     656.3032032032031111       1.0249707146437652
     656.3034034034033084       1.0718103331790991
     656.3036036036035057       0.9207106582251648
     656.3038038038037030       1.0211770040111867
     656.3040040040040140       0.9302955905464931
     656.3042042042042112       1.0802707481692297
     656.3044044044044085       1.0542379606638761
     656.3046046046046058       1.0306716189076157
     656.3048048048048031       0.9883633183348794
     656.3050050050050004       1.0532194714330596
     656.3052052052051977       0.9638903806023885
     656.3054054054053950       1.0097810015328821
     656.3056056056055922       0.9279406269948397
     656.3058058058057895       1.0383256304087458
     656.3060060060059868       1.0571613825363295
     656.3062062062061841       0.9284208807418111
     656.3064064064063814       1.0087205587317221
     656.3066066066065787       1.0129539335869797
     656.3068068068067760       1.0686719993499307
     656.3070070070069733       1.0120286311217792
     656.3072072072071705       0.9660141009063274
     656.3074074074073678       1.0284853233238545
     656.3076076076075651       1.0296858784131611
     656.3078078078077624       0.9773927026856635
     656.3080080080079597       0.9901256182719357
     656.3082082082081570       1.0300955467373845
     656.3084084084083543       1.0729691526172567
     656.3086086086085515       1.0142810583887023
     656.3088088088087488       0.9839299807412273
     656.3090090090089461       0.9663734581315936
     656.3092092092091434       0.9565686777660654
     656.3094094094093407       1.0122461923779555
     656.3096096096095380       1.0124403293029296
     656.3098098098097353       0.9041290093634199
     656.3100100100099326       1.0246413631709790
     656.3102102102101298       0.9998721314647354
     656.3104104104103271       1.0117884761224905
     656.3106106106105244       0.9597324960483533
     656.3108108108107217       0.9878728898686859
     656.3110110110109190       0.9161667564966263
     656.3112112112111163       1.0643383260169115
     656.3114114114113136       0.9532059343534613
     656.3116116116116245       0.9163618138108833
     656.3118118118118218       0.9779389071573055
     656.3120120120120191       1.0943669771451419
     656.3122122122122164       1.1286929362368054
     656.3124124124124137       0.9619374998777835
     656.3126126126126110       0.9095418145456211
     656.3128128128128083       1.0292018073225466
     656.3130130130130055       1.0305859748152433
     656.3132132132132028       1.0283920788396039
     656.3134134134134001       1.0818934815367216
     656.3136136136135974       1.0755329872683110
     656.3138138138137947       1.0374889209368132
     656.3140140140139920       0.9798582109533489
     656.3142142142141893       0.9081952744436582
     656.3144144144143866       1.0810569299737409
     656.3146146146145838       0.9439358977503177
     656.3148148148147811       0.9839629705590326
     656.3150150150149784       0.9996025942648111
     656.3152152152151757       1.0426867224451426
     656.3154154154153730       1.0111194704209896
     656.3156156156155703       1.0125445602229957
     656.3158158158157676       0.9406768491062808
     656.3160160160159649       1.0984295567047027
     656.3162162162161621       1.0405312394069322
     656.3164164164163594       1.0273247857096637
     656.3166166166165567       0.9987419171167456
     656.3168168168167540       1.0722816764716963
     656.3170170170169513       1.0020082810579232
     656.3172172172171486       1.0050876169058622
     656.3174174174173459       1.0327041469573990
     656.3176176176175431       0.9890679583082651
     656.3178178178177404       0.9329634472948359
     656.3180180180179377       1.1061680162123246
     656.3182182182181350       1.0282632427452947
     656.3184184184183323       0.9998471951580232
     656.3186186186185296       0.9303168957077053
     656.3188188188187269       0.9312358876683025
     656.3190190190189242       0.9857711495073377
     656.3192192192191214       0.9877068353614129
     656.3194194194194324       1.0247746790756698
     656.3196196196196297       1.0355660807351792
     656.3198198198198270       0.9807613359734677
     656.3200200200200243       0.9787913925921876
     656.3202202202202216       0.9900479777805263
     656.3204204204204188       1.1008683756326700
     656.3206206206206161       0.9766440265571057
     656.3208208208208134       1.0484648094684470
     656.3210210210210107       0.9746770494224397
     656.3212212212212080       1.0552196671965599
     656.3214214214214053       0.8676720212708824
     656.3216216216216026       1.0030739716833887
     656.3218218218217999       0.9512642949558499
     656.3220220220219971       1.0132924474264038
     656.3222222222221944       0.9810017878546307
     656.3224224224223917       1.0529884061797778
     656.3226226226225890       1.0187739424234117
     656.3228228228227863       0.9293418849939737
     656.3230230230229836       0.9411784711553610
     656.3232232232231809       0.9941231858445306
     656.3234234234233782       1.0201700954637423
     656.3236236236235754       1.0619280523325594
     656.3238238238237727       0.9325190782304595
     656.3240240240239700       1.0051782212239480
     656.3242242242241673       1.0474754360835687
     656.3244244244243646       0.9308251088003506
     656.3246246246245619       1.0830160653262015
     656.3248248248247592       0.9947657392912659
     656.3250250250249564       1.0521727821386511
     656.3252252252251537       1.0612607517566135
     656.3254254254253510       0.9934649768326433
     656.3256256256255483       0.9538158601049385
     656.3258258258257456       0.9721373671525450
     656.3260260260259429       0.9914793611309300
     656.3262262262261402       1.0203992628924865
     656.3264264264263375       1.0829216657658887
     656.3266266266265347       0.9898868790207698
     656.3268268268267320       1.0551530351253879
     656.3270270270270430       1.0672204408527191
     656.3272272272272403       0.9126330235479131
     656.3274274274274376       0.9788188709408091
     656.3276276276276349       0.8561254384467740
     656.3278278278278322       1.0016895456048769
     656.3280280280280294       0.9468615246452630
     656.3282282282282267       1.0595240502615515
     656.3284284284284240       0.9830320679202124
     656.3286286286286213       0.9679362737632322
     656.3288288288288186       0.9885772244081039
     656.3290290290290159       0.9776759763073980
     656.3292292292292132       1.0274902251218432
     656.3294294294294104       0.9958098238750024
     656.3296296296296077       0.9992770678877089
     656.3298298298298050       1.0277665721764877
     656.3300300300300023       0.9567908733649433
     656.3302302302301996       0.9985109707420213
     656.3304304304303969       0.9910732085017733
     656.3306306306305942       0.9641846199394773
     656.3308308308307915       1.0069298899853081
     656.3310310310309887       1.0118510788083712
     656.3312312312311860       0.9722279626204766
     656.3314314314313833       1.0445469638227503
     656.3316316316315806       0.9872011801654575
     656.3318318318317779       0.9946230402706866
     656.3320320320319752       0.9580869465392311
     656.3322322322321725       0.9159166194058355
     656.3324324324323698       1.0107576064510218
     656.3326326326325670       1.0702697277935802
     656.3328328328327643       1.0166905350796820
     656.3330330330329616       0.9558061197939474
     656.3332332332331589       0.9998570061427735
     656.3334334334333562       0.9806899877917260
     656.3336336336335535       0.9564568518048469
     656.3338338338337508       0.9705594562427741
     656.3340340340339480       1.0072757494671134
     656.3342342342341453       1.0642663213914334
     656.3344344344343426       0.9798449802101463
     656.3346346346346536       1.0020538331959170
     656.3348348348348509       0.9956011220170604
     656.3350350350350482       0.9720837760300769
     656.3352352352352455       1.0963360496763297
     656.3354354354354427       1.0095935023999707
     656.3356356356356400       0.9829336322020691
     656.3358358358358373       1.0348761284906631
     656.3360360360360346       1.0421530994664698
     656.3362362362362319       0.9658964698468802
     656.3364364364364292       1.0656527746101976
     656.3366366366366265       0.9373754873990358
     656.3368368368368237       0.9831270165914120
     656.3370370370370210       1.0572333455411207
     656.3372372372372183       0.9411992166561975
     656.3374374374374156       1.0385315864622204
     656.3376376376376129       1.0301045972079894
     656.3378378378378102       0.9346390613617315
     656.3380380380380075       1.0041270134049163
     656.3382382382382048       1.0499523085371947
     656.3384384384384020       1.0006372279230558
     656.3386386386385993       1.0512786896699415
     656.3388388388387966       1.0176093513202606
     656.3390390390389939       1.0247514922717911
     656.3392392392391912       0.9021806873237480
     656.3394394394393885       1.0116990315951719
     656.3396396396395858       0.9973172325230186
     656.3398398398397831       1.0076651362187219
     656.3400400400399803       1.0282850060029316
     656.3402402402401776       0.9317854703034738
     656.3404404404403749       0.9647117120824595
     656.3406406406405722       0.9717476074377305
     656.3408408408407695       1.0648644077506302
     656.3410410410409668       1.0146566303111164
     656.3412412412411641       1.0289210018873451
     656.3414414414413613       0.9827690653817788
     656.3416416416415586       1.0603708323502563
     656.3418418418417559       0.9883123559265008
     656.3420420420419532       1.0687546887767048
     656.3422422422421505       0.9185450216035478
     656.3424424424424615       0.9903988244091763
     656.3426426426426588       0.9749265500725759
     656.3428428428428560       1.0922591424528747
     656.3430430430430533       0.9736138288714251
     656.3432432432432506       1.1098464557202012
     656.3434434434434479       1.0052352484911988
     656.3436436436436452       1.0464289603357131
     656.3438438438438425       0.9572938912257933
     656.3440440440440398       1.0400268950184997
     656.3442442442442371       0.8791753469180436
     656.3444444444444343       1.0365461163008385
     656.3446446446446316       0.9436494285232474
     656.3448448448448289       0.9710345993885782
     656.3450450450450262       0.9458453818547948
     656.3452452452452235       0.9183578782196410
     656.3454454454454208       1.0562455398928055
     656.3456456456456181       1.0199851830552711
     656.3458458458458153       1.0028589479613672
     656.3460460460460126       1.0156001098897622
     656.3462462462462099       0.9779621503081862
     656.3464464464464072       1.0001029136230755
     656.3466466466466045       0.9384231246987360
     656.3468468468468018       0.9521711015295519
     656.3470470470469991       0.9673439674987830
     656.3472472472471964       1.0856264914919072
     656.3474474474473936       1.0448239216791699
     656.3476476476475909       0.9934815038234025
     656.3478478478477882       1.0242962984337136
     656.3480480480479855       1.0315595476502177
     656.3482482482481828       0.9373619599453311
     656.3484484484483801       1.0609635117172842
     656.3486486486485774       1.0474231729898666
     656.3488488488487747       0.9158952341776515
     656.3490490490489719       1.0270604341048322
     656.3492492492491692       0.9592771603828425
     656.3494494494493665       0.9624541933980102
     656.3496496496495638       0.9109312378546075
     656.3498498498497611       0.9615619518597474
     656.3500500500500721       1.0503284403465161
     656.3502502502502693       0.9569415029571953
     656.3504504504504666       1.0293952342306774
     656.3506506506506639       1.0142057765942387
     656.3508508508508612       0.9377804277596676
     656.3510510510510585       0.9708592217869191
     656.3512512512512558       0.8408705699804176
     656.3514514514514531       0.9469078914283577
     656.3516516516516504       0.9988404753896780
     656.3518518518518476       1.0203746057600149
     656.3520520520520449       0.9563308587124173
     656.3522522522522422       0.9510500360984285
     656.3524524524524395       1.0248361803170620
     656.3526526526526368       0.9994243341296842
     656.3528528528528341       0.9527849433853707
     656.3530530530530314       1.0403671748989347
     656.3532532532532286       0.9680685489523178
     656.3534534534534259       0.9672602532375366
     656.3536536536536232       0.9624645391904763
     656.3538538538538205       1.0540038396920144
     656.3540540540540178       1.0078024711505522
     656.3542542542542151       1.0630366100688340
     656.3544544544544124       1.0285887904636446
     656.3546546546546097       1.0638439176312666
     656.3548548548548069       0.9638977811693948
     656.3550550550550042       1.0074028607790626
     656.3552552552552015       1.0471788332020600
     656.3554554554553988       1.0538283976882981
     656.3556556556555961       1.0694487577538672
     656.3558558558557934       1.0079615652930944
     656.3560560560559907       0.9730051143660521
     656.3562562562561880       1.0179641563292636
     656.3564564564563852       0.9914128845479251
     656.3566566566565825       1.0208168680303595
     656.3568568568567798       1.0154337021463351
     656.3570570570569771       1.0018958679692127
     656.3572572572571744       0.9757234884683240
     656.3574574574573717       0.9676060592776029
     656.3576576576575690       1.0080653926562202
     656.3578578578578799       1.0187405475367202
     656.3580580580580772       0.8438019895586044
     656.3582582582582745       1.0241154109119717
     656.3584584584584718       0.9603737962392184
     656.3586586586586691       1.0552981701344502
     656.3588588588588664       0.9869732113799085
     656.3590590590590637       1.0470337377024368
     656.3592592592592609       1.0183535308990441
     656.3594594594594582       1.0071879292399502
     656.3596596596596555       0.9171821175611719
     656.3598598598598528       1.0411041219134756
     656.3600600600600501       0.9602421957962288
     656.3602602602602474       0.9806090533602944
     656.3604604604604447       1.0146334696004056
     656.3606606606606420       0.8093209336150389
     656.3608608608608392       1.0512816557826969
     656.3610610610610365       0.9174206766691465
     656.3612612612612338       0.9626555331291495
     656.3614614614614311       1.0210833995776452
     656.3616616616616284       1.0217301576633973
     656.3618618618618257       0.9515383780037862
     656.3620620620620230       0.9936177011705409
     656.3622622622622202       1.0094302543105658
     656.3624624624624175       0.9468442248316258
     656.3626626626626148       1.0331178094930173
     656.3628628628628121       1.0296432163023419
     656.3630630630630094       1.0166705887556740
     656.3632632632632067       0.9883183972745059
     656.3634634634634040       0.9825578915957236
     656.3636636636636013       1.0166206610914901
     656.3638638638637985       0.9452979814115116
     656.3640640640639958       0.9413704070273496
     656.3642642642641931       1.0018589783219771
     656.3644644644643904       1.1244933373581667
     656.3646646646645877       1.0173080237227459
     656.3648648648647850       0.9747020914461311
     656.3650650650649823       1.0071993748224359
     656.3652652652651796       1.0340453146507271
     656.3654654654654905       1.0155493228790209
     656.3656656656656878       0.9534074653931133
     656.3658658658658851       0.9787985563398471
     656.3660660660660824       1.0795021743545474
     656.3662662662662797       1.0655419287838694
     656.3664664664664770       1.0830458809485548
     656.3666666666666742       1.0151641114641978
     656.3668668668668715       0.9588486803457174
     656.3670670670670688       1.0116968020849864
     656.3672672672672661       1.0878553046452550
     656.3674674674674634       0.9897493935732664
     656.3676676676676607       1.0760409954116334
     656.3678678678678580       0.9715821086565554
     656.3680680680680553       1.0102339632477637
     656.3682682682682525       0.9914844785362652
     656.3684684684684498       0.9566861861345697
     656.3686686686686471       0.9280755770524481
     656.3688688688688444       1.0188996177946281
     656.3690690690690417       1.0124888059067603
     656.3692692692692390       1.0042036837789692
     656.3694694694694363       0.9229037965483007
     656.3696696696696335       1.0037861209185106
     656.3698698698698308       0.9310983036628783
     656.3700700700700281       0.9603186820791677
     656.3702702702702254       0.9322869210582899
     656.3704704704704227       0.9401595130137791
     656.3706706706706200       1.0192467670590328
     656.3708708708708173       1.0437190232029603
     656.3710710710710146       1.0865551086590735
     656.3712712712712118       1.0022187327104519
     656.3714714714714091       0.9755194725185570
     656.3716716716716064       1.0191712709707992
     656.3718718718718037       0.9630260683456999
     656.3720720720720010       1.0030348429019682
     656.3722722722721983       0.9708361521438976
     656.3724724724723956       1.0541647410535857
     656.3726726726725929       0.9122717196971715
     656.3728728728727901       1.0154994050353010
     656.3730730730729874       1.0188436978980633
     656.3732732732732984       0.9086080034263034
     656.3734734734734957       1.0631296017649219
     656.3736736736736930       0.9086601868393616
     656.3738738738738903       0.9118921163479193
     656.3740740740740875       0.9231701073456787
     656.3742742742742848       1.0282495524366919
     656.3744744744744821       1.0075225711530702
     656.3746746746746794       0.9860682121410558
     656.3748748748748767       1.0208545227784307
     656.3750750750750740       1.0604388928749220
     656.3752752752752713       0.9907184617449316
     656.3754754754754686       1.0069272620849570
     656.3756756756756658       0.9244827482824581
     656.3758758758758631       0.9981574076738084
     656.3760760760760604       1.0685716804678569
     656.3762762762762577       0.9712650140951069
     656.3764764764764550       0.9714764665226093
     656.3766766766766523       0.9023174119525412
     656.3768768768768496       0.9488024551702420
     656.3770770770770469       0.9531520952924362
     656.3772772772772441       1.0429164413296914
     656.3774774774774414       1.0077864008751889
     656.3776776776776387       0.9426627071401048
     656.3778778778778360       0.9343686720254719
     656.3780780780780333       1.0114970256991342
     656.3782782782782306       0.9969143376664591
     656.3784784784784279       0.9842406169996797
     656.3786786786786251       1.0238118189539587
     656.3788788788788224       0.9760802876468211
     656.3790790790790197       0.9716404604545563
     656.3792792792792170       0.9476886478921501
     656.3794794794794143       0.9492849269018230
     656.3796796796796116       0.9600173563942159
     656.3798798798798089       0.9781550278229477
     656.3800800800800062       0.8956594846023559
     656.3802802802802034       0.9786479121608563
     656.3804804804804007       0.9302800065938748
     656.3806806806805980       0.9160570041382868
     656.3808808808809090       0.9988189799767100
     656.3810810810811063       0.9485427592623490
     656.3812812812813036       1.0451711473714633
     656.3814814814815009       0.9677977544953698
     656.3816816816816981       0.9865494040310792
     656.3818818818818954       0.9716034751006173
     656.3820820820820927       0.9931765310133457
     656.3822822822822900       0.9855493176341191
     656.3824824824824873       0.9438378455530558
     656.3826826826826846       0.8941406310431448
     656.3828828828828819       0.9305913125878488
     656.3830830830830791       0.8761058176546148
     656.3832832832832764       0.8634514447669565
     656.3834834834834737       0.9523918421598747
     656.3836836836836710       0.9830656734633747
     656.3838838838838683       0.9375175494187482
     656.3840840840840656       0.9543625223606115
     656.3842842842842629       0.9829236510891681
     656.3844844844844602       0.8344097978268330
     656.3846846846846574       1.0024932925675647
     656.3848848848848547       0.9506765338321687
     656.3850850850850520       1.0027727212612456
     656.3852852852852493       0.9410123628743284
     656.3854854854854466       0.9624843320312121
     656.3856856856856439       0.9481433798463652
     656.3858858858858412       0.9660231673832719
     656.3860860860860384       0.8980558269349744
     656.3862862862862357       0.8830615004920640
     656.3864864864864330       0.9946882092496940
     656.3866866866866303       0.9683430661203470
     656.3868868868868276       0.9288279285340661
     656.3870870870870249       0.9856654831232918
     656.3872872872872222       0.9385376882914869
     656.3874874874874195       0.9825070975490475
     656.3876876876876167       0.9757680186982809
     656.3878878878878140       1.0339665242648395
     656.3880880880880113       0.8751130140536004
     656.3882882882882086       0.8647988798560798
     656.3884884884885196       0.9732615587685051
     656.3886886886887169       0.9034663876600382
     656.3888888888889142       0.8935164495374238
     656.3890890890891114       0.9679531543775964
     656.3892892892893087       0.9257297885601072
     656.3894894894895060       1.0033350321927541
     656.3896896896897033       0.9940515175163144
     656.3898898898899006       0.9797423649831239
     656.3900900900900979       0.9558236654933381
     656.3902902902902952       0.9376404149740064
     656.3904904904904924       0.9195833141574489
     656.3906906906906897       0.9192656861244011
     656.3908908908908870       0.9463062542204999
     656.3910910910910843       0.9992426282335333
     656.3912912912912816       0.9426737877772754
     656.3914914914914789       0.9506743028915978
     656.3916916916916762       0.9908353887876016
     656.3918918918918735       0.9389101243346166
     656.3920920920920707       0.9487305542268980
     656.3922922922922680       0.8915193609925809
     656.3924924924924653       0.8711708456155888
     656.3926926926926626       0.9145243726385213
     656.3928928928928599       0.9414472678570356
     656.3930930930930572       0.9076168163502922
     656.3932932932932545       0.9014669322211410
     656.3934934934934518       0.8660555495002354
     656.3936936936936490       0.9323107265591466
     656.3938938938938463       0.8770554934235053
     656.3940940940940436       0.9550761497749767
     656.3942942942942409       0.9945804772478080
     656.3944944944944382       0.8234158225431123
     656.3946946946946355       0.9251131894421222
     656.3948948948948328       0.8507942616069871
     656.3950950950950300       0.9785957797933766
     656.3952952952952273       0.9359337955488596
     656.3954954954954246       0.8657805746390447
     656.3956956956956219       0.9867700828627637
     656.3958958958958192       0.8368456210065782
     656.3960960960960165       0.9170961740629922
     656.3962962962963275       0.8608465443573354
     656.3964964964965247       0.9637301076271414
     656.3966966966967220       0.9529856751660651
     656.3968968968969193       0.8645167541706120
     656.3970970970971166       0.8734608503613388
     656.3972972972973139       0.9647065660979767
     656.3974974974975112       1.0051614642332898
     656.3976976976977085       0.8247033526825153
     656.3978978978979058       0.8803967366516887
     656.3980980980981030       0.9238316657683390
     656.3982982982983003       0.8942439250873859
     656.3984984984984976       0.8980412139462541
     656.3986986986986949       0.9533516585292797
     656.3988988988988922       0.9130938728278734
     656.3990990990990895       0.8708702145345353
     656.3992992992992868       0.7499913380537810
     656.3994994994994840       1.0340680010187069
     656.3996996996996813       0.8581612809806847
     656.3998998998998786       0.8562586852011411
     656.4001001001000759       0.8426667010474804
     656.4003003003002732       0.9422660703932362
     656.4005005005004705       0.9001011624894933
     656.4007007007006678       0.8888105038535512
     656.4009009009008651       0.8817237248156738
     656.4011011011010623       0.8492167104496405
     656.4013013013012596       0.8902140779411128
     656.4015015015014569       0.9041081963948834
     656.4017017017016542       0.9375803030311129
     656.4019019019018515       0.9487626430634174
     656.4021021021020488       0.9018140758947355
     656.4023023023022461       0.9195287434566888
     656.4025025025024433       0.8374702099068543
     656.4027027027026406       0.8876931678045392
     656.4029029029028379       0.8665749874348448
     656.4031031031030352       0.7552261851396562
     656.4033033033032325       0.8531340897330314
     656.4035035035034298       0.8433958501720054
     656.4037037037036271       0.8136204195236948
     656.4039039039039380       0.8387926722039747
     656.4041041041041353       0.7514188632087009
     656.4043043043043326       0.8814466646382003
     656.4045045045045299       0.8135100971267610
     656.4047047047047272       0.8773850426225868
     656.4049049049049245       0.8414546876067278
     656.4051051051051218       0.7950029102992372
     656.4053053053053191       0.8340009068500049
     656.4055055055055163       0.9456444047090500
     656.4057057057057136       0.8796651808777675
     656.4059059059059109       0.7628042174955139
     656.4061061061061082       0.9290533772145635
     656.4063063063063055       0.8521117437266471
     656.4065065065065028       0.7764598611480938
     656.4067067067067001       0.9041936948401612
     656.4069069069068973       0.8152574786264969
     656.4071071071070946       0.8654310552543102
     656.4073073073072919       0.8313681455057517
     656.4075075075074892       0.9614567961237076
     656.4077077077076865       0.8440048975393991
     656.4079079079078838       0.8679408880066455
     656.4081081081080811       0.8707636406924830
     656.4083083083082784       0.8201650732900873
     656.4085085085084756       0.7998756047341075
     656.4087087087086729       0.8014499447387781
     656.4089089089088702       0.8470609339271301
     656.4091091091090675       0.7550972308190605
     656.4093093093092648       0.8487770268515988
     656.4095095095094621       0.7833207689326269
     656.4097097097096594       0.7967243675436094
     656.4099099099098567       0.8214216465244611
     656.4101101101100539       0.7908952390976023
     656.4103103103102512       0.8631981912613755
     656.4105105105104485       0.8948099486385545
     656.4107107107106458       0.7135538534556695
     656.4109109109108431       0.7475592825208184
     656.4111111111110404       0.7642641654728237
     656.4113113113112377       0.8009057820613142
     656.4115115115114349       0.8824676099432478
     656.4117117117117459       0.8499007872465909
     656.4119119119119432       0.8521311929360633
     656.4121121121121405       0.8189946385318926
     656.4123123123123378       0.8185195363651518
     656.4125125125125351       0.7438246946621705
     656.4127127127127324       0.7800691156160647
     656.4129129129129296       0.8805319253789354
     656.4131131131131269       0.8250972393226782
     656.4133133133133242       0.8169170879710983
     656.4135135135135215       0.7654168295799658
     656.4137137137137188       0.7691504886543102
     656.4139139139139161       0.8108645890117758
     656.4141141141141134       0.7615759272419892
     656.4143143143143106       0.7673498192382132
     656.4145145145145079       0.8015749428663992
     656.4147147147147052       0.8118735657251102
     656.4149149149149025       0.7677613789881000
     656.4151151151150998       0.7609927848057219
     656.4153153153152971       0.8547251577193822
     656.4155155155154944       0.7340747793527820
     656.4157157157156917       0.7824006238631867
     656.4159159159158889       0.7412197715881956
     656.4161161161160862       0.7771390981456745
     656.4163163163162835       0.8812873952229470
     656.4165165165164808       0.7433710429608731
     656.4167167167166781       0.7764325742119529
     656.4169169169168754       0.8106229951284909
     656.4171171171170727       0.8307216351409941
     656.4173173173172700       0.8723644100708969
     656.4175175175174672       0.7982739377677819
     656.4177177177176645       0.8537203652654396
     656.4179179179178618       0.7758382965950327
     656.4181181181180591       0.7399781062525076
     656.4183183183182564       0.7323806811861311
     656.4185185185184537       0.7453154875461201
     656.4187187187186510       0.8408567321846661
     656.4189189189188482       0.7714421292854279
     656.4191191191190455       0.7255787861604768
     656.4193193193193565       0.7138724876850048
     656.4195195195195538       0.7426867378116490
     656.4197197197197511       0.8130518483466160
     656.4199199199199484       0.7836411314428362
     656.4201201201201457       0.7168550696427423
     656.4203203203203429       0.7905259427463140
     656.4205205205205402       0.8226490727083349
     656.4207207207207375       0.8077489082373325
     656.4209209209209348       0.8489893446523509
     656.4211211211211321       0.7999941821851799
     656.4213213213213294       0.7633130311383547
     656.4215215215215267       0.8517078133289662
     656.4217217217217240       0.8758833923896341
     656.4219219219219212       0.7313704962322769
     656.4221221221221185       0.8841325135929401
     656.4223223223223158       0.8140952172760159
     656.4225225225225131       0.8043505688740247
     656.4227227227227104       0.9329595548752923
     656.4229229229229077       0.7612857385696939
     656.4231231231231050       0.8065182278199866
     656.4233233233233022       0.8264963779967887
     656.4235235235234995       0.7889471640739119
     656.4237237237236968       0.8059148915273895
     656.4239239239238941       0.7958171690041794
     656.4241241241240914       0.7423457617187569
     656.4243243243242887       0.7428345153368381
     656.4245245245244860       0.7893292160162840
     656.4247247247246833       0.8391497784032729
     656.4249249249248805       0.8125006177249592
     656.4251251251250778       0.8578135229145213
     656.4253253253252751       0.7749747629041142
     656.4255255255254724       0.7829184937712530
     656.4257257257256697       0.8442042146898745
     656.4259259259258670       0.8545478135092754
     656.4261261261260643       0.7646691814809876
     656.4263263263262616       0.8851300194921229
     656.4265265265264588       0.8113526912436635
     656.4267267267266561       0.8920729798416648
     656.4269269269269671       0.8262889253260757
     656.4271271271271644       0.7100239901047023
     656.4273273273273617       0.8256219657290967
     656.4275275275275590       0.8214586901174891
     656.4277277277277562       0.8082588155078094
     656.4279279279279535       0.8134696650962528
     656.4281281281281508       0.7801918438529810
     656.4283283283283481       0.8690827905330515
     656.4285285285285454       0.8869536226753796
     656.4287287287287427       0.7396549511831487
     656.4289289289289400       0.7149158229118253
     656.4291291291291373       0.7097046473438419
     656.4293293293293345       0.7311971500500500
     656.4295295295295318       0.8393556924987408
     656.4297297297297291       0.7856613683454037
     656.4299299299299264       0.7512209472100495
     656.4301301301301237       0.7805173514766207
     656.4303303303303210       0.8893849363174142
     656.4305305305305183       0.9219055233164524
     656.4307307307307155       0.8507501054432803
     656.4309309309309128       0.8337564309419497
     656.4311311311311101       0.8565815616084068
     656.4313313313313074       0.8570559634471221
     656.4315315315315047       0.8398828667697009
     656.4317317317317020       0.8354247431797310
     656.4319319319318993       0.8253655610690305
     656.4321321321320966       0.8597506152263262
     656.4323323323322938       0.8712787594594340
     656.4325325325324911       0.8766854893732612
     656.4327327327326884       0.8176122206673306
     656.4329329329328857       0.8498731167681001
     656.4331331331330830       0.8485573704035169
     656.4333333333332803       0.7688395068478974
     656.4335335335334776       0.8041102123284090
     656.4337337337336749       0.8548863632979822
     656.4339339339338721       0.8702923256893319
     656.4341341341340694       0.8092353567239728
     656.4343343343342667       0.8890212685242183
     656.4345345345344640       0.8918621944726864
     656.4347347347347750       0.8770777543603125
     656.4349349349349723       0.8518144022727767
     656.4351351351351695       0.8524648237920587
     656.4353353353353668       0.8629726469269465
     656.4355355355355641       0.8699560651006810
     656.4357357357357614       0.8049633512338906
     656.4359359359359587       0.8293820137111407
     656.4361361361361560       0.7925730226962340
     656.4363363363363533       0.9034224056783808
     656.4365365365365506       0.8175249931530761
     656.4367367367367478       0.7926456462450645
     656.4369369369369451       0.8164393389873853
     656.4371371371371424       0.8327512247573168
     656.4373373373373397       0.8052698689036618
     656.4375375375375370       0.9088758127225302
     656.4377377377377343       0.8282511208689011
     656.4379379379379316       0.9548841485843830
     656.4381381381381289       0.8124580772732555
     656.4383383383383261       0.9081978841966883
     656.4385385385385234       0.7444005295417486
     656.4387387387387207       0.8906784514207077
     656.4389389389389180       0.9191390807660526
     656.4391391391391153       0.8890108915204479
     656.4393393393393126       0.8053896858954595
     656.4395395395395099       0.8461439887961812
     656.4397397397397071       0.8988086727108208
     656.4399399399399044       0.7873044331372844
     656.4401401401401017       0.8418855091618487
     656.4403403403402990       0.8601699954130689
     656.4405405405404963       0.8769319742108088
     656.4407407407406936       0.9438769712277258
     656.4409409409408909       0.8859183312269827
     656.4411411411410882       0.9376416916259827
     656.4413413413412854       0.8431018538631061
     656.4415415415414827       0.8675910941369824
     656.4417417417416800       0.8363550040719666
     656.4419419419418773       0.8432549009816581
     656.4421421421420746       0.8974493087300033
     656.4423423423423856       0.9130208033605043
     656.4425425425425829       0.9318586355294410
     656.4427427427427801       0.8541705230262550
     656.4429429429429774       0.9321723329170709
     656.4431431431431747       1.0070721736313599
     656.4433433433433720       0.9704084903690244
     656.4435435435435693       0.9214013056541027
     656.4437437437437666       0.9179368657505733
     656.4439439439439639       0.9110956017676630
     656.4441441441441611       0.7512427451018041
     656.4443443443443584       0.9079783702475336
     656.4445445445445557       0.8670123957328997
     656.4447447447447530       0.9309121824333065
     656.4449449449449503       0.8634389204112610
     656.4451451451451476       0.9422741450883332
     656.4453453453453449       0.8891055964092169
     656.4455455455455422       0.9199826714372157
     656.4457457457457394       0.8743074307770621
     656.4459459459459367       0.9273894231263603
     656.4461461461461340       0.9262168743577355
     656.4463463463463313       0.9591910033813289
     656.4465465465465286       0.9361628471865316
     656.4467467467467259       0.9787760105022583
     656.4469469469469232       0.8871224826829038
     656.4471471471471204       0.9006823605902793
     656.4473473473473177       0.8422112771597704
     656.4475475475475150       0.9482685731308600
     656.4477477477477123       0.9040893278821364
     656.4479479479479096       0.9346701165540816
     656.4481481481481069       0.9242765447034660
     656.4483483483483042       0.9032851762747529
     656.4485485485485015       1.0027147622242572
     656.4487487487486987       0.9900015541266965
     656.4489489489488960       0.9531311567445385
     656.4491491491490933       0.8907538542356744
     656.4493493493492906       0.9453740057644933
     656.4495495495494879       0.9860445117083476
     656.4497497497496852       0.8669498247423661
     656.4499499499498825       1.0137821828435207
     656.4501501501501934       0.9107951684291368
     656.4503503503503907       0.8505859232021014
     656.4505505505505880       0.9362468236499346
     656.4507507507507853       0.8999656364279045
     656.4509509509509826       0.8453946783865426
     656.4511511511511799       0.8912094304972160
     656.4513513513513772       0.9930342896854187
     656.4515515515515744       0.8990824042450440
     656.4517517517517717       0.9174318025584609
     656.4519519519519690       0.9645386900530543
     656.4521521521521663       0.9337541374002148
     656.4523523523523636       0.8787915626948555
     656.4525525525525609       0.9446719925660164
     656.4527527527527582       0.9779302193396864
     656.4529529529529555       0.9713439414928293
     656.4531531531531527       0.8804408232276250
     656.4533533533533500       0.7990850698391671
     656.4535535535535473       1.0564240073099738
     656.4537537537537446       0.9675436746859428
     656.4539539539539419       0.9202136046846054
     656.4541541541541392       0.8516845924966286
     656.4543543543543365       0.9440774347378017
     656.4545545545545338       0.9441490606328363
     656.4547547547547310       0.8942231415974586
     656.4549549549549283       0.9566632766561547
     656.4551551551551256       0.9797133382020558
     656.4553553553553229       1.0796045763100532
     656.4555555555555202       0.9144858656301815
     656.4557557557557175       0.9814198219770576
     656.4559559559559148       0.9375201802730612
     656.4561561561561120       0.9745491893378608
     656.4563563563563093       0.9419906979812741
     656.4565565565565066       0.9357836809000819
     656.4567567567567039       0.8151759641655567
     656.4569569569569012       0.9444630679734176
     656.4571571571570985       1.0095801008474738
     656.4573573573572958       1.0181247446302124
     656.4575575575574931       0.9732058051988741
     656.4577577577578040       1.0162285399241782
     656.4579579579580013       0.9836520555679107
     656.4581581581581986       0.9948130102568197
     656.4583583583583959       0.8791441139553211
     656.4585585585585932       0.9965291637799351
     656.4587587587587905       0.9274268832526915
     656.4589589589589878       0.9993981780243610
     656.4591591591591850       0.9263582639038358
     656.4593593593593823       0.8882133300066331
     656.4595595595595796       0.9804014154885728
     656.4597597597597769       1.0267129493060247
     656.4599599599599742       0.9816795342697519
     656.4601601601601715       0.9843903474642932
     656.4603603603603688       0.9993387837961974
     656.4605605605605660       1.0207233820126360
     656.4607607607607633       0.8912663202623023
     656.4609609609609606       0.9529303634394531
     656.4611611611611579       1.0281817640032831
     656.4613613613613552       1.0654580629507007
     656.4615615615615525       0.9398151138352466
     656.4617617617617498       0.9828589753621004
     656.4619619619619471       0.9891415018342646
     656.4621621621621443       0.9822509950817288
     656.4623623623623416       1.0294754767680847
     656.4625625625625389       1.0954773729978344
     656.4627627627627362       1.0305956380059054
     656.4629629629629335       0.9499069910924293
     656.4631631631631308       0.9395352332603468
     656.4633633633633281       1.0286227962674785
     656.4635635635635253       1.0444482163367708
     656.4637637637637226       0.9789871322557417
     656.4639639639639199       1.0320376337351007
     656.4641641641641172       1.0231899375176765
     656.4643643643643145       1.0181215259559493
     656.4645645645645118       0.9427075923450078
     656.4647647647647091       1.0536652217810221
     656.4649649649649064       0.9897850748221674
     656.4651651651651036       0.9420543876162470
     656.4653653653653009       1.0205620864788782
     656.4655655655656119       0.9789032341740914
     656.4657657657658092       0.9866519594965767
     656.4659659659660065       0.9865645334548130
     656.4661661661662038       0.9376297339861082
     656.4663663663664011       0.9919556349017903
     656.4665665665665983       0.9020629305640704
     656.4667667667667956       0.9021253847409655
     656.4669669669669929       0.9813200220828855
     656.4671671671671902       1.0474081846139436
     656.4673673673673875       0.9694778254973406
     656.4675675675675848       1.0482006841627289
     656.4677677677677821       0.9867647599406798
     656.4679679679679793       0.9267189414340936
     656.4681681681681766       0.8803693713566609
     656.4683683683683739       0.9513605184250330
     656.4685685685685712       0.9491238194600786
     656.4687687687687685       1.0140570290411244
     656.4689689689689658       0.9443252345473738
     656.4691691691691631       0.9942529244977624
     656.4693693693693604       1.0209498065158422
     656.4695695695695576       0.9745549663184558
     656.4697697697697549       1.0583251632784627
     656.4699699699699522       1.0035486319842657
     656.4701701701701495       0.9678101331781807
     656.4703703703703468       1.0206023105333277
     656.4705705705705441       1.0003666174504253
     656.4707707707707414       0.9671155667636377
     656.4709709709709387       0.9644536446086345
     656.4711711711711359       1.0217540142924406
     656.4713713713713332       1.1224575996904171
     656.4715715715715305       0.9283801641003225
     656.4717717717717278       1.0437916016023352
     656.4719719719719251       0.9744391575107784
     656.4721721721721224       1.0104822054279741
     656.4723723723723197       1.0058508847517591
     656.4725725725725169       1.0549508287089759
     656.4727727727727142       0.9697958330636649
     656.4729729729729115       0.9709909932229676
     656.4731731731732225       0.9433555074613996
     656.4733733733734198       0.9479525603634450
     656.4735735735736171       1.0704723266615976
     656.4737737737738144       1.0245010639668921
     656.4739739739740116       1.0131491217681416
     656.4741741741742089       1.1229746785339272
     656.4743743743744062       1.0181583778617496
     656.4745745745746035       0.9853168990387828
     656.4747747747748008       1.0148382827620124
     656.4749749749749981       0.9972379844811682
     656.4751751751751954       1.0078703774689275
     656.4753753753753927       1.0538318563605111
     656.4755755755755899       0.9279684670607611
     656.4757757757757872       1.0159862073780195
     656.4759759759759845       0.9797875458428839
     656.4761761761761818       0.9487457936355372
     656.4763763763763791       1.0193940558826089
     656.4765765765765764       0.9801540878915747
     656.4767767767767737       0.9504392421166838
     656.4769769769769709       1.0264114951287593
     656.4771771771771682       0.9462017082350889
     656.4773773773773655       0.9481803210499288
     656.4775775775775628       0.9836633380692645
     656.4777777777777601       0.9268750636241820
     656.4779779779779574       1.0275213640370466
     656.4781781781781547       1.0154802864359775
     656.4783783783783520       0.9206468504222597
     656.4785785785785492       0.9923911430566681
     656.4787787787787465       0.9801512745106820
     656.4789789789789438       1.0058792603671254
     656.4791791791791411       1.0487643912139579
     656.4793793793793384       1.0630621624441976
     656.4795795795795357       0.9503426794773968
     656.4797797797797330       1.0744278136432679
     656.4799799799799302       0.9660864725822668
     656.4801801801801275       0.9840884319386890
     656.4803803803803248       1.0222893794881460
     656.4805805805805221       1.0050628170290692
     656.4807807807808331       0.9882369444478829
     656.4809809809810304       0.9781798302385748
     656.4811811811812277       1.0494513760456901
     656.4813813813814249       0.9677654767053291
     656.4815815815816222       0.9644629255734134
     656.4817817817818195       0.9736159235569701
     656.4819819819820168       0.9787821550790740
     656.4821821821822141       1.0013065742130298
     656.4823823823824114       0.9132032334396686
     656.4825825825826087       0.9686562629800121
     656.4827827827828060       0.9625437125624396
     656.4829829829830032       0.9960922128887563
     656.4831831831832005       0.9231488442959697
     656.4833833833833978       0.9917948781680096
     656.4835835835835951       1.0023895633599182
     656.4837837837837924       0.9584066719456112
     656.4839839839839897       0.9322473426571779
     656.4841841841841870       0.9758312692441510
     656.4843843843843842       0.9144248693642028
     656.4845845845845815       0.9961336040304449
     656.4847847847847788       1.0805750945835277
     656.4849849849849761       1.0215292843262431
     656.4851851851851734       0.9941842723483528
     656.4853853853853707       0.9896706702859949
     656.4855855855855680       0.9024182328086178
     656.4857857857857653       0.9677036028091347
     656.4859859859859625       1.0854544487079574
     656.4861861861861598       0.9660385056439567
     656.4863863863863571       1.1025732132963040
     656.4865865865865544       0.9412825557868022
     656.4867867867867517       0.9918097717374633
     656.4869869869869490       1.1580040811807559
     656.4871871871871463       0.9929386152771226
     656.4873873873873436       0.9879679002186487
     656.4875875875875408       1.0493997517827010
     656.4877877877877381       0.9288513266461180
     656.4879879879879354       1.0051050683332674
     656.4881881881881327       1.0379804177283500
     656.4883883883883300       1.0140823521650457
     656.4885885885886410       0.9965562118319953
     656.4887887887888382       0.9043181819574350
     656.4889889889890355       1.0325984462138305
     656.4891891891892328       0.9973851571776152
     656.4893893893894301       1.0416186302299892
     656.4895895895896274       0.9895348336333468
     656.4897897897898247       0.9807378698199808
     656.4899899899900220       0.9901050918077411
     656.4901901901902193       1.0969132316119095
     656.4903903903904165       1.0789838873143207
     656.4905905905906138       0.9956084976864067
     656.4907907907908111       1.0136273210283795
     656.4909909909910084       1.0266545357896701
     656.4911911911912057       0.9775862562450558
     656.4913913913914030       1.0168724249627701
     656.4915915915916003       1.0343087387065770
     656.4917917917917976       1.0072928350239687
     656.4919919919919948       0.8824680345750699
     656.4921921921921921       1.0018603207389640
     656.4923923923923894       0.9903654877871012
     656.4925925925925867       0.9984772927357461
     656.4927927927927840       0.9989610191263524
     656.4929929929929813       0.9684870060516615
     656.4931931931931786       1.0149954356671951
     656.4933933933933758       1.0371466555863358
     656.4935935935935731       1.0929152972796885
     656.4937937937937704       0.9081346410245087
     656.4939939939939677       1.0626410600701182
     656.4941941941941650       0.9787189664180543
     656.4943943943943623       0.9957075744918034
     656.4945945945945596       0.9440143853180717
     656.4947947947947569       1.1028141994743450
     656.4949949949949541       0.9643133514354403
     656.4951951951951514       0.9911630489137686
     656.4953953953953487       0.9674439792902619
     656.4955955955955460       0.9637565099239972
     656.4957957957957433       0.9745282817557207
     656.4959959959959406       0.9849411012278348
     656.4961961961962515       0.9890946073492454
     656.4963963963964488       0.9772944207734032
     656.4965965965966461       1.0292438904249048
     656.4967967967968434       1.0304722178495012
     656.4969969969970407       0.9417019592891711
     656.4971971971972380       1.0380960162178385
     656.4973973973974353       1.0329853518508565
     656.4975975975976326       1.0369615876947091
     656.4977977977978298       0.9642359794679227
     656.4979979979980271       1.0324273884821771
     656.4981981981982244       1.0208343185560307
     656.4983983983984217       0.9396717287590783
     656.4985985985986190       0.9712760544094250
     656.4987987987988163       0.9899801337336230
     656.4989989989990136       0.9589893194966824
     656.4991991991992109       1.0110420149593247
     656.4993993993994081       1.0907337052118755
     656.4995995995996054       0.9641486226009579
     656.4997997997998027       1.0050980957754367
     656.5000000000000000       1.0221516926991299
