   1.000000E+000   6.343512E-002
   2.000000E+000   6.801190E-002
   3.000000E+000   7.258867E-002
   4.000000E+000   6.381410E-002
   5.000000E+000   5.559744E-002
   6.000000E+000   5.049688E-002
   7.000000E+000   4.660680E-002
   8.000000E+000   4.354373E-002
   9.000000E+000   4.126328E-002
   1.000000E+001   3.955525E-002
   1.100000E+001   3.820304E-002
   1.200000E+001   3.713033E-002
   1.300000E+001   3.629587E-002
   1.400000E+001   3.565849E-002
   1.500000E+001   3.517703E-002
   1.600000E+001   3.481500E-002
   1.700000E+001   3.455470E-002
   1.800000E+001   3.438311E-002
   1.900000E+001   3.428719E-002
   2.000000E+001   3.425392E-002
   2.100000E+001   3.427185E-002
   2.200000E+001   3.433581E-002
   2.300000E+001   3.444220E-002
   2.400000E+001   3.458741E-002
   2.500000E+001   3.476784E-002
   2.600000E+001   3.497990E-002
   2.700000E+001   3.521999E-002
   2.800000E+001   3.548449E-002
   2.900000E+001   3.576982E-002
   3.000000E+001   3.607237E-002
   3.100000E+001   3.638902E-002
   3.200000E+001   3.671855E-002
   3.300000E+001   3.706025E-002
   3.400000E+001   3.741338E-002
   3.500000E+001   3.777721E-002
   3.600000E+001   3.815101E-002
   3.700000E+001   3.853405E-002
   3.800000E+001   3.892560E-002
   3.900000E+001   3.932492E-002
   4.000000E+001   3.973130E-002
   4.100000E+001   4.014408E-002
   4.200000E+001   4.056291E-002
   4.300000E+001   4.098755E-002
   4.400000E+001   4.141772E-002
   4.500000E+001   4.185318E-002
   4.600000E+001   4.229366E-002
   4.700000E+001   4.273890E-002
   4.800000E+001   4.318864E-002
   4.900000E+001   4.364263E-002
   5.000000E+001   4.410060E-002
   5.100000E+001   4.456233E-002
   5.200000E+001   4.502773E-002
   5.300000E+001   4.549674E-002
   5.400000E+001   4.596930E-002
   5.500000E+001   4.644535E-002
   5.600000E+001   4.692484E-002
   5.700000E+001   4.740772E-002
   5.800000E+001   4.789391E-002
   5.900000E+001   4.838338E-002
   6.000000E+001   4.887605E-002
   6.100000E+001   4.937188E-002
   6.200000E+001   4.987085E-002
   6.300000E+001   5.037293E-002
   6.400000E+001   5.087811E-002
   6.500000E+001   5.138636E-002
   6.600000E+001   5.189768E-002
   6.700000E+001   5.241204E-002
   6.800000E+001   5.292943E-002
   6.900000E+001   5.344983E-002
   7.000000E+001   5.397321E-002
   7.100000E+001   5.449956E-002
   7.200000E+001   5.502887E-002
   7.300000E+001   5.556111E-002
   7.400000E+001   5.609625E-002
   7.500000E+001   5.663429E-002
   7.600000E+001   5.717521E-002
   7.700000E+001   5.771897E-002
   7.800000E+001   5.826557E-002
   7.900000E+001   5.881498E-002
   8.000000E+001   5.936719E-002
   8.100000E+001   5.992216E-002
   8.200000E+001   6.047983E-002
   8.300000E+001   6.104015E-002
   8.400000E+001   6.160304E-002
   8.500000E+001   6.216844E-002
   8.600000E+001   6.273628E-002
   8.700000E+001   6.330650E-002
   8.800000E+001   6.387902E-002
   8.900000E+001   6.445379E-002
   9.000000E+001   6.503072E-002
   9.100000E+001   6.560977E-002
   9.200000E+001   6.619081E-002
   9.300000E+001   6.677376E-002
   9.400000E+001   6.735851E-002
   9.500000E+001   6.794495E-002
   9.600000E+001   6.853299E-002
   9.700000E+001   6.912251E-002
   9.800000E+001   6.971343E-002
   9.900000E+001   7.030563E-002
   1.000000E+002   7.089901E-002
   1.010000E+002   7.149346E-002
   1.020000E+002   7.208885E-002
   1.030000E+002   7.268505E-002
   1.040000E+002   7.328192E-002
   1.050000E+002   7.387931E-002
   1.060000E+002   7.447710E-002
   1.070000E+002   7.507515E-002
   1.080000E+002   7.567332E-002
   1.090000E+002   7.627146E-002
   1.100000E+002   7.686946E-002
   1.110000E+002   7.746716E-002
   1.120000E+002   7.806443E-002
   1.130000E+002   7.866114E-002
   1.140000E+002   7.925715E-002
   1.150000E+002   7.985232E-002
   1.160000E+002   8.044651E-002
   1.170000E+002   8.103959E-002
   1.180000E+002   8.163141E-002
   1.190000E+002   8.222185E-002
   1.200000E+002   8.281077E-002
   1.210000E+002   8.339801E-002
   1.220000E+002   8.398339E-002
   1.230000E+002   8.456671E-002
   1.240000E+002   8.514775E-002
   1.250000E+002   8.572631E-002
   1.260000E+002   8.630220E-002
   1.270000E+002   8.687520E-002
   1.280000E+002   8.744512E-002
   1.290000E+002   8.801176E-002
   1.300000E+002   8.857490E-002
   1.310000E+002   8.913434E-002
   1.320000E+002   8.968989E-002
   1.330000E+002   9.024134E-002
   1.340000E+002   9.078848E-002
   1.350000E+002   9.133111E-002
   1.360000E+002   9.186903E-002
   1.370000E+002   9.240203E-002
   1.380000E+002   9.292992E-002
   1.390000E+002   9.345248E-002
   1.400000E+002   9.396952E-002
   1.410000E+002   9.448083E-002
   1.420000E+002   9.498626E-002
   1.430000E+002   9.548563E-002
   1.440000E+002   9.597879E-002
   1.450000E+002   9.646558E-002
   1.460000E+002   9.694583E-002
   1.470000E+002   9.741939E-002
   1.480000E+002   9.788609E-002
   1.490000E+002   9.834577E-002
   1.500000E+002   9.879827E-002
   1.510000E+002   9.924343E-002
   1.520000E+002   9.968109E-002
   1.530000E+002   1.001111E-001
   1.540000E+002   1.005332E-001
   1.550000E+002   1.009474E-001
   1.560000E+002   1.013535E-001
   1.570000E+002   1.017512E-001
   1.580000E+002   1.021405E-001
   1.590000E+002   1.025211E-001
   1.600000E+002   1.028929E-001
   1.610000E+002   1.032558E-001
   1.620000E+002   1.036096E-001
   1.630000E+002   1.039543E-001
   1.640000E+002   1.042896E-001
   1.650000E+002   1.046156E-001
   1.660000E+002   1.049320E-001
   1.670000E+002   1.052388E-001
   1.680000E+002   1.055358E-001
   1.690000E+002   1.058230E-001
   1.700000E+002   1.061002E-001
   1.710000E+002   1.063673E-001
   1.720000E+002   1.066242E-001
   1.730000E+002   1.068707E-001
   1.740000E+002   1.071069E-001
   1.750000E+002   1.073325E-001
   1.760000E+002   1.075474E-001
   1.770000E+002   1.077515E-001
   1.780000E+002   1.079448E-001
   1.790000E+002   1.081271E-001
   1.800000E+002   1.082982E-001
   1.810000E+002   1.084581E-001
   1.820000E+002   1.086068E-001
   1.830000E+002   1.087440E-001
   1.840000E+002   1.088699E-001
   1.850000E+002   1.089844E-001
   1.860000E+002   1.090873E-001
   1.870000E+002   1.091787E-001
   1.880000E+002   1.092584E-001
   1.890000E+002   1.093265E-001
   1.900000E+002   1.093828E-001
   1.910000E+002   1.094274E-001
   1.920000E+002   1.094601E-001
   1.930000E+002   1.094810E-001
   1.940000E+002   1.094898E-001
   1.950000E+002   1.094867E-001
   1.960000E+002   1.094715E-001
   1.970000E+002   1.094442E-001
   1.980000E+002   1.094048E-001
   1.990000E+002   1.093531E-001
   2.000000E+002   1.092891E-001
   2.010000E+002   1.092128E-001
   2.020000E+002   1.091243E-001
   2.030000E+002   1.090235E-001
   2.040000E+002   1.089107E-001
   2.050000E+002   1.087858E-001
   2.060000E+002   1.086490E-001
   2.070000E+002   1.085003E-001
   2.080000E+002   1.083398E-001
   2.090000E+002   1.081676E-001
   2.100000E+002   1.079838E-001
   2.110000E+002   1.077884E-001
   2.120000E+002   1.075814E-001
   2.130000E+002   1.073631E-001
   2.140000E+002   1.071334E-001
   2.150000E+002   1.068925E-001
   2.160000E+002   1.066404E-001
   2.170000E+002   1.063771E-001
   2.180000E+002   1.061029E-001
   2.190000E+002   1.058177E-001
   2.200000E+002   1.055216E-001
   2.210000E+002   1.052147E-001
   2.220000E+002   1.048970E-001
   2.230000E+002   1.045688E-001
   2.240000E+002   1.042299E-001
   2.250000E+002   1.038806E-001
   2.260000E+002   1.035208E-001
   2.270000E+002   1.031508E-001
   2.280000E+002   1.027707E-001
   2.290000E+002   1.023807E-001
   2.300000E+002   1.019809E-001
   2.310000E+002   1.015714E-001
   2.320000E+002   1.011525E-001
   2.330000E+002   1.007244E-001
   2.340000E+002   1.002870E-001
   2.350000E+002   9.984073E-002
   2.360000E+002   9.938562E-002
   2.370000E+002   9.892185E-002
   2.380000E+002   9.844958E-002
   2.390000E+002   9.796898E-002
   2.400000E+002   9.748020E-002
   2.410000E+002   9.698342E-002
   2.420000E+002   9.647877E-002
   2.430000E+002   9.596644E-002
   2.440000E+002   9.544657E-002
   2.450000E+002   9.491932E-002
   2.460000E+002   9.438487E-002
   2.470000E+002   9.384336E-002
   2.480000E+002   9.329496E-002
   2.490000E+002   9.273984E-002
   2.500000E+002   9.217813E-002
   2.510000E+002   9.161003E-002
   2.520000E+002   9.103571E-002
   2.530000E+002   9.045537E-002
   2.540000E+002   8.986920E-002
   2.550000E+002   8.927741E-002
   2.560000E+002   8.868019E-002
   2.570000E+002   8.807773E-002
   2.580000E+002   8.747024E-002
   2.590000E+002   8.685789E-002
   2.600000E+002   8.624090E-002
   2.610000E+002   8.561946E-002
   2.620000E+002   8.499376E-002
   2.630000E+002   8.436400E-002
   2.640000E+002   8.373037E-002
   2.650000E+002   8.309308E-002
   2.660000E+002   8.245231E-002
   2.670000E+002   8.180826E-002
   2.680000E+002   8.116113E-002
   2.690000E+002   8.051112E-002
   2.700000E+002   7.985842E-002
   2.710000E+002   7.920322E-002
   2.720000E+002   7.854572E-002
   2.730000E+002   7.788612E-002
   2.740000E+002   7.722461E-002
   2.750000E+002   7.656140E-002
   2.760000E+002   7.589667E-002
   2.770000E+002   7.523066E-002
   2.780000E+002   7.456359E-002
   2.790000E+002   7.389569E-002
   2.800000E+002   7.322719E-002
   2.810000E+002   7.255831E-002
   2.820000E+002   7.188930E-002
   2.830000E+002   7.122037E-002
   2.840000E+002   7.055176E-002
   2.850000E+002   6.988369E-002
   2.860000E+002   6.921639E-002
   2.870000E+002   6.855009E-002
   2.880000E+002   6.788502E-002
   2.890000E+002   6.722141E-002
   2.900000E+002   6.655949E-002
   2.910000E+002   6.589949E-002
   2.920000E+002   6.524162E-002
   2.930000E+002   6.458614E-002
   2.940000E+002   6.393325E-002
   2.950000E+002   6.328320E-002
   2.960000E+002   6.263620E-002
   2.970000E+002   6.199249E-002
   2.980000E+002   6.135230E-002
   2.990000E+002   6.071586E-002
   3.000000E+002   6.008339E-002
   3.010000E+002   5.945510E-002
   3.020000E+002   5.883112E-002
   3.030000E+002   5.821156E-002
   3.040000E+002   5.759651E-002
   3.050000E+002   5.698609E-002
   3.060000E+002   5.638040E-002
   3.070000E+002   5.577955E-002
   3.080000E+002   5.518364E-002
   3.090000E+002   5.459278E-002
   3.100000E+002   5.400707E-002
   3.110000E+002   5.342662E-002
   3.120000E+002   5.285153E-002
   3.130000E+002   5.228191E-002
   3.140000E+002   5.171787E-002
   3.150000E+002   5.115950E-002
   3.160000E+002   5.060693E-002
   3.170000E+002   5.006024E-002
   3.180000E+002   4.951955E-002
   3.190000E+002   4.898497E-002
   3.200000E+002   4.845659E-002
   3.210000E+002   4.793453E-002
   3.220000E+002   4.741888E-002
   3.230000E+002   4.690976E-002
   3.240000E+002   4.640727E-002
   3.250000E+002   4.591152E-002
   3.260000E+002   4.542261E-002
   3.270000E+002   4.494064E-002
   3.280000E+002   4.446573E-002
   3.290000E+002   4.399797E-002
   3.300000E+002   4.353748E-002
   3.310000E+002   4.308436E-002
   3.320000E+002   4.263871E-002
   3.330000E+002   4.220064E-002
   3.340000E+002   4.177025E-002
   3.350000E+002   4.134766E-002
   3.360000E+002   4.093297E-002
   3.370000E+002   4.052627E-002
   3.380000E+002   4.012768E-002
   3.390000E+002   3.973731E-002
   3.400000E+002   3.935526E-002
   3.410000E+002   3.898162E-002
   3.420000E+002   3.861652E-002
   3.430000E+002   3.826006E-002
   3.440000E+002   3.791233E-002
   3.450000E+002   3.757345E-002
   3.460000E+002   3.724352E-002
   3.470000E+002   3.692265E-002
   3.480000E+002   3.661094E-002
   3.490000E+002   3.630851E-002
   3.500000E+002   3.601544E-002
   3.510000E+002   3.573182E-002
   3.520000E+002   3.545761E-002
   3.530000E+002   3.519272E-002
   3.540000E+002   3.493708E-002
   3.550000E+002   3.469062E-002
   3.560000E+002   3.445325E-002
   3.570000E+002   3.422490E-002
   3.580000E+002   3.400549E-002
   3.590000E+002   3.379495E-002
   3.600000E+002   3.359320E-002
   3.610000E+002   3.340016E-002
   3.620000E+002   3.321576E-002
   3.630000E+002   3.303993E-002
   3.640000E+002   3.287257E-002
   3.650000E+002   3.271362E-002
   3.660000E+002   3.256300E-002
   3.670000E+002   3.242064E-002
   3.680000E+002   3.228645E-002
   3.690000E+002   3.216037E-002
   3.700000E+002   3.204230E-002
   3.710000E+002   3.193219E-002
   3.720000E+002   3.182995E-002
   3.730000E+002   3.173550E-002
   3.740000E+002   3.164877E-002
   3.750000E+002   3.156968E-002
   3.760000E+002   3.149815E-002
   3.770000E+002   3.143411E-002
   3.780000E+002   3.137749E-002
   3.790000E+002   3.132820E-002
   3.800000E+002   3.128616E-002
   3.810000E+002   3.125131E-002
   3.820000E+002   3.122357E-002
   3.830000E+002   3.120285E-002
   3.840000E+002   3.118908E-002
   3.850000E+002   3.118219E-002
   3.860000E+002   3.118210E-002
   3.870000E+002   3.118873E-002
   3.880000E+002   3.120201E-002
   3.890000E+002   3.122186E-002
   3.900000E+002   3.124819E-002
   3.910000E+002   3.128095E-002
   3.920000E+002   3.132004E-002
   3.930000E+002   3.136540E-002
   3.940000E+002   3.141694E-002
   3.950000E+002   3.147459E-002
   3.960000E+002   3.153827E-002
   3.970000E+002   3.160791E-002
   3.980000E+002   3.168343E-002
   3.990000E+002   3.176476E-002
   4.000000E+002   3.185181E-002
   4.010000E+002   3.194449E-002
   4.020000E+002   3.204268E-002
   4.030000E+002   3.214622E-002
   4.040000E+002   3.225496E-002
   4.050000E+002   3.236875E-002
   4.060000E+002   3.248744E-002
   4.070000E+002   3.261089E-002
   4.080000E+002   3.273894E-002
   4.090000E+002   3.287144E-002
   4.100000E+002   3.300824E-002
   4.110000E+002   3.314920E-002
   4.120000E+002   3.329416E-002
   4.130000E+002   3.344297E-002
   4.140000E+002   3.359549E-002
   4.150000E+002   3.375156E-002
   4.160000E+002   3.391104E-002
   4.170000E+002   3.407378E-002
   4.180000E+002   3.423962E-002
   4.190000E+002   3.440842E-002
   4.200000E+002   3.458002E-002
   4.210000E+002   3.475428E-002
   4.220000E+002   3.493105E-002
   4.230000E+002   3.511018E-002
   4.240000E+002   3.529151E-002
   4.250000E+002   3.547490E-002
   4.260000E+002   3.566020E-002
   4.270000E+002   3.584726E-002
   4.280000E+002   3.603593E-002
   4.290000E+002   3.622606E-002
   4.300000E+002   3.641750E-002
   4.310000E+002   3.661010E-002
   4.320000E+002   3.680371E-002
   4.330000E+002   3.699819E-002
   4.340000E+002   3.719337E-002
   4.350000E+002   3.738912E-002
   4.360000E+002   3.758527E-002
   4.370000E+002   3.778170E-002
   4.380000E+002   3.797823E-002
   4.390000E+002   3.817473E-002
   4.400000E+002   3.837104E-002
   4.410000E+002   3.856701E-002
   4.420000E+002   3.876250E-002
   4.430000E+002   3.895736E-002
   4.440000E+002   3.915142E-002
   4.450000E+002   3.934456E-002
   4.460000E+002   3.953661E-002
   4.470000E+002   3.972743E-002
   4.480000E+002   3.991686E-002
   4.490000E+002   4.010476E-002
   4.500000E+002   4.029098E-002
   4.510000E+002   4.047537E-002
   4.520000E+002   4.065787E-002
   4.530000E+002   4.083840E-002
   4.540000E+002   4.101690E-002
   4.550000E+002   4.119330E-002
   4.560000E+002   4.136752E-002
   4.570000E+002   4.153951E-002
   4.580000E+002   4.170919E-002
   4.590000E+002   4.187650E-002
   4.600000E+002   4.204138E-002
   4.610000E+002   4.220374E-002
   4.620000E+002   4.236353E-002
   4.630000E+002   4.252068E-002
   4.640000E+002   4.267513E-002
   4.650000E+002   4.282679E-002
   4.660000E+002   4.297561E-002
   4.670000E+002   4.312152E-002
   4.680000E+002   4.326445E-002
   4.690000E+002   4.340434E-002
   4.700000E+002   4.354111E-002
   4.710000E+002   4.367470E-002
   4.720000E+002   4.380504E-002
   4.730000E+002   4.393207E-002
   4.740000E+002   4.405571E-002
   4.750000E+002   4.417590E-002
   4.760000E+002   4.429258E-002
   4.770000E+002   4.440567E-002
   4.780000E+002   4.451510E-002
   4.790000E+002   4.462082E-002
   4.800000E+002   4.472275E-002
   4.810000E+002   4.482082E-002
   4.820000E+002   4.491497E-002
   4.830000E+002   4.500513E-002
   4.840000E+002   4.509123E-002
   4.850000E+002   4.517321E-002
   4.860000E+002   4.525100E-002
   4.870000E+002   4.532452E-002
   4.880000E+002   4.539372E-002
   4.890000E+002   4.545853E-002
   4.900000E+002   4.551887E-002
   4.910000E+002   4.557468E-002
   4.920000E+002   4.562590E-002
   4.930000E+002   4.567245E-002
   4.940000E+002   4.571427E-002
   4.950000E+002   4.575129E-002
   4.960000E+002   4.578344E-002
   4.970000E+002   4.581066E-002
   4.980000E+002   4.583288E-002
   4.990000E+002   4.585003E-002
   5.000000E+002   4.586205E-002
   5.010000E+002   4.586888E-002
   5.020000E+002   4.587056E-002
   5.030000E+002   4.586716E-002
   5.040000E+002   4.585873E-002
   5.050000E+002   4.584532E-002
   5.060000E+002   4.582700E-002
   5.070000E+002   4.580381E-002
   5.080000E+002   4.577583E-002
   5.090000E+002   4.574311E-002
   5.100000E+002   4.570570E-002
   5.110000E+002   4.566367E-002
   5.120000E+002   4.561706E-002
   5.130000E+002   4.556595E-002
   5.140000E+002   4.551037E-002
   5.150000E+002   4.545041E-002
   5.160000E+002   4.538610E-002
   5.170000E+002   4.531751E-002
   5.180000E+002   4.524470E-002
   5.190000E+002   4.516772E-002
   5.200000E+002   4.508664E-002
   5.210000E+002   4.500150E-002
   5.220000E+002   4.491237E-002
   5.230000E+002   4.481931E-002
   5.240000E+002   4.472236E-002
   5.250000E+002   4.462160E-002
   5.260000E+002   4.451707E-002
   5.270000E+002   4.440884E-002
   5.280000E+002   4.429696E-002
   5.290000E+002   4.418150E-002
   5.300000E+002   4.406250E-002
   5.310000E+002   4.394002E-002
   5.320000E+002   4.381413E-002
   5.330000E+002   4.368489E-002
   5.340000E+002   4.355233E-002
   5.350000E+002   4.341654E-002
   5.360000E+002   4.327756E-002
   5.370000E+002   4.313545E-002
   5.380000E+002   4.299027E-002
   5.390000E+002   4.284208E-002
   5.400000E+002   4.269093E-002
   5.410000E+002   4.253689E-002
   5.420000E+002   4.238000E-002
   5.430000E+002   4.222033E-002
   5.440000E+002   4.205794E-002
   5.450000E+002   4.189288E-002
   5.460000E+002   4.172521E-002
   5.470000E+002   4.155499E-002
   5.480000E+002   4.138227E-002
   5.490000E+002   4.120712E-002
   5.500000E+002   4.102959E-002
   5.510000E+002   4.084974E-002
   5.520000E+002   4.066767E-002
   5.530000E+002   4.048347E-002
   5.540000E+002   4.029724E-002
   5.550000E+002   4.010908E-002
   5.560000E+002   3.991909E-002
   5.570000E+002   3.972735E-002
   5.580000E+002   3.953398E-002
   5.590000E+002   3.933906E-002
   5.600000E+002   3.914269E-002
   5.610000E+002   3.894497E-002
   5.620000E+002   3.874600E-002
   5.630000E+002   3.854588E-002
   5.640000E+002   3.834469E-002
   5.650000E+002   3.814255E-002
   5.660000E+002   3.793954E-002
   5.670000E+002   3.773576E-002
   5.680000E+002   3.753131E-002
   5.690000E+002   3.732629E-002
   5.700000E+002   3.712080E-002
   5.710000E+002   3.691493E-002
   5.720000E+002   3.670877E-002
   5.730000E+002   3.650243E-002
   5.740000E+002   3.629601E-002
   5.750000E+002   3.608959E-002
   5.760000E+002   3.588328E-002
   5.770000E+002   3.567718E-002
   5.780000E+002   3.547138E-002
   5.790000E+002   3.526597E-002
   5.800000E+002   3.506106E-002
   5.810000E+002   3.485675E-002
   5.820000E+002   3.465312E-002
   5.830000E+002   3.445028E-002
   5.840000E+002   3.424833E-002
   5.850000E+002   3.404736E-002
   5.860000E+002   3.384747E-002
   5.870000E+002   3.364875E-002
   5.880000E+002   3.345130E-002
   5.890000E+002   3.325523E-002
   5.900000E+002   3.306062E-002
   5.910000E+002   3.286758E-002
   5.920000E+002   3.267620E-002
   5.930000E+002   3.248657E-002
   5.940000E+002   3.229881E-002
   5.950000E+002   3.211299E-002
   5.960000E+002   3.192923E-002
   5.970000E+002   3.174761E-002
   5.980000E+002   3.156824E-002
   5.990000E+002   3.139121E-002
   6.000000E+002   3.121661E-002
   6.010000E+002   3.104455E-002
   6.020000E+002   3.087504E-002
   6.030000E+002   3.070813E-002
   6.040000E+002   3.054385E-002
   6.050000E+002   3.038222E-002
   6.060000E+002   3.022327E-002
   6.070000E+002   3.006703E-002
   6.080000E+002   2.991353E-002
   6.090000E+002   2.976280E-002
   6.100000E+002   2.961487E-002
   6.110000E+002   2.946977E-002
   6.120000E+002   2.932753E-002
   6.130000E+002   2.918818E-002
   6.140000E+002   2.905174E-002
   6.150000E+002   2.891824E-002
   6.160000E+002   2.878772E-002
   6.170000E+002   2.866021E-002
   6.180000E+002   2.853573E-002
   6.190000E+002   2.841431E-002
   6.200000E+002   2.829598E-002
   6.210000E+002   2.818077E-002
   6.220000E+002   2.806872E-002
   6.230000E+002   2.795984E-002
   6.240000E+002   2.785417E-002
   6.250000E+002   2.775175E-002
   6.260000E+002   2.765258E-002
   6.270000E+002   2.755672E-002
   6.280000E+002   2.746418E-002
   6.290000E+002   2.737500E-002
   6.300000E+002   2.728920E-002
   6.310000E+002   2.720681E-002
   6.320000E+002   2.712787E-002
   6.330000E+002   2.705240E-002
   6.340000E+002   2.698043E-002
   6.350000E+002   2.691199E-002
   6.360000E+002   2.684712E-002
   6.370000E+002   2.678583E-002
   6.380000E+002   2.672816E-002
   6.390000E+002   2.667414E-002
   6.400000E+002   2.662380E-002
   6.410000E+002   2.657716E-002
   6.420000E+002   2.653426E-002
   6.430000E+002   2.649512E-002
   6.440000E+002   2.645978E-002
   6.450000E+002   2.642826E-002
   6.460000E+002   2.640059E-002
   6.470000E+002   2.637681E-002
   6.480000E+002   2.635693E-002
   6.490000E+002   2.634100E-002
   6.500000E+002   2.632904E-002
   6.510000E+002   2.632106E-002
   6.520000E+002   2.631703E-002
   6.530000E+002   2.631687E-002
   6.540000E+002   2.632055E-002
   6.550000E+002   2.632799E-002
   6.560000E+002   2.633915E-002
   6.570000E+002   2.635396E-002
   6.580000E+002   2.637237E-002
   6.590000E+002   2.639431E-002
   6.600000E+002   2.641974E-002
   6.610000E+002   2.644860E-002
   6.620000E+002   2.648082E-002
   6.630000E+002   2.651635E-002
   6.640000E+002   2.655513E-002
   6.650000E+002   2.659711E-002
   6.660000E+002   2.664222E-002
   6.670000E+002   2.669042E-002
   6.680000E+002   2.674163E-002
   6.690000E+002   2.679581E-002
   6.700000E+002   2.685290E-002
   6.710000E+002   2.691284E-002
   6.720000E+002   2.697557E-002
   6.730000E+002   2.704104E-002
   6.740000E+002   2.710918E-002
   6.750000E+002   2.717995E-002
   6.760000E+002   2.725328E-002
   6.770000E+002   2.732911E-002
   6.780000E+002   2.740739E-002
   6.790000E+002   2.748806E-002
   6.800000E+002   2.757106E-002
   6.810000E+002   2.765634E-002
   6.820000E+002   2.774384E-002
   6.830000E+002   2.783349E-002
   6.840000E+002   2.792525E-002
   6.850000E+002   2.801906E-002
   6.860000E+002   2.811485E-002
   6.870000E+002   2.821258E-002
   6.880000E+002   2.831218E-002
   6.890000E+002   2.841359E-002
   6.900000E+002   2.851676E-002
   6.910000E+002   2.862164E-002
   6.920000E+002   2.872815E-002
   6.930000E+002   2.883625E-002
   6.940000E+002   2.894588E-002
   6.950000E+002   2.905699E-002
   6.960000E+002   2.916950E-002
   6.970000E+002   2.928337E-002
   6.980000E+002   2.939854E-002
   6.990000E+002   2.951495E-002
   7.000000E+002   2.963255E-002
   7.010000E+002   2.975127E-002
   7.020000E+002   2.987104E-002
   7.030000E+002   2.999179E-002
   7.040000E+002   3.011344E-002
   7.050000E+002   3.023592E-002
   7.060000E+002   3.035916E-002
   7.070000E+002   3.048309E-002
   7.080000E+002   3.060762E-002
   7.090000E+002   3.073268E-002
   7.100000E+002   3.085820E-002
   7.110000E+002   3.098412E-002
   7.120000E+002   3.111034E-002
   7.130000E+002   3.123680E-002
   7.140000E+002   3.136343E-002
   7.150000E+002   3.149014E-002
   7.160000E+002   3.161687E-002
   7.170000E+002   3.174355E-002
   7.180000E+002   3.187009E-002
   7.190000E+002   3.199643E-002
   7.200000E+002   3.212248E-002
   7.210000E+002   3.224819E-002
   7.220000E+002   3.237346E-002
   7.230000E+002   3.249824E-002
   7.240000E+002   3.262243E-002
   7.250000E+002   3.274598E-002
   7.260000E+002   3.286881E-002
   7.270000E+002   3.299083E-002
   7.280000E+002   3.311199E-002
   7.290000E+002   3.323219E-002
   7.300000E+002   3.335138E-002
   7.310000E+002   3.346948E-002
   7.320000E+002   3.358640E-002
   7.330000E+002   3.370209E-002
   7.340000E+002   3.381646E-002
   7.350000E+002   3.392944E-002
   7.360000E+002   3.404095E-002
   7.370000E+002   3.415093E-002
   7.380000E+002   3.425930E-002
   7.390000E+002   3.436598E-002
   7.400000E+002   3.447090E-002
   7.410000E+002   3.457398E-002
   7.420000E+002   3.467516E-002
   7.430000E+002   3.477436E-002
   7.440000E+002   3.487150E-002
   7.450000E+002   3.496651E-002
   7.460000E+002   3.505931E-002
   7.470000E+002   3.514984E-002
   7.480000E+002   3.523802E-002
   7.490000E+002   3.532377E-002
   7.500000E+002   3.540702E-002
   7.510000E+002   3.548771E-002
   7.520000E+002   3.556580E-002
   7.530000E+002   3.564129E-002
   7.540000E+002   3.571415E-002
   7.550000E+002   3.578436E-002
   7.560000E+002   3.585192E-002
   7.570000E+002   3.591680E-002
   7.580000E+002   3.597898E-002
   7.590000E+002   3.603845E-002
   7.600000E+002   3.609519E-002
   7.610000E+002   3.614918E-002
   7.620000E+002   3.620041E-002
   7.630000E+002   3.624885E-002
   7.640000E+002   3.629449E-002
   7.650000E+002   3.633732E-002
   7.660000E+002   3.637731E-002
   7.670000E+002   3.641446E-002
   7.680000E+002   3.644873E-002
   7.690000E+002   3.648011E-002
   7.700000E+002   3.650859E-002
   7.710000E+002   3.653415E-002
   7.720000E+002   3.655677E-002
   7.730000E+002   3.657644E-002
   7.740000E+002   3.659313E-002
   7.750000E+002   3.660683E-002
   7.760000E+002   3.661752E-002
   7.770000E+002   3.662519E-002
   7.780000E+002   3.662981E-002
   7.790000E+002   3.663137E-002
   7.800000E+002   3.662986E-002
   7.810000E+002   3.662525E-002
   7.820000E+002   3.661753E-002
   7.830000E+002   3.660668E-002
   7.840000E+002   3.659268E-002
   7.850000E+002   3.657551E-002
   7.860000E+002   3.655517E-002
   7.870000E+002   3.653162E-002
   7.880000E+002   3.650486E-002
   7.890000E+002   3.647487E-002
   7.900000E+002   3.644162E-002
   7.910000E+002   3.640510E-002
   7.920000E+002   3.636530E-002
   7.930000E+002   3.632220E-002
   7.940000E+002   3.627577E-002
   7.950000E+002   3.622600E-002
   7.960000E+002   3.617288E-002
   7.970000E+002   3.611639E-002
   7.980000E+002   3.605651E-002
   7.990000E+002   3.599322E-002
   8.000000E+002   3.592650E-002
   8.010000E+002   3.585635E-002
   8.020000E+002   3.578281E-002
   8.030000E+002   3.570593E-002
   8.040000E+002   3.562576E-002
   8.050000E+002   3.554234E-002
   8.060000E+002   3.545574E-002
   8.070000E+002   3.536599E-002
   8.080000E+002   3.527315E-002
   8.090000E+002   3.517728E-002
   8.100000E+002   3.507841E-002
   8.110000E+002   3.497660E-002
   8.120000E+002   3.487191E-002
   8.130000E+002   3.476437E-002
   8.140000E+002   3.465405E-002
   8.150000E+002   3.454099E-002
   8.160000E+002   3.442524E-002
   8.170000E+002   3.430686E-002
   8.180000E+002   3.418588E-002
   8.190000E+002   3.406237E-002
   8.200000E+002   3.393638E-002
   8.210000E+002   3.380794E-002
   8.220000E+002   3.367712E-002
   8.230000E+002   3.354397E-002
   8.240000E+002   3.340853E-002
   8.250000E+002   3.327085E-002
   8.260000E+002   3.313099E-002
   8.270000E+002   3.298899E-002
   8.280000E+002   3.284492E-002
   8.290000E+002   3.269880E-002
   8.300000E+002   3.255070E-002
   8.310000E+002   3.240067E-002
   8.320000E+002   3.224876E-002
   8.330000E+002   3.209501E-002
   8.340000E+002   3.193949E-002
   8.350000E+002   3.178223E-002
   8.360000E+002   3.162328E-002
   8.370000E+002   3.146271E-002
   8.380000E+002   3.130055E-002
   8.390000E+002   3.113687E-002
   8.400000E+002   3.097170E-002
   8.410000E+002   3.080511E-002
   8.420000E+002   3.063713E-002
   8.430000E+002   3.046782E-002
   8.440000E+002   3.029724E-002
   8.450000E+002   3.012542E-002
   8.460000E+002   2.995243E-002
   8.470000E+002   2.977831E-002
   8.480000E+002   2.960311E-002
   8.490000E+002   2.942688E-002
   8.500000E+002   2.924967E-002
   8.510000E+002   2.907154E-002
   8.520000E+002   2.889254E-002
   8.530000E+002   2.871273E-002
   8.540000E+002   2.853215E-002
   8.550000E+002   2.835088E-002
   8.560000E+002   2.816897E-002
   8.570000E+002   2.798646E-002
   8.580000E+002   2.780343E-002
   8.590000E+002   2.761993E-002
   8.600000E+002   2.743601E-002
   8.610000E+002   2.725173E-002
   8.620000E+002   2.706715E-002
   8.630000E+002   2.688233E-002
   8.640000E+002   2.669731E-002
   8.650000E+002   2.651216E-002
   8.660000E+002   2.632694E-002
   8.670000E+002   2.614170E-002
   8.680000E+002   2.595650E-002
   8.690000E+002   2.577140E-002
   8.700000E+002   2.558644E-002
   8.710000E+002   2.540170E-002
   8.720000E+002   2.521722E-002
   8.730000E+002   2.503306E-002
   8.740000E+002   2.484929E-002
   8.750000E+002   2.466595E-002
   8.760000E+002   2.448310E-002
   8.770000E+002   2.430081E-002
   8.780000E+002   2.411912E-002
   8.790000E+002   2.393809E-002
   8.800000E+002   2.375778E-002
   8.810000E+002   2.357826E-002
   8.820000E+002   2.339956E-002
   8.830000E+002   2.322176E-002
   8.840000E+002   2.304490E-002
   8.850000E+002   2.286905E-002
   8.860000E+002   2.269426E-002
   8.870000E+002   2.252059E-002
   8.880000E+002   2.234809E-002
   8.890000E+002   2.217683E-002
   8.900000E+002   2.200685E-002
   8.910000E+002   2.183822E-002
   8.920000E+002   2.167099E-002
   8.930000E+002   2.150522E-002
   8.940000E+002   2.134096E-002
   8.950000E+002   2.117828E-002
   8.960000E+002   2.101723E-002
   8.970000E+002   2.085787E-002
   8.980000E+002   2.070024E-002
   8.990000E+002   2.054442E-002
   9.000000E+002   2.039045E-002
   9.010000E+002   2.023839E-002
   9.020000E+002   2.008826E-002
   9.030000E+002   1.994007E-002
   9.040000E+002   1.979383E-002
   9.050000E+002   1.964956E-002
   9.060000E+002   1.950727E-002
   9.070000E+002   1.936698E-002
   9.080000E+002   1.922869E-002
   9.090000E+002   1.909242E-002
   9.100000E+002   1.895820E-002
   9.110000E+002   1.882601E-002
   9.120000E+002   1.869590E-002
   9.130000E+002   1.856785E-002
   9.140000E+002   1.844190E-002
   9.150000E+002   1.831805E-002
   9.160000E+002   1.819632E-002
   9.170000E+002   1.807671E-002
   9.180000E+002   1.795925E-002
   9.190000E+002   1.784395E-002
   9.200000E+002   1.773082E-002
   9.210000E+002   1.761987E-002
   9.220000E+002   1.751112E-002
   9.230000E+002   1.740458E-002
   9.240000E+002   1.730026E-002
   9.250000E+002   1.719819E-002
   9.260000E+002   1.709836E-002
   9.270000E+002   1.700080E-002
   9.280000E+002   1.690552E-002
   9.290000E+002   1.681253E-002
   9.300000E+002   1.672185E-002
   9.310000E+002   1.663349E-002
   9.320000E+002   1.654746E-002
   9.330000E+002   1.646377E-002
   9.340000E+002   1.638245E-002
   9.350000E+002   1.630350E-002
   9.360000E+002   1.622693E-002
   9.370000E+002   1.615277E-002
   9.380000E+002   1.608102E-002
   9.390000E+002   1.601170E-002
   9.400000E+002   1.594482E-002
   9.410000E+002   1.588039E-002
   9.420000E+002   1.581844E-002
   9.430000E+002   1.575896E-002
   9.440000E+002   1.570198E-002
   9.450000E+002   1.564751E-002
   9.460000E+002   1.559556E-002
   9.470000E+002   1.554614E-002
   9.480000E+002   1.549928E-002
   9.490000E+002   1.545498E-002
   9.500000E+002   1.541325E-002
   9.510000E+002   1.537411E-002
   9.520000E+002   1.533752E-002
   9.530000E+002   1.530345E-002
   9.540000E+002   1.527186E-002
   9.550000E+002   1.524272E-002
   9.560000E+002   1.521600E-002
   9.570000E+002   1.519165E-002
   9.580000E+002   1.516964E-002
   9.590000E+002   1.514993E-002
   9.600000E+002   1.513250E-002
   9.610000E+002   1.511730E-002
   9.620000E+002   1.510429E-002
   9.630000E+002   1.509345E-002
   9.640000E+002   1.508474E-002
   9.650000E+002   1.507812E-002
   9.660000E+002   1.507356E-002
   9.670000E+002   1.507102E-002
   9.680000E+002   1.507046E-002
   9.690000E+002   1.507185E-002
   9.700000E+002   1.507516E-002
   9.710000E+002   1.508034E-002
   9.720000E+002   1.508737E-002
   9.730000E+002   1.509620E-002
   9.740000E+002   1.510681E-002
   9.750000E+002   1.511915E-002
   9.760000E+002   1.513319E-002
   9.770000E+002   1.514890E-002
   9.780000E+002   1.516623E-002
   9.790000E+002   1.518516E-002
   9.800000E+002   1.520565E-002
   9.810000E+002   1.522766E-002
   9.820000E+002   1.525116E-002
   9.830000E+002   1.527611E-002
   9.840000E+002   1.530248E-002
   9.850000E+002   1.533022E-002
   9.860000E+002   1.535931E-002
   9.870000E+002   1.538971E-002
   9.880000E+002   1.542138E-002
   9.890000E+002   1.545430E-002
   9.900000E+002   1.548841E-002
   9.910000E+002   1.552369E-002
   9.920000E+002   1.556010E-002
   9.930000E+002   1.559761E-002
   9.940000E+002   1.563618E-002
   9.950000E+002   1.567577E-002
   9.960000E+002   1.571635E-002
   9.970000E+002   1.575788E-002
   9.980000E+002   1.580033E-002
   9.990000E+002   1.584367E-002
   1.000000E+003   1.588785E-002
   1.001000E+003   1.593284E-002
   1.002000E+003   1.597860E-002
   1.003000E+003   1.602510E-002
   1.004000E+003   1.607229E-002
   1.005000E+003   1.612013E-002
   1.006000E+003   1.616858E-002
   1.007000E+003   1.621761E-002
   1.008000E+003   1.626717E-002
   1.009000E+003   1.631723E-002
   1.010000E+003   1.636774E-002
   1.011000E+003   1.641867E-002
   1.012000E+003   1.646997E-002
   1.013000E+003   1.652162E-002
   1.014000E+003   1.657356E-002
   1.015000E+003   1.662575E-002
   1.016000E+003   1.667817E-002
   1.017000E+003   1.673076E-002
   1.018000E+003   1.678350E-002
   1.019000E+003   1.683633E-002
   1.020000E+003   1.688922E-002
   1.021000E+003   1.694214E-002
   1.022000E+003   1.699504E-002
   1.023000E+003   1.704787E-002
   1.024000E+003   1.710062E-002
   1.025000E+003   1.715322E-002
   1.026000E+003   1.720565E-002
   1.027000E+003   1.725786E-002
   1.028000E+003   1.730981E-002
   1.029000E+003   1.736147E-002
   1.030000E+003   1.741279E-002
   1.031000E+003   1.746374E-002
   1.032000E+003   1.751428E-002
   1.033000E+003   1.756436E-002
   1.034000E+003   1.761396E-002
   1.035000E+003   1.766301E-002
   1.036000E+003   1.771150E-002
   1.037000E+003   1.775937E-002
   1.038000E+003   1.780660E-002
   1.039000E+003   1.785313E-002
   1.040000E+003   1.789894E-002
   1.041000E+003   1.794397E-002
   1.042000E+003   1.798820E-002
   1.043000E+003   1.803157E-002
   1.044000E+003   1.807406E-002
   1.045000E+003   1.811563E-002
   1.046000E+003   1.815622E-002
   1.047000E+003   1.819581E-002
   1.048000E+003   1.823435E-002
   1.049000E+003   1.827181E-002
   1.050000E+003   1.830814E-002
   1.051000E+003   1.834331E-002
   1.052000E+003   1.837731E-002
   1.053000E+003   1.841013E-002
   1.054000E+003   1.844175E-002
   1.055000E+003   1.847218E-002
   1.056000E+003   1.850139E-002
   1.057000E+003   1.852939E-002
   1.058000E+003   1.855615E-002
   1.059000E+003   1.858168E-002
   1.060000E+003   1.860596E-002
   1.061000E+003   1.862899E-002
   1.062000E+003   1.865075E-002
   1.063000E+003   1.867124E-002
   1.064000E+003   1.869044E-002
   1.065000E+003   1.870835E-002
   1.066000E+003   1.872496E-002
   1.067000E+003   1.874026E-002
   1.068000E+003   1.875424E-002
   1.069000E+003   1.876689E-002
   1.070000E+003   1.877821E-002
   1.071000E+003   1.878817E-002
   1.072000E+003   1.879678E-002
   1.073000E+003   1.880403E-002
   1.074000E+003   1.880990E-002
   1.075000E+003   1.881439E-002
   1.076000E+003   1.881748E-002
   1.077000E+003   1.881917E-002
   1.078000E+003   1.881946E-002
   1.079000E+003   1.881832E-002
   1.080000E+003   1.881575E-002
   1.081000E+003   1.881174E-002
   1.082000E+003   1.880629E-002
   1.083000E+003   1.879938E-002
   1.084000E+003   1.879101E-002
   1.085000E+003   1.878116E-002
   1.086000E+003   1.876982E-002
   1.087000E+003   1.875700E-002
   1.088000E+003   1.874267E-002
   1.089000E+003   1.872683E-002
   1.090000E+003   1.870946E-002
   1.091000E+003   1.869057E-002
   1.092000E+003   1.867014E-002
   1.093000E+003   1.864817E-002
   1.094000E+003   1.862463E-002
   1.095000E+003   1.859953E-002
   1.096000E+003   1.857286E-002
   1.097000E+003   1.854460E-002
   1.098000E+003   1.851475E-002
   1.099000E+003   1.848329E-002
   1.100000E+003   1.845022E-002
   1.101000E+003   1.841554E-002
   1.102000E+003   1.837927E-002
   1.103000E+003   1.834144E-002
   1.104000E+003   1.830209E-002
   1.105000E+003   1.826124E-002
   1.106000E+003   1.821892E-002
   1.107000E+003   1.817518E-002
   1.108000E+003   1.813003E-002
   1.109000E+003   1.808351E-002
   1.110000E+003   1.803566E-002
   1.111000E+003   1.798649E-002
   1.112000E+003   1.793606E-002
   1.113000E+003   1.788437E-002
   1.114000E+003   1.783148E-002
   1.115000E+003   1.777740E-002
   1.116000E+003   1.772218E-002
   1.117000E+003   1.766584E-002
   1.118000E+003   1.760841E-002
   1.119000E+003   1.754992E-002
   1.120000E+003   1.749041E-002
   1.121000E+003   1.742991E-002
   1.122000E+003   1.736844E-002
   1.123000E+003   1.730605E-002
   1.124000E+003   1.724276E-002
   1.125000E+003   1.717860E-002
   1.126000E+003   1.711360E-002
   1.127000E+003   1.704780E-002
   1.128000E+003   1.698123E-002
   1.129000E+003   1.691392E-002
   1.130000E+003   1.684589E-002
   1.131000E+003   1.677719E-002
   1.132000E+003   1.670784E-002
   1.133000E+003   1.663787E-002
   1.134000E+003   1.656732E-002
   1.135000E+003   1.649622E-002
   1.136000E+003   1.642459E-002
   1.137000E+003   1.635248E-002
   1.138000E+003   1.627991E-002
   1.139000E+003   1.620690E-002
   1.140000E+003   1.613351E-002
   1.141000E+003   1.605974E-002
   1.142000E+003   1.598565E-002
   1.143000E+003   1.591125E-002
   1.144000E+003   1.583658E-002
   1.145000E+003   1.576168E-002
   1.146000E+003   1.568656E-002
   1.147000E+003   1.561127E-002
   1.148000E+003   1.553584E-002
   1.149000E+003   1.546029E-002
   1.150000E+003   1.538466E-002
   1.151000E+003   1.530897E-002
   1.152000E+003   1.523323E-002
   1.153000E+003   1.515745E-002
   1.154000E+003   1.508162E-002
   1.155000E+003   1.500574E-002
   1.156000E+003   1.492982E-002
   1.157000E+003   1.485385E-002
   1.158000E+003   1.477783E-002
   1.159000E+003   1.470178E-002
   1.160000E+003   1.462568E-002
   1.161000E+003   1.454955E-002
   1.162000E+003   1.447337E-002
   1.163000E+003   1.439716E-002
   1.164000E+003   1.432091E-002
   1.165000E+003   1.424462E-002
   1.166000E+003   1.416829E-002
   1.167000E+003   1.409194E-002
   1.168000E+003   1.401554E-002
   1.169000E+003   1.393912E-002
   1.170000E+003   1.386266E-002
   1.171000E+003   1.378618E-002
   1.172000E+003   1.370966E-002
   1.173000E+003   1.363312E-002
   1.174000E+003   1.355655E-002
   1.175000E+003   1.347995E-002
   1.176000E+003   1.340333E-002
   1.177000E+003   1.332669E-002
   1.178000E+003   1.325002E-002
   1.179000E+003   1.317332E-002
   1.180000E+003   1.309661E-002
   1.181000E+003   1.301988E-002
   1.182000E+003   1.294312E-002
   1.183000E+003   1.286635E-002
   1.184000E+003   1.278957E-002
   1.185000E+003   1.271276E-002
   1.186000E+003   1.263594E-002
   1.187000E+003   1.255911E-002
   1.188000E+003   1.248226E-002
   1.189000E+003   1.240540E-002
   1.190000E+003   1.232853E-002
   1.191000E+003   1.225165E-002
   1.192000E+003   1.217476E-002
   1.193000E+003   1.209787E-002
   1.194000E+003   1.202096E-002
   1.195000E+003   1.194405E-002
   1.196000E+003   1.186714E-002
   1.197000E+003   1.179022E-002
   1.198000E+003   1.171329E-002
   1.199000E+003   1.163637E-002
   1.200000E+003   1.155944E-002
