   1.000000E+000   6.829850E-002
   2.000000E+000   7.309885E-002
   3.000000E+000   7.789920E-002
   4.000000E+000   6.844165E-002
   5.000000E+000   5.959741E-002
   6.000000E+000   5.408239E-002
   7.000000E+000   4.984132E-002
   8.000000E+000   4.646737E-002
   9.000000E+000   4.392096E-002
   1.000000E+001   4.198301E-002
   1.100000E+001   4.042612E-002
   1.200000E+001   3.916901E-002
   1.300000E+001   3.816721E-002
   1.400000E+001   3.737717E-002
   1.500000E+001   3.675559E-002
   1.600000E+001   3.626404E-002
   1.700000E+001   3.588359E-002
   1.800000E+001   3.560024E-002
   1.900000E+001   3.539994E-002
   2.000000E+001   3.526867E-002
   2.100000E+001   3.519408E-002
   2.200000E+001   3.517057E-002
   2.300000E+001   3.519424E-002
   2.400000E+001   3.526116E-002
   2.500000E+001   3.536744E-002
   2.600000E+001   3.550915E-002
   2.700000E+001   3.568238E-002
   2.800000E+001   3.588322E-002
   2.900000E+001   3.610776E-002
   3.000000E+001   3.635209E-002
   3.100000E+001   3.661280E-002
   3.200000E+001   3.688856E-002
   3.300000E+001   3.717855E-002
   3.400000E+001   3.748194E-002
   3.500000E+001   3.779790E-002
   3.600000E+001   3.812561E-002
   3.700000E+001   3.846425E-002
   3.800000E+001   3.881298E-002
   3.900000E+001   3.917100E-002
   4.000000E+001   3.953747E-002
   4.100000E+001   3.991165E-002
   4.200000E+001   4.029314E-002
   4.300000E+001   4.068165E-002
   4.400000E+001   4.107685E-002
   4.500000E+001   4.147845E-002
   4.600000E+001   4.188612E-002
   4.700000E+001   4.229956E-002
   4.800000E+001   4.271846E-002
   4.900000E+001   4.314251E-002
   5.000000E+001   4.357139E-002
   5.100000E+001   4.400485E-002
   5.200000E+001   4.444276E-002
   5.300000E+001   4.488503E-002
   5.400000E+001   4.533158E-002
   5.500000E+001   4.578234E-002
   5.600000E+001   4.623722E-002
   5.700000E+001   4.669613E-002
   5.800000E+001   4.715900E-002
   5.900000E+001   4.762575E-002
   6.000000E+001   4.809628E-002
   6.100000E+001   4.857054E-002
   6.200000E+001   4.904849E-002
   6.300000E+001   4.953010E-002
   6.400000E+001   5.001537E-002
   6.500000E+001   5.050427E-002
   6.600000E+001   5.099678E-002
   6.700000E+001   5.149287E-002
   6.800000E+001   5.199254E-002
   6.900000E+001   5.249576E-002
   7.000000E+001   5.300252E-002
   7.100000E+001   5.351278E-002
   7.200000E+001   5.402651E-002
   7.300000E+001   5.454367E-002
   7.400000E+001   5.506423E-002
   7.500000E+001   5.558814E-002
   7.600000E+001   5.611537E-002
   7.700000E+001   5.664587E-002
   7.800000E+001   5.717961E-002
   7.900000E+001   5.771655E-002
   8.000000E+001   5.825665E-002
   8.100000E+001   5.879987E-002
   8.200000E+001   5.934615E-002
   8.300000E+001   5.989546E-002
   8.400000E+001   6.044773E-002
   8.500000E+001   6.100293E-002
   8.600000E+001   6.156099E-002
   8.700000E+001   6.212187E-002
   8.800000E+001   6.268552E-002
   8.900000E+001   6.325189E-002
   9.000000E+001   6.382093E-002
   9.100000E+001   6.439257E-002
   9.200000E+001   6.496669E-002
   9.300000E+001   6.554317E-002
   9.400000E+001   6.612186E-002
   9.500000E+001   6.670263E-002
   9.600000E+001   6.728536E-002
   9.700000E+001   6.786990E-002
   9.800000E+001   6.845612E-002
   9.900000E+001   6.904389E-002
   1.000000E+002   6.963307E-002
   1.010000E+002   7.022353E-002
   1.020000E+002   7.081515E-002
   1.030000E+002   7.140779E-002
   1.040000E+002   7.200133E-002
   1.050000E+002   7.259564E-002
   1.060000E+002   7.319059E-002
   1.070000E+002   7.378605E-002
   1.080000E+002   7.438190E-002
   1.090000E+002   7.497802E-002
   1.100000E+002   7.557426E-002
   1.110000E+002   7.617051E-002
   1.120000E+002   7.676664E-002
   1.130000E+002   7.736251E-002
   1.140000E+002   7.795801E-002
   1.150000E+002   7.855301E-002
   1.160000E+002   7.914737E-002
   1.170000E+002   7.974097E-002
   1.180000E+002   8.033368E-002
   1.190000E+002   8.092538E-002
   1.200000E+002   8.151593E-002
   1.210000E+002   8.210520E-002
   1.220000E+002   8.269299E-002
   1.230000E+002   8.327910E-002
   1.240000E+002   8.386332E-002
   1.250000E+002   8.444545E-002
   1.260000E+002   8.502528E-002
   1.270000E+002   8.560260E-002
   1.280000E+002   8.617720E-002
   1.290000E+002   8.674889E-002
   1.300000E+002   8.731745E-002
   1.310000E+002   8.788268E-002
   1.320000E+002   8.844438E-002
   1.330000E+002   8.900233E-002
   1.340000E+002   8.955633E-002
   1.350000E+002   9.010617E-002
   1.360000E+002   9.065166E-002
   1.370000E+002   9.119258E-002
   1.380000E+002   9.172872E-002
   1.390000E+002   9.225988E-002
   1.400000E+002   9.278586E-002
   1.410000E+002   9.330646E-002
   1.420000E+002   9.382148E-002
   1.430000E+002   9.433077E-002
   1.440000E+002   9.483415E-002
   1.450000E+002   9.533145E-002
   1.460000E+002   9.582249E-002
   1.470000E+002   9.630711E-002
   1.480000E+002   9.678512E-002
   1.490000E+002   9.725636E-002
   1.500000E+002   9.772065E-002
   1.510000E+002   9.817782E-002
   1.520000E+002   9.862770E-002
   1.530000E+002   9.907011E-002
   1.540000E+002   9.950488E-002
   1.550000E+002   9.993185E-002
   1.560000E+002   1.003508E-001
   1.570000E+002   1.007616E-001
   1.580000E+002   1.011641E-001
   1.590000E+002   1.015581E-001
   1.600000E+002   1.019434E-001
   1.610000E+002   1.023199E-001
   1.620000E+002   1.026874E-001
   1.630000E+002   1.030459E-001
   1.640000E+002   1.033952E-001
   1.650000E+002   1.037351E-001
   1.660000E+002   1.040657E-001
   1.670000E+002   1.043867E-001
   1.680000E+002   1.046982E-001
   1.690000E+002   1.049998E-001
   1.700000E+002   1.052917E-001
   1.710000E+002   1.055735E-001
   1.720000E+002   1.058453E-001
   1.730000E+002   1.061069E-001
   1.740000E+002   1.063582E-001
   1.750000E+002   1.065991E-001
   1.760000E+002   1.068295E-001
   1.770000E+002   1.070492E-001
   1.780000E+002   1.072582E-001
   1.790000E+002   1.074564E-001
   1.800000E+002   1.076435E-001
   1.810000E+002   1.078196E-001
   1.820000E+002   1.079846E-001
   1.830000E+002   1.081384E-001
   1.840000E+002   1.082809E-001
   1.850000E+002   1.084121E-001
   1.860000E+002   1.085319E-001
   1.870000E+002   1.086403E-001
   1.880000E+002   1.087372E-001
   1.890000E+002   1.088226E-001
   1.900000E+002   1.088963E-001
   1.910000E+002   1.089584E-001
   1.920000E+002   1.090087E-001
   1.930000E+002   1.090473E-001
   1.940000E+002   1.090740E-001
   1.950000E+002   1.090888E-001
   1.960000E+002   1.090916E-001
   1.970000E+002   1.090824E-001
   1.980000E+002   1.090611E-001
   1.990000E+002   1.090277E-001
   2.000000E+002   1.089821E-001
   2.010000E+002   1.089242E-001
   2.020000E+002   1.088541E-001
   2.030000E+002   1.087719E-001
   2.040000E+002   1.086777E-001
   2.050000E+002   1.085714E-001
   2.060000E+002   1.084532E-001
   2.070000E+002   1.083231E-001
   2.080000E+002   1.081811E-001
   2.090000E+002   1.080275E-001
   2.100000E+002   1.078621E-001
   2.110000E+002   1.076851E-001
   2.120000E+002   1.074965E-001
   2.130000E+002   1.072965E-001
   2.140000E+002   1.070850E-001
   2.150000E+002   1.068621E-001
   2.160000E+002   1.066280E-001
   2.170000E+002   1.063825E-001
   2.180000E+002   1.061259E-001
   2.190000E+002   1.058582E-001
   2.200000E+002   1.055794E-001
   2.210000E+002   1.052897E-001
   2.220000E+002   1.049890E-001
   2.230000E+002   1.046774E-001
   2.240000E+002   1.043550E-001
   2.250000E+002   1.040219E-001
   2.260000E+002   1.036782E-001
   2.270000E+002   1.033239E-001
   2.280000E+002   1.029593E-001
   2.290000E+002   1.025845E-001
   2.300000E+002   1.021997E-001
   2.310000E+002   1.018050E-001
   2.320000E+002   1.014006E-001
   2.330000E+002   1.009867E-001
   2.340000E+002   1.005635E-001
   2.350000E+002   1.001310E-001
   2.360000E+002   9.968951E-002
   2.370000E+002   9.923914E-002
   2.380000E+002   9.878007E-002
   2.390000E+002   9.831245E-002
   2.400000E+002   9.783645E-002
   2.410000E+002   9.735224E-002
   2.420000E+002   9.685997E-002
   2.430000E+002   9.635981E-002
   2.440000E+002   9.585193E-002
   2.450000E+002   9.533649E-002
   2.460000E+002   9.481365E-002
   2.470000E+002   9.428357E-002
   2.480000E+002   9.374643E-002
   2.490000E+002   9.320238E-002
   2.500000E+002   9.265159E-002
   2.510000E+002   9.209422E-002
   2.520000E+002   9.153047E-002
   2.530000E+002   9.096053E-002
   2.540000E+002   9.038458E-002
   2.550000E+002   8.980282E-002
   2.560000E+002   8.921544E-002
   2.570000E+002   8.862263E-002
   2.580000E+002   8.802459E-002
   2.590000E+002   8.742150E-002
   2.600000E+002   8.681356E-002
   2.610000E+002   8.620096E-002
   2.620000E+002   8.558388E-002
   2.630000E+002   8.496253E-002
   2.640000E+002   8.433709E-002
   2.650000E+002   8.370776E-002
   2.660000E+002   8.307472E-002
   2.670000E+002   8.243817E-002
   2.680000E+002   8.179830E-002
   2.690000E+002   8.115530E-002
   2.700000E+002   8.050937E-002
   2.710000E+002   7.986068E-002
   2.720000E+002   7.920945E-002
   2.730000E+002   7.855585E-002
   2.740000E+002   7.790008E-002
   2.750000E+002   7.724234E-002
   2.760000E+002   7.658281E-002
   2.770000E+002   7.592172E-002
   2.780000E+002   7.525930E-002
   2.790000E+002   7.459577E-002
   2.800000E+002   7.393137E-002
   2.810000E+002   7.326631E-002
   2.820000E+002   7.260083E-002
   2.830000E+002   7.193516E-002
   2.840000E+002   7.126951E-002
   2.850000E+002   7.060412E-002
   2.860000E+002   6.993921E-002
   2.870000E+002   6.927502E-002
   2.880000E+002   6.861177E-002
   2.890000E+002   6.794968E-002
   2.900000E+002   6.728899E-002
   2.910000E+002   6.662992E-002
   2.920000E+002   6.597269E-002
   2.930000E+002   6.531754E-002
   2.940000E+002   6.466470E-002
   2.950000E+002   6.401438E-002
   2.960000E+002   6.336682E-002
   2.970000E+002   6.272224E-002
   2.980000E+002   6.208088E-002
   2.990000E+002   6.144295E-002
   3.000000E+002   6.080869E-002
   3.010000E+002   6.017831E-002
   3.020000E+002   5.955193E-002
   3.030000E+002   5.892966E-002
   3.040000E+002   5.831163E-002
   3.050000E+002   5.769793E-002
   3.060000E+002   5.708869E-002
   3.070000E+002   5.648401E-002
   3.080000E+002   5.588401E-002
   3.090000E+002   5.528879E-002
   3.100000E+002   5.469848E-002
   3.110000E+002   5.411318E-002
   3.120000E+002   5.353300E-002
   3.130000E+002   5.295806E-002
   3.140000E+002   5.238847E-002
   3.150000E+002   5.182434E-002
   3.160000E+002   5.126577E-002
   3.170000E+002   5.071290E-002
   3.180000E+002   5.016582E-002
   3.190000E+002   4.962464E-002
   3.200000E+002   4.908949E-002
   3.210000E+002   4.856046E-002
   3.220000E+002   4.803769E-002
   3.230000E+002   4.752126E-002
   3.240000E+002   4.701130E-002
   3.250000E+002   4.650793E-002
   3.260000E+002   4.601124E-002
   3.270000E+002   4.552136E-002
   3.280000E+002   4.503839E-002
   3.290000E+002   4.456245E-002
   3.300000E+002   4.409364E-002
   3.310000E+002   4.363209E-002
   3.320000E+002   4.317790E-002
   3.330000E+002   4.273119E-002
   3.340000E+002   4.229206E-002
   3.350000E+002   4.186063E-002
   3.360000E+002   4.143701E-002
   3.370000E+002   4.102131E-002
   3.380000E+002   4.061365E-002
   3.390000E+002   4.021413E-002
   3.400000E+002   3.982287E-002
   3.410000E+002   3.943998E-002
   3.420000E+002   3.906558E-002
   3.430000E+002   3.869977E-002
   3.440000E+002   3.834266E-002
   3.450000E+002   3.799437E-002
   3.460000E+002   3.765501E-002
   3.470000E+002   3.732469E-002
   3.480000E+002   3.700353E-002
   3.490000E+002   3.669163E-002
   3.500000E+002   3.638910E-002
   3.510000E+002   3.609604E-002
   3.520000E+002   3.581239E-002
   3.530000E+002   3.553808E-002
   3.540000E+002   3.527303E-002
   3.550000E+002   3.501718E-002
   3.560000E+002   3.477044E-002
   3.570000E+002   3.453273E-002
   3.580000E+002   3.430399E-002
   3.590000E+002   3.408414E-002
   3.600000E+002   3.387310E-002
   3.610000E+002   3.367081E-002
   3.620000E+002   3.347717E-002
   3.630000E+002   3.329213E-002
   3.640000E+002   3.311560E-002
   3.650000E+002   3.294751E-002
   3.660000E+002   3.278778E-002
   3.670000E+002   3.263634E-002
   3.680000E+002   3.249312E-002
   3.690000E+002   3.235803E-002
   3.700000E+002   3.223101E-002
   3.710000E+002   3.211197E-002
   3.720000E+002   3.200085E-002
   3.730000E+002   3.189757E-002
   3.740000E+002   3.180206E-002
   3.750000E+002   3.171423E-002
   3.760000E+002   3.163401E-002
   3.770000E+002   3.156134E-002
   3.780000E+002   3.149612E-002
   3.790000E+002   3.143830E-002
   3.800000E+002   3.138779E-002
   3.810000E+002   3.134451E-002
   3.820000E+002   3.130841E-002
   3.830000E+002   3.127939E-002
   3.840000E+002   3.125738E-002
   3.850000E+002   3.124231E-002
   3.860000E+002   3.123411E-002
   3.870000E+002   3.123269E-002
   3.880000E+002   3.123799E-002
   3.890000E+002   3.124992E-002
   3.900000E+002   3.126842E-002
   3.910000E+002   3.129340E-002
   3.920000E+002   3.132480E-002
   3.930000E+002   3.136254E-002
   3.940000E+002   3.140654E-002
   3.950000E+002   3.145673E-002
   3.960000E+002   3.151304E-002
   3.970000E+002   3.157538E-002
   3.980000E+002   3.164368E-002
   3.990000E+002   3.171787E-002
   4.000000E+002   3.179788E-002
   4.010000E+002   3.188361E-002
   4.020000E+002   3.197493E-002
   4.030000E+002   3.207170E-002
   4.040000E+002   3.217376E-002
   4.050000E+002   3.228098E-002
   4.060000E+002   3.239320E-002
   4.070000E+002   3.251029E-002
   4.080000E+002   3.263208E-002
   4.090000E+002   3.275844E-002
   4.100000E+002   3.288922E-002
   4.110000E+002   3.302428E-002
   4.120000E+002   3.316346E-002
   4.130000E+002   3.330662E-002
   4.140000E+002   3.345361E-002
   4.150000E+002   3.360430E-002
   4.160000E+002   3.375852E-002
   4.170000E+002   3.391614E-002
   4.180000E+002   3.407700E-002
   4.190000E+002   3.424097E-002
   4.200000E+002   3.440789E-002
   4.210000E+002   3.457761E-002
   4.220000E+002   3.475000E-002
   4.230000E+002   3.492491E-002
   4.240000E+002   3.510218E-002
   4.250000E+002   3.528168E-002
   4.260000E+002   3.546325E-002
   4.270000E+002   3.564675E-002
   4.280000E+002   3.583204E-002
   4.290000E+002   3.601896E-002
   4.300000E+002   3.620737E-002
   4.310000E+002   3.639712E-002
   4.320000E+002   3.658807E-002
   4.330000E+002   3.678008E-002
   4.340000E+002   3.697298E-002
   4.350000E+002   3.716664E-002
   4.360000E+002   3.736092E-002
   4.370000E+002   3.755565E-002
   4.380000E+002   3.775071E-002
   4.390000E+002   3.794594E-002
   4.400000E+002   3.814119E-002
   4.410000E+002   3.833632E-002
   4.420000E+002   3.853118E-002
   4.430000E+002   3.872563E-002
   4.440000E+002   3.891952E-002
   4.450000E+002   3.911270E-002
   4.460000E+002   3.930502E-002
   4.470000E+002   3.949635E-002
   4.480000E+002   3.968653E-002
   4.490000E+002   3.987541E-002
   4.500000E+002   4.006286E-002
   4.510000E+002   4.024873E-002
   4.520000E+002   4.043294E-002
   4.530000E+002   4.061542E-002
   4.540000E+002   4.079610E-002
   4.550000E+002   4.097490E-002
   4.560000E+002   4.115175E-002
   4.570000E+002   4.132658E-002
   4.580000E+002   4.149931E-002
   4.590000E+002   4.166988E-002
   4.600000E+002   4.183821E-002
   4.610000E+002   4.200422E-002
   4.620000E+002   4.216786E-002
   4.630000E+002   4.232903E-002
   4.640000E+002   4.248768E-002
   4.650000E+002   4.264373E-002
   4.660000E+002   4.279710E-002
   4.670000E+002   4.294772E-002
   4.680000E+002   4.309552E-002
   4.690000E+002   4.324044E-002
   4.700000E+002   4.338238E-002
   4.710000E+002   4.352129E-002
   4.720000E+002   4.365709E-002
   4.730000E+002   4.378971E-002
   4.740000E+002   4.391908E-002
   4.750000E+002   4.404511E-002
   4.760000E+002   4.416775E-002
   4.770000E+002   4.428691E-002
   4.780000E+002   4.440253E-002
   4.790000E+002   4.451454E-002
   4.800000E+002   4.462285E-002
   4.810000E+002   4.472740E-002
   4.820000E+002   4.482811E-002
   4.830000E+002   4.492492E-002
   4.840000E+002   4.501775E-002
   4.850000E+002   4.510652E-002
   4.860000E+002   4.519117E-002
   4.870000E+002   4.527163E-002
   4.880000E+002   4.534781E-002
   4.890000E+002   4.541965E-002
   4.900000E+002   4.548707E-002
   4.910000E+002   4.555001E-002
   4.920000E+002   4.560839E-002
   4.930000E+002   4.566213E-002
   4.940000E+002   4.571117E-002
   4.950000E+002   4.575543E-002
   4.960000E+002   4.579484E-002
   4.970000E+002   4.582932E-002
   4.980000E+002   4.585882E-002
   4.990000E+002   4.588324E-002
   5.000000E+002   4.590252E-002
   5.010000E+002   4.591661E-002
   5.020000E+002   4.592555E-002
   5.030000E+002   4.592938E-002
   5.040000E+002   4.592816E-002
   5.050000E+002   4.592195E-002
   5.060000E+002   4.591081E-002
   5.070000E+002   4.589478E-002
   5.080000E+002   4.587393E-002
   5.090000E+002   4.584830E-002
   5.100000E+002   4.581796E-002
   5.110000E+002   4.578296E-002
   5.120000E+002   4.574335E-002
   5.130000E+002   4.569920E-002
   5.140000E+002   4.565054E-002
   5.150000E+002   4.559745E-002
   5.160000E+002   4.553998E-002
   5.170000E+002   4.547817E-002
   5.180000E+002   4.541209E-002
   5.190000E+002   4.534180E-002
   5.200000E+002   4.526734E-002
   5.210000E+002   4.518877E-002
   5.220000E+002   4.510615E-002
   5.230000E+002   4.501953E-002
   5.240000E+002   4.492897E-002
   5.250000E+002   4.483452E-002
   5.260000E+002   4.473624E-002
   5.270000E+002   4.463418E-002
   5.280000E+002   4.452840E-002
   5.290000E+002   4.441896E-002
   5.300000E+002   4.430590E-002
   5.310000E+002   4.418929E-002
   5.320000E+002   4.406918E-002
   5.330000E+002   4.394563E-002
   5.340000E+002   4.381868E-002
   5.350000E+002   4.368840E-002
   5.360000E+002   4.355484E-002
   5.370000E+002   4.341805E-002
   5.380000E+002   4.327810E-002
   5.390000E+002   4.313503E-002
   5.400000E+002   4.298891E-002
   5.410000E+002   4.283978E-002
   5.420000E+002   4.268770E-002
   5.430000E+002   4.253273E-002
   5.440000E+002   4.237493E-002
   5.450000E+002   4.221434E-002
   5.460000E+002   4.205102E-002
   5.470000E+002   4.188504E-002
   5.480000E+002   4.171643E-002
   5.490000E+002   4.154527E-002
   5.500000E+002   4.137160E-002
   5.510000E+002   4.119548E-002
   5.520000E+002   4.101702E-002
   5.530000E+002   4.083629E-002
   5.540000E+002   4.065340E-002
   5.550000E+002   4.046845E-002
   5.560000E+002   4.028154E-002
   5.570000E+002   4.009275E-002
   5.580000E+002   3.990218E-002
   5.590000E+002   3.970994E-002
   5.600000E+002   3.951612E-002
   5.610000E+002   3.932081E-002
   5.620000E+002   3.912412E-002
   5.630000E+002   3.892613E-002
   5.640000E+002   3.872695E-002
   5.650000E+002   3.852667E-002
   5.660000E+002   3.832540E-002
   5.670000E+002   3.812321E-002
   5.680000E+002   3.792022E-002
   5.690000E+002   3.771651E-002
   5.700000E+002   3.751220E-002
   5.710000E+002   3.730736E-002
   5.720000E+002   3.710210E-002
   5.730000E+002   3.689652E-002
   5.740000E+002   3.669070E-002
   5.750000E+002   3.648476E-002
   5.760000E+002   3.627878E-002
   5.770000E+002   3.607286E-002
   5.780000E+002   3.586710E-002
   5.790000E+002   3.566160E-002
   5.800000E+002   3.545645E-002
   5.810000E+002   3.525174E-002
   5.820000E+002   3.504758E-002
   5.830000E+002   3.484406E-002
   5.840000E+002   3.464128E-002
   5.850000E+002   3.443933E-002
   5.860000E+002   3.423831E-002
   5.870000E+002   3.403832E-002
   5.880000E+002   3.383946E-002
   5.890000E+002   3.364182E-002
   5.900000E+002   3.344549E-002
   5.910000E+002   3.325058E-002
   5.920000E+002   3.305718E-002
   5.930000E+002   3.286538E-002
   5.940000E+002   3.267529E-002
   5.950000E+002   3.248700E-002
   5.960000E+002   3.230061E-002
   5.970000E+002   3.211621E-002
   5.980000E+002   3.193390E-002
   5.990000E+002   3.175378E-002
   6.000000E+002   3.157595E-002
   6.010000E+002   3.140048E-002
   6.020000E+002   3.122742E-002
   6.030000E+002   3.105682E-002
   6.040000E+002   3.088869E-002
   6.050000E+002   3.072308E-002
   6.060000E+002   3.056001E-002
   6.070000E+002   3.039952E-002
   6.080000E+002   3.024164E-002
   6.090000E+002   3.008641E-002
   6.100000E+002   2.993385E-002
   6.110000E+002   2.978401E-002
   6.120000E+002   2.963692E-002
   6.130000E+002   2.949260E-002
   6.140000E+002   2.935109E-002
   6.150000E+002   2.921242E-002
   6.160000E+002   2.907664E-002
   6.170000E+002   2.894376E-002
   6.180000E+002   2.881383E-002
   6.190000E+002   2.868687E-002
   6.200000E+002   2.856293E-002
   6.210000E+002   2.844203E-002
   6.220000E+002   2.832420E-002
   6.230000E+002   2.820948E-002
   6.240000E+002   2.809791E-002
   6.250000E+002   2.798951E-002
   6.260000E+002   2.788432E-002
   6.270000E+002   2.778237E-002
   6.280000E+002   2.768370E-002
   6.290000E+002   2.758833E-002
   6.300000E+002   2.749631E-002
   6.310000E+002   2.740766E-002
   6.320000E+002   2.732242E-002
   6.330000E+002   2.724061E-002
   6.340000E+002   2.716229E-002
   6.350000E+002   2.708747E-002
   6.360000E+002   2.701619E-002
   6.370000E+002   2.694848E-002
   6.380000E+002   2.688438E-002
   6.390000E+002   2.682391E-002
   6.400000E+002   2.676713E-002
   6.410000E+002   2.671404E-002
   6.420000E+002   2.666470E-002
   6.430000E+002   2.661913E-002
   6.440000E+002   2.657736E-002
   6.450000E+002   2.653943E-002
   6.460000E+002   2.650537E-002
   6.470000E+002   2.647522E-002
   6.480000E+002   2.644900E-002
   6.490000E+002   2.642676E-002
   6.500000E+002   2.640852E-002
   6.510000E+002   2.639430E-002
   6.520000E+002   2.638406E-002
   6.530000E+002   2.637775E-002
   6.540000E+002   2.637531E-002
   6.550000E+002   2.637668E-002
   6.560000E+002   2.638182E-002
   6.570000E+002   2.639065E-002
   6.580000E+002   2.640313E-002
   6.590000E+002   2.641921E-002
   6.600000E+002   2.643882E-002
   6.610000E+002   2.646191E-002
   6.620000E+002   2.648842E-002
   6.630000E+002   2.651831E-002
   6.640000E+002   2.655150E-002
   6.650000E+002   2.658796E-002
   6.660000E+002   2.662762E-002
   6.670000E+002   2.667042E-002
   6.680000E+002   2.671631E-002
   6.690000E+002   2.676524E-002
   6.700000E+002   2.681715E-002
   6.710000E+002   2.687198E-002
   6.720000E+002   2.692968E-002
   6.730000E+002   2.699019E-002
   6.740000E+002   2.705346E-002
   6.750000E+002   2.711943E-002
   6.760000E+002   2.718804E-002
   6.770000E+002   2.725924E-002
   6.780000E+002   2.733298E-002
   6.790000E+002   2.740920E-002
   6.800000E+002   2.748783E-002
   6.810000E+002   2.756884E-002
   6.820000E+002   2.765215E-002
   6.830000E+002   2.773772E-002
   6.840000E+002   2.782549E-002
   6.850000E+002   2.791541E-002
   6.860000E+002   2.800741E-002
   6.870000E+002   2.810145E-002
   6.880000E+002   2.819746E-002
   6.890000E+002   2.829539E-002
   6.900000E+002   2.839519E-002
   6.910000E+002   2.849680E-002
   6.920000E+002   2.860016E-002
   6.930000E+002   2.870523E-002
   6.940000E+002   2.881193E-002
   6.950000E+002   2.892022E-002
   6.960000E+002   2.903005E-002
   6.970000E+002   2.914135E-002
   6.980000E+002   2.925407E-002
   6.990000E+002   2.936815E-002
   7.000000E+002   2.948355E-002
   7.010000E+002   2.960019E-002
   7.020000E+002   2.971801E-002
   7.030000E+002   2.983694E-002
   7.040000E+002   2.995690E-002
   7.050000E+002   3.007782E-002
   7.060000E+002   3.019962E-002
   7.070000E+002   3.032224E-002
   7.080000E+002   3.044559E-002
   7.090000E+002   3.056961E-002
   7.100000E+002   3.069421E-002
   7.110000E+002   3.081933E-002
   7.120000E+002   3.094490E-002
   7.130000E+002   3.107083E-002
   7.140000E+002   3.119706E-002
   7.150000E+002   3.132351E-002
   7.160000E+002   3.145010E-002
   7.170000E+002   3.157677E-002
   7.180000E+002   3.170345E-002
   7.190000E+002   3.183004E-002
   7.200000E+002   3.195649E-002
   7.210000E+002   3.208272E-002
   7.220000E+002   3.220866E-002
   7.230000E+002   3.233422E-002
   7.240000E+002   3.245935E-002
   7.250000E+002   3.258395E-002
   7.260000E+002   3.270797E-002
   7.270000E+002   3.283133E-002
   7.280000E+002   3.295395E-002
   7.290000E+002   3.307576E-002
   7.300000E+002   3.319668E-002
   7.310000E+002   3.331665E-002
   7.320000E+002   3.343558E-002
   7.330000E+002   3.355341E-002
   7.340000E+002   3.367006E-002
   7.350000E+002   3.378546E-002
   7.360000E+002   3.389953E-002
   7.370000E+002   3.401220E-002
   7.380000E+002   3.412339E-002
   7.390000E+002   3.423304E-002
   7.400000E+002   3.434107E-002
   7.410000E+002   3.444740E-002
   7.420000E+002   3.455197E-002
   7.430000E+002   3.465469E-002
   7.440000E+002   3.475549E-002
   7.450000E+002   3.485431E-002
   7.460000E+002   3.495106E-002
   7.470000E+002   3.504567E-002
   7.480000E+002   3.513808E-002
   7.490000E+002   3.522820E-002
   7.500000E+002   3.531596E-002
   7.510000E+002   3.540129E-002
   7.520000E+002   3.548418E-002
   7.530000E+002   3.556459E-002
   7.540000E+002   3.564250E-002
   7.550000E+002   3.571789E-002
   7.560000E+002   3.579074E-002
   7.570000E+002   3.586103E-002
   7.580000E+002   3.592874E-002
   7.590000E+002   3.599384E-002
   7.600000E+002   3.605632E-002
   7.610000E+002   3.611615E-002
   7.620000E+002   3.617331E-002
   7.630000E+002   3.622777E-002
   7.640000E+002   3.627953E-002
   7.650000E+002   3.632854E-002
   7.660000E+002   3.637481E-002
   7.670000E+002   3.641829E-002
   7.680000E+002   3.645898E-002
   7.690000E+002   3.649684E-002
   7.700000E+002   3.653186E-002
   7.710000E+002   3.656402E-002
   7.720000E+002   3.659329E-002
   7.730000E+002   3.661965E-002
   7.740000E+002   3.664309E-002
   7.750000E+002   3.666357E-002
   7.760000E+002   3.668108E-002
   7.770000E+002   3.669560E-002
   7.780000E+002   3.670710E-002
   7.790000E+002   3.671556E-002
   7.800000E+002   3.672097E-002
   7.810000E+002   3.672329E-002
   7.820000E+002   3.672251E-002
   7.830000E+002   3.671861E-002
   7.840000E+002   3.671156E-002
   7.850000E+002   3.670135E-002
   7.860000E+002   3.668795E-002
   7.870000E+002   3.667133E-002
   7.880000E+002   3.665149E-002
   7.890000E+002   3.662839E-002
   7.900000E+002   3.660202E-002
   7.910000E+002   3.657235E-002
   7.920000E+002   3.653936E-002
   7.930000E+002   3.650303E-002
   7.940000E+002   3.646334E-002
   7.950000E+002   3.642027E-002
   7.960000E+002   3.637379E-002
   7.970000E+002   3.632389E-002
   7.980000E+002   3.627054E-002
   7.990000E+002   3.621372E-002
   8.000000E+002   3.615340E-002
   8.010000E+002   3.608959E-002
   8.020000E+002   3.602231E-002
   8.030000E+002   3.595162E-002
   8.040000E+002   3.587757E-002
   8.050000E+002   3.580020E-002
   8.060000E+002   3.571956E-002
   8.070000E+002   3.563571E-002
   8.080000E+002   3.554869E-002
   8.090000E+002   3.545855E-002
   8.100000E+002   3.536535E-002
   8.110000E+002   3.526912E-002
   8.120000E+002   3.516993E-002
   8.130000E+002   3.506782E-002
   8.140000E+002   3.496283E-002
   8.150000E+002   3.485503E-002
   8.160000E+002   3.474446E-002
   8.170000E+002   3.463116E-002
   8.180000E+002   3.451519E-002
   8.190000E+002   3.439659E-002
   8.200000E+002   3.427543E-002
   8.210000E+002   3.415174E-002
   8.220000E+002   3.402557E-002
   8.230000E+002   3.389698E-002
   8.240000E+002   3.376601E-002
   8.250000E+002   3.363272E-002
   8.260000E+002   3.349714E-002
   8.270000E+002   3.335935E-002
   8.280000E+002   3.321937E-002
   8.290000E+002   3.307726E-002
   8.300000E+002   3.293307E-002
   8.310000E+002   3.278686E-002
   8.320000E+002   3.263866E-002
   8.330000E+002   3.248853E-002
   8.340000E+002   3.233652E-002
   8.350000E+002   3.218268E-002
   8.360000E+002   3.202705E-002
   8.370000E+002   3.186969E-002
   8.380000E+002   3.171065E-002
   8.390000E+002   3.154997E-002
   8.400000E+002   3.138770E-002
   8.410000E+002   3.122390E-002
   8.420000E+002   3.105862E-002
   8.430000E+002   3.089189E-002
   8.440000E+002   3.072378E-002
   8.450000E+002   3.055433E-002
   8.460000E+002   3.038360E-002
   8.470000E+002   3.021162E-002
   8.480000E+002   3.003845E-002
   8.490000E+002   2.986414E-002
   8.500000E+002   2.968874E-002
   8.510000E+002   2.951230E-002
   8.520000E+002   2.933488E-002
   8.530000E+002   2.915653E-002
   8.540000E+002   2.897730E-002
   8.550000E+002   2.879727E-002
   8.560000E+002   2.861648E-002
   8.570000E+002   2.843498E-002
   8.580000E+002   2.825285E-002
   8.590000E+002   2.807013E-002
   8.600000E+002   2.788689E-002
   8.610000E+002   2.770317E-002
   8.620000E+002   2.751904E-002
   8.630000E+002   2.733455E-002
   8.640000E+002   2.714976E-002
   8.650000E+002   2.696473E-002
   8.660000E+002   2.677951E-002
   8.670000E+002   2.659417E-002
   8.680000E+002   2.640875E-002
   8.690000E+002   2.622332E-002
   8.700000E+002   2.603794E-002
   8.710000E+002   2.585265E-002
   8.720000E+002   2.566752E-002
   8.730000E+002   2.548260E-002
   8.740000E+002   2.529795E-002
   8.750000E+002   2.511364E-002
   8.760000E+002   2.492970E-002
   8.770000E+002   2.474621E-002
   8.780000E+002   2.456322E-002
   8.790000E+002   2.438079E-002
   8.800000E+002   2.419897E-002
   8.810000E+002   2.401782E-002
   8.820000E+002   2.383739E-002
   8.830000E+002   2.365776E-002
   8.840000E+002   2.347896E-002
   8.850000E+002   2.330106E-002
   8.860000E+002   2.312412E-002
   8.870000E+002   2.294819E-002
   8.880000E+002   2.277333E-002
   8.890000E+002   2.259960E-002
   8.900000E+002   2.242706E-002
   8.910000E+002   2.225575E-002
   8.920000E+002   2.208574E-002
   8.930000E+002   2.191709E-002
   8.940000E+002   2.174985E-002
   8.950000E+002   2.158408E-002
   8.960000E+002   2.141984E-002
   8.970000E+002   2.125718E-002
   8.980000E+002   2.109616E-002
   8.990000E+002   2.093684E-002
   9.000000E+002   2.077928E-002
   9.010000E+002   2.062352E-002
   9.020000E+002   2.046959E-002
   9.030000E+002   2.031750E-002
   9.040000E+002   2.016727E-002
   9.050000E+002   2.001892E-002
   9.060000E+002   1.987246E-002
   9.070000E+002   1.972791E-002
   9.080000E+002   1.958528E-002
   9.090000E+002   1.944459E-002
   9.100000E+002   1.930586E-002
   9.110000E+002   1.916910E-002
   9.120000E+002   1.903432E-002
   9.130000E+002   1.890155E-002
   9.140000E+002   1.877080E-002
   9.150000E+002   1.864209E-002
   9.160000E+002   1.851543E-002
   9.170000E+002   1.839083E-002
   9.180000E+002   1.826832E-002
   9.190000E+002   1.814791E-002
   9.200000E+002   1.802961E-002
   9.210000E+002   1.791345E-002
   9.220000E+002   1.779943E-002
   9.230000E+002   1.768758E-002
   9.240000E+002   1.757790E-002
   9.250000E+002   1.747042E-002
   9.260000E+002   1.736515E-002
   9.270000E+002   1.726211E-002
   9.280000E+002   1.716132E-002
   9.290000E+002   1.706278E-002
   9.300000E+002   1.696651E-002
   9.310000E+002   1.687254E-002
   9.320000E+002   1.678088E-002
   9.330000E+002   1.669154E-002
   9.340000E+002   1.660453E-002
   9.350000E+002   1.651989E-002
   9.360000E+002   1.643761E-002
   9.370000E+002   1.635772E-002
   9.380000E+002   1.628023E-002
   9.390000E+002   1.620516E-002
   9.400000E+002   1.613253E-002
   9.410000E+002   1.606235E-002
   9.420000E+002   1.599463E-002
   9.430000E+002   1.592940E-002
   9.440000E+002   1.586667E-002
   9.450000E+002   1.580645E-002
   9.460000E+002   1.574876E-002
   9.470000E+002   1.569362E-002
   9.480000E+002   1.564104E-002
   9.490000E+002   1.559104E-002
   9.500000E+002   1.554363E-002
   9.510000E+002   1.549883E-002
   9.520000E+002   1.545660E-002
   9.530000E+002   1.541692E-002
   9.540000E+002   1.537974E-002
   9.550000E+002   1.534505E-002
   9.560000E+002   1.531279E-002
   9.570000E+002   1.528295E-002
   9.580000E+002   1.525548E-002
   9.590000E+002   1.523036E-002
   9.600000E+002   1.520754E-002
   9.610000E+002   1.518701E-002
   9.620000E+002   1.516871E-002
   9.630000E+002   1.515262E-002
   9.640000E+002   1.513871E-002
   9.650000E+002   1.512694E-002
   9.660000E+002   1.511728E-002
   9.670000E+002   1.510970E-002
   9.680000E+002   1.510415E-002
   9.690000E+002   1.510062E-002
   9.700000E+002   1.509906E-002
   9.710000E+002   1.509944E-002
   9.720000E+002   1.510173E-002
   9.730000E+002   1.510590E-002
   9.740000E+002   1.511190E-002
   9.750000E+002   1.511972E-002
   9.760000E+002   1.512930E-002
   9.770000E+002   1.514063E-002
   9.780000E+002   1.515367E-002
   9.790000E+002   1.516838E-002
   9.800000E+002   1.518473E-002
   9.810000E+002   1.520269E-002
   9.820000E+002   1.522222E-002
   9.830000E+002   1.524329E-002
   9.840000E+002   1.526587E-002
   9.850000E+002   1.528992E-002
   9.860000E+002   1.531541E-002
   9.870000E+002   1.534231E-002
   9.880000E+002   1.537058E-002
   9.890000E+002   1.540019E-002
   9.900000E+002   1.543111E-002
   9.910000E+002   1.546329E-002
   9.920000E+002   1.549672E-002
   9.930000E+002   1.553136E-002
   9.940000E+002   1.556716E-002
   9.950000E+002   1.560411E-002
   9.960000E+002   1.564216E-002
   9.970000E+002   1.568128E-002
   9.980000E+002   1.572144E-002
   9.990000E+002   1.576260E-002
   1.000000E+003   1.580474E-002
   1.001000E+003   1.584781E-002
   1.002000E+003   1.589178E-002
   1.003000E+003   1.593661E-002
   1.004000E+003   1.598225E-002
   1.005000E+003   1.602867E-002
   1.006000E+003   1.607582E-002
   1.007000E+003   1.612366E-002
   1.008000E+003   1.617215E-002
   1.009000E+003   1.622125E-002
   1.010000E+003   1.627092E-002
   1.011000E+003   1.632112E-002
   1.012000E+003   1.637181E-002
   1.013000E+003   1.642294E-002
   1.014000E+003   1.647448E-002
   1.015000E+003   1.652638E-002
   1.016000E+003   1.657861E-002
   1.017000E+003   1.663112E-002
   1.018000E+003   1.668387E-002
   1.019000E+003   1.673682E-002
   1.020000E+003   1.678993E-002
   1.021000E+003   1.684315E-002
   1.022000E+003   1.689646E-002
   1.023000E+003   1.694980E-002
   1.024000E+003   1.700313E-002
   1.025000E+003   1.705642E-002
   1.026000E+003   1.710963E-002
   1.027000E+003   1.716270E-002
   1.028000E+003   1.721561E-002
   1.029000E+003   1.726831E-002
   1.030000E+003   1.732076E-002
   1.031000E+003   1.737291E-002
   1.032000E+003   1.742473E-002
   1.033000E+003   1.747618E-002
   1.034000E+003   1.752722E-002
   1.035000E+003   1.757780E-002
   1.036000E+003   1.762788E-002
   1.037000E+003   1.767742E-002
   1.038000E+003   1.772639E-002
   1.039000E+003   1.777474E-002
   1.040000E+003   1.782242E-002
   1.041000E+003   1.786941E-002
   1.042000E+003   1.791565E-002
   1.043000E+003   1.796111E-002
   1.044000E+003   1.800574E-002
   1.045000E+003   1.804951E-002
   1.046000E+003   1.809237E-002
   1.047000E+003   1.813429E-002
   1.048000E+003   1.817521E-002
   1.049000E+003   1.821511E-002
   1.050000E+003   1.825393E-002
   1.051000E+003   1.829165E-002
   1.052000E+003   1.832825E-002
   1.053000E+003   1.836372E-002
   1.054000E+003   1.839804E-002
   1.055000E+003   1.843121E-002
   1.056000E+003   1.846322E-002
   1.057000E+003   1.849405E-002
   1.058000E+003   1.852369E-002
   1.059000E+003   1.855215E-002
   1.060000E+003   1.857939E-002
   1.061000E+003   1.860542E-002
   1.062000E+003   1.863023E-002
   1.063000E+003   1.865379E-002
   1.064000E+003   1.867611E-002
   1.065000E+003   1.869717E-002
   1.066000E+003   1.871697E-002
   1.067000E+003   1.873548E-002
   1.068000E+003   1.875271E-002
   1.069000E+003   1.876863E-002
   1.070000E+003   1.878325E-002
   1.071000E+003   1.879654E-002
   1.072000E+003   1.880850E-002
   1.073000E+003   1.881912E-002
   1.074000E+003   1.882839E-002
   1.075000E+003   1.883630E-002
   1.076000E+003   1.884284E-002
   1.077000E+003   1.884799E-002
   1.078000E+003   1.885174E-002
   1.079000E+003   1.885410E-002
   1.080000E+003   1.885503E-002
   1.081000E+003   1.885455E-002
   1.082000E+003   1.885262E-002
   1.083000E+003   1.884925E-002
   1.084000E+003   1.884443E-002
   1.085000E+003   1.883813E-002
   1.086000E+003   1.883036E-002
   1.087000E+003   1.882110E-002
   1.088000E+003   1.881035E-002
   1.089000E+003   1.879808E-002
   1.090000E+003   1.878429E-002
   1.091000E+003   1.876898E-002
   1.092000E+003   1.875212E-002
   1.093000E+003   1.873372E-002
   1.094000E+003   1.871375E-002
   1.095000E+003   1.869221E-002
   1.096000E+003   1.866909E-002
   1.097000E+003   1.864437E-002
   1.098000E+003   1.861806E-002
   1.099000E+003   1.859012E-002
   1.100000E+003   1.856057E-002
   1.101000E+003   1.852939E-002
   1.102000E+003   1.849660E-002
   1.103000E+003   1.846224E-002
   1.104000E+003   1.842633E-002
   1.105000E+003   1.838891E-002
   1.106000E+003   1.835000E-002
   1.107000E+003   1.830964E-002
   1.108000E+003   1.826785E-002
   1.109000E+003   1.822466E-002
   1.110000E+003   1.818011E-002
   1.111000E+003   1.813422E-002
   1.112000E+003   1.808703E-002
   1.113000E+003   1.803856E-002
   1.114000E+003   1.798884E-002
   1.115000E+003   1.793791E-002
   1.116000E+003   1.788579E-002
   1.117000E+003   1.783251E-002
   1.118000E+003   1.777810E-002
   1.119000E+003   1.772260E-002
   1.120000E+003   1.766603E-002
   1.121000E+003   1.760842E-002
   1.122000E+003   1.754980E-002
   1.123000E+003   1.749020E-002
   1.124000E+003   1.742966E-002
   1.125000E+003   1.736819E-002
   1.126000E+003   1.730584E-002
   1.127000E+003   1.724263E-002
   1.128000E+003   1.717859E-002
   1.129000E+003   1.711375E-002
   1.130000E+003   1.704814E-002
   1.131000E+003   1.698179E-002
   1.132000E+003   1.691473E-002
   1.133000E+003   1.684699E-002
   1.134000E+003   1.677859E-002
   1.135000E+003   1.670958E-002
   1.136000E+003   1.663998E-002
   1.137000E+003   1.656982E-002
   1.138000E+003   1.649912E-002
   1.139000E+003   1.642793E-002
   1.140000E+003   1.635626E-002
   1.141000E+003   1.628415E-002
   1.142000E+003   1.621163E-002
   1.143000E+003   1.613873E-002
   1.144000E+003   1.606548E-002
   1.145000E+003   1.599190E-002
   1.146000E+003   1.591803E-002
   1.147000E+003   1.584390E-002
   1.148000E+003   1.576953E-002
   1.149000E+003   1.569496E-002
   1.150000E+003   1.562022E-002
   1.151000E+003   1.554533E-002
   1.152000E+003   1.547030E-002
   1.153000E+003   1.539514E-002
   1.154000E+003   1.531983E-002
   1.155000E+003   1.524440E-002
   1.156000E+003   1.516884E-002
   1.157000E+003   1.509315E-002
   1.158000E+003   1.501733E-002
   1.159000E+003   1.494140E-002
   1.160000E+003   1.486535E-002
   1.161000E+003   1.478918E-002
   1.162000E+003   1.471291E-002
   1.163000E+003   1.463652E-002
   1.164000E+003   1.456003E-002
   1.165000E+003   1.448343E-002
   1.166000E+003   1.440673E-002
   1.167000E+003   1.432994E-002
   1.168000E+003   1.425305E-002
   1.169000E+003   1.417607E-002
   1.170000E+003   1.409900E-002
   1.171000E+003   1.402185E-002
   1.172000E+003   1.394461E-002
   1.173000E+003   1.386729E-002
   1.174000E+003   1.378989E-002
   1.175000E+003   1.371242E-002
   1.176000E+003   1.363488E-002
   1.177000E+003   1.355727E-002
   1.178000E+003   1.347959E-002
   1.179000E+003   1.340185E-002
   1.180000E+003   1.332405E-002
   1.181000E+003   1.324619E-002
   1.182000E+003   1.316828E-002
   1.183000E+003   1.309031E-002
   1.184000E+003   1.301230E-002
   1.185000E+003   1.293424E-002
   1.186000E+003   1.285614E-002
   1.187000E+003   1.277800E-002
   1.188000E+003   1.269982E-002
   1.189000E+003   1.262160E-002
   1.190000E+003   1.254336E-002
   1.191000E+003   1.246508E-002
   1.192000E+003   1.238678E-002
   1.193000E+003   1.230846E-002
   1.194000E+003   1.223012E-002
   1.195000E+003   1.215176E-002
   1.196000E+003   1.207338E-002
   1.197000E+003   1.199500E-002
   1.198000E+003   1.191660E-002
   1.199000E+003   1.183820E-002
   1.200000E+003   1.175980E-002
