   1.000000E+000  -3.008795E-002
   2.000000E+000   1.263576E-001
   3.000000E+000   2.828031E-001
   4.000000E+000   1.411981E-001
   5.000000E+000   1.002159E-001
   6.000000E+000   1.492442E-001
   7.000000E+000   1.627384E-001
   8.000000E+000   1.777885E-001
   9.000000E+000   2.346966E-001
   1.000000E+001   2.239774E-001
   1.100000E+001   1.082625E-001
   1.200000E+001   2.884380E-001
   1.300000E+001   1.103231E+000
   1.400000E+001   2.204482E+000
   1.500000E+001   3.072306E+000
   1.600000E+001   3.307394E+000
   1.700000E+001   2.992730E+000
   1.800000E+001   2.331870E+000
   1.900000E+001   1.528371E+000
   2.000000E+001   7.857889E-001
   2.100000E+001   2.685442E-001
   2.200000E+001  -1.549120E-002
   2.300000E+001  -9.758192E-002
   2.400000E+001  -8.992737E-003
   2.500000E+001   2.190116E-001
   2.600000E+001   5.551665E-001
   2.700000E+001   9.682070E-001
   2.800000E+001   1.426869E+000
   2.900000E+001   1.899886E+000
   3.000000E+001   2.355996E+000
   3.100000E+001   2.770912E+000
   3.200000E+001   3.148267E+000
   3.300000E+001   3.498675E+000
   3.400000E+001   3.832749E+000
   3.500000E+001   4.161101E+000
   3.600000E+001   4.494343E+000
   3.700000E+001   4.843090E+000
   3.800000E+001   5.217954E+000
   3.900000E+001   5.629547E+000
   4.000000E+001   6.088483E+000
   4.100000E+001   6.603654E+000
   4.200000E+001   7.177074E+000
   4.300000E+001   7.809037E+000
   4.400000E+001   8.499836E+000
   4.500000E+001   9.249764E+000
   4.600000E+001   1.005912E+001
   4.700000E+001   1.092819E+001
   4.800000E+001   1.185727E+001
   4.900000E+001   1.284665E+001
   5.000000E+001   1.389663E+001
   5.100000E+001   1.500795E+001
   5.200000E+001   1.618311E+001
   5.300000E+001   1.742506E+001
   5.400000E+001   1.873676E+001
   5.500000E+001   2.012115E+001
   5.600000E+001   2.158119E+001
   5.700000E+001   2.311983E+001
   5.800000E+001   2.474002E+001
   5.900000E+001   2.644471E+001
   6.000000E+001   2.823686E+001
   6.100000E+001   3.011887E+001
   6.200000E+001   3.209104E+001
   6.300000E+001   3.415311E+001
   6.400000E+001   3.630482E+001
   6.500000E+001   3.854593E+001
   6.600000E+001   4.087619E+001
   6.700000E+001   4.329534E+001
   6.800000E+001   4.580314E+001
   6.900000E+001   4.839932E+001
   7.000000E+001   5.108365E+001
   7.100000E+001   5.385491E+001
   7.200000E+001   5.670813E+001
   7.300000E+001   5.963738E+001
   7.400000E+001   6.263673E+001
   7.500000E+001   6.570024E+001
   7.600000E+001   6.882199E+001
   7.700000E+001   7.199605E+001
   7.800000E+001   7.521648E+001
   7.900000E+001   7.847736E+001
   8.000000E+001   8.177276E+001
   8.100000E+001   8.509558E+001
   8.200000E+001   8.843416E+001
   8.300000E+001   9.177564E+001
   8.400000E+001   9.510718E+001
   8.500000E+001   9.841595E+001
   8.600000E+001   1.016891E+002
   8.700000E+001   1.049138E+002
   8.800000E+001   1.080772E+002
   8.900000E+001   1.111664E+002
   9.000000E+001   1.141687E+002
   9.100000E+001   1.170697E+002
   9.200000E+001   1.198497E+002
   9.300000E+001   1.224875E+002
   9.400000E+001   1.249618E+002
   9.500000E+001   1.272513E+002
   9.600000E+001   1.293350E+002
   9.700000E+001   1.311915E+002
   9.800000E+001   1.327996E+002
   9.900000E+001   1.341382E+002
   1.000000E+002   1.351860E+002
   1.010000E+002   1.359247E+002
   1.020000E+002   1.363480E+002
   1.030000E+002   1.364525E+002
   1.040000E+002   1.362348E+002
   1.050000E+002   1.356915E+002
   1.060000E+002   1.348191E+002
   1.070000E+002   1.336144E+002
   1.080000E+002   1.320738E+002
   1.090000E+002   1.301940E+002
   1.100000E+002   1.279716E+002
   1.110000E+002   1.254031E+002
   1.120000E+002   1.224853E+002
   1.130000E+002   1.192146E+002
   1.140000E+002   1.155877E+002
   1.150000E+002   1.116012E+002
   1.160000E+002   1.072517E+002
   1.170000E+002   1.025358E+002
   1.180000E+002   9.745004E+001
   1.190000E+002   9.199108E+001
   1.200000E+002   8.615550E+001
   1.210000E+002   7.995440E+001
   1.220000E+002   7.345683E+001
   1.230000E+002   6.674635E+001
   1.240000E+002   5.990650E+001
   1.250000E+002   5.302085E+001
   1.260000E+002   4.617294E+001
   1.270000E+002   3.944632E+001
   1.280000E+002   3.292455E+001
   1.290000E+002   2.669117E+001
   1.300000E+002   2.082974E+001
   1.310000E+002   1.542382E+001
   1.320000E+002   1.055694E+001
   1.330000E+002   6.312670E+000
   1.340000E+002   2.774554E+000
   1.350000E+002   2.614532E-002
   1.360000E+002  -1.849005E+000
   1.370000E+002  -2.767345E+000
   1.380000E+002  -2.645322E+000
   1.390000E+002  -1.399386E+000
   1.400000E+002   1.054015E+000
   1.410000E+002   4.773936E+000
   1.420000E+002   9.721439E+000
   1.430000E+002   1.583309E+001
   1.440000E+002   2.304545E+001
   1.450000E+002   3.129508E+001
   1.460000E+002   4.051856E+001
   1.470000E+002   5.065244E+001
   1.480000E+002   6.163329E+001
   1.490000E+002   7.339767E+001
   1.500000E+002   8.588215E+001
   1.510000E+002   9.902329E+001
   1.520000E+002   1.127577E+002
   1.530000E+002   1.270218E+002
   1.540000E+002   1.417524E+002
   1.550000E+002   1.568858E+002
   1.560000E+002   1.723587E+002
   1.570000E+002   1.881077E+002
   1.580000E+002   2.040693E+002
   1.590000E+002   2.201801E+002
   1.600000E+002   2.363766E+002
   1.610000E+002   2.525845E+002
   1.620000E+002   2.686855E+002
   1.630000E+002   2.845505E+002
   1.640000E+002   3.000504E+002
   1.650000E+002   3.150560E+002
   1.660000E+002   3.294381E+002
   1.670000E+002   3.430676E+002
   1.680000E+002   3.558153E+002
   1.690000E+002   3.675521E+002
   1.700000E+002   3.781488E+002
   1.710000E+002   3.874763E+002
   1.720000E+002   3.954054E+002
   1.730000E+002   4.018069E+002
   1.740000E+002   4.065518E+002
   1.750000E+002   4.095108E+002
   1.760000E+002   4.105548E+002
   1.770000E+002   4.095547E+002
   1.780000E+002   4.063812E+002
   1.790000E+002   4.009053E+002
   1.800000E+002   3.929978E+002
   1.810000E+002   3.825892E+002
   1.820000E+002   3.698489E+002
   1.830000E+002   3.550062E+002
   1.840000E+002   3.382900E+002
   1.850000E+002   3.199296E+002
   1.860000E+002   3.001540E+002
   1.870000E+002   2.791925E+002
   1.880000E+002   2.572740E+002
   1.890000E+002   2.346278E+002
   1.900000E+002   2.114829E+002
   1.910000E+002   1.880685E+002
   1.920000E+002   1.646138E+002
   1.930000E+002   1.413478E+002
   1.940000E+002   1.184996E+002
   1.950000E+002   9.629851E+001
   1.960000E+002   7.497350E+001
   1.970000E+002   5.475374E+001
   1.980000E+002   3.586836E+001
   1.990000E+002   1.854648E+001
   2.000000E+002   3.017235E+000
   2.010000E+002  -1.054551E+001
   2.020000E+002  -2.218895E+001
   2.030000E+002  -3.201551E+001
   2.040000E+002  -4.012763E+001
   2.050000E+002  -4.662777E+001
   2.060000E+002  -5.161835E+001
   2.070000E+002  -5.520183E+001
   2.080000E+002  -5.748064E+001
   2.090000E+002  -5.855722E+001
   2.100000E+002  -5.853402E+001
   2.110000E+002  -5.751348E+001
   2.120000E+002  -5.559804E+001
   2.130000E+002  -5.289014E+001
   2.140000E+002  -4.949222E+001
   2.150000E+002  -4.550673E+001
   2.160000E+002  -4.103610E+001
   2.170000E+002  -3.618278E+001
   2.180000E+002  -3.104921E+001
   2.190000E+002  -2.573783E+001
   2.200000E+002  -2.035108E+001
   2.210000E+002  -1.499141E+001
   2.220000E+002  -9.761250E+000
   2.230000E+002  -4.763047E+000
   2.240000E+002  -9.924193E-002
   2.250000E+002   4.127723E+000
   2.260000E+002   7.837270E+000
   2.270000E+002   1.103627E+001
   2.280000E+002   1.375346E+001
   2.290000E+002   1.601758E+001
   2.300000E+002   1.785737E+001
   2.310000E+002   1.930155E+001
   2.320000E+002   2.037887E+001
   2.330000E+002   2.111806E+001
   2.340000E+002   2.154786E+001
   2.350000E+002   2.169700E+001
   2.360000E+002   2.159423E+001
   2.370000E+002   2.126827E+001
   2.380000E+002   2.074786E+001
   2.390000E+002   2.006174E+001
   2.400000E+002   1.923865E+001
   2.410000E+002   1.830732E+001
   2.420000E+002   1.729649E+001
   2.430000E+002   1.623489E+001
   2.440000E+002   1.515126E+001
   2.450000E+002   1.407434E+001
   2.460000E+002   1.303286E+001
   2.470000E+002   1.205556E+001
   2.480000E+002   1.117118E+001
   2.490000E+002   1.040844E+001
   2.500000E+002   9.796095E+000
   2.510000E+002   9.368593E+000
   2.520000E+002   9.183282E+000
   2.530000E+002   9.303231E+000
   2.540000E+002   9.791505E+000
   2.550000E+002   1.071117E+001
   2.560000E+002   1.212531E+001
   2.570000E+002   1.409697E+001
   2.580000E+002   1.668922E+001
   2.590000E+002   1.996515E+001
   2.600000E+002   2.398780E+001
   2.610000E+002   2.882026E+001
   2.620000E+002   3.452558E+001
   2.630000E+002   4.116684E+001
   2.640000E+002   4.880711E+001
   2.650000E+002   5.750944E+001
   2.660000E+002   6.733691E+001
   2.670000E+002   7.835259E+001
   2.680000E+002   9.061955E+001
   2.690000E+002   1.042008E+002
   2.700000E+002   1.191596E+002
   2.710000E+002   1.355587E+002
   2.720000E+002   1.534615E+002
   2.730000E+002   1.729308E+002
   2.740000E+002   1.940298E+002
   2.750000E+002   2.168216E+002
   2.760000E+002   2.413300E+002
   2.770000E+002   2.674221E+002
   2.780000E+002   2.949258E+002
   2.790000E+002   3.236689E+002
   2.800000E+002   3.534795E+002
   2.810000E+002   3.841853E+002
   2.820000E+002   4.156142E+002
   2.830000E+002   4.475942E+002
   2.840000E+002   4.799532E+002
   2.850000E+002   5.125189E+002
   2.860000E+002   5.451194E+002
   2.870000E+002   5.775824E+002
   2.880000E+002   6.097359E+002
   2.890000E+002   6.414078E+002
   2.900000E+002   6.724260E+002
   2.910000E+002   7.026183E+002
   2.920000E+002   7.318127E+002
   2.930000E+002   7.598370E+002
   2.940000E+002   7.865191E+002
   2.950000E+002   8.116870E+002
   2.960000E+002   8.351684E+002
   2.970000E+002   8.567913E+002
   2.980000E+002   8.763836E+002
   2.990000E+002   8.937731E+002
   3.000000E+002   9.087879E+002
   3.010000E+002   9.212998E+002
   3.020000E+002   9.313574E+002
   3.030000E+002   9.390534E+002
   3.040000E+002   9.444805E+002
   3.050000E+002   9.477314E+002
   3.060000E+002   9.488988E+002
   3.070000E+002   9.480753E+002
   3.080000E+002   9.453536E+002
   3.090000E+002   9.408265E+002
   3.100000E+002   9.345865E+002
   3.110000E+002   9.267264E+002
   3.120000E+002   9.173389E+002
   3.130000E+002   9.065166E+002
   3.140000E+002   8.943523E+002
   3.150000E+002   8.809386E+002
   3.160000E+002   8.663681E+002
   3.170000E+002   8.507337E+002
   3.180000E+002   8.341278E+002
   3.190000E+002   8.166434E+002
   3.200000E+002   7.983729E+002
   3.210000E+002   7.794092E+002
   3.220000E+002   7.598449E+002
   3.230000E+002   7.397726E+002
   3.240000E+002   7.192851E+002
   3.250000E+002   6.984751E+002
   3.260000E+002   6.774352E+002
   3.270000E+002   6.562581E+002
   3.280000E+002   6.350364E+002
   3.290000E+002   6.138630E+002
   3.300000E+002   5.928304E+002
   3.310000E+002   5.720314E+002
   3.320000E+002   5.515586E+002
   3.330000E+002   5.315047E+002
   3.340000E+002   5.119624E+002
   3.350000E+002   4.930243E+002
   3.360000E+002   4.747833E+002
   3.370000E+002   4.573318E+002
   3.380000E+002   4.407627E+002
   3.390000E+002   4.251686E+002
   3.400000E+002   4.106422E+002
   3.410000E+002   3.972762E+002
   3.420000E+002   3.851632E+002
   3.430000E+002   3.743960E+002
   3.440000E+002   3.650672E+002
   3.450000E+002   3.572695E+002
   3.460000E+002   3.510956E+002
   3.470000E+002   3.466382E+002
   3.480000E+002   3.439900E+002
   3.490000E+002   3.432436E+002
   3.500000E+002   3.444917E+002
   3.510000E+002   3.478025E+002
   3.520000E+002   3.531463E+002
   3.530000E+002   3.604687E+002
   3.540000E+002   3.697155E+002
   3.550000E+002   3.808324E+002
   3.560000E+002   3.937652E+002
   3.570000E+002   4.084596E+002
   3.580000E+002   4.248612E+002
   3.590000E+002   4.429159E+002
   3.600000E+002   4.625694E+002
   3.610000E+002   4.837673E+002
   3.620000E+002   5.064554E+002
   3.630000E+002   5.305795E+002
   3.640000E+002   5.560853E+002
   3.650000E+002   5.829184E+002
   3.660000E+002   6.110247E+002
   3.670000E+002   6.403498E+002
   3.680000E+002   6.708394E+002
   3.690000E+002   7.024394E+002
   3.700000E+002   7.350954E+002
   3.710000E+002   7.687532E+002
   3.720000E+002   8.033585E+002
   3.730000E+002   8.388569E+002
   3.740000E+002   8.751944E+002
   3.750000E+002   9.123164E+002
   3.760000E+002   9.501689E+002
   3.770000E+002   9.886975E+002
   3.780000E+002   1.027848E+003
   3.790000E+002   1.067566E+003
   3.800000E+002   1.107797E+003
   3.810000E+002   1.148488E+003
   3.820000E+002   1.189583E+003
   3.830000E+002   1.231028E+003
   3.840000E+002   1.272770E+003
   3.850000E+002   1.314754E+003
   3.860000E+002   1.356925E+003
   3.870000E+002   1.399230E+003
   3.880000E+002   1.441614E+003
   3.890000E+002   1.484023E+003
   3.900000E+002   1.526402E+003
   3.910000E+002   1.568698E+003
   3.920000E+002   1.610856E+003
   3.930000E+002   1.652821E+003
   3.940000E+002   1.694540E+003
   3.950000E+002   1.735958E+003
   3.960000E+002   1.777022E+003
   3.970000E+002   1.817675E+003
   3.980000E+002   1.857866E+003
   3.990000E+002   1.897538E+003
   4.000000E+002   1.936638E+003
   4.010000E+002   1.975116E+003
   4.020000E+002   2.012936E+003
   4.030000E+002   2.050069E+003
   4.040000E+002   2.086482E+003
   4.050000E+002   2.122146E+003
   4.060000E+002   2.157030E+003
   4.070000E+002   2.191102E+003
   4.080000E+002   2.224332E+003
   4.090000E+002   2.256689E+003
   4.100000E+002   2.288143E+003
   4.110000E+002   2.318662E+003
   4.120000E+002   2.348216E+003
   4.130000E+002   2.376774E+003
   4.140000E+002   2.404305E+003
   4.150000E+002   2.430778E+003
   4.160000E+002   2.456163E+003
   4.170000E+002   2.480428E+003
   4.180000E+002   2.503543E+003
   4.190000E+002   2.525478E+003
   4.200000E+002   2.546200E+003
   4.210000E+002   2.565680E+003
   4.220000E+002   2.583887E+003
   4.230000E+002   2.600789E+003
   4.240000E+002   2.616357E+003
   4.250000E+002   2.630559E+003
   4.260000E+002   2.643364E+003
   4.270000E+002   2.654742E+003
   4.280000E+002   2.664662E+003
   4.290000E+002   2.673092E+003
   4.300000E+002   2.680003E+003
   4.310000E+002   2.685364E+003
   4.320000E+002   2.689143E+003
   4.330000E+002   2.691309E+003
   4.340000E+002   2.691833E+003
   4.350000E+002   2.690683E+003
   4.360000E+002   2.687828E+003
   4.370000E+002   2.683238E+003
   4.380000E+002   2.676881E+003
   4.390000E+002   2.668728E+003
   4.400000E+002   2.658747E+003
   4.410000E+002   2.646907E+003
   4.420000E+002   2.633177E+003
   4.430000E+002   2.617527E+003
   4.440000E+002   2.599927E+003
   4.450000E+002   2.580344E+003
   4.460000E+002   2.558749E+003
   4.470000E+002   2.535110E+003
   4.480000E+002   2.509397E+003
   4.490000E+002   2.481578E+003
   4.500000E+002   2.451624E+003
   4.510000E+002   2.419529E+003
   4.520000E+002   2.385390E+003
   4.530000E+002   2.349331E+003
   4.540000E+002   2.311474E+003
   4.550000E+002   2.271943E+003
   4.560000E+002   2.230861E+003
   4.570000E+002   2.188351E+003
   4.580000E+002   2.144537E+003
   4.590000E+002   2.099540E+003
   4.600000E+002   2.053485E+003
   4.610000E+002   2.006495E+003
   4.620000E+002   1.958692E+003
   4.630000E+002   1.910200E+003
   4.640000E+002   1.861142E+003
   4.650000E+002   1.811641E+003
   4.660000E+002   1.761820E+003
   4.670000E+002   1.711802E+003
   4.680000E+002   1.661711E+003
   4.690000E+002   1.611669E+003
   4.700000E+002   1.561800E+003
   4.710000E+002   1.512227E+003
   4.720000E+002   1.463073E+003
   4.730000E+002   1.414461E+003
   4.740000E+002   1.366514E+003
   4.750000E+002   1.319355E+003
   4.760000E+002   1.273108E+003
   4.770000E+002   1.227896E+003
   4.780000E+002   1.183841E+003
   4.790000E+002   1.141066E+003
   4.800000E+002   1.099696E+003
   4.810000E+002   1.059853E+003
   4.820000E+002   1.021660E+003
   4.830000E+002   9.852405E+002
   4.840000E+002   9.507173E+002
   4.850000E+002   9.182137E+002
   4.860000E+002   8.878527E+002
   4.870000E+002   8.597576E+002
   4.880000E+002   8.340515E+002
   4.890000E+002   8.108574E+002
   4.900000E+002   7.902986E+002
   4.910000E+002   7.724980E+002
   4.920000E+002   7.575789E+002
   4.930000E+002   7.456644E+002
   4.940000E+002   7.368776E+002
   4.950000E+002   7.313416E+002
   4.960000E+002   7.291796E+002
   4.970000E+002   7.305147E+002
   4.980000E+002   7.354699E+002
   4.990000E+002   7.441686E+002
   5.000000E+002   7.567336E+002
   5.010000E+002   7.732387E+002
   5.020000E+002   7.935589E+002
   5.030000E+002   8.175197E+002
   5.040000E+002   8.449467E+002
   5.050000E+002   8.756655E+002
   5.060000E+002   9.095014E+002
   5.070000E+002   9.462802E+002
   5.080000E+002   9.858273E+002
   5.090000E+002   1.027968E+003
   5.100000E+002   1.072528E+003
   5.110000E+002   1.119334E+003
   5.120000E+002   1.168209E+003
   5.130000E+002   1.218981E+003
   5.140000E+002   1.271474E+003
   5.150000E+002   1.325514E+003
   5.160000E+002   1.380926E+003
   5.170000E+002   1.437537E+003
   5.180000E+002   1.495172E+003
   5.190000E+002   1.553655E+003
   5.200000E+002   1.612813E+003
   5.210000E+002   1.672472E+003
   5.220000E+002   1.732456E+003
   5.230000E+002   1.792591E+003
   5.240000E+002   1.852703E+003
   5.250000E+002   1.912618E+003
   5.260000E+002   1.972160E+003
   5.270000E+002   2.031156E+003
   5.280000E+002   2.089431E+003
   5.290000E+002   2.146810E+003
   5.300000E+002   2.203119E+003
   5.310000E+002   2.258184E+003
   5.320000E+002   2.311829E+003
   5.330000E+002   2.363882E+003
   5.340000E+002   2.414166E+003
   5.350000E+002   2.462508E+003
   5.360000E+002   2.508734E+003
   5.370000E+002   2.552668E+003
   5.380000E+002   2.594136E+003
   5.390000E+002   2.632964E+003
   5.400000E+002   2.668977E+003
   5.410000E+002   2.702001E+003
   5.420000E+002   2.731862E+003
   5.430000E+002   2.758384E+003
   5.440000E+002   2.781394E+003
   5.450000E+002   2.800717E+003
   5.460000E+002   2.816178E+003
   5.470000E+002   2.827603E+003
   5.480000E+002   2.834818E+003
   5.490000E+002   2.837648E+003
   5.500000E+002   2.835919E+003
   5.510000E+002   2.829511E+003
   5.520000E+002   2.818528E+003
   5.530000E+002   2.803128E+003
   5.540000E+002   2.783471E+003
   5.550000E+002   2.759715E+003
   5.560000E+002   2.732018E+003
   5.570000E+002   2.700539E+003
   5.580000E+002   2.665438E+003
   5.590000E+002   2.626872E+003
   5.600000E+002   2.585001E+003
   5.610000E+002   2.539982E+003
   5.620000E+002   2.491975E+003
   5.630000E+002   2.441139E+003
   5.640000E+002   2.387631E+003
   5.650000E+002   2.331612E+003
   5.660000E+002   2.273239E+003
   5.670000E+002   2.212671E+003
   5.680000E+002   2.150067E+003
   5.690000E+002   2.085585E+003
   5.700000E+002   2.019385E+003
   5.710000E+002   1.951624E+003
   5.720000E+002   1.882462E+003
   5.730000E+002   1.812058E+003
   5.740000E+002   1.740569E+003
   5.750000E+002   1.668155E+003
   5.760000E+002   1.594974E+003
   5.770000E+002   1.521186E+003
   5.780000E+002   1.446948E+003
   5.790000E+002   1.372419E+003
   5.800000E+002   1.297759E+003
   5.810000E+002   1.223125E+003
   5.820000E+002   1.148677E+003
   5.830000E+002   1.074573E+003
   5.840000E+002   1.000972E+003
   5.850000E+002   9.280320E+002
   5.860000E+002   8.559126E+002
   5.870000E+002   7.847720E+002
   5.880000E+002   7.147690E+002
   5.890000E+002   6.460623E+002
   5.900000E+002   5.788106E+002
   5.910000E+002   5.131725E+002
   5.920000E+002   4.493068E+002
   5.930000E+002   3.873721E+002
   5.940000E+002   3.275271E+002
   5.950000E+002   2.699306E+002
   5.960000E+002   2.147411E+002
   5.970000E+002   1.621174E+002
   5.980000E+002   1.122182E+002
   5.990000E+002   6.520209E+001
   6.000000E+002   2.122786E+001
   6.010000E+002  -1.958700E+001
   6.020000E+002  -5.728962E+001
   6.030000E+002  -9.196830E+001
   6.040000E+002  -1.237113E+002
   6.050000E+002  -1.526070E+002
   6.060000E+002  -1.787435E+002
   6.070000E+002  -2.022094E+002
   6.080000E+002  -2.230927E+002
   6.090000E+002  -2.414818E+002
   6.100000E+002  -2.574650E+002
   6.110000E+002  -2.711306E+002
   6.120000E+002  -2.825669E+002
   6.130000E+002  -2.918621E+002
   6.140000E+002  -2.991046E+002
   6.150000E+002  -3.043827E+002
   6.160000E+002  -3.077846E+002
   6.170000E+002  -3.093987E+002
   6.180000E+002  -3.093131E+002
   6.190000E+002  -3.076164E+002
   6.200000E+002  -3.043966E+002
   6.210000E+002  -2.997421E+002
   6.220000E+002  -2.937412E+002
   6.230000E+002  -2.864822E+002
   6.240000E+002  -2.780534E+002
   6.250000E+002  -2.685431E+002
   6.260000E+002  -2.580396E+002
   6.270000E+002  -2.466311E+002
   6.280000E+002  -2.344059E+002
   6.290000E+002  -2.214524E+002
   6.300000E+002  -2.078588E+002
   6.310000E+002  -1.937135E+002
   6.320000E+002  -1.791046E+002
   6.330000E+002  -1.641206E+002
   6.340000E+002  -1.488497E+002
   6.350000E+002  -1.333802E+002
   6.360000E+002  -1.178003E+002
   6.370000E+002  -1.021984E+002
   6.380000E+002  -8.666285E+001
   6.390000E+002  -7.128181E+001
   6.400000E+002  -5.614363E+001
   6.410000E+002  -4.133659E+001
   6.420000E+002  -2.694899E+001
   6.430000E+002  -1.306912E+001
   6.440000E+002   2.147348E-001
   6.450000E+002   1.281427E+001
   6.460000E+002   2.464121E+001
   6.470000E+002   3.560725E+001
   6.480000E+002   4.562410E+001
   6.490000E+002   5.460347E+001
   6.500000E+002   6.245706E+001
   6.510000E+002   6.913069E+001
   6.520000E+002   7.470647E+001
   6.530000E+002   7.930066E+001
   6.540000E+002   8.302947E+001
   6.550000E+002   8.600914E+001
   6.560000E+002   8.835589E+001
   6.570000E+002   9.018597E+001
   6.580000E+002   9.161560E+001
   6.590000E+002   9.276100E+001
   6.600000E+002   9.373842E+001
   6.610000E+002   9.466408E+001
   6.620000E+002   9.565421E+001
   6.630000E+002   9.682504E+001
   6.640000E+002   9.829280E+001
   6.650000E+002   1.001737E+002
   6.660000E+002   1.025840E+002
   6.670000E+002   1.056400E+002
   6.680000E+002   1.094578E+002
   6.690000E+002   1.141537E+002
   6.700000E+002   1.198439E+002
   6.710000E+002   1.266446E+002
   6.720000E+002   1.346721E+002
   6.730000E+002   1.440427E+002
   6.740000E+002   1.548724E+002
   6.750000E+002   1.672777E+002
   6.760000E+002   1.813746E+002
   6.770000E+002   1.972795E+002
   6.780000E+002   2.151085E+002
   6.790000E+002   2.349779E+002
   6.800000E+002   2.570040E+002
   6.810000E+002   2.813028E+002
   6.820000E+002   3.079908E+002
   6.830000E+002   3.371841E+002
   6.840000E+002   3.689989E+002
   6.850000E+002   4.035515E+002
   6.860000E+002   4.409581E+002
   6.870000E+002   4.813349E+002
   6.880000E+002   5.247982E+002
   6.890000E+002   5.714642E+002
   6.900000E+002   6.214492E+002
   6.910000E+002   6.748692E+002
   6.920000E+002   7.318407E+002
   6.930000E+002   7.924798E+002
   6.940000E+002   8.569027E+002
   6.950000E+002   9.252257E+002
   6.960000E+002   9.975650E+002
   6.970000E+002   1.074037E+003
   6.980000E+002   1.154758E+003
   6.990000E+002   1.239843E+003
   7.000000E+002   1.329410E+003
   7.010000E+002   1.423517E+003
   7.020000E+002   1.521995E+003
   7.030000E+002   1.624617E+003
   7.040000E+002   1.731156E+003
   7.050000E+002   1.841386E+003
   7.060000E+002   1.955079E+003
   7.070000E+002   2.072009E+003
   7.080000E+002   2.191950E+003
   7.090000E+002   2.314674E+003
   7.100000E+002   2.439955E+003
   7.110000E+002   2.567566E+003
   7.120000E+002   2.697281E+003
   7.130000E+002   2.828872E+003
   7.140000E+002   2.962113E+003
   7.150000E+002   3.096777E+003
   7.160000E+002   3.232637E+003
   7.170000E+002   3.369467E+003
   7.180000E+002   3.507040E+003
   7.190000E+002   3.645129E+003
   7.200000E+002   3.783507E+003
   7.210000E+002   3.921948E+003
   7.220000E+002   4.060225E+003
   7.230000E+002   4.198112E+003
   7.240000E+002   4.335380E+003
   7.250000E+002   4.471805E+003
   7.260000E+002   4.607158E+003
   7.270000E+002   4.741214E+003
   7.280000E+002   4.873745E+003
   7.290000E+002   5.004525E+003
   7.300000E+002   5.133326E+003
   7.310000E+002   5.259924E+003
   7.320000E+002   5.384089E+003
   7.330000E+002   5.505597E+003
   7.340000E+002   5.624219E+003
   7.350000E+002   5.739730E+003
   7.360000E+002   5.851902E+003
   7.370000E+002   5.960510E+003
   7.380000E+002   6.065325E+003
   7.390000E+002   6.166122E+003
   7.400000E+002   6.262673E+003
   7.410000E+002   6.354752E+003
   7.420000E+002   6.442133E+003
   7.430000E+002   6.524587E+003
   7.440000E+002   6.601890E+003
   7.450000E+002   6.673813E+003
   7.460000E+002   6.740131E+003
   7.470000E+002   6.800616E+003
   7.480000E+002   6.855041E+003
   7.490000E+002   6.903181E+003
   7.500000E+002   6.944808E+003
   7.510000E+002   6.979759E+003
   7.520000E+002   7.008131E+003
   7.530000E+002   7.030083E+003
   7.540000E+002   7.045773E+003
   7.550000E+002   7.055363E+003
   7.560000E+002   7.059011E+003
   7.570000E+002   7.056877E+003
   7.580000E+002   7.049121E+003
   7.590000E+002   7.035902E+003
   7.600000E+002   7.017379E+003
   7.610000E+002   6.993713E+003
   7.620000E+002   6.965063E+003
   7.630000E+002   6.931589E+003
   7.640000E+002   6.893449E+003
   7.650000E+002   6.850805E+003
   7.660000E+002   6.803814E+003
   7.670000E+002   6.752638E+003
   7.680000E+002   6.697435E+003
   7.690000E+002   6.638366E+003
   7.700000E+002   6.575589E+003
   7.710000E+002   6.509264E+003
   7.720000E+002   6.439551E+003
   7.730000E+002   6.366609E+003
   7.740000E+002   6.290599E+003
   7.750000E+002   6.211679E+003
   7.760000E+002   6.130010E+003
   7.770000E+002   6.045750E+003
   7.780000E+002   5.959059E+003
   7.790000E+002   5.870098E+003
   7.800000E+002   5.779025E+003
   7.810000E+002   5.686001E+003
   7.820000E+002   5.591184E+003
   7.830000E+002   5.494734E+003
   7.840000E+002   5.396812E+003
   7.850000E+002   5.297576E+003
   7.860000E+002   5.197186E+003
   7.870000E+002   5.095801E+003
   7.880000E+002   4.993583E+003
   7.890000E+002   4.890688E+003
   7.900000E+002   4.787279E+003
   7.910000E+002   4.683513E+003
   7.920000E+002   4.579552E+003
   7.930000E+002   4.475553E+003
   7.940000E+002   4.371677E+003
   7.950000E+002   4.268084E+003
   7.960000E+002   4.164932E+003
   7.970000E+002   4.062383E+003
   7.980000E+002   3.960594E+003
   7.990000E+002   3.859726E+003
   8.000000E+002   3.759939E+003
   8.010000E+002   3.661375E+003
   8.020000E+002   3.564115E+003
   8.030000E+002   3.468220E+003
   8.040000E+002   3.373755E+003
   8.050000E+002   3.280782E+003
   8.060000E+002   3.189365E+003
   8.070000E+002   3.099565E+003
   8.080000E+002   3.011448E+003
   8.090000E+002   2.925075E+003
   8.100000E+002   2.840509E+003
   8.110000E+002   2.757814E+003
   8.120000E+002   2.677054E+003
   8.130000E+002   2.598290E+003
   8.140000E+002   2.521586E+003
   8.150000E+002   2.447005E+003
   8.160000E+002   2.374610E+003
   8.170000E+002   2.304464E+003
   8.180000E+002   2.236631E+003
   8.190000E+002   2.171172E+003
   8.200000E+002   2.108153E+003
   8.210000E+002   2.047635E+003
   8.220000E+002   1.989681E+003
   8.230000E+002   1.934355E+003
   8.240000E+002   1.881720E+003
   8.250000E+002   1.831839E+003
   8.260000E+002   1.784774E+003
   8.270000E+002   1.740590E+003
   8.280000E+002   1.699349E+003
   8.290000E+002   1.661113E+003
   8.300000E+002   1.625947E+003
   8.310000E+002   1.593914E+003
   8.320000E+002   1.565075E+003
   8.330000E+002   1.539495E+003
   8.340000E+002   1.517237E+003
   8.350000E+002   1.498363E+003
   8.360000E+002   1.482937E+003
   8.370000E+002   1.471021E+003
   8.380000E+002   1.462680E+003
   8.390000E+002   1.457975E+003
   8.400000E+002   1.456970E+003
   8.410000E+002   1.459729E+003
   8.420000E+002   1.466313E+003
   8.430000E+002   1.476787E+003
   8.440000E+002   1.491213E+003
   8.450000E+002   1.509654E+003
   8.460000E+002   1.532174E+003
   8.470000E+002   1.558835E+003
   8.480000E+002   1.589701E+003
   8.490000E+002   1.624835E+003
   8.500000E+002   1.664299E+003
   8.510000E+002   1.708123E+003
   8.520000E+002   1.756195E+003
   8.530000E+002   1.808371E+003
   8.540000E+002   1.864507E+003
   8.550000E+002   1.924457E+003
   8.560000E+002   1.988076E+003
   8.570000E+002   2.055219E+003
   8.580000E+002   2.125742E+003
   8.590000E+002   2.199499E+003
   8.600000E+002   2.276346E+003
   8.610000E+002   2.356138E+003
   8.620000E+002   2.438729E+003
   8.630000E+002   2.523975E+003
   8.640000E+002   2.611732E+003
   8.650000E+002   2.701853E+003
   8.660000E+002   2.794194E+003
   8.670000E+002   2.888611E+003
   8.680000E+002   2.984958E+003
   8.690000E+002   3.083090E+003
   8.700000E+002   3.182863E+003
   8.710000E+002   3.284131E+003
   8.720000E+002   3.386750E+003
   8.730000E+002   3.490574E+003
   8.740000E+002   3.595460E+003
   8.750000E+002   3.701261E+003
   8.760000E+002   3.807834E+003
   8.770000E+002   3.915032E+003
   8.780000E+002   4.022712E+003
   8.790000E+002   4.130727E+003
   8.800000E+002   4.238935E+003
   8.810000E+002   4.347188E+003
   8.820000E+002   4.455343E+003
   8.830000E+002   4.563255E+003
   8.840000E+002   4.670778E+003
   8.850000E+002   4.777768E+003
   8.860000E+002   4.884080E+003
   8.870000E+002   4.989569E+003
   8.880000E+002   5.094090E+003
   8.890000E+002   5.197498E+003
   8.900000E+002   5.299648E+003
   8.910000E+002   5.400395E+003
   8.920000E+002   5.499595E+003
   8.930000E+002   5.597102E+003
   8.940000E+002   5.692772E+003
   8.950000E+002   5.786460E+003
   8.960000E+002   5.878020E+003
   8.970000E+002   5.967308E+003
   8.980000E+002   6.054178E+003
   8.990000E+002   6.138487E+003
   9.000000E+002   6.220089E+003
   9.010000E+002   6.298875E+003
   9.020000E+002   6.374882E+003
   9.030000E+002   6.448183E+003
   9.040000E+002   6.518851E+003
   9.050000E+002   6.586959E+003
   9.060000E+002   6.652579E+003
   9.070000E+002   6.715785E+003
   9.080000E+002   6.776648E+003
   9.090000E+002   6.835244E+003
   9.100000E+002   6.891643E+003
   9.110000E+002   6.945919E+003
   9.120000E+002   6.998145E+003
   9.130000E+002   7.048394E+003
   9.140000E+002   7.096738E+003
   9.150000E+002   7.143251E+003
   9.160000E+002   7.188005E+003
   9.170000E+002   7.231073E+003
   9.180000E+002   7.272529E+003
   9.190000E+002   7.312445E+003
   9.200000E+002   7.350893E+003
   9.210000E+002   7.387948E+003
   9.220000E+002   7.423681E+003
   9.230000E+002   7.458165E+003
   9.240000E+002   7.491474E+003
   9.250000E+002   7.523681E+003
   9.260000E+002   7.554857E+003
   9.270000E+002   7.585077E+003
   9.280000E+002   7.614413E+003
   9.290000E+002   7.642937E+003
   9.300000E+002   7.670724E+003
   9.310000E+002   7.697845E+003
   9.320000E+002   7.724373E+003
   9.330000E+002   7.750382E+003
   9.340000E+002   7.775944E+003
   9.350000E+002   7.801132E+003
   9.360000E+002   7.826020E+003
   9.370000E+002   7.850679E+003
   9.380000E+002   7.875183E+003
   9.390000E+002   7.899605E+003
   9.400000E+002   7.924017E+003
   9.410000E+002   7.948493E+003
   9.420000E+002   7.973105E+003
   9.430000E+002   7.997927E+003
   9.440000E+002   8.023030E+003
   9.450000E+002   8.048489E+003
   9.460000E+002   8.074375E+003
   9.470000E+002   8.100763E+003
   9.480000E+002   8.127723E+003
   9.490000E+002   8.155331E+003
   9.500000E+002   8.183658E+003
   9.510000E+002   8.212746E+003
   9.520000E+002   8.242512E+003
   9.530000E+002   8.272842E+003
   9.540000E+002   8.303623E+003
   9.550000E+002   8.334740E+003
   9.560000E+002   8.366078E+003
   9.570000E+002   8.397525E+003
   9.580000E+002   8.428966E+003
   9.590000E+002   8.460288E+003
   9.600000E+002   8.491375E+003
   9.610000E+002   8.522114E+003
   9.620000E+002   8.552390E+003
   9.630000E+002   8.582091E+003
   9.640000E+002   8.611102E+003
   9.650000E+002   8.639308E+003
   9.660000E+002   8.666597E+003
   9.670000E+002   8.692853E+003
   9.680000E+002   8.717962E+003
   9.690000E+002   8.741812E+003
   9.700000E+002   8.764287E+003
   9.710000E+002   8.785273E+003
   9.720000E+002   8.804657E+003
   9.730000E+002   8.822325E+003
   9.740000E+002   8.838162E+003
   9.750000E+002   8.852055E+003
   9.760000E+002   8.863889E+003
   9.770000E+002   8.873550E+003
   9.780000E+002   8.880925E+003
   9.790000E+002   8.885899E+003
   9.800000E+002   8.888359E+003
   9.810000E+002   8.888189E+003
   9.820000E+002   8.885277E+003
   9.830000E+002   8.879508E+003
   9.840000E+002   8.870769E+003
   9.850000E+002   8.858944E+003
   9.860000E+002   8.843920E+003
   9.870000E+002   8.825584E+003
   9.880000E+002   8.803820E+003
   9.890000E+002   8.778516E+003
   9.900000E+002   8.749556E+003
   9.910000E+002   8.716828E+003
   9.920000E+002   8.680216E+003
   9.930000E+002   8.639607E+003
   9.940000E+002   8.594887E+003
   9.950000E+002   8.545941E+003
   9.960000E+002   8.492656E+003
   9.970000E+002   8.434918E+003
   9.980000E+002   8.372613E+003
   9.990000E+002   8.305626E+003
   1.000000E+003   8.233844E+003
   1.001000E+003   8.157216E+003
   1.002000E+003   8.075945E+003
   1.003000E+003   7.990298E+003
   1.004000E+003   7.900541E+003
   1.005000E+003   7.806941E+003
   1.006000E+003   7.709764E+003
   1.007000E+003   7.609277E+003
   1.008000E+003   7.505746E+003
   1.009000E+003   7.399439E+003
   1.010000E+003   7.290621E+003
   1.011000E+003   7.179559E+003
   1.012000E+003   7.066520E+003
   1.013000E+003   6.951771E+003
   1.014000E+003   6.835577E+003
   1.015000E+003   6.718205E+003
   1.016000E+003   6.599923E+003
   1.017000E+003   6.480996E+003
   1.018000E+003   6.361691E+003
   1.019000E+003   6.242275E+003
   1.020000E+003   6.123014E+003
   1.021000E+003   6.004175E+003
   1.022000E+003   5.886024E+003
   1.023000E+003   5.768828E+003
   1.024000E+003   5.652854E+003
   1.025000E+003   5.538367E+003
   1.026000E+003   5.425635E+003
   1.027000E+003   5.314925E+003
   1.028000E+003   5.206502E+003
   1.029000E+003   5.100633E+003
   1.030000E+003   4.997585E+003
   1.031000E+003   4.897624E+003
   1.032000E+003   4.801018E+003
   1.033000E+003   4.708031E+003
   1.034000E+003   4.618932E+003
   1.035000E+003   4.533987E+003
   1.036000E+003   4.453462E+003
   1.037000E+003   4.377623E+003
   1.038000E+003   4.306738E+003
   1.039000E+003   4.241072E+003
   1.040000E+003   4.180894E+003
   1.041000E+003   4.126468E+003
   1.042000E+003   4.078061E+003
   1.043000E+003   4.035941E+003
   1.044000E+003   4.000373E+003
   1.045000E+003   3.971625E+003
   1.046000E+003   3.949963E+003
   1.047000E+003   3.935652E+003
   1.048000E+003   3.928961E+003
   1.049000E+003   3.930155E+003
   1.050000E+003   3.939501E+003
   1.051000E+003   3.957178E+003
   1.052000E+003   3.983012E+003
   1.053000E+003   4.016740E+003
   1.054000E+003   4.058102E+003
   1.055000E+003   4.106834E+003
   1.056000E+003   4.162677E+003
   1.057000E+003   4.225366E+003
   1.058000E+003   4.294642E+003
   1.059000E+003   4.370241E+003
   1.060000E+003   4.451903E+003
   1.061000E+003   4.539365E+003
   1.062000E+003   4.632365E+003
   1.063000E+003   4.730642E+003
   1.064000E+003   4.833933E+003
   1.065000E+003   4.941978E+003
   1.066000E+003   5.054513E+003
   1.067000E+003   5.171278E+003
   1.068000E+003   5.292010E+003
   1.069000E+003   5.416447E+003
   1.070000E+003   5.544329E+003
   1.071000E+003   5.675392E+003
   1.072000E+003   5.809375E+003
   1.073000E+003   5.946016E+003
   1.074000E+003   6.085054E+003
   1.075000E+003   6.226227E+003
   1.076000E+003   6.369272E+003
   1.077000E+003   6.513928E+003
   1.078000E+003   6.659933E+003
   1.079000E+003   6.807025E+003
   1.080000E+003   6.954942E+003
   1.081000E+003   7.103423E+003
   1.082000E+003   7.252206E+003
   1.083000E+003   7.401029E+003
   1.084000E+003   7.549629E+003
   1.085000E+003   7.697746E+003
   1.086000E+003   7.845117E+003
   1.087000E+003   7.991481E+003
   1.088000E+003   8.136575E+003
   1.089000E+003   8.280138E+003
   1.090000E+003   8.421908E+003
   1.091000E+003   8.561624E+003
   1.092000E+003   8.699022E+003
   1.093000E+003   8.833843E+003
   1.094000E+003   8.965822E+003
   1.095000E+003   9.094700E+003
   1.096000E+003   9.220214E+003
   1.097000E+003   9.342101E+003
   1.098000E+003   9.460101E+003
   1.099000E+003   9.573952E+003
   1.100000E+003   9.683391E+003
   1.101000E+003   9.788216E+003
   1.102000E+003   9.888462E+003
   1.103000E+003   9.984221E+003
   1.104000E+003   1.007559E+004
   1.105000E+003   1.016265E+004
   1.106000E+003   1.024551E+004
   1.107000E+003   1.032426E+004
   1.108000E+003   1.039899E+004
   1.109000E+003   1.046979E+004
   1.110000E+003   1.053676E+004
   1.111000E+003   1.059999E+004
   1.112000E+003   1.065958E+004
   1.113000E+003   1.071561E+004
   1.114000E+003   1.076819E+004
   1.115000E+003   1.081739E+004
   1.116000E+003   1.086333E+004
   1.117000E+003   1.090609E+004
   1.118000E+003   1.094576E+004
   1.119000E+003   1.098244E+004
   1.120000E+003   1.101623E+004
   1.121000E+003   1.104720E+004
   1.122000E+003   1.107547E+004
   1.123000E+003   1.110112E+004
   1.124000E+003   1.112424E+004
   1.125000E+003   1.114494E+004
   1.126000E+003   1.116329E+004
   1.127000E+003   1.117940E+004
   1.128000E+003   1.119336E+004
   1.129000E+003   1.120526E+004
   1.130000E+003   1.121520E+004
   1.131000E+003   1.122326E+004
   1.132000E+003   1.122955E+004
   1.133000E+003   1.123416E+004
   1.134000E+003   1.123717E+004
   1.135000E+003   1.123869E+004
   1.136000E+003   1.123880E+004
   1.137000E+003   1.123760E+004
   1.138000E+003   1.123519E+004
   1.139000E+003   1.123165E+004
   1.140000E+003   1.122708E+004
   1.141000E+003   1.122158E+004
   1.142000E+003   1.121523E+004
   1.143000E+003   1.120813E+004
   1.144000E+003   1.120038E+004
   1.145000E+003   1.119206E+004
   1.146000E+003   1.118328E+004
   1.147000E+003   1.117411E+004
   1.148000E+003   1.116467E+004
   1.149000E+003   1.115503E+004
   1.150000E+003   1.114530E+004
   1.151000E+003   1.113555E+004
   1.152000E+003   1.112580E+004
   1.153000E+003   1.111605E+004
   1.154000E+003   1.110629E+004
   1.155000E+003   1.109653E+004
   1.156000E+003   1.108677E+004
   1.157000E+003   1.107700E+004
   1.158000E+003   1.106724E+004
   1.159000E+003   1.105747E+004
   1.160000E+003   1.104770E+004
   1.161000E+003   1.103793E+004
   1.162000E+003   1.102815E+004
   1.163000E+003   1.101838E+004
   1.164000E+003   1.100860E+004
   1.165000E+003   1.099882E+004
   1.166000E+003   1.098904E+004
   1.167000E+003   1.097925E+004
   1.168000E+003   1.096947E+004
   1.169000E+003   1.095968E+004
   1.170000E+003   1.094989E+004
   1.171000E+003   1.094010E+004
   1.172000E+003   1.093031E+004
   1.173000E+003   1.092052E+004
   1.174000E+003   1.091072E+004
   1.175000E+003   1.090093E+004
   1.176000E+003   1.089113E+004
   1.177000E+003   1.088133E+004
   1.178000E+003   1.087153E+004
   1.179000E+003   1.086173E+004
   1.180000E+003   1.085193E+004
   1.181000E+003   1.084213E+004
   1.182000E+003   1.083232E+004
   1.183000E+003   1.082252E+004
   1.184000E+003   1.081271E+004
   1.185000E+003   1.080291E+004
   1.186000E+003   1.079310E+004
   1.187000E+003   1.078329E+004
   1.188000E+003   1.077348E+004
   1.189000E+003   1.076367E+004
   1.190000E+003   1.075386E+004
   1.191000E+003   1.074405E+004
   1.192000E+003   1.073424E+004
   1.193000E+003   1.072443E+004
   1.194000E+003   1.071462E+004
   1.195000E+003   1.070481E+004
   1.196000E+003   1.069500E+004
   1.197000E+003   1.068518E+004
   1.198000E+003   1.067537E+004
   1.199000E+003   1.066556E+004
   1.200000E+003   1.065575E+004
