   1.000000E+000   7.311873E-002
   2.000000E+000   7.821674E-002
   3.000000E+000   8.331475E-002
   4.000000E+000   7.322840E-002
   5.000000E+000   6.378851E-002
   6.000000E+000   5.787622E-002
   7.000000E+000   5.329423E-002
   8.000000E+000   4.961479E-002
   9.000000E+000   4.680427E-002
   1.000000E+001   4.463581E-002
   1.100000E+001   4.287207E-002
   1.200000E+001   4.142699E-002
   1.300000E+001   4.025288E-002
   1.400000E+001   3.930418E-002
   1.500000E+001   3.853587E-002
   1.600000E+001   3.790791E-002
   1.700000E+001   3.740030E-002
   1.800000E+001   3.699801E-002
   1.900000E+001   3.668602E-002
   2.000000E+001   3.644933E-002
   2.100000E+001   3.627471E-002
   2.200000E+001   3.615615E-002
   2.300000E+001   3.608945E-002
   2.400000E+001   3.607042E-002
   2.500000E+001   3.609483E-002
   2.600000E+001   3.615849E-002
   2.700000E+001   3.625720E-002
   2.800000E+001   3.638675E-002
   2.900000E+001   3.654294E-002
   3.000000E+001   3.672155E-002
   3.100000E+001   3.691894E-002
   3.200000E+001   3.713364E-002
   3.300000E+001   3.736472E-002
   3.400000E+001   3.761126E-002
   3.500000E+001   3.787233E-002
   3.600000E+001   3.814701E-002
   3.700000E+001   3.843439E-002
   3.800000E+001   3.873353E-002
   3.900000E+001   3.904352E-002
   4.000000E+001   3.936343E-002
   4.100000E+001   3.969243E-002
   4.200000E+001   4.003007E-002
   4.300000E+001   4.037599E-002
   4.400000E+001   4.072982E-002
   4.500000E+001   4.109120E-002
   4.600000E+001   4.145978E-002
   4.700000E+001   4.183520E-002
   4.800000E+001   4.221708E-002
   4.900000E+001   4.260508E-002
   5.000000E+001   4.299883E-002
   5.100000E+001   4.339801E-002
   5.200000E+001   4.380248E-002
   5.300000E+001   4.421213E-002
   5.400000E+001   4.462688E-002
   5.500000E+001   4.504660E-002
   5.600000E+001   4.547121E-002
   5.700000E+001   4.590059E-002
   5.800000E+001   4.633466E-002
   5.900000E+001   4.677330E-002
   6.000000E+001   4.721642E-002
   6.100000E+001   4.766392E-002
   6.200000E+001   4.811576E-002
   6.300000E+001   4.857189E-002
   6.400000E+001   4.903227E-002
   6.500000E+001   4.949686E-002
   6.600000E+001   4.996562E-002
   6.700000E+001   5.043852E-002
   6.800000E+001   5.091550E-002
   6.900000E+001   5.139653E-002
   7.000000E+001   5.188156E-002
   7.100000E+001   5.237057E-002
   7.200000E+001   5.286350E-002
   7.300000E+001   5.336032E-002
   7.400000E+001   5.386099E-002
   7.500000E+001   5.436547E-002
   7.600000E+001   5.487371E-002
   7.700000E+001   5.538569E-002
   7.800000E+001   5.590136E-002
   7.900000E+001   5.642068E-002
   8.000000E+001   5.694362E-002
   8.100000E+001   5.747012E-002
   8.200000E+001   5.800013E-002
   8.300000E+001   5.853357E-002
   8.400000E+001   5.907037E-002
   8.500000E+001   5.961048E-002
   8.600000E+001   6.015381E-002
   8.700000E+001   6.070030E-002
   8.800000E+001   6.124988E-002
   8.900000E+001   6.180248E-002
   9.000000E+001   6.235803E-002
   9.100000E+001   6.291646E-002
   9.200000E+001   6.347767E-002
   9.300000E+001   6.404155E-002
   9.400000E+001   6.460800E-002
   9.500000E+001   6.517692E-002
   9.600000E+001   6.574821E-002
   9.700000E+001   6.632175E-002
   9.800000E+001   6.689745E-002
   9.900000E+001   6.747520E-002
   1.000000E+002   6.805490E-002
   1.010000E+002   6.863644E-002
   1.020000E+002   6.921968E-002
   1.030000E+002   6.980448E-002
   1.040000E+002   7.039069E-002
   1.050000E+002   7.097817E-002
   1.060000E+002   7.156678E-002
   1.070000E+002   7.215637E-002
   1.080000E+002   7.274679E-002
   1.090000E+002   7.333792E-002
   1.100000E+002   7.392959E-002
   1.110000E+002   7.452168E-002
   1.120000E+002   7.511402E-002
   1.130000E+002   7.570649E-002
   1.140000E+002   7.629894E-002
   1.150000E+002   7.689122E-002
   1.160000E+002   7.748318E-002
   1.170000E+002   7.807470E-002
   1.180000E+002   7.866561E-002
   1.190000E+002   7.925579E-002
   1.200000E+002   7.984508E-002
   1.210000E+002   8.043333E-002
   1.220000E+002   8.102035E-002
   1.230000E+002   8.160595E-002
   1.240000E+002   8.218992E-002
   1.250000E+002   8.277206E-002
   1.260000E+002   8.335218E-002
   1.270000E+002   8.393007E-002
   1.280000E+002   8.450554E-002
   1.290000E+002   8.507839E-002
   1.300000E+002   8.564842E-002
   1.310000E+002   8.621542E-002
   1.320000E+002   8.677920E-002
   1.330000E+002   8.733956E-002
   1.340000E+002   8.789630E-002
   1.350000E+002   8.844922E-002
   1.360000E+002   8.899813E-002
   1.370000E+002   8.954281E-002
   1.380000E+002   9.008308E-002
   1.390000E+002   9.061873E-002
   1.400000E+002   9.114957E-002
   1.410000E+002   9.167540E-002
   1.420000E+002   9.219603E-002
   1.430000E+002   9.271129E-002
   1.440000E+002   9.322100E-002
   1.450000E+002   9.372499E-002
   1.460000E+002   9.422306E-002
   1.470000E+002   9.471506E-002
   1.480000E+002   9.520079E-002
   1.490000E+002   9.568008E-002
   1.500000E+002   9.615275E-002
   1.510000E+002   9.661862E-002
   1.520000E+002   9.707752E-002
   1.530000E+002   9.752926E-002
   1.540000E+002   9.797367E-002
   1.550000E+002   9.841058E-002
   1.560000E+002   9.883979E-002
   1.570000E+002   9.926113E-002
   1.580000E+002   9.967444E-002
   1.590000E+002   1.000795E-001
   1.600000E+002   1.004762E-001
   1.610000E+002   1.008643E-001
   1.620000E+002   1.012437E-001
   1.630000E+002   1.016143E-001
   1.640000E+002   1.019759E-001
   1.650000E+002   1.023285E-001
   1.660000E+002   1.026720E-001
   1.670000E+002   1.030061E-001
   1.680000E+002   1.033308E-001
   1.690000E+002   1.036460E-001
   1.700000E+002   1.039515E-001
   1.710000E+002   1.042473E-001
   1.720000E+002   1.045332E-001
   1.730000E+002   1.048090E-001
   1.740000E+002   1.050748E-001
   1.750000E+002   1.053302E-001
   1.760000E+002   1.055754E-001
   1.770000E+002   1.058100E-001
   1.780000E+002   1.060340E-001
   1.790000E+002   1.062474E-001
   1.800000E+002   1.064498E-001
   1.810000E+002   1.066413E-001
   1.820000E+002   1.068218E-001
   1.830000E+002   1.069913E-001
   1.840000E+002   1.071496E-001
   1.850000E+002   1.072967E-001
   1.860000E+002   1.074326E-001
   1.870000E+002   1.075572E-001
   1.880000E+002   1.076705E-001
   1.890000E+002   1.077723E-001
   1.900000E+002   1.078627E-001
   1.910000E+002   1.079416E-001
   1.920000E+002   1.080089E-001
   1.930000E+002   1.080646E-001
   1.940000E+002   1.081086E-001
   1.950000E+002   1.081408E-001
   1.960000E+002   1.081613E-001
   1.970000E+002   1.081700E-001
   1.980000E+002   1.081667E-001
   1.990000E+002   1.081515E-001
   2.000000E+002   1.081243E-001
   2.010000E+002   1.080850E-001
   2.020000E+002   1.080337E-001
   2.030000E+002   1.079705E-001
   2.040000E+002   1.078953E-001
   2.050000E+002   1.078082E-001
   2.060000E+002   1.077094E-001
   2.070000E+002   1.075987E-001
   2.080000E+002   1.074763E-001
   2.090000E+002   1.073422E-001
   2.100000E+002   1.071965E-001
   2.110000E+002   1.070392E-001
   2.120000E+002   1.068703E-001
   2.130000E+002   1.066900E-001
   2.140000E+002   1.064982E-001
   2.150000E+002   1.062950E-001
   2.160000E+002   1.060804E-001
   2.170000E+002   1.058545E-001
   2.180000E+002   1.056174E-001
   2.190000E+002   1.053691E-001
   2.200000E+002   1.051096E-001
   2.210000E+002   1.048389E-001
   2.220000E+002   1.045572E-001
   2.230000E+002   1.042645E-001
   2.240000E+002   1.039608E-001
   2.250000E+002   1.036462E-001
   2.260000E+002   1.033207E-001
   2.270000E+002   1.029845E-001
   2.280000E+002   1.026378E-001
   2.290000E+002   1.022806E-001
   2.300000E+002   1.019133E-001
   2.310000E+002   1.015359E-001
   2.320000E+002   1.011486E-001
   2.330000E+002   1.007515E-001
   2.340000E+002   1.003450E-001
   2.350000E+002   9.992900E-002
   2.360000E+002   9.950381E-002
   2.370000E+002   9.906956E-002
   2.380000E+002   9.862641E-002
   2.390000E+002   9.817454E-002
   2.400000E+002   9.771411E-002
   2.410000E+002   9.724528E-002
   2.420000E+002   9.676822E-002
   2.430000E+002   9.628309E-002
   2.440000E+002   9.579006E-002
   2.450000E+002   9.528931E-002
   2.460000E+002   9.478098E-002
   2.470000E+002   9.426525E-002
   2.480000E+002   9.374229E-002
   2.490000E+002   9.321225E-002
   2.500000E+002   9.267531E-002
   2.510000E+002   9.213164E-002
   2.520000E+002   9.158141E-002
   2.530000E+002   9.102482E-002
   2.540000E+002   9.046205E-002
   2.550000E+002   8.989330E-002
   2.560000E+002   8.931876E-002
   2.570000E+002   8.873860E-002
   2.580000E+002   8.815302E-002
   2.590000E+002   8.756221E-002
   2.600000E+002   8.696635E-002
   2.610000E+002   8.636564E-002
   2.620000E+002   8.576026E-002
   2.630000E+002   8.515040E-002
   2.640000E+002   8.453625E-002
   2.650000E+002   8.391799E-002
   2.660000E+002   8.329583E-002
   2.670000E+002   8.266993E-002
   2.680000E+002   8.204050E-002
   2.690000E+002   8.140771E-002
   2.700000E+002   8.077177E-002
   2.710000E+002   8.013285E-002
   2.720000E+002   7.949115E-002
   2.730000E+002   7.884685E-002
   2.740000E+002   7.820014E-002
   2.750000E+002   7.755121E-002
   2.760000E+002   7.690026E-002
   2.770000E+002   7.624750E-002
   2.780000E+002   7.559316E-002
   2.790000E+002   7.493746E-002
   2.800000E+002   7.428063E-002
   2.810000E+002   7.362289E-002
   2.820000E+002   7.296447E-002
   2.830000E+002   7.230559E-002
   2.840000E+002   7.164647E-002
   2.850000E+002   7.098735E-002
   2.860000E+002   7.032844E-002
   2.870000E+002   6.966997E-002
   2.880000E+002   6.901217E-002
   2.890000E+002   6.835526E-002
   2.900000E+002   6.769946E-002
   2.910000E+002   6.704500E-002
   2.920000E+002   6.639211E-002
   2.930000E+002   6.574100E-002
   2.940000E+002   6.509191E-002
   2.950000E+002   6.444506E-002
   2.960000E+002   6.380067E-002
   2.970000E+002   6.315897E-002
   2.980000E+002   6.252018E-002
   2.990000E+002   6.188453E-002
   3.000000E+002   6.125224E-002
   3.010000E+002   6.062352E-002
   3.020000E+002   5.999850E-002
   3.030000E+002   5.937730E-002
   3.040000E+002   5.876004E-002
   3.050000E+002   5.814682E-002
   3.060000E+002   5.753776E-002
   3.070000E+002   5.693298E-002
   3.080000E+002   5.633259E-002
   3.090000E+002   5.573671E-002
   3.100000E+002   5.514546E-002
   3.110000E+002   5.455894E-002
   3.120000E+002   5.397728E-002
   3.130000E+002   5.340058E-002
   3.140000E+002   5.282897E-002
   3.150000E+002   5.226256E-002
   3.160000E+002   5.170147E-002
   3.170000E+002   5.114580E-002
   3.180000E+002   5.059568E-002
   3.190000E+002   5.005122E-002
   3.200000E+002   4.951253E-002
   3.210000E+002   4.897973E-002
   3.220000E+002   4.845294E-002
   3.230000E+002   4.793227E-002
   3.240000E+002   4.741784E-002
   3.250000E+002   4.690975E-002
   3.260000E+002   4.640814E-002
   3.270000E+002   4.591310E-002
   3.280000E+002   4.542476E-002
   3.290000E+002   4.494323E-002
   3.300000E+002   4.446863E-002
   3.310000E+002   4.400107E-002
   3.320000E+002   4.354066E-002
   3.330000E+002   4.308753E-002
   3.340000E+002   4.264179E-002
   3.350000E+002   4.220355E-002
   3.360000E+002   4.177292E-002
   3.370000E+002   4.135003E-002
   3.380000E+002   4.093499E-002
   3.390000E+002   4.052791E-002
   3.400000E+002   4.012891E-002
   3.410000E+002   3.973810E-002
   3.420000E+002   3.935560E-002
   3.430000E+002   3.898153E-002
   3.440000E+002   3.861599E-002
   3.450000E+002   3.825911E-002
   3.460000E+002   3.791100E-002
   3.470000E+002   3.757177E-002
   3.480000E+002   3.724154E-002
   3.490000E+002   3.692043E-002
   3.500000E+002   3.660854E-002
   3.510000E+002   3.630597E-002
   3.520000E+002   3.601268E-002
   3.530000E+002   3.572860E-002
   3.540000E+002   3.545366E-002
   3.550000E+002   3.518779E-002
   3.560000E+002   3.493093E-002
   3.570000E+002   3.468301E-002
   3.580000E+002   3.444396E-002
   3.590000E+002   3.421371E-002
   3.600000E+002   3.399219E-002
   3.610000E+002   3.377935E-002
   3.620000E+002   3.357510E-002
   3.630000E+002   3.337938E-002
   3.640000E+002   3.319213E-002
   3.650000E+002   3.301327E-002
   3.660000E+002   3.284274E-002
   3.670000E+002   3.268047E-002
   3.680000E+002   3.252639E-002
   3.690000E+002   3.238044E-002
   3.700000E+002   3.224254E-002
   3.710000E+002   3.211263E-002
   3.720000E+002   3.199065E-002
   3.730000E+002   3.187651E-002
   3.740000E+002   3.177016E-002
   3.750000E+002   3.167153E-002
   3.760000E+002   3.158055E-002
   3.770000E+002   3.149715E-002
   3.780000E+002   3.142127E-002
   3.790000E+002   3.135283E-002
   3.800000E+002   3.129177E-002
   3.810000E+002   3.123802E-002
   3.820000E+002   3.119151E-002
   3.830000E+002   3.115218E-002
   3.840000E+002   3.111995E-002
   3.850000E+002   3.109477E-002
   3.860000E+002   3.107655E-002
   3.870000E+002   3.106524E-002
   3.880000E+002   3.106077E-002
   3.890000E+002   3.106306E-002
   3.900000E+002   3.107206E-002
   3.910000E+002   3.108768E-002
   3.920000E+002   3.110987E-002
   3.930000E+002   3.113856E-002
   3.940000E+002   3.117368E-002
   3.950000E+002   3.121516E-002
   3.960000E+002   3.126293E-002
   3.970000E+002   3.131693E-002
   3.980000E+002   3.137708E-002
   3.990000E+002   3.144333E-002
   4.000000E+002   3.151559E-002
   4.010000E+002   3.159380E-002
   4.020000E+002   3.167781E-002
   4.030000E+002   3.176749E-002
   4.040000E+002   3.186267E-002
   4.050000E+002   3.196322E-002
   4.060000E+002   3.206898E-002
   4.070000E+002   3.217981E-002
   4.080000E+002   3.229556E-002
   4.090000E+002   3.241608E-002
   4.100000E+002   3.254122E-002
   4.110000E+002   3.267084E-002
   4.120000E+002   3.280479E-002
   4.130000E+002   3.294292E-002
   4.140000E+002   3.308509E-002
   4.150000E+002   3.323113E-002
   4.160000E+002   3.338092E-002
   4.170000E+002   3.353429E-002
   4.180000E+002   3.369110E-002
   4.190000E+002   3.385121E-002
   4.200000E+002   3.401447E-002
   4.210000E+002   3.418072E-002
   4.220000E+002   3.434982E-002
   4.230000E+002   3.452163E-002
   4.240000E+002   3.469598E-002
   4.250000E+002   3.487275E-002
   4.260000E+002   3.505178E-002
   4.270000E+002   3.523291E-002
   4.280000E+002   3.541601E-002
   4.290000E+002   3.560092E-002
   4.300000E+002   3.578751E-002
   4.310000E+002   3.597561E-002
   4.320000E+002   3.616508E-002
   4.330000E+002   3.635578E-002
   4.340000E+002   3.654755E-002
   4.350000E+002   3.674026E-002
   4.360000E+002   3.693374E-002
   4.370000E+002   3.712786E-002
   4.380000E+002   3.732246E-002
   4.390000E+002   3.751740E-002
   4.400000E+002   3.771253E-002
   4.410000E+002   3.790770E-002
   4.420000E+002   3.810276E-002
   4.430000E+002   3.829757E-002
   4.440000E+002   3.849198E-002
   4.450000E+002   3.868584E-002
   4.460000E+002   3.887900E-002
   4.470000E+002   3.907131E-002
   4.480000E+002   3.926264E-002
   4.490000E+002   3.945282E-002
   4.500000E+002   3.964171E-002
   4.510000E+002   3.982918E-002
   4.520000E+002   4.001514E-002
   4.530000E+002   4.019951E-002
   4.540000E+002   4.038222E-002
   4.550000E+002   4.056320E-002
   4.560000E+002   4.074238E-002
   4.570000E+002   4.091967E-002
   4.580000E+002   4.109500E-002
   4.590000E+002   4.126831E-002
   4.600000E+002   4.143951E-002
   4.610000E+002   4.160853E-002
   4.620000E+002   4.177530E-002
   4.630000E+002   4.193974E-002
   4.640000E+002   4.210178E-002
   4.650000E+002   4.226134E-002
   4.660000E+002   4.241835E-002
   4.670000E+002   4.257274E-002
   4.680000E+002   4.272443E-002
   4.690000E+002   4.287335E-002
   4.700000E+002   4.301942E-002
   4.710000E+002   4.316258E-002
   4.720000E+002   4.330273E-002
   4.730000E+002   4.343982E-002
   4.740000E+002   4.357376E-002
   4.750000E+002   4.370448E-002
   4.760000E+002   4.383191E-002
   4.770000E+002   4.395598E-002
   4.780000E+002   4.407660E-002
   4.790000E+002   4.419371E-002
   4.800000E+002   4.430724E-002
   4.810000E+002   4.441709E-002
   4.820000E+002   4.452321E-002
   4.830000E+002   4.462552E-002
   4.840000E+002   4.472394E-002
   4.850000E+002   4.481840E-002
   4.860000E+002   4.490883E-002
   4.870000E+002   4.499515E-002
   4.880000E+002   4.507729E-002
   4.890000E+002   4.515516E-002
   4.900000E+002   4.522871E-002
   4.910000E+002   4.529785E-002
   4.920000E+002   4.536252E-002
   4.930000E+002   4.542262E-002
   4.940000E+002   4.547810E-002
   4.950000E+002   4.552888E-002
   4.960000E+002   4.557488E-002
   4.970000E+002   4.561603E-002
   4.980000E+002   4.565225E-002
   4.990000E+002   4.568348E-002
   5.000000E+002   4.570963E-002
   5.010000E+002   4.573065E-002
   5.020000E+002   4.574658E-002
   5.030000E+002   4.575746E-002
   5.040000E+002   4.576335E-002
   5.050000E+002   4.576429E-002
   5.060000E+002   4.576034E-002
   5.070000E+002   4.575155E-002
   5.080000E+002   4.573798E-002
   5.090000E+002   4.571966E-002
   5.100000E+002   4.569666E-002
   5.110000E+002   4.566902E-002
   5.120000E+002   4.563679E-002
   5.130000E+002   4.560003E-002
   5.140000E+002   4.555879E-002
   5.150000E+002   4.551312E-002
   5.160000E+002   4.546307E-002
   5.170000E+002   4.540869E-002
   5.180000E+002   4.535003E-002
   5.190000E+002   4.528714E-002
   5.200000E+002   4.522008E-002
   5.210000E+002   4.514890E-002
   5.220000E+002   4.507364E-002
   5.230000E+002   4.499436E-002
   5.240000E+002   4.491111E-002
   5.250000E+002   4.482394E-002
   5.260000E+002   4.473290E-002
   5.270000E+002   4.463805E-002
   5.280000E+002   4.453943E-002
   5.290000E+002   4.443709E-002
   5.300000E+002   4.433109E-002
   5.310000E+002   4.422148E-002
   5.320000E+002   4.410831E-002
   5.330000E+002   4.399163E-002
   5.340000E+002   4.387149E-002
   5.350000E+002   4.374794E-002
   5.360000E+002   4.362104E-002
   5.370000E+002   4.349083E-002
   5.380000E+002   4.335736E-002
   5.390000E+002   4.322070E-002
   5.400000E+002   4.308088E-002
   5.410000E+002   4.293796E-002
   5.420000E+002   4.279199E-002
   5.430000E+002   4.264303E-002
   5.440000E+002   4.249112E-002
   5.450000E+002   4.233631E-002
   5.460000E+002   4.217865E-002
   5.470000E+002   4.201821E-002
   5.480000E+002   4.185502E-002
   5.490000E+002   4.168914E-002
   5.500000E+002   4.152062E-002
   5.510000E+002   4.134952E-002
   5.520000E+002   4.117593E-002
   5.530000E+002   4.099994E-002
   5.540000E+002   4.082166E-002
   5.550000E+002   4.064116E-002
   5.560000E+002   4.045856E-002
   5.570000E+002   4.027395E-002
   5.580000E+002   4.008742E-002
   5.590000E+002   3.989908E-002
   5.600000E+002   3.970901E-002
   5.610000E+002   3.951731E-002
   5.620000E+002   3.932408E-002
   5.630000E+002   3.912942E-002
   5.640000E+002   3.893342E-002
   5.650000E+002   3.873617E-002
   5.660000E+002   3.853778E-002
   5.670000E+002   3.833834E-002
   5.680000E+002   3.813795E-002
   5.690000E+002   3.793669E-002
   5.700000E+002   3.773468E-002
   5.710000E+002   3.753200E-002
   5.720000E+002   3.732875E-002
   5.730000E+002   3.712502E-002
   5.740000E+002   3.692092E-002
   5.750000E+002   3.671654E-002
   5.760000E+002   3.651197E-002
   5.770000E+002   3.630732E-002
   5.780000E+002   3.610267E-002
   5.790000E+002   3.589812E-002
   5.800000E+002   3.569378E-002
   5.810000E+002   3.548973E-002
   5.820000E+002   3.528607E-002
   5.830000E+002   3.508290E-002
   5.840000E+002   3.488031E-002
   5.850000E+002   3.467841E-002
   5.860000E+002   3.447728E-002
   5.870000E+002   3.427702E-002
   5.880000E+002   3.407773E-002
   5.890000E+002   3.387951E-002
   5.900000E+002   3.368245E-002
   5.910000E+002   3.348664E-002
   5.920000E+002   3.329219E-002
   5.930000E+002   3.309919E-002
   5.940000E+002   3.290773E-002
   5.950000E+002   3.271791E-002
   5.960000E+002   3.252984E-002
   5.970000E+002   3.234359E-002
   5.980000E+002   3.215928E-002
   5.990000E+002   3.197699E-002
   6.000000E+002   3.179682E-002
   6.010000E+002   3.161887E-002
   6.020000E+002   3.144317E-002
   6.030000E+002   3.126976E-002
   6.040000E+002   3.109867E-002
   6.050000E+002   3.092995E-002
   6.060000E+002   3.076364E-002
   6.070000E+002   3.059976E-002
   6.080000E+002   3.043835E-002
   6.090000E+002   3.027945E-002
   6.100000E+002   3.012310E-002
   6.110000E+002   2.996933E-002
   6.120000E+002   2.981818E-002
   6.130000E+002   2.966968E-002
   6.140000E+002   2.952388E-002
   6.150000E+002   2.938081E-002
   6.160000E+002   2.924050E-002
   6.170000E+002   2.910299E-002
   6.180000E+002   2.896832E-002
   6.190000E+002   2.883652E-002
   6.200000E+002   2.870763E-002
   6.210000E+002   2.858169E-002
   6.220000E+002   2.845873E-002
   6.230000E+002   2.833880E-002
   6.240000E+002   2.822192E-002
   6.250000E+002   2.810813E-002
   6.260000E+002   2.799747E-002
   6.270000E+002   2.788997E-002
   6.280000E+002   2.778568E-002
   6.290000E+002   2.768462E-002
   6.300000E+002   2.758684E-002
   6.310000E+002   2.749237E-002
   6.320000E+002   2.740125E-002
   6.330000E+002   2.731351E-002
   6.340000E+002   2.722919E-002
   6.350000E+002   2.714832E-002
   6.360000E+002   2.707095E-002
   6.370000E+002   2.699711E-002
   6.380000E+002   2.692684E-002
   6.390000E+002   2.686016E-002
   6.400000E+002   2.679713E-002
   6.410000E+002   2.673777E-002
   6.420000E+002   2.668212E-002
   6.430000E+002   2.663022E-002
   6.440000E+002   2.658210E-002
   6.450000E+002   2.653781E-002
   6.460000E+002   2.649737E-002
   6.470000E+002   2.646082E-002
   6.480000E+002   2.642821E-002
   6.490000E+002   2.639956E-002
   6.500000E+002   2.637491E-002
   6.510000E+002   2.635429E-002
   6.520000E+002   2.633765E-002
   6.530000E+002   2.632495E-002
   6.540000E+002   2.631613E-002
   6.550000E+002   2.631113E-002
   6.560000E+002   2.630991E-002
   6.570000E+002   2.631241E-002
   6.580000E+002   2.631857E-002
   6.590000E+002   2.632835E-002
   6.600000E+002   2.634169E-002
   6.610000E+002   2.635855E-002
   6.620000E+002   2.637885E-002
   6.630000E+002   2.640256E-002
   6.640000E+002   2.642962E-002
   6.650000E+002   2.645997E-002
   6.660000E+002   2.649357E-002
   6.670000E+002   2.653036E-002
   6.680000E+002   2.657029E-002
   6.690000E+002   2.661330E-002
   6.700000E+002   2.665934E-002
   6.710000E+002   2.670836E-002
   6.720000E+002   2.676030E-002
   6.730000E+002   2.681512E-002
   6.740000E+002   2.687275E-002
   6.750000E+002   2.693316E-002
   6.760000E+002   2.699627E-002
   6.770000E+002   2.706204E-002
   6.780000E+002   2.713043E-002
   6.790000E+002   2.720136E-002
   6.800000E+002   2.727480E-002
   6.810000E+002   2.735068E-002
   6.820000E+002   2.742896E-002
   6.830000E+002   2.750958E-002
   6.840000E+002   2.759249E-002
   6.850000E+002   2.767763E-002
   6.860000E+002   2.776496E-002
   6.870000E+002   2.785442E-002
   6.880000E+002   2.794595E-002
   6.890000E+002   2.803950E-002
   6.900000E+002   2.813503E-002
   6.910000E+002   2.823247E-002
   6.920000E+002   2.833178E-002
   6.930000E+002   2.843290E-002
   6.940000E+002   2.853578E-002
   6.950000E+002   2.864036E-002
   6.960000E+002   2.874659E-002
   6.970000E+002   2.885443E-002
   6.980000E+002   2.896381E-002
   6.990000E+002   2.907468E-002
   7.000000E+002   2.918699E-002
   7.010000E+002   2.930069E-002
   7.020000E+002   2.941570E-002
   7.030000E+002   2.953195E-002
   7.040000E+002   2.964936E-002
   7.050000E+002   2.976787E-002
   7.060000E+002   2.988739E-002
   7.070000E+002   3.000786E-002
   7.080000E+002   3.012921E-002
   7.090000E+002   3.025135E-002
   7.100000E+002   3.037421E-002
   7.110000E+002   3.049773E-002
   7.120000E+002   3.062183E-002
   7.130000E+002   3.074642E-002
   7.140000E+002   3.087145E-002
   7.150000E+002   3.099684E-002
   7.160000E+002   3.112251E-002
   7.170000E+002   3.124838E-002
   7.180000E+002   3.137440E-002
   7.190000E+002   3.150047E-002
   7.200000E+002   3.162654E-002
   7.210000E+002   3.175252E-002
   7.220000E+002   3.187834E-002
   7.230000E+002   3.200393E-002
   7.240000E+002   3.212921E-002
   7.250000E+002   3.225411E-002
   7.260000E+002   3.237857E-002
   7.270000E+002   3.250249E-002
   7.280000E+002   3.262582E-002
   7.290000E+002   3.274847E-002
   7.300000E+002   3.287037E-002
   7.310000E+002   3.299146E-002
   7.320000E+002   3.311165E-002
   7.330000E+002   3.323087E-002
   7.340000E+002   3.334905E-002
   7.350000E+002   3.346611E-002
   7.360000E+002   3.358199E-002
   7.370000E+002   3.369660E-002
   7.380000E+002   3.380988E-002
   7.390000E+002   3.392175E-002
   7.400000E+002   3.403214E-002
   7.410000E+002   3.414097E-002
   7.420000E+002   3.424817E-002
   7.430000E+002   3.435366E-002
   7.440000E+002   3.445738E-002
   7.450000E+002   3.455925E-002
   7.460000E+002   3.465919E-002
   7.470000E+002   3.475713E-002
   7.480000E+002   3.485301E-002
   7.490000E+002   3.494674E-002
   7.500000E+002   3.503824E-002
   7.510000E+002   3.512747E-002
   7.520000E+002   3.521438E-002
   7.530000E+002   3.529894E-002
   7.540000E+002   3.538114E-002
   7.550000E+002   3.546095E-002
   7.560000E+002   3.553835E-002
   7.570000E+002   3.561330E-002
   7.580000E+002   3.568579E-002
   7.590000E+002   3.575579E-002
   7.600000E+002   3.582328E-002
   7.610000E+002   3.588823E-002
   7.620000E+002   3.595061E-002
   7.630000E+002   3.601041E-002
   7.640000E+002   3.606760E-002
   7.650000E+002   3.612215E-002
   7.660000E+002   3.617404E-002
   7.670000E+002   3.622324E-002
   7.680000E+002   3.626973E-002
   7.690000E+002   3.631349E-002
   7.700000E+002   3.635449E-002
   7.710000E+002   3.639270E-002
   7.720000E+002   3.642811E-002
   7.730000E+002   3.646068E-002
   7.740000E+002   3.649040E-002
   7.750000E+002   3.651723E-002
   7.760000E+002   3.654116E-002
   7.770000E+002   3.656215E-002
   7.780000E+002   3.658019E-002
   7.790000E+002   3.659525E-002
   7.800000E+002   3.660730E-002
   7.810000E+002   3.661632E-002
   7.820000E+002   3.662229E-002
   7.830000E+002   3.662518E-002
   7.840000E+002   3.662497E-002
   7.850000E+002   3.662163E-002
   7.860000E+002   3.661513E-002
   7.870000E+002   3.660546E-002
   7.880000E+002   3.659259E-002
   7.890000E+002   3.657649E-002
   7.900000E+002   3.655714E-002
   7.910000E+002   3.653451E-002
   7.920000E+002   3.650858E-002
   7.930000E+002   3.647933E-002
   7.940000E+002   3.644673E-002
   7.950000E+002   3.641076E-002
   7.960000E+002   3.637138E-002
   7.970000E+002   3.632859E-002
   7.980000E+002   3.628234E-002
   7.990000E+002   3.623263E-002
   8.000000E+002   3.617941E-002
   8.010000E+002   3.612269E-002
   8.020000E+002   3.606249E-002
   8.030000E+002   3.599887E-002
   8.040000E+002   3.593186E-002
   8.050000E+002   3.586152E-002
   8.060000E+002   3.578789E-002
   8.070000E+002   3.571102E-002
   8.080000E+002   3.563095E-002
   8.090000E+002   3.554773E-002
   8.100000E+002   3.546141E-002
   8.110000E+002   3.537204E-002
   8.120000E+002   3.527966E-002
   8.130000E+002   3.518431E-002
   8.140000E+002   3.508605E-002
   8.150000E+002   3.498492E-002
   8.160000E+002   3.488096E-002
   8.170000E+002   3.477423E-002
   8.180000E+002   3.466477E-002
   8.190000E+002   3.455263E-002
   8.200000E+002   3.443785E-002
   8.210000E+002   3.432048E-002
   8.220000E+002   3.420057E-002
   8.230000E+002   3.407816E-002
   8.240000E+002   3.395330E-002
   8.250000E+002   3.382604E-002
   8.260000E+002   3.369642E-002
   8.270000E+002   3.356449E-002
   8.280000E+002   3.343029E-002
   8.290000E+002   3.329388E-002
   8.300000E+002   3.315530E-002
   8.310000E+002   3.301459E-002
   8.320000E+002   3.287181E-002
   8.330000E+002   3.272699E-002
   8.340000E+002   3.258019E-002
   8.350000E+002   3.243146E-002
   8.360000E+002   3.228083E-002
   8.370000E+002   3.212835E-002
   8.380000E+002   3.197408E-002
   8.390000E+002   3.181806E-002
   8.400000E+002   3.166033E-002
   8.410000E+002   3.150094E-002
   8.420000E+002   3.133994E-002
   8.430000E+002   3.117738E-002
   8.440000E+002   3.101330E-002
   8.450000E+002   3.084774E-002
   8.460000E+002   3.068076E-002
   8.470000E+002   3.051240E-002
   8.480000E+002   3.034271E-002
   8.490000E+002   3.017173E-002
   8.500000E+002   2.999952E-002
   8.510000E+002   2.982611E-002
   8.520000E+002   2.965157E-002
   8.530000E+002   2.947595E-002
   8.540000E+002   2.929931E-002
   8.550000E+002   2.912171E-002
   8.560000E+002   2.894322E-002
   8.570000E+002   2.876387E-002
   8.580000E+002   2.858375E-002
   8.590000E+002   2.840289E-002
   8.600000E+002   2.822137E-002
   8.610000E+002   2.803924E-002
   8.620000E+002   2.785655E-002
   8.630000E+002   2.767337E-002
   8.640000E+002   2.748976E-002
   8.650000E+002   2.730576E-002
   8.660000E+002   2.712145E-002
   8.670000E+002   2.693688E-002
   8.680000E+002   2.675210E-002
   8.690000E+002   2.656718E-002
   8.700000E+002   2.638217E-002
   8.710000E+002   2.619713E-002
   8.720000E+002   2.601213E-002
   8.730000E+002   2.582721E-002
   8.740000E+002   2.564243E-002
   8.750000E+002   2.545787E-002
   8.760000E+002   2.527356E-002
   8.770000E+002   2.508957E-002
   8.780000E+002   2.490597E-002
   8.790000E+002   2.472280E-002
   8.800000E+002   2.454013E-002
   8.810000E+002   2.435801E-002
   8.820000E+002   2.417650E-002
   8.830000E+002   2.399566E-002
   8.840000E+002   2.381555E-002
   8.850000E+002   2.363623E-002
   8.860000E+002   2.345776E-002
   8.870000E+002   2.328018E-002
   8.880000E+002   2.310357E-002
   8.890000E+002   2.292797E-002
   8.900000E+002   2.275346E-002
   8.910000E+002   2.258008E-002
   8.920000E+002   2.240789E-002
   8.930000E+002   2.223696E-002
   8.940000E+002   2.206734E-002
   8.950000E+002   2.189908E-002
   8.960000E+002   2.173225E-002
   8.970000E+002   2.156691E-002
   8.980000E+002   2.140311E-002
   8.990000E+002   2.124091E-002
   9.000000E+002   2.108038E-002
   9.010000E+002   2.092155E-002
   9.020000E+002   2.076446E-002
   9.030000E+002   2.060912E-002
   9.040000E+002   2.045556E-002
   9.050000E+002   2.030378E-002
   9.060000E+002   2.015381E-002
   9.070000E+002   2.000567E-002
   9.080000E+002   1.985937E-002
   9.090000E+002   1.971493E-002
   9.100000E+002   1.957237E-002
   9.110000E+002   1.943170E-002
   9.120000E+002   1.929295E-002
   9.130000E+002   1.915613E-002
   9.140000E+002   1.902126E-002
   9.150000E+002   1.888836E-002
   9.160000E+002   1.875744E-002
   9.170000E+002   1.862852E-002
   9.180000E+002   1.850163E-002
   9.190000E+002   1.837678E-002
   9.200000E+002   1.825398E-002
   9.210000E+002   1.813325E-002
   9.220000E+002   1.801462E-002
   9.230000E+002   1.789810E-002
   9.240000E+002   1.778370E-002
   9.250000E+002   1.767146E-002
   9.260000E+002   1.756137E-002
   9.270000E+002   1.745347E-002
   9.280000E+002   1.734776E-002
   9.290000E+002   1.724427E-002
   9.300000E+002   1.714302E-002
   9.310000E+002   1.704402E-002
   9.320000E+002   1.694729E-002
   9.330000E+002   1.685285E-002
   9.340000E+002   1.676071E-002
   9.350000E+002   1.667090E-002
   9.360000E+002   1.658343E-002
   9.370000E+002   1.649831E-002
   9.380000E+002   1.641558E-002
   9.390000E+002   1.633524E-002
   9.400000E+002   1.625731E-002
   9.410000E+002   1.618182E-002
   9.420000E+002   1.610877E-002
   9.430000E+002   1.603819E-002
   9.440000E+002   1.597009E-002
   9.450000E+002   1.590450E-002
   9.460000E+002   1.584142E-002
   9.470000E+002   1.578088E-002
   9.480000E+002   1.572290E-002
   9.490000E+002   1.566749E-002
   9.500000E+002   1.561467E-002
   9.510000E+002   1.556446E-002
   9.520000E+002   1.551682E-002
   9.530000E+002   1.547172E-002
   9.540000E+002   1.542914E-002
   9.550000E+002   1.538905E-002
   9.560000E+002   1.535141E-002
   9.570000E+002   1.531619E-002
   9.580000E+002   1.528336E-002
   9.590000E+002   1.525290E-002
   9.600000E+002   1.522476E-002
   9.610000E+002   1.519891E-002
   9.620000E+002   1.517534E-002
   9.630000E+002   1.515400E-002
   9.640000E+002   1.513486E-002
   9.650000E+002   1.511790E-002
   9.660000E+002   1.510308E-002
   9.670000E+002   1.509037E-002
   9.680000E+002   1.507974E-002
   9.690000E+002   1.507115E-002
   9.700000E+002   1.506459E-002
   9.710000E+002   1.506001E-002
   9.720000E+002   1.505738E-002
   9.730000E+002   1.505668E-002
   9.740000E+002   1.505788E-002
   9.750000E+002   1.506093E-002
   9.760000E+002   1.506582E-002
   9.770000E+002   1.507250E-002
   9.780000E+002   1.508095E-002
   9.790000E+002   1.509114E-002
   9.800000E+002   1.510304E-002
   9.810000E+002   1.511661E-002
   9.820000E+002   1.513182E-002
   9.830000E+002   1.514865E-002
   9.840000E+002   1.516706E-002
   9.850000E+002   1.518702E-002
   9.860000E+002   1.520849E-002
   9.870000E+002   1.523146E-002
   9.880000E+002   1.525588E-002
   9.890000E+002   1.528173E-002
   9.900000E+002   1.530897E-002
   9.910000E+002   1.533758E-002
   9.920000E+002   1.536752E-002
   9.930000E+002   1.539876E-002
   9.940000E+002   1.543127E-002
   9.950000E+002   1.546502E-002
   9.960000E+002   1.549998E-002
   9.970000E+002   1.553611E-002
   9.980000E+002   1.557339E-002
   9.990000E+002   1.561179E-002
   1.000000E+003   1.565126E-002
   1.001000E+003   1.569179E-002
   1.002000E+003   1.573333E-002
   1.003000E+003   1.577584E-002
   1.004000E+003   1.581928E-002
   1.005000E+003   1.586360E-002
   1.006000E+003   1.590876E-002
   1.007000E+003   1.595473E-002
   1.008000E+003   1.600146E-002
   1.009000E+003   1.604892E-002
   1.010000E+003   1.609704E-002
   1.011000E+003   1.614581E-002
   1.012000E+003   1.619517E-002
   1.013000E+003   1.624509E-002
   1.014000E+003   1.629552E-002
   1.015000E+003   1.634641E-002
   1.016000E+003   1.639774E-002
   1.017000E+003   1.644946E-002
   1.018000E+003   1.650152E-002
   1.019000E+003   1.655388E-002
   1.020000E+003   1.660651E-002
   1.021000E+003   1.665936E-002
   1.022000E+003   1.671240E-002
   1.023000E+003   1.676556E-002
   1.024000E+003   1.681883E-002
   1.025000E+003   1.687215E-002
   1.026000E+003   1.692549E-002
   1.027000E+003   1.697879E-002
   1.028000E+003   1.703203E-002
   1.029000E+003   1.708516E-002
   1.030000E+003   1.713814E-002
   1.031000E+003   1.719092E-002
   1.032000E+003   1.724346E-002
   1.033000E+003   1.729573E-002
   1.034000E+003   1.734768E-002
   1.035000E+003   1.739928E-002
   1.036000E+003   1.745046E-002
   1.037000E+003   1.750121E-002
   1.038000E+003   1.755147E-002
   1.039000E+003   1.760121E-002
   1.040000E+003   1.765038E-002
   1.041000E+003   1.769894E-002
   1.042000E+003   1.774684E-002
   1.043000E+003   1.779406E-002
   1.044000E+003   1.784054E-002
   1.045000E+003   1.788625E-002
   1.046000E+003   1.793114E-002
   1.047000E+003   1.797517E-002
   1.048000E+003   1.801830E-002
   1.049000E+003   1.806049E-002
   1.050000E+003   1.810170E-002
   1.051000E+003   1.814189E-002
   1.052000E+003   1.818104E-002
   1.053000E+003   1.821914E-002
   1.054000E+003   1.825618E-002
   1.055000E+003   1.829214E-002
   1.056000E+003   1.832701E-002
   1.057000E+003   1.836079E-002
   1.058000E+003   1.839345E-002
   1.059000E+003   1.842498E-002
   1.060000E+003   1.845538E-002
   1.061000E+003   1.848462E-002
   1.062000E+003   1.851270E-002
   1.063000E+003   1.853961E-002
   1.064000E+003   1.856532E-002
   1.065000E+003   1.858983E-002
   1.066000E+003   1.861313E-002
   1.067000E+003   1.863520E-002
   1.068000E+003   1.865603E-002
   1.069000E+003   1.867560E-002
   1.070000E+003   1.869391E-002
   1.071000E+003   1.871095E-002
   1.072000E+003   1.872669E-002
   1.073000E+003   1.874113E-002
   1.074000E+003   1.875425E-002
   1.075000E+003   1.876604E-002
   1.076000E+003   1.877649E-002
   1.077000E+003   1.878558E-002
   1.078000E+003   1.879331E-002
   1.079000E+003   1.879966E-002
   1.080000E+003   1.880462E-002
   1.081000E+003   1.880817E-002
   1.082000E+003   1.881030E-002
   1.083000E+003   1.881100E-002
   1.084000E+003   1.881026E-002
   1.085000E+003   1.880806E-002
   1.086000E+003   1.880440E-002
   1.087000E+003   1.879925E-002
   1.088000E+003   1.879261E-002
   1.089000E+003   1.878446E-002
   1.090000E+003   1.877480E-002
   1.091000E+003   1.876360E-002
   1.092000E+003   1.875085E-002
   1.093000E+003   1.873655E-002
   1.094000E+003   1.872068E-002
   1.095000E+003   1.870322E-002
   1.096000E+003   1.868417E-002
   1.097000E+003   1.866351E-002
   1.098000E+003   1.864123E-002
   1.099000E+003   1.861732E-002
   1.100000E+003   1.859176E-002
   1.101000E+003   1.856455E-002
   1.102000E+003   1.853570E-002
   1.103000E+003   1.850526E-002
   1.104000E+003   1.847324E-002
   1.105000E+003   1.843968E-002
   1.106000E+003   1.840460E-002
   1.107000E+003   1.836803E-002
   1.108000E+003   1.833001E-002
   1.109000E+003   1.829055E-002
   1.110000E+003   1.824969E-002
   1.111000E+003   1.820746E-002
   1.112000E+003   1.816388E-002
   1.113000E+003   1.811899E-002
   1.114000E+003   1.807281E-002
   1.115000E+003   1.802537E-002
   1.116000E+003   1.797670E-002
   1.117000E+003   1.792683E-002
   1.118000E+003   1.787578E-002
   1.119000E+003   1.782359E-002
   1.120000E+003   1.777028E-002
   1.121000E+003   1.771588E-002
   1.122000E+003   1.766043E-002
   1.123000E+003   1.760394E-002
   1.124000E+003   1.754646E-002
   1.125000E+003   1.748799E-002
   1.126000E+003   1.742859E-002
   1.127000E+003   1.736826E-002
   1.128000E+003   1.730705E-002
   1.129000E+003   1.724498E-002
   1.130000E+003   1.718208E-002
   1.131000E+003   1.711838E-002
   1.132000E+003   1.705390E-002
   1.133000E+003   1.698868E-002
   1.134000E+003   1.692274E-002
   1.135000E+003   1.685611E-002
   1.136000E+003   1.678883E-002
   1.137000E+003   1.672091E-002
   1.138000E+003   1.665239E-002
   1.139000E+003   1.658330E-002
   1.140000E+003   1.651366E-002
   1.141000E+003   1.644350E-002
   1.142000E+003   1.637286E-002
   1.143000E+003   1.630176E-002
   1.144000E+003   1.623022E-002
   1.145000E+003   1.615828E-002
   1.146000E+003   1.608597E-002
   1.147000E+003   1.601332E-002
   1.148000E+003   1.594035E-002
   1.149000E+003   1.586709E-002
   1.150000E+003   1.579357E-002
   1.151000E+003   1.571981E-002
   1.152000E+003   1.564583E-002
   1.153000E+003   1.557162E-002
   1.154000E+003   1.549720E-002
   1.155000E+003   1.542257E-002
   1.156000E+003   1.534773E-002
   1.157000E+003   1.527268E-002
   1.158000E+003   1.519744E-002
   1.159000E+003   1.512200E-002
   1.160000E+003   1.504638E-002
   1.161000E+003   1.497056E-002
   1.162000E+003   1.489457E-002
   1.163000E+003   1.481840E-002
   1.164000E+003   1.474207E-002
   1.165000E+003   1.466556E-002
   1.166000E+003   1.458889E-002
   1.167000E+003   1.451207E-002
   1.168000E+003   1.443509E-002
   1.169000E+003   1.435797E-002
   1.170000E+003   1.428070E-002
   1.171000E+003   1.420330E-002
   1.172000E+003   1.412576E-002
   1.173000E+003   1.404809E-002
   1.174000E+003   1.397029E-002
   1.175000E+003   1.389238E-002
   1.176000E+003   1.381435E-002
   1.177000E+003   1.373621E-002
   1.178000E+003   1.365796E-002
   1.179000E+003   1.357961E-002
   1.180000E+003   1.350116E-002
   1.181000E+003   1.342262E-002
   1.182000E+003   1.334400E-002
   1.183000E+003   1.326529E-002
   1.184000E+003   1.318650E-002
   1.185000E+003   1.310764E-002
   1.186000E+003   1.302871E-002
   1.187000E+003   1.294971E-002
   1.188000E+003   1.287065E-002
   1.189000E+003   1.279154E-002
   1.190000E+003   1.271238E-002
   1.191000E+003   1.263317E-002
   1.192000E+003   1.255392E-002
   1.193000E+003   1.247463E-002
   1.194000E+003   1.239531E-002
   1.195000E+003   1.231597E-002
   1.196000E+003   1.223660E-002
   1.197000E+003   1.215721E-002
   1.198000E+003   1.207781E-002
   1.199000E+003   1.199839E-002
   1.200000E+003   1.191898E-002
