   1.000000E+000   3.970997E-002
   2.000000E+000   4.486421E-002
   3.000000E+000   5.001844E-002
   4.000000E+000   4.499843E-002
   5.000000E+000   3.975856E-002
   6.000000E+000   3.648166E-002
   7.000000E+000   3.412801E-002
   8.000000E+000   3.242512E-002
   9.000000E+000   3.127645E-002
   1.000000E+001   3.052195E-002
   1.100000E+001   3.000980E-002
   1.200000E+001   2.968452E-002
   1.300000E+001   2.951511E-002
   1.400000E+001   2.947204E-002
   1.500000E+001   2.952613E-002
   1.600000E+001   2.965173E-002
   1.700000E+001   2.983714E-002
   1.800000E+001   3.007417E-002
   1.900000E+001   3.035465E-002
   2.000000E+001   3.067038E-002
   2.100000E+001   3.101417E-002
   2.200000E+001   3.138284E-002
   2.300000E+001   3.177421E-002
   2.400000E+001   3.218609E-002
   2.500000E+001   3.261630E-002
   2.600000E+001   3.306265E-002
   2.700000E+001   3.352297E-002
   2.800000E+001   3.399506E-002
   2.900000E+001   3.447674E-002
   3.000000E+001   3.496583E-002
   3.100000E+001   3.546046E-002
   3.200000E+001   3.596002E-002
   3.300000E+001   3.646419E-002
   3.400000E+001   3.697269E-002
   3.500000E+001   3.748522E-002
   3.600000E+001   3.800146E-002
   3.700000E+001   3.852112E-002
   3.800000E+001   3.904390E-002
   3.900000E+001   3.956950E-002
   4.000000E+001   4.009762E-002
   4.100000E+001   4.062797E-002
   4.200000E+001   4.116040E-002
   4.300000E+001   4.169474E-002
   4.400000E+001   4.223084E-002
   4.500000E+001   4.276856E-002
   4.600000E+001   4.330774E-002
   4.700000E+001   4.384823E-002
   4.800000E+001   4.438989E-002
   4.900000E+001   4.493256E-002
   5.000000E+001   4.547609E-002
   5.100000E+001   4.602035E-002
   5.200000E+001   4.656531E-002
   5.300000E+001   4.711095E-002
   5.400000E+001   4.765727E-002
   5.500000E+001   4.820426E-002
   5.600000E+001   4.875189E-002
   5.700000E+001   4.930016E-002
   5.800000E+001   4.984906E-002
   5.900000E+001   5.039858E-002
   6.000000E+001   5.094870E-002
   6.100000E+001   5.149941E-002
   6.200000E+001   5.205070E-002
   6.300000E+001   5.260253E-002
   6.400000E+001   5.315491E-002
   6.500000E+001   5.370780E-002
   6.600000E+001   5.426118E-002
   6.700000E+001   5.481505E-002
   6.800000E+001   5.536937E-002
   6.900000E+001   5.592413E-002
   7.000000E+001   5.647932E-002
   7.100000E+001   5.703490E-002
   7.200000E+001   5.759086E-002
   7.300000E+001   5.814715E-002
   7.400000E+001   5.870375E-002
   7.500000E+001   5.926061E-002
   7.600000E+001   5.981771E-002
   7.700000E+001   6.037502E-002
   7.800000E+001   6.093250E-002
   7.900000E+001   6.149012E-002
   8.000000E+001   6.204785E-002
   8.100000E+001   6.260564E-002
   8.200000E+001   6.316343E-002
   8.300000E+001   6.372115E-002
   8.400000E+001   6.427874E-002
   8.500000E+001   6.483610E-002
   8.600000E+001   6.539319E-002
   8.700000E+001   6.594991E-002
   8.800000E+001   6.650621E-002
   8.900000E+001   6.706200E-002
   9.000000E+001   6.761723E-002
   9.100000E+001   6.817180E-002
   9.200000E+001   6.872565E-002
   9.300000E+001   6.927868E-002
   9.400000E+001   6.983081E-002
   9.500000E+001   7.038195E-002
   9.600000E+001   7.093201E-002
   9.700000E+001   7.148092E-002
   9.800000E+001   7.202857E-002
   9.900000E+001   7.257489E-002
   1.000000E+002   7.311979E-002
   1.010000E+002   7.366317E-002
   1.020000E+002   7.420490E-002
   1.030000E+002   7.474481E-002
   1.040000E+002   7.528276E-002
   1.050000E+002   7.581859E-002
   1.060000E+002   7.635215E-002
   1.070000E+002   7.688330E-002
   1.080000E+002   7.741187E-002
   1.090000E+002   7.793771E-002
   1.100000E+002   7.846067E-002
   1.110000E+002   7.898061E-002
   1.120000E+002   7.949736E-002
   1.130000E+002   8.001078E-002
   1.140000E+002   8.052070E-002
   1.150000E+002   8.102699E-002
   1.160000E+002   8.152949E-002
   1.170000E+002   8.202804E-002
   1.180000E+002   8.252249E-002
   1.190000E+002   8.301269E-002
   1.200000E+002   8.349849E-002
   1.210000E+002   8.397975E-002
   1.220000E+002   8.445631E-002
   1.230000E+002   8.492807E-002
   1.240000E+002   8.539490E-002
   1.250000E+002   8.585665E-002
   1.260000E+002   8.631322E-002
   1.270000E+002   8.676447E-002
   1.280000E+002   8.721028E-002
   1.290000E+002   8.765051E-002
   1.300000E+002   8.808504E-002
   1.310000E+002   8.851374E-002
   1.320000E+002   8.893649E-002
   1.330000E+002   8.935315E-002
   1.340000E+002   8.976361E-002
   1.350000E+002   9.016773E-002
   1.360000E+002   9.056538E-002
   1.370000E+002   9.095645E-002
   1.380000E+002   9.134079E-002
   1.390000E+002   9.171829E-002
   1.400000E+002   9.208881E-002
   1.410000E+002   9.245224E-002
   1.420000E+002   9.280842E-002
   1.430000E+002   9.315723E-002
   1.440000E+002   9.349853E-002
   1.450000E+002   9.383217E-002
   1.460000E+002   9.415803E-002
   1.470000E+002   9.447596E-002
   1.480000E+002   9.478583E-002
   1.490000E+002   9.508749E-002
   1.500000E+002   9.538082E-002
   1.510000E+002   9.566567E-002
   1.520000E+002   9.594191E-002
   1.530000E+002   9.620939E-002
   1.540000E+002   9.646799E-002
   1.550000E+002   9.671756E-002
   1.560000E+002   9.695797E-002
   1.570000E+002   9.718907E-002
   1.580000E+002   9.741074E-002
   1.590000E+002   9.762282E-002
   1.600000E+002   9.782520E-002
   1.610000E+002   9.801774E-002
   1.620000E+002   9.820038E-002
   1.630000E+002   9.837307E-002
   1.640000E+002   9.853578E-002
   1.650000E+002   9.868846E-002
   1.660000E+002   9.883106E-002
   1.670000E+002   9.896354E-002
   1.680000E+002   9.908585E-002
   1.690000E+002   9.919795E-002
   1.700000E+002   9.929979E-002
   1.710000E+002   9.939133E-002
   1.720000E+002   9.947251E-002
   1.730000E+002   9.954331E-002
   1.740000E+002   9.960367E-002
   1.750000E+002   9.965354E-002
   1.760000E+002   9.969289E-002
   1.770000E+002   9.972166E-002
   1.780000E+002   9.973981E-002
   1.790000E+002   9.974730E-002
   1.800000E+002   9.974408E-002
   1.810000E+002   9.973011E-002
   1.820000E+002   9.970543E-002
   1.830000E+002   9.967006E-002
   1.840000E+002   9.962404E-002
   1.850000E+002   9.956740E-002
   1.860000E+002   9.950018E-002
   1.870000E+002   9.942241E-002
   1.880000E+002   9.933412E-002
   1.890000E+002   9.923534E-002
   1.900000E+002   9.912612E-002
   1.910000E+002   9.900648E-002
   1.920000E+002   9.887646E-002
   1.930000E+002   9.873610E-002
   1.940000E+002   9.858542E-002
   1.950000E+002   9.842446E-002
   1.960000E+002   9.825326E-002
   1.970000E+002   9.807185E-002
   1.980000E+002   9.788025E-002
   1.990000E+002   9.767852E-002
   2.000000E+002   9.746668E-002
   2.010000E+002   9.724477E-002
   2.020000E+002   9.701286E-002
   2.030000E+002   9.677106E-002
   2.040000E+002   9.651944E-002
   2.050000E+002   9.625809E-002
   2.060000E+002   9.598709E-002
   2.070000E+002   9.570653E-002
   2.080000E+002   9.541650E-002
   2.090000E+002   9.511709E-002
   2.100000E+002   9.480837E-002
   2.110000E+002   9.449044E-002
   2.120000E+002   9.416338E-002
   2.130000E+002   9.382728E-002
   2.140000E+002   9.348222E-002
   2.150000E+002   9.312829E-002
   2.160000E+002   9.276557E-002
   2.170000E+002   9.239416E-002
   2.180000E+002   9.201414E-002
   2.190000E+002   9.162559E-002
   2.200000E+002   9.122860E-002
   2.210000E+002   9.082325E-002
   2.220000E+002   9.040964E-002
   2.230000E+002   8.998785E-002
   2.240000E+002   8.955796E-002
   2.250000E+002   8.912006E-002
   2.260000E+002   8.867426E-002
   2.270000E+002   8.822072E-002
   2.280000E+002   8.775964E-002
   2.290000E+002   8.729121E-002
   2.300000E+002   8.681561E-002
   2.310000E+002   8.633305E-002
   2.320000E+002   8.584370E-002
   2.330000E+002   8.534776E-002
   2.340000E+002   8.484542E-002
   2.350000E+002   8.433687E-002
   2.360000E+002   8.382230E-002
   2.370000E+002   8.330190E-002
   2.380000E+002   8.277586E-002
   2.390000E+002   8.224437E-002
   2.400000E+002   8.170763E-002
   2.410000E+002   8.116581E-002
   2.420000E+002   8.061912E-002
   2.430000E+002   8.006774E-002
   2.440000E+002   7.951186E-002
   2.450000E+002   7.895167E-002
   2.460000E+002   7.838737E-002
   2.470000E+002   7.781914E-002
   2.480000E+002   7.724717E-002
   2.490000E+002   7.667166E-002
   2.500000E+002   7.609279E-002
   2.510000E+002   7.551076E-002
   2.520000E+002   7.492574E-002
   2.530000E+002   7.433790E-002
   2.540000E+002   7.374743E-002
   2.550000E+002   7.315450E-002
   2.560000E+002   7.255928E-002
   2.570000E+002   7.196196E-002
   2.580000E+002   7.136270E-002
   2.590000E+002   7.076169E-002
   2.600000E+002   7.015910E-002
   2.610000E+002   6.955511E-002
   2.620000E+002   6.894989E-002
   2.630000E+002   6.834362E-002
   2.640000E+002   6.773647E-002
   2.650000E+002   6.712863E-002
   2.660000E+002   6.652027E-002
   2.670000E+002   6.591156E-002
   2.680000E+002   6.530268E-002
   2.690000E+002   6.469381E-002
   2.700000E+002   6.408513E-002
   2.710000E+002   6.347680E-002
   2.720000E+002   6.286901E-002
   2.730000E+002   6.226193E-002
   2.740000E+002   6.165574E-002
   2.750000E+002   6.105061E-002
   2.760000E+002   6.044673E-002
   2.770000E+002   5.984426E-002
   2.780000E+002   5.924339E-002
   2.790000E+002   5.864429E-002
   2.800000E+002   5.804713E-002
   2.810000E+002   5.745210E-002
   2.820000E+002   5.685937E-002
   2.830000E+002   5.626911E-002
   2.840000E+002   5.568151E-002
   2.850000E+002   5.509674E-002
   2.860000E+002   5.451497E-002
   2.870000E+002   5.393639E-002
   2.880000E+002   5.336117E-002
   2.890000E+002   5.278949E-002
   2.900000E+002   5.222151E-002
   2.910000E+002   5.165743E-002
   2.920000E+002   5.109742E-002
   2.930000E+002   5.054164E-002
   2.940000E+002   4.999029E-002
   2.950000E+002   4.944353E-002
   2.960000E+002   4.890154E-002
   2.970000E+002   4.836451E-002
   2.980000E+002   4.783260E-002
   2.990000E+002   4.730599E-002
   3.000000E+002   4.678486E-002
   3.010000E+002   4.626936E-002
   3.020000E+002   4.575958E-002
   3.030000E+002   4.525555E-002
   3.040000E+002   4.475735E-002
   3.050000E+002   4.426501E-002
   3.060000E+002   4.377860E-002
   3.070000E+002   4.329817E-002
   3.080000E+002   4.282378E-002
   3.090000E+002   4.235547E-002
   3.100000E+002   4.189330E-002
   3.110000E+002   4.143732E-002
   3.120000E+002   4.098759E-002
   3.130000E+002   4.054417E-002
   3.140000E+002   4.010710E-002
   3.150000E+002   3.967644E-002
   3.160000E+002   3.925225E-002
   3.170000E+002   3.883457E-002
   3.180000E+002   3.842347E-002
   3.190000E+002   3.801899E-002
   3.200000E+002   3.762120E-002
   3.210000E+002   3.723013E-002
   3.220000E+002   3.684586E-002
   3.230000E+002   3.646842E-002
   3.240000E+002   3.609789E-002
   3.250000E+002   3.573430E-002
   3.260000E+002   3.537771E-002
   3.270000E+002   3.502819E-002
   3.280000E+002   3.468577E-002
   3.290000E+002   3.435052E-002
   3.300000E+002   3.402249E-002
   3.310000E+002   3.370173E-002
   3.320000E+002   3.338830E-002
   3.330000E+002   3.308225E-002
   3.340000E+002   3.278363E-002
   3.350000E+002   3.249250E-002
   3.360000E+002   3.220892E-002
   3.370000E+002   3.193293E-002
   3.380000E+002   3.166459E-002
   3.390000E+002   3.140396E-002
   3.400000E+002   3.115109E-002
   3.410000E+002   3.090602E-002
   3.420000E+002   3.066883E-002
   3.430000E+002   3.043955E-002
   3.440000E+002   3.021825E-002
   3.450000E+002   3.000498E-002
   3.460000E+002   2.979979E-002
   3.470000E+002   2.960273E-002
   3.480000E+002   2.941387E-002
   3.490000E+002   2.923325E-002
   3.500000E+002   2.906092E-002
   3.510000E+002   2.889692E-002
   3.520000E+002   2.874118E-002
   3.530000E+002   2.859358E-002
   3.540000E+002   2.845404E-002
   3.550000E+002   2.832246E-002
   3.560000E+002   2.819873E-002
   3.570000E+002   2.808275E-002
   3.580000E+002   2.797443E-002
   3.590000E+002   2.787366E-002
   3.600000E+002   2.778035E-002
   3.610000E+002   2.769440E-002
   3.620000E+002   2.761570E-002
   3.630000E+002   2.754416E-002
   3.640000E+002   2.747968E-002
   3.650000E+002   2.742216E-002
   3.660000E+002   2.737150E-002
   3.670000E+002   2.732760E-002
   3.680000E+002   2.729036E-002
   3.690000E+002   2.725968E-002
   3.700000E+002   2.723546E-002
   3.710000E+002   2.721760E-002
   3.720000E+002   2.720601E-002
   3.730000E+002   2.720058E-002
   3.740000E+002   2.720121E-002
   3.750000E+002   2.720781E-002
   3.760000E+002   2.722027E-002
   3.770000E+002   2.723849E-002
   3.780000E+002   2.726239E-002
   3.790000E+002   2.729185E-002
   3.800000E+002   2.732677E-002
   3.810000E+002   2.736706E-002
   3.820000E+002   2.741262E-002
   3.830000E+002   2.746335E-002
   3.840000E+002   2.751915E-002
   3.850000E+002   2.757992E-002
   3.860000E+002   2.764555E-002
   3.870000E+002   2.771596E-002
   3.880000E+002   2.779104E-002
   3.890000E+002   2.787069E-002
   3.900000E+002   2.795481E-002
   3.910000E+002   2.804330E-002
   3.920000E+002   2.813607E-002
   3.930000E+002   2.823301E-002
   3.940000E+002   2.833403E-002
   3.950000E+002   2.843902E-002
   3.960000E+002   2.854788E-002
   3.970000E+002   2.866052E-002
   3.980000E+002   2.877684E-002
   3.990000E+002   2.889673E-002
   4.000000E+002   2.902010E-002
   4.010000E+002   2.914684E-002
   4.020000E+002   2.927684E-002
   4.030000E+002   2.940997E-002
   4.040000E+002   2.954610E-002
   4.050000E+002   2.968511E-002
   4.060000E+002   2.982687E-002
   4.070000E+002   2.997127E-002
   4.080000E+002   3.011817E-002
   4.090000E+002   3.026745E-002
   4.100000E+002   3.041900E-002
   4.110000E+002   3.057267E-002
   4.120000E+002   3.072836E-002
   4.130000E+002   3.088592E-002
   4.140000E+002   3.104525E-002
   4.150000E+002   3.120622E-002
   4.160000E+002   3.136869E-002
   4.170000E+002   3.153255E-002
   4.180000E+002   3.169767E-002
   4.190000E+002   3.186393E-002
   4.200000E+002   3.203120E-002
   4.210000E+002   3.219937E-002
   4.220000E+002   3.236829E-002
   4.230000E+002   3.253786E-002
   4.240000E+002   3.270794E-002
   4.250000E+002   3.287841E-002
   4.260000E+002   3.304914E-002
   4.270000E+002   3.322002E-002
   4.280000E+002   3.339092E-002
   4.290000E+002   3.356171E-002
   4.300000E+002   3.373226E-002
   4.310000E+002   3.390247E-002
   4.320000E+002   3.407219E-002
   4.330000E+002   3.424130E-002
   4.340000E+002   3.440969E-002
   4.350000E+002   3.457722E-002
   4.360000E+002   3.474377E-002
   4.370000E+002   3.490922E-002
   4.380000E+002   3.507345E-002
   4.390000E+002   3.523632E-002
   4.400000E+002   3.539772E-002
   4.410000E+002   3.555751E-002
   4.420000E+002   3.571558E-002
   4.430000E+002   3.587180E-002
   4.440000E+002   3.602605E-002
   4.450000E+002   3.617819E-002
   4.460000E+002   3.632812E-002
   4.470000E+002   3.647569E-002
   4.480000E+002   3.662080E-002
   4.490000E+002   3.676331E-002
   4.500000E+002   3.690310E-002
   4.510000E+002   3.704005E-002
   4.520000E+002   3.717414E-002
   4.530000E+002   3.730531E-002
   4.540000E+002   3.743355E-002
   4.550000E+002   3.755883E-002
   4.560000E+002   3.768110E-002
   4.570000E+002   3.780035E-002
   4.580000E+002   3.791654E-002
   4.590000E+002   3.802963E-002
   4.600000E+002   3.813961E-002
   4.610000E+002   3.824644E-002
   4.620000E+002   3.835009E-002
   4.630000E+002   3.845053E-002
   4.640000E+002   3.854773E-002
   4.650000E+002   3.864165E-002
   4.660000E+002   3.873227E-002
   4.670000E+002   3.881956E-002
   4.680000E+002   3.890349E-002
   4.690000E+002   3.898402E-002
   4.700000E+002   3.906113E-002
   4.710000E+002   3.913479E-002
   4.720000E+002   3.920495E-002
   4.730000E+002   3.927161E-002
   4.740000E+002   3.933471E-002
   4.750000E+002   3.939424E-002
   4.760000E+002   3.945017E-002
   4.770000E+002   3.950245E-002
   4.780000E+002   3.955107E-002
   4.790000E+002   3.959599E-002
   4.800000E+002   3.963718E-002
   4.810000E+002   3.967461E-002
   4.820000E+002   3.970825E-002
   4.830000E+002   3.973807E-002
   4.840000E+002   3.976404E-002
   4.850000E+002   3.978613E-002
   4.860000E+002   3.980431E-002
   4.870000E+002   3.981855E-002
   4.880000E+002   3.982881E-002
   4.890000E+002   3.983507E-002
   4.900000E+002   3.983729E-002
   4.910000E+002   3.983545E-002
   4.920000E+002   3.982952E-002
   4.930000E+002   3.981946E-002
   4.940000E+002   3.980525E-002
   4.950000E+002   3.978685E-002
   4.960000E+002   3.976423E-002
   4.970000E+002   3.973737E-002
   4.980000E+002   3.970623E-002
   4.990000E+002   3.967078E-002
   5.000000E+002   3.963100E-002
   5.010000E+002   3.958686E-002
   5.020000E+002   3.953842E-002
   5.030000E+002   3.948575E-002
   5.040000E+002   3.942892E-002
   5.050000E+002   3.936799E-002
   5.060000E+002   3.930304E-002
   5.070000E+002   3.923414E-002
   5.080000E+002   3.916135E-002
   5.090000E+002   3.908474E-002
   5.100000E+002   3.900438E-002
   5.110000E+002   3.892034E-002
   5.120000E+002   3.883268E-002
   5.130000E+002   3.874149E-002
   5.140000E+002   3.864682E-002
   5.150000E+002   3.854875E-002
   5.160000E+002   3.844734E-002
   5.170000E+002   3.834266E-002
   5.180000E+002   3.823479E-002
   5.190000E+002   3.812378E-002
   5.200000E+002   3.800972E-002
   5.210000E+002   3.789266E-002
   5.220000E+002   3.777268E-002
   5.230000E+002   3.764984E-002
   5.240000E+002   3.752422E-002
   5.250000E+002   3.739589E-002
   5.260000E+002   3.726490E-002
   5.270000E+002   3.713134E-002
   5.280000E+002   3.699526E-002
   5.290000E+002   3.685675E-002
   5.300000E+002   3.671586E-002
   5.310000E+002   3.657267E-002
   5.320000E+002   3.642724E-002
   5.330000E+002   3.627965E-002
   5.340000E+002   3.612996E-002
   5.350000E+002   3.597824E-002
   5.360000E+002   3.582457E-002
   5.370000E+002   3.566900E-002
   5.380000E+002   3.551161E-002
   5.390000E+002   3.535247E-002
   5.400000E+002   3.519164E-002
   5.410000E+002   3.502920E-002
   5.420000E+002   3.486521E-002
   5.430000E+002   3.469975E-002
   5.440000E+002   3.453287E-002
   5.450000E+002   3.436466E-002
   5.460000E+002   3.419517E-002
   5.470000E+002   3.402449E-002
   5.480000E+002   3.385267E-002
   5.490000E+002   3.367978E-002
   5.500000E+002   3.350590E-002
   5.510000E+002   3.333110E-002
   5.520000E+002   3.315544E-002
   5.530000E+002   3.297901E-002
   5.540000E+002   3.280189E-002
   5.550000E+002   3.262414E-002
   5.560000E+002   3.244586E-002
   5.570000E+002   3.226710E-002
   5.580000E+002   3.208796E-002
   5.590000E+002   3.190851E-002
   5.600000E+002   3.172882E-002
   5.610000E+002   3.154898E-002
   5.620000E+002   3.136905E-002
   5.630000E+002   3.118912E-002
   5.640000E+002   3.100926E-002
   5.650000E+002   3.082955E-002
   5.660000E+002   3.065007E-002
   5.670000E+002   3.047089E-002
   5.680000E+002   3.029209E-002
   5.690000E+002   3.011375E-002
   5.700000E+002   2.993594E-002
   5.710000E+002   2.975875E-002
   5.720000E+002   2.958224E-002
   5.730000E+002   2.940649E-002
   5.740000E+002   2.923159E-002
   5.750000E+002   2.905761E-002
   5.760000E+002   2.888462E-002
   5.770000E+002   2.871270E-002
   5.780000E+002   2.854193E-002
   5.790000E+002   2.837239E-002
   5.800000E+002   2.820415E-002
   5.810000E+002   2.803729E-002
   5.820000E+002   2.787189E-002
   5.830000E+002   2.770802E-002
   5.840000E+002   2.754576E-002
   5.850000E+002   2.738519E-002
   5.860000E+002   2.722638E-002
   5.870000E+002   2.706941E-002
   5.880000E+002   2.691436E-002
   5.890000E+002   2.676131E-002
   5.900000E+002   2.661033E-002
   5.910000E+002   2.646149E-002
   5.920000E+002   2.631489E-002
   5.930000E+002   2.617058E-002
   5.940000E+002   2.602865E-002
   5.950000E+002   2.588918E-002
   5.960000E+002   2.575224E-002
   5.970000E+002   2.561791E-002
   5.980000E+002   2.548627E-002
   5.990000E+002   2.535740E-002
   6.000000E+002   2.523136E-002
   6.010000E+002   2.510823E-002
   6.020000E+002   2.498802E-002
   6.030000E+002   2.487073E-002
   6.040000E+002   2.475638E-002
   6.050000E+002   2.464496E-002
   6.060000E+002   2.453648E-002
   6.070000E+002   2.443094E-002
   6.080000E+002   2.432835E-002
   6.090000E+002   2.422871E-002
   6.100000E+002   2.413203E-002
   6.110000E+002   2.403830E-002
   6.120000E+002   2.394754E-002
   6.130000E+002   2.385975E-002
   6.140000E+002   2.377494E-002
   6.150000E+002   2.369310E-002
   6.160000E+002   2.361424E-002
   6.170000E+002   2.353837E-002
   6.180000E+002   2.346549E-002
   6.190000E+002   2.339560E-002
   6.200000E+002   2.332871E-002
   6.210000E+002   2.326483E-002
   6.220000E+002   2.320395E-002
   6.230000E+002   2.314608E-002
   6.240000E+002   2.309123E-002
   6.250000E+002   2.303940E-002
   6.260000E+002   2.299059E-002
   6.270000E+002   2.294481E-002
   6.280000E+002   2.290207E-002
   6.290000E+002   2.286236E-002
   6.300000E+002   2.282570E-002
   6.310000E+002   2.279208E-002
   6.320000E+002   2.276151E-002
   6.330000E+002   2.273399E-002
   6.340000E+002   2.270953E-002
   6.350000E+002   2.268814E-002
   6.360000E+002   2.266981E-002
   6.370000E+002   2.265456E-002
   6.380000E+002   2.264238E-002
   6.390000E+002   2.263328E-002
   6.400000E+002   2.262726E-002
   6.410000E+002   2.262434E-002
   6.420000E+002   2.262450E-002
   6.430000E+002   2.262777E-002
   6.440000E+002   2.263413E-002
   6.450000E+002   2.264360E-002
   6.460000E+002   2.265618E-002
   6.470000E+002   2.267188E-002
   6.480000E+002   2.269069E-002
   6.490000E+002   2.271263E-002
   6.500000E+002   2.273769E-002
   6.510000E+002   2.276587E-002
   6.520000E+002   2.279713E-002
   6.530000E+002   2.283140E-002
   6.540000E+002   2.286862E-002
   6.550000E+002   2.290873E-002
   6.560000E+002   2.295167E-002
   6.570000E+002   2.299739E-002
   6.580000E+002   2.304582E-002
   6.590000E+002   2.309690E-002
   6.600000E+002   2.315057E-002
   6.610000E+002   2.320678E-002
   6.620000E+002   2.326546E-002
   6.630000E+002   2.332655E-002
   6.640000E+002   2.339000E-002
   6.650000E+002   2.345574E-002
   6.660000E+002   2.352371E-002
   6.670000E+002   2.359386E-002
   6.680000E+002   2.366612E-002
   6.690000E+002   2.374043E-002
   6.700000E+002   2.381674E-002
   6.710000E+002   2.389499E-002
   6.720000E+002   2.397511E-002
   6.730000E+002   2.405704E-002
   6.740000E+002   2.414073E-002
   6.750000E+002   2.422611E-002
   6.760000E+002   2.431313E-002
   6.770000E+002   2.440173E-002
   6.780000E+002   2.449184E-002
   6.790000E+002   2.458340E-002
   6.800000E+002   2.467636E-002
   6.810000E+002   2.477066E-002
   6.820000E+002   2.486623E-002
   6.830000E+002   2.496302E-002
   6.840000E+002   2.506097E-002
   6.850000E+002   2.516001E-002
   6.860000E+002   2.526009E-002
   6.870000E+002   2.536115E-002
   6.880000E+002   2.546312E-002
   6.890000E+002   2.556595E-002
   6.900000E+002   2.566958E-002
   6.910000E+002   2.577394E-002
   6.920000E+002   2.587899E-002
   6.930000E+002   2.598465E-002
   6.940000E+002   2.609086E-002
   6.950000E+002   2.619758E-002
   6.960000E+002   2.630474E-002
   6.970000E+002   2.641227E-002
   6.980000E+002   2.652012E-002
   6.990000E+002   2.662823E-002
   7.000000E+002   2.673654E-002
   7.010000E+002   2.684499E-002
   7.020000E+002   2.695352E-002
   7.030000E+002   2.706207E-002
   7.040000E+002   2.717059E-002
   7.050000E+002   2.727901E-002
   7.060000E+002   2.738728E-002
   7.070000E+002   2.749535E-002
   7.080000E+002   2.760314E-002
   7.090000E+002   2.771062E-002
   7.100000E+002   2.781771E-002
   7.110000E+002   2.792436E-002
   7.120000E+002   2.803050E-002
   7.130000E+002   2.813610E-002
   7.140000E+002   2.824108E-002
   7.150000E+002   2.834538E-002
   7.160000E+002   2.844895E-002
   7.170000E+002   2.855174E-002
   7.180000E+002   2.865368E-002
   7.190000E+002   2.875471E-002
   7.200000E+002   2.885478E-002
   7.210000E+002   2.895383E-002
   7.220000E+002   2.905180E-002
   7.230000E+002   2.914864E-002
   7.240000E+002   2.924427E-002
   7.250000E+002   2.933866E-002
   7.260000E+002   2.943174E-002
   7.270000E+002   2.952344E-002
   7.280000E+002   2.961372E-002
   7.290000E+002   2.970252E-002
   7.300000E+002   2.978977E-002
   7.310000E+002   2.987542E-002
   7.320000E+002   2.995941E-002
   7.330000E+002   3.004169E-002
   7.340000E+002   3.012219E-002
   7.350000E+002   3.020086E-002
   7.360000E+002   3.027764E-002
   7.370000E+002   3.035247E-002
   7.380000E+002   3.042529E-002
   7.390000E+002   3.049605E-002
   7.400000E+002   3.056468E-002
   7.410000E+002   3.063114E-002
   7.420000E+002   3.069535E-002
   7.430000E+002   3.075727E-002
   7.440000E+002   3.081684E-002
   7.450000E+002   3.087399E-002
   7.460000E+002   3.092867E-002
   7.470000E+002   3.098082E-002
   7.480000E+002   3.103039E-002
   7.490000E+002   3.107731E-002
   7.500000E+002   3.112153E-002
   7.510000E+002   3.116300E-002
   7.520000E+002   3.120171E-002
   7.530000E+002   3.123767E-002
   7.540000E+002   3.127088E-002
   7.550000E+002   3.130135E-002
   7.560000E+002   3.132907E-002
   7.570000E+002   3.135406E-002
   7.580000E+002   3.137631E-002
   7.590000E+002   3.139584E-002
   7.600000E+002   3.141264E-002
   7.610000E+002   3.142672E-002
   7.620000E+002   3.143808E-002
   7.630000E+002   3.144673E-002
   7.640000E+002   3.145267E-002
   7.650000E+002   3.145590E-002
   7.660000E+002   3.145643E-002
   7.670000E+002   3.145427E-002
   7.680000E+002   3.144941E-002
   7.690000E+002   3.144186E-002
   7.700000E+002   3.143162E-002
   7.710000E+002   3.141871E-002
   7.720000E+002   3.140311E-002
   7.730000E+002   3.138484E-002
   7.740000E+002   3.136390E-002
   7.750000E+002   3.134030E-002
   7.760000E+002   3.131403E-002
   7.770000E+002   3.128511E-002
   7.780000E+002   3.125353E-002
   7.790000E+002   3.121930E-002
   7.800000E+002   3.118242E-002
   7.810000E+002   3.114290E-002
   7.820000E+002   3.110074E-002
   7.830000E+002   3.105595E-002
   7.840000E+002   3.100853E-002
   7.850000E+002   3.095848E-002
   7.860000E+002   3.090580E-002
   7.870000E+002   3.085051E-002
   7.880000E+002   3.079261E-002
   7.890000E+002   3.073209E-002
   7.900000E+002   3.066896E-002
   7.910000E+002   3.060324E-002
   7.920000E+002   3.053491E-002
   7.930000E+002   3.046399E-002
   7.940000E+002   3.039047E-002
   7.950000E+002   3.031437E-002
   7.960000E+002   3.023568E-002
   7.970000E+002   3.015442E-002
   7.980000E+002   3.007058E-002
   7.990000E+002   2.998417E-002
   8.000000E+002   2.989519E-002
   8.010000E+002   2.980365E-002
   8.020000E+002   2.970960E-002
   8.030000E+002   2.961308E-002
   8.040000E+002   2.951414E-002
   8.050000E+002   2.941283E-002
   8.060000E+002   2.930919E-002
   8.070000E+002   2.920328E-002
   8.080000E+002   2.909514E-002
   8.090000E+002   2.898482E-002
   8.100000E+002   2.887237E-002
   8.110000E+002   2.875783E-002
   8.120000E+002   2.864126E-002
   8.130000E+002   2.852270E-002
   8.140000E+002   2.840220E-002
   8.150000E+002   2.827980E-002
   8.160000E+002   2.815557E-002
   8.170000E+002   2.802953E-002
   8.180000E+002   2.790175E-002
   8.190000E+002   2.777227E-002
   8.200000E+002   2.764113E-002
   8.210000E+002   2.750839E-002
   8.220000E+002   2.737410E-002
   8.230000E+002   2.723829E-002
   8.240000E+002   2.710103E-002
   8.250000E+002   2.696235E-002
   8.260000E+002   2.682231E-002
   8.270000E+002   2.668095E-002
   8.280000E+002   2.653832E-002
   8.290000E+002   2.639447E-002
   8.300000E+002   2.624945E-002
   8.310000E+002   2.610331E-002
   8.320000E+002   2.595608E-002
   8.330000E+002   2.580783E-002
   8.340000E+002   2.565860E-002
   8.350000E+002   2.550844E-002
   8.360000E+002   2.535739E-002
   8.370000E+002   2.520550E-002
   8.380000E+002   2.505282E-002
   8.390000E+002   2.489941E-002
   8.400000E+002   2.474530E-002
   8.410000E+002   2.459054E-002
   8.420000E+002   2.443519E-002
   8.430000E+002   2.427929E-002
   8.440000E+002   2.412289E-002
   8.450000E+002   2.396603E-002
   8.460000E+002   2.380877E-002
   8.470000E+002   2.365115E-002
   8.480000E+002   2.349322E-002
   8.490000E+002   2.333504E-002
   8.500000E+002   2.317663E-002
   8.510000E+002   2.301807E-002
   8.520000E+002   2.285938E-002
   8.530000E+002   2.270061E-002
   8.540000E+002   2.254181E-002
   8.550000E+002   2.238302E-002
   8.560000E+002   2.222429E-002
   8.570000E+002   2.206566E-002
   8.580000E+002   2.190717E-002
   8.590000E+002   2.174887E-002
   8.600000E+002   2.159080E-002
   8.610000E+002   2.143301E-002
   8.620000E+002   2.127554E-002
   8.630000E+002   2.111843E-002
   8.640000E+002   2.096173E-002
   8.650000E+002   2.080549E-002
   8.660000E+002   2.064974E-002
   8.670000E+002   2.049454E-002
   8.680000E+002   2.033991E-002
   8.690000E+002   2.018592E-002
   8.700000E+002   2.003261E-002
   8.710000E+002   1.988001E-002
   8.720000E+002   1.972817E-002
   8.730000E+002   1.957714E-002
   8.740000E+002   1.942696E-002
   8.750000E+002   1.927768E-002
   8.760000E+002   1.912933E-002
   8.770000E+002   1.898197E-002
   8.780000E+002   1.883564E-002
   8.790000E+002   1.869037E-002
   8.800000E+002   1.854623E-002
   8.810000E+002   1.840324E-002
   8.820000E+002   1.826145E-002
   8.830000E+002   1.812092E-002
   8.840000E+002   1.798168E-002
   8.850000E+002   1.784377E-002
   8.860000E+002   1.770724E-002
   8.870000E+002   1.757214E-002
   8.880000E+002   1.743851E-002
   8.890000E+002   1.730639E-002
   8.900000E+002   1.717583E-002
   8.910000E+002   1.704687E-002
   8.920000E+002   1.691956E-002
   8.930000E+002   1.679393E-002
   8.940000E+002   1.667004E-002
   8.950000E+002   1.654793E-002
   8.960000E+002   1.642764E-002
   8.970000E+002   1.630922E-002
   8.980000E+002   1.619271E-002
   8.990000E+002   1.607816E-002
   9.000000E+002   1.596560E-002
   9.010000E+002   1.585508E-002
   9.020000E+002   1.574660E-002
   9.030000E+002   1.564016E-002
   9.040000E+002   1.553576E-002
   9.050000E+002   1.543340E-002
   9.060000E+002   1.533307E-002
   9.070000E+002   1.523478E-002
   9.080000E+002   1.513853E-002
   9.090000E+002   1.504431E-002
   9.100000E+002   1.495211E-002
   9.110000E+002   1.486195E-002
   9.120000E+002   1.477382E-002
   9.130000E+002   1.468771E-002
   9.140000E+002   1.460363E-002
   9.150000E+002   1.452158E-002
   9.160000E+002   1.444154E-002
   9.170000E+002   1.436353E-002
   9.180000E+002   1.428754E-002
   9.190000E+002   1.421357E-002
   9.200000E+002   1.414162E-002
   9.210000E+002   1.407168E-002
   9.220000E+002   1.400375E-002
   9.230000E+002   1.393785E-002
   9.240000E+002   1.387395E-002
   9.250000E+002   1.381206E-002
   9.260000E+002   1.375219E-002
   9.270000E+002   1.369432E-002
   9.280000E+002   1.363846E-002
   9.290000E+002   1.358460E-002
   9.300000E+002   1.353275E-002
   9.310000E+002   1.348290E-002
   9.320000E+002   1.343505E-002
   9.330000E+002   1.338920E-002
   9.340000E+002   1.334536E-002
   9.350000E+002   1.330350E-002
   9.360000E+002   1.326365E-002
   9.370000E+002   1.322579E-002
   9.380000E+002   1.318992E-002
   9.390000E+002   1.315605E-002
   9.400000E+002   1.312416E-002
   9.410000E+002   1.309427E-002
   9.420000E+002   1.306636E-002
   9.430000E+002   1.304044E-002
   9.440000E+002   1.301650E-002
   9.450000E+002   1.299455E-002
   9.460000E+002   1.297458E-002
   9.470000E+002   1.295659E-002
   9.480000E+002   1.294058E-002
   9.490000E+002   1.292655E-002
   9.500000E+002   1.291450E-002
   9.510000E+002   1.290442E-002
   9.520000E+002   1.289628E-002
   9.530000E+002   1.289004E-002
   9.540000E+002   1.288567E-002
   9.550000E+002   1.288314E-002
   9.560000E+002   1.288241E-002
   9.570000E+002   1.288345E-002
   9.580000E+002   1.288622E-002
   9.590000E+002   1.289068E-002
   9.600000E+002   1.289680E-002
   9.610000E+002   1.290455E-002
   9.620000E+002   1.291389E-002
   9.630000E+002   1.292479E-002
   9.640000E+002   1.293720E-002
   9.650000E+002   1.295110E-002
   9.660000E+002   1.296645E-002
   9.670000E+002   1.298322E-002
   9.680000E+002   1.300137E-002
   9.690000E+002   1.302086E-002
   9.700000E+002   1.304166E-002
   9.710000E+002   1.306374E-002
   9.720000E+002   1.308706E-002
   9.730000E+002   1.311158E-002
   9.740000E+002   1.313727E-002
   9.750000E+002   1.316410E-002
   9.760000E+002   1.319203E-002
   9.770000E+002   1.322102E-002
   9.780000E+002   1.325105E-002
   9.790000E+002   1.328207E-002
   9.800000E+002   1.331405E-002
   9.810000E+002   1.334695E-002
   9.820000E+002   1.338075E-002
   9.830000E+002   1.341540E-002
   9.840000E+002   1.345087E-002
   9.850000E+002   1.348712E-002
   9.860000E+002   1.352413E-002
   9.870000E+002   1.356185E-002
   9.880000E+002   1.360024E-002
   9.890000E+002   1.363929E-002
   9.900000E+002   1.367894E-002
   9.910000E+002   1.371917E-002
   9.920000E+002   1.375994E-002
   9.930000E+002   1.380122E-002
   9.940000E+002   1.384296E-002
   9.950000E+002   1.388514E-002
   9.960000E+002   1.392772E-002
   9.970000E+002   1.397066E-002
   9.980000E+002   1.401393E-002
   9.990000E+002   1.405750E-002
   1.000000E+003   1.410133E-002
   1.001000E+003   1.414538E-002
   1.002000E+003   1.418963E-002
   1.003000E+003   1.423405E-002
   1.004000E+003   1.427860E-002
   1.005000E+003   1.432326E-002
   1.006000E+003   1.436800E-002
   1.007000E+003   1.441279E-002
   1.008000E+003   1.445760E-002
   1.009000E+003   1.450240E-002
   1.010000E+003   1.454717E-002
   1.011000E+003   1.459187E-002
   1.012000E+003   1.463648E-002
   1.013000E+003   1.468096E-002
   1.014000E+003   1.472529E-002
   1.015000E+003   1.476943E-002
   1.016000E+003   1.481337E-002
   1.017000E+003   1.485706E-002
   1.018000E+003   1.490048E-002
   1.019000E+003   1.494361E-002
   1.020000E+003   1.498641E-002
   1.021000E+003   1.502885E-002
   1.022000E+003   1.507090E-002
   1.023000E+003   1.511254E-002
   1.024000E+003   1.515374E-002
   1.025000E+003   1.519446E-002
   1.026000E+003   1.523468E-002
   1.027000E+003   1.527437E-002
   1.028000E+003   1.531350E-002
   1.029000E+003   1.535204E-002
   1.030000E+003   1.538996E-002
   1.031000E+003   1.542724E-002
   1.032000E+003   1.546384E-002
   1.033000E+003   1.549973E-002
   1.034000E+003   1.553489E-002
   1.035000E+003   1.556928E-002
   1.036000E+003   1.560288E-002
   1.037000E+003   1.563566E-002
   1.038000E+003   1.566759E-002
   1.039000E+003   1.569863E-002
   1.040000E+003   1.572877E-002
   1.041000E+003   1.575797E-002
   1.042000E+003   1.578620E-002
   1.043000E+003   1.581344E-002
   1.044000E+003   1.583965E-002
   1.045000E+003   1.586481E-002
   1.046000E+003   1.588888E-002
   1.047000E+003   1.591184E-002
   1.048000E+003   1.593366E-002
   1.049000E+003   1.595431E-002
   1.050000E+003   1.597375E-002
   1.051000E+003   1.599198E-002
   1.052000E+003   1.600897E-002
   1.053000E+003   1.602474E-002
   1.054000E+003   1.603927E-002
   1.055000E+003   1.605257E-002
   1.056000E+003   1.606464E-002
   1.057000E+003   1.607547E-002
   1.058000E+003   1.608508E-002
   1.059000E+003   1.609344E-002
   1.060000E+003   1.610058E-002
   1.061000E+003   1.610648E-002
   1.062000E+003   1.611114E-002
   1.063000E+003   1.611456E-002
   1.064000E+003   1.611675E-002
   1.065000E+003   1.611770E-002
   1.066000E+003   1.611741E-002
   1.067000E+003   1.611588E-002
   1.068000E+003   1.611311E-002
   1.069000E+003   1.610910E-002
   1.070000E+003   1.610384E-002
   1.071000E+003   1.609735E-002
   1.072000E+003   1.608961E-002
   1.073000E+003   1.608063E-002
   1.074000E+003   1.607040E-002
   1.075000E+003   1.605893E-002
   1.076000E+003   1.604622E-002
   1.077000E+003   1.603226E-002
   1.078000E+003   1.601705E-002
   1.079000E+003   1.600059E-002
   1.080000E+003   1.598289E-002
   1.081000E+003   1.596394E-002
   1.082000E+003   1.594373E-002
   1.083000E+003   1.592228E-002
   1.084000E+003   1.589958E-002
   1.085000E+003   1.587562E-002
   1.086000E+003   1.585042E-002
   1.087000E+003   1.582396E-002
   1.088000E+003   1.579624E-002
   1.089000E+003   1.576728E-002
   1.090000E+003   1.573705E-002
   1.091000E+003   1.570558E-002
   1.092000E+003   1.567284E-002
   1.093000E+003   1.563885E-002
   1.094000E+003   1.560360E-002
   1.095000E+003   1.556710E-002
   1.096000E+003   1.552933E-002
   1.097000E+003   1.549031E-002
   1.098000E+003   1.545002E-002
   1.099000E+003   1.540848E-002
   1.100000E+003   1.536567E-002
   1.101000E+003   1.532161E-002
   1.102000E+003   1.527632E-002
   1.103000E+003   1.522983E-002
   1.104000E+003   1.518217E-002
   1.105000E+003   1.513338E-002
   1.106000E+003   1.508348E-002
   1.107000E+003   1.503252E-002
   1.108000E+003   1.498052E-002
   1.109000E+003   1.492751E-002
   1.110000E+003   1.487353E-002
   1.111000E+003   1.481860E-002
   1.112000E+003   1.476277E-002
   1.113000E+003   1.470606E-002
   1.114000E+003   1.464850E-002
   1.115000E+003   1.459012E-002
   1.116000E+003   1.453097E-002
   1.117000E+003   1.447106E-002
   1.118000E+003   1.441043E-002
   1.119000E+003   1.434912E-002
   1.120000E+003   1.428716E-002
   1.121000E+003   1.422457E-002
   1.122000E+003   1.416139E-002
   1.123000E+003   1.409765E-002
   1.124000E+003   1.403339E-002
   1.125000E+003   1.396863E-002
   1.126000E+003   1.390341E-002
   1.127000E+003   1.383776E-002
   1.128000E+003   1.377170E-002
   1.129000E+003   1.370529E-002
   1.130000E+003   1.363854E-002
   1.131000E+003   1.357148E-002
   1.132000E+003   1.350416E-002
   1.133000E+003   1.343659E-002
   1.134000E+003   1.336882E-002
   1.135000E+003   1.330088E-002
   1.136000E+003   1.323279E-002
   1.137000E+003   1.316459E-002
   1.138000E+003   1.309631E-002
   1.139000E+003   1.302799E-002
   1.140000E+003   1.295965E-002
   1.141000E+003   1.289133E-002
   1.142000E+003   1.282305E-002
   1.143000E+003   1.275486E-002
   1.144000E+003   1.268678E-002
   1.145000E+003   1.261885E-002
   1.146000E+003   1.255109E-002
   1.147000E+003   1.248354E-002
   1.148000E+003   1.241623E-002
   1.149000E+003   1.234920E-002
   1.150000E+003   1.228247E-002
   1.151000E+003   1.221607E-002
   1.152000E+003   1.215000E-002
   1.153000E+003   1.208426E-002
   1.154000E+003   1.201883E-002
   1.155000E+003   1.195371E-002
   1.156000E+003   1.188889E-002
   1.157000E+003   1.182438E-002
   1.158000E+003   1.176015E-002
   1.159000E+003   1.169620E-002
   1.160000E+003   1.163253E-002
   1.161000E+003   1.156913E-002
   1.162000E+003   1.150599E-002
   1.163000E+003   1.144311E-002
   1.164000E+003   1.138048E-002
   1.165000E+003   1.131809E-002
   1.166000E+003   1.125593E-002
   1.167000E+003   1.119401E-002
   1.168000E+003   1.113231E-002
   1.169000E+003   1.107082E-002
   1.170000E+003   1.100954E-002
   1.171000E+003   1.094847E-002
   1.172000E+003   1.088759E-002
   1.173000E+003   1.082689E-002
   1.174000E+003   1.076638E-002
   1.175000E+003   1.070605E-002
   1.176000E+003   1.064588E-002
   1.177000E+003   1.058588E-002
   1.178000E+003   1.052603E-002
   1.179000E+003   1.046633E-002
   1.180000E+003   1.040677E-002
   1.181000E+003   1.034734E-002
   1.182000E+003   1.028804E-002
   1.183000E+003   1.022887E-002
   1.184000E+003   1.016981E-002
   1.185000E+003   1.011085E-002
   1.186000E+003   1.005200E-002
   1.187000E+003   9.993244E-003
   1.188000E+003   9.934573E-003
   1.189000E+003   9.875984E-003
   1.190000E+003   9.817468E-003
   1.191000E+003   9.759020E-003
   1.192000E+003   9.700633E-003
   1.193000E+003   9.642299E-003
   1.194000E+003   9.584013E-003
   1.195000E+003   9.525767E-003
   1.196000E+003   9.467555E-003
   1.197000E+003   9.409369E-003
   1.198000E+003   9.351204E-003
   1.199000E+003   9.293053E-003
   1.200000E+003   9.234908E-003
