    1.500000E+00    1.500000E+00    1.500000E+00    1.500000E+00    1.500000E+00    1.500000E+00
    1.500001E+00    1.500001E+00    1.500001E+00    1.500001E+00    1.500001E+00    1.500001E+00
    1.500002E+00    1.500002E+00    1.500002E+00    1.500002E+00    1.500002E+00    1.500002E+00
    1.500002E+00    1.500002E+00    1.500002E+00    1.500002E+00    1.500002E+00    1.500002E+00
    1.500003E+00    1.500003E+00    1.500003E+00    1.500003E+00    1.500003E+00    1.500003E+00
    1.500004E+00    1.500004E+00    1.500004E+00    1.500004E+00    1.500004E+00    1.500004E+00
    1.500004E+00    1.500004E+00    1.500004E+00    1.500004E+00    1.500004E+00    1.500005E+00
    1.500005E+00    1.500005E+00    1.500005E+00    1.500005E+00    1.500005E+00    1.500005E+00
    1.500005E+00    1.500005E+00    1.500005E+00    1.500005E+00    1.500005E+00    1.500006E+00
    1.500006E+00    1.500006E+00    1.500006E+00    1.500006E+00    1.500006E+00    1.500006E+00
    1.500006E+00    1.500006E+00    1.500006E+00    1.500006E+00    1.500006E+00    1.500007E+00
    1.500007E+00    1.500007E+00    1.500007E+00    1.500007E+00    1.500007E+00    1.500008E+00
    1.500007E+00    1.500007E+00    1.500007E+00    1.500007E+00    1.500007E+00    1.500008E+00
    1.500008E+00    1.500008E+00    1.500008E+00    1.500008E+00    1.500008E+00    1.500009E+00
    1.500008E+00    1.500008E+00    1.500008E+00    1.500008E+00    1.500008E+00    1.500009E+00
    1.500009E+00    1.500009E+00    1.500009E+00    1.500009E+00    1.500009E+00    1.500010E+00
    1.500009E+00    1.500009E+00    1.500009E+00    1.500009E+00    1.500009E+00    1.500011E+00
    1.500010E+00    1.500010E+00    1.500010E+00    1.500010E+00    1.500010E+00    1.500011E+00
    1.500010E+00    1.500010E+00    1.500010E+00    1.500010E+00    1.500010E+00    1.500012E+00
    1.500011E+00    1.500011E+00    1.500011E+00    1.500011E+00    1.500011E+00    1.500012E+00
    1.500011E+00    1.500011E+00    1.500011E+00    1.500011E+00    1.500012E+00    1.500013E+00
    1.500012E+00    1.500012E+00    1.500012E+00    1.500012E+00    1.500012E+00    1.500014E+00
    1.500012E+00    1.500012E+00    1.500012E+00    1.500012E+00    1.500013E+00    1.500014E+00
    1.500013E+00    1.500013E+00    1.500013E+00    1.500013E+00    1.500013E+00    1.500015E+00
    1.500013E+00    1.500013E+00    1.500013E+00    1.500013E+00    1.500014E+00    1.500016E+00
    1.500014E+00    1.500014E+00    1.500014E+00    1.500014E+00    1.500014E+00    1.500017E+00
    1.500015E+00    1.500015E+00    1.500015E+00    1.500015E+00    1.500015E+00    1.500017E+00
    1.500015E+00    1.500015E+00    1.500015E+00    1.500015E+00    1.500016E+00    1.500018E+00
    1.500016E+00    1.500016E+00    1.500016E+00    1.500016E+00    1.500016E+00    1.500019E+00
    1.500016E+00    1.500016E+00    1.500016E+00    1.500016E+00    1.500017E+00    1.500020E+00
    1.500017E+00    1.500017E+00    1.500017E+00    1.500017E+00    1.500018E+00    1.500021E+00
    1.500018E+00    1.500018E+00    1.500018E+00    1.500018E+00    1.500018E+00    1.500022E+00
    1.500018E+00    1.500018E+00    1.500018E+00    1.500019E+00    1.500019E+00    1.500023E+00
    1.500019E+00    1.500019E+00    1.500019E+00    1.500019E+00    1.500020E+00    1.500024E+00
    1.500020E+00    1.500020E+00    1.500020E+00    1.500020E+00    1.500021E+00    1.500025E+00
    1.500021E+00    1.500021E+00    1.500021E+00    1.500021E+00    1.500021E+00    1.500026E+00
    1.500021E+00    1.500021E+00    1.500021E+00    1.500022E+00    1.500022E+00    1.500027E+00
    1.500022E+00    1.500022E+00    1.500022E+00    1.500022E+00    1.500023E+00    1.500029E+00
    1.500023E+00    1.500023E+00    1.500023E+00    1.500023E+00    1.500024E+00    1.500030E+00
    1.500024E+00    1.500024E+00    1.500024E+00    1.500024E+00    1.500025E+00    1.500031E+00
    1.500025E+00    1.500025E+00    1.500025E+00    1.500025E+00    1.500026E+00    1.500033E+00
    1.500026E+00    1.500026E+00    1.500026E+00    1.500026E+00    1.500027E+00    1.500034E+00
    1.500027E+00    1.500027E+00    1.500027E+00    1.500027E+00    1.500028E+00    1.500036E+00
    1.500028E+00    1.500028E+00    1.500028E+00    1.500028E+00    1.500029E+00    1.500038E+00
    1.500029E+00    1.500029E+00    1.500029E+00    1.500029E+00    1.500030E+00    1.500040E+00
    1.500030E+00    1.500030E+00    1.500030E+00    1.500030E+00    1.500031E+00    1.500042E+00
    1.500031E+00    1.500031E+00    1.500031E+00    1.500031E+00    1.500033E+00    1.500044E+00
    1.500032E+00    1.500032E+00    1.500032E+00    1.500033E+00    1.500034E+00    1.500046E+00
    1.500033E+00    1.500033E+00    1.500033E+00    1.500034E+00    1.500035E+00    1.500048E+00
    1.500035E+00    1.500035E+00    1.500035E+00    1.500035E+00    1.500037E+00    1.500050E+00
    1.500036E+00    1.500036E+00    1.500036E+00    1.500036E+00    1.500038E+00    1.500053E+00
    1.500037E+00    1.500037E+00    1.500037E+00    1.500038E+00    1.500040E+00    1.500055E+00
    1.500039E+00    1.500039E+00    1.500039E+00    1.500039E+00    1.500041E+00    1.500058E+00
    1.500040E+00    1.500040E+00    1.500040E+00    1.500041E+00    1.500043E+00    1.500061E+00
    1.500042E+00    1.500042E+00    1.500042E+00    1.500042E+00    1.500045E+00    1.500064E+00
    1.500043E+00    1.500043E+00    1.500043E+00    1.500044E+00    1.500046E+00    1.500068E+00
    1.500045E+00    1.500045E+00    1.500045E+00    1.500046E+00    1.500048E+00    1.500071E+00
    1.500047E+00    1.500047E+00    1.500047E+00    1.500047E+00    1.500050E+00    1.500075E+00
    1.500048E+00    1.500048E+00    1.500048E+00    1.500049E+00    1.500052E+00    1.500079E+00
    1.500050E+00    1.500050E+00    1.500050E+00    1.500051E+00    1.500054E+00    1.500083E+00
    1.500052E+00    1.500052E+00    1.500052E+00    1.500053E+00    1.500057E+00    1.500087E+00
    1.500054E+00    1.500054E+00    1.500054E+00    1.500055E+00    1.500059E+00    1.500092E+00
    1.500056E+00    1.500056E+00    1.500056E+00    1.500057E+00    1.500061E+00    1.500097E+00
    1.500058E+00    1.500058E+00    1.500058E+00    1.500059E+00    1.500064E+00    1.500102E+00
    1.500060E+00    1.500060E+00    1.500060E+00    1.500062E+00    1.500066E+00    1.500108E+00
    1.500063E+00    1.500063E+00    1.500063E+00    1.500064E+00    1.500069E+00    1.500113E+00
    1.500065E+00    1.500065E+00    1.500065E+00    1.500066E+00    1.500072E+00    1.500120E+00
    1.500068E+00    1.500068E+00    1.500068E+00    1.500069E+00    1.500075E+00    1.500126E+00
    1.500070E+00    1.500070E+00    1.500070E+00    1.500072E+00    1.500078E+00    1.500133E+00
    1.500073E+00    1.500073E+00    1.500073E+00    1.500074E+00    1.500081E+00    1.500141E+00
    1.500075E+00    1.500075E+00    1.500075E+00    1.500077E+00    1.500085E+00    1.500149E+00
    1.500078E+00    1.500078E+00    1.500078E+00    1.500080E+00    1.500088E+00    1.500157E+00
    1.500081E+00    1.500081E+00    1.500081E+00    1.500083E+00    1.500092E+00    1.500166E+00
    1.500084E+00    1.500084E+00    1.500084E+00    1.500086E+00    1.500096E+00    1.500176E+00
    1.500087E+00    1.500087E+00    1.500087E+00    1.500090E+00    1.500100E+00    1.500186E+00
    1.500091E+00    1.500091E+00    1.500091E+00    1.500093E+00    1.500104E+00    1.500197E+00
    1.500094E+00    1.500094E+00    1.500094E+00    1.500097E+00    1.500108E+00    1.500208E+00
    1.500098E+00    1.500098E+00    1.500098E+00    1.500101E+00    1.500113E+00    1.500221E+00
    1.500101E+00    1.500101E+00    1.500101E+00    1.500104E+00    1.500118E+00    1.500234E+00
    1.500105E+00    1.500105E+00    1.500105E+00    1.500108E+00    1.500123E+00    1.500248E+00
    1.500109E+00    1.500109E+00    1.500109E+00    1.500113E+00    1.500128E+00    1.500263E+00
    1.500113E+00    1.500113E+00    1.500113E+00    1.500117E+00    1.500134E+00    1.500278E+00
    1.500117E+00    1.500117E+00    1.500117E+00    1.500122E+00    1.500140E+00    1.500295E+00
    1.500122E+00    1.500122E+00    1.500122E+00    1.500126E+00    1.500146E+00    1.500313E+00
    1.500126E+00    1.500126E+00    1.500126E+00    1.500131E+00    1.500152E+00    1.500333E+00
    1.500131E+00    1.500131E+00    1.500131E+00    1.500136E+00    1.500159E+00    1.500353E+00
    1.500136E+00    1.500136E+00    1.500136E+00    1.500142E+00    1.500166E+00    1.500375E+00
    1.500141E+00    1.500141E+00    1.500141E+00    1.500147E+00    1.500174E+00    1.500398E+00
    1.500146E+00    1.500146E+00    1.500146E+00    1.500153E+00    1.500181E+00    1.500423E+00
    1.500152E+00    1.500152E+00    1.500152E+00    1.500159E+00    1.500190E+00    1.500450E+00
    1.500158E+00    1.500158E+00    1.500158E+00    1.500165E+00    1.500198E+00    1.500479E+00
    1.500163E+00    1.500163E+00    1.500163E+00    1.500172E+00    1.500207E+00    1.500509E+00
    1.500170E+00    1.500170E+00    1.500170E+00    1.500179E+00    1.500217E+00    1.500542E+00
    1.500176E+00    1.500176E+00    1.500176E+00    1.500186E+00    1.500227E+00    1.500577E+00
    1.500183E+00    1.500183E+00    1.500183E+00    1.500193E+00    1.500237E+00    1.500614E+00
    1.500189E+00    1.500189E+00    1.500189E+00    1.500201E+00    1.500248E+00    1.500654E+00
    1.500197E+00    1.500197E+00    1.500197E+00    1.500209E+00    1.500260E+00    1.500696E+00
    1.500204E+00    1.500204E+00    1.500204E+00    1.500217E+00    1.500272E+00    1.500742E+00
    1.500212E+00    1.500212E+00    1.500212E+00    1.500226E+00    1.500285E+00    1.500791E+00
    1.500220E+00    1.500220E+00    1.500220E+00    1.500235E+00    1.500298E+00    1.500843E+00
    1.500228E+00    1.500228E+00    1.500228E+00    1.500244E+00    1.500312E+00    1.500899E+00
    1.500236E+00    1.500236E+00    1.500236E+00    1.500254E+00    1.500327E+00    1.500959E+00
    1.500245E+00    1.500245E+00    1.500245E+00    1.500264E+00    1.500343E+00    1.501023E+00
    1.500254E+00    1.500254E+00    1.500254E+00    1.500275E+00    1.500360E+00    1.501092E+00
    1.500264E+00    1.500264E+00    1.500264E+00    1.500286E+00    1.500378E+00    1.501165E+00
    1.500274E+00    1.500274E+00    1.500274E+00    1.500297E+00    1.500396E+00    1.501244E+00
    1.500284E+00    1.500284E+00    1.500284E+00    1.500309E+00    1.500416E+00    1.501328E+00
    1.500295E+00    1.500295E+00    1.500295E+00    1.500322E+00    1.500437E+00    1.501419E+00
    1.500306E+00    1.500306E+00    1.500306E+00    1.500335E+00    1.500459E+00    1.501516E+00
    1.500317E+00    1.500317E+00    1.500317E+00    1.500349E+00    1.500482E+00    1.501620E+00
    1.500329E+00    1.500329E+00    1.500329E+00    1.500363E+00    1.500506E+00    1.501732E+00
    1.500341E+00    1.500341E+00    1.500342E+00    1.500378E+00    1.500532E+00    1.501851E+00
    1.500354E+00    1.500354E+00    1.500354E+00    1.500393E+00    1.500559E+00    1.501979E+00
    1.500368E+00    1.500368E+00    1.500368E+00    1.500410E+00    1.500588E+00    1.502117E+00
    1.500381E+00    1.500381E+00    1.500381E+00    1.500427E+00    1.500619E+00    1.502264E+00
    1.500396E+00    1.500396E+00    1.500396E+00    1.500445E+00    1.500651E+00    1.502423E+00
    1.500410E+00    1.500411E+00    1.500411E+00    1.500463E+00    1.500686E+00    1.502592E+00
    1.500426E+00    1.500426E+00    1.500426E+00    1.500483E+00    1.500722E+00    1.502775E+00
    1.500442E+00    1.500442E+00    1.500442E+00    1.500503E+00    1.500761E+00    1.502970E+00
    1.500458E+00    1.500458E+00    1.500459E+00    1.500524E+00    1.500802E+00    1.503180E+00
    1.500476E+00    1.500476E+00    1.500476E+00    1.500546E+00    1.500845E+00    1.503405E+00
    1.500493E+00    1.500493E+00    1.500494E+00    1.500569E+00    1.500891E+00    1.503647E+00
    1.500512E+00    1.500512E+00    1.500512E+00    1.500594E+00    1.500940E+00    1.503906E+00
    1.500531E+00    1.500531E+00    1.500531E+00    1.500619E+00    1.500992E+00    1.504185E+00
    1.500551E+00    1.500551E+00    1.500551E+00    1.500646E+00    1.501047E+00    1.504484E+00
    1.500572E+00    1.500572E+00    1.500572E+00    1.500674E+00    1.501106E+00    1.504805E+00
    1.500593E+00    1.500593E+00    1.500593E+00    1.500703E+00    1.501168E+00    1.505150E+00
    1.500615E+00    1.500615E+00    1.500616E+00    1.500734E+00    1.501235E+00    1.505520E+00
    1.500638E+00    1.500638E+00    1.500639E+00    1.500766E+00    1.501305E+00    1.505918E+00
    1.500662E+00    1.500662E+00    1.500663E+00    1.500799E+00    1.501380E+00    1.506345E+00
    1.500687E+00    1.500687E+00    1.500687E+00    1.500835E+00    1.501459E+00    1.506804E+00
    1.500713E+00    1.500713E+00    1.500713E+00    1.500872E+00    1.501544E+00    1.507296E+00
    1.500739E+00    1.500740E+00    1.500740E+00    1.500910E+00    1.501634E+00    1.507826E+00
    1.500767E+00    1.500767E+00    1.500768E+00    1.500951E+00    1.501730E+00    1.508394E+00
    1.500796E+00    1.500796E+00    1.500796E+00    1.500994E+00    1.501833E+00    1.509005E+00
    1.500826E+00    1.500826E+00    1.500826E+00    1.501039E+00    1.501942E+00    1.509662E+00
    1.500857E+00    1.500857E+00    1.500857E+00    1.501086E+00    1.502058E+00    1.510367E+00
    1.500889E+00    1.500889E+00    1.500889E+00    1.501136E+00    1.502182E+00    1.511124E+00
    1.500922E+00    1.500922E+00    1.500923E+00    1.501188E+00    1.502314E+00    1.511939E+00
    1.500956E+00    1.500956E+00    1.500957E+00    1.501243E+00    1.502454E+00    1.512813E+00
    1.500992E+00    1.500992E+00    1.500993E+00    1.501300E+00    1.502605E+00    1.513753E+00
    1.501029E+00    1.501029E+00    1.501030E+00    1.501361E+00    1.502765E+00    1.514763E+00
    1.501068E+00    1.501068E+00    1.501069E+00    1.501425E+00    1.502936E+00    1.515849E+00
    1.501108E+00    1.501108E+00    1.501109E+00    1.501492E+00    1.503118E+00    1.517015E+00
    1.501149E+00    1.501149E+00    1.501150E+00    1.501563E+00    1.503313E+00    1.518269E+00
    1.501192E+00    1.501192E+00    1.501193E+00    1.501637E+00    1.503521E+00    1.519616E+00
    1.501237E+00    1.501237E+00    1.501238E+00    1.501716E+00    1.503743E+00    1.521064E+00
    1.501283E+00    1.501283E+00    1.501284E+00    1.501798E+00    1.503981E+00    1.522620E+00
    1.501331E+00    1.501331E+00    1.501332E+00    1.501886E+00    1.504235E+00    1.524292E+00
    1.501380E+00    1.501381E+00    1.501382E+00    1.501978E+00    1.504506E+00    1.526089E+00
    1.501432E+00    1.501432E+00    1.501434E+00    1.502075E+00    1.504796E+00    1.528020E+00
    1.501485E+00    1.501486E+00    1.501487E+00    1.502177E+00    1.505106E+00    1.530096E+00
    1.501541E+00    1.501541E+00    1.501543E+00    1.502286E+00    1.505437E+00    1.532326E+00
    1.501598E+00    1.501598E+00    1.501601E+00    1.502400E+00    1.505792E+00    1.534723E+00
    1.501658E+00    1.501658E+00    1.501661E+00    1.502521E+00    1.506171E+00    1.537299E+00
    1.501720E+00    1.501720E+00    1.501723E+00    1.502648E+00    1.506577E+00    1.540067E+00
    1.501784E+00    1.501784E+00    1.501787E+00    1.502783E+00    1.507011E+00    1.543042E+00
    1.501851E+00    1.501851E+00    1.501854E+00    1.502926E+00    1.507476E+00    1.546238E+00
    1.501919E+00    1.501920E+00    1.501923E+00    1.503077E+00    1.507974E+00    1.549672E+00
    1.501991E+00    1.501991E+00    1.501995E+00    1.503237E+00    1.508506E+00    1.553362E+00
    1.502065E+00    1.502065E+00    1.502069E+00    1.503406E+00    1.509077E+00    1.557327E+00
    1.502142E+00    1.502142E+00    1.502146E+00    1.503585E+00    1.509687E+00    1.561586E+00
    1.502222E+00    1.502222E+00    1.502226E+00    1.503774E+00    1.510341E+00    1.566162E+00
    1.502304E+00    1.502305E+00    1.502309E+00    1.503975E+00    1.511042E+00    1.571077E+00
    1.502390E+00    1.502390E+00    1.502395E+00    1.504188E+00    1.511792E+00    1.576356E+00
    1.502479E+00    1.502479E+00    1.502485E+00    1.504414E+00    1.512596E+00    1.582026E+00
    1.502571E+00    1.502572E+00    1.502577E+00    1.504653E+00    1.513458E+00    1.588115E+00
    1.502667E+00    1.502667E+00    1.502673E+00    1.504907E+00    1.514381E+00    1.594654E+00
    1.502766E+00    1.502766E+00    1.502773E+00    1.505177E+00    1.515370E+00    1.601675E+00
    1.502869E+00    1.502869E+00    1.502876E+00    1.505463E+00    1.516430E+00    1.609211E+00
    1.502975E+00    1.502975E+00    1.502983E+00    1.505767E+00    1.517567E+00    1.617302E+00
    1.503085E+00    1.503086E+00    1.503094E+00    1.506089E+00    1.518785E+00    1.625985E+00
    1.503200E+00    1.503200E+00    1.503209E+00    1.506432E+00    1.520091E+00    1.635302E+00
    1.503318E+00    1.503319E+00    1.503328E+00    1.506796E+00    1.521491E+00    1.645299E+00
    1.503441E+00    1.503442E+00    1.503452E+00    1.507183E+00    1.522992E+00    1.656023E+00
    1.503569E+00    1.503569E+00    1.503580E+00    1.507595E+00    1.524601E+00    1.667525E+00
    1.503701E+00    1.503701E+00    1.503713E+00    1.508032E+00    1.526326E+00    1.679858E+00
    1.503838E+00    1.503838E+00    1.503851E+00    1.508498E+00    1.528177E+00    1.693079E+00
    1.503980E+00    1.503980E+00    1.503994E+00    1.508994E+00    1.530161E+00    1.707249E+00
    1.504127E+00    1.504127E+00    1.504142E+00    1.509521E+00    1.532288E+00    1.722432E+00
    1.504279E+00    1.504280E+00    1.504296E+00    1.510082E+00    1.534570E+00    1.738696E+00
    1.504437E+00    1.504438E+00    1.504455E+00    1.510680E+00    1.537017E+00    1.756111E+00
    1.504600E+00    1.504601E+00    1.504620E+00    1.511316E+00    1.539641E+00    1.774753E+00
    1.504770E+00    1.504771E+00    1.504791E+00    1.511995E+00    1.542455E+00    1.794702E+00
    1.504945E+00    1.504946E+00    1.504968E+00    1.512717E+00    1.545473E+00    1.816040E+00
    1.505127E+00    1.505128E+00    1.505152E+00    1.513487E+00    1.548709E+00    1.838854E+00
    1.505316E+00    1.505317E+00    1.505342E+00    1.514308E+00    1.552179E+00    1.863235E+00
    1.505511E+00    1.505512E+00    1.505539E+00    1.515183E+00    1.555901E+00    1.889278E+00
    1.505714E+00    1.505715E+00    1.505744E+00    1.516116E+00    1.559892E+00    1.917082E+00
    1.505923E+00    1.505924E+00    1.505956E+00    1.517111E+00    1.564171E+00    1.946747E+00
    1.506140E+00    1.506142E+00    1.506175E+00    1.518173E+00    1.568760E+00    1.978378E+00
    1.506365E+00    1.506367E+00    1.506403E+00    1.519305E+00    1.573679E+00    2.012083E+00
    1.506598E+00    1.506599E+00    1.506638E+00    1.520514E+00    1.578954E+00    2.047971E+00
    1.506839E+00    1.506841E+00    1.506882E+00    1.521804E+00    1.584608E+00    2.086153E+00
    1.507088E+00    1.507090E+00    1.507135E+00    1.523180E+00    1.590668E+00    2.126739E+00
    1.507347E+00    1.507349E+00    1.507397E+00    1.524650E+00    1.597164E+00    2.169841E+00
    1.507615E+00    1.507617E+00    1.507669E+00    1.526218E+00    1.604126E+00    2.215568E+00
    1.507892E+00    1.507894E+00    1.507950E+00    1.527894E+00    1.611586E+00    2.264024E+00
    1.508178E+00    1.508181E+00    1.508241E+00    1.529682E+00    1.619579E+00    2.315310E+00
    1.508475E+00    1.508478E+00    1.508543E+00    1.531593E+00    1.628141E+00    2.369520E+00
    1.508783E+00    1.508786E+00    1.508855E+00    1.533633E+00    1.637313E+00    2.426737E+00
    1.509101E+00    1.509104E+00    1.509178E+00    1.535813E+00    1.647134E+00    2.487031E+00
    1.509430E+00    1.509433E+00    1.509513E+00    1.538141E+00    1.657651E+00    2.550458E+00
    1.509770E+00    1.509774E+00    1.509860E+00    1.540628E+00    1.668908E+00    2.617052E+00
    1.510122E+00    1.510126E+00    1.510219E+00    1.543285E+00    1.680957E+00    2.686825E+00
    1.510487E+00    1.510491E+00    1.510591E+00    1.546125E+00    1.693848E+00    2.759757E+00
    1.510864E+00    1.510869E+00    1.510975E+00    1.549158E+00    1.707639E+00    2.835796E+00
    1.511254E+00    1.511259E+00    1.511374E+00    1.552399E+00    1.722387E+00    2.914846E+00
    1.511657E+00    1.511662E+00    1.511786E+00    1.555863E+00    1.738154E+00    2.996765E+00
    1.512074E+00    1.512080E+00    1.512212E+00    1.559563E+00    1.755005E+00    3.081351E+00
    1.512505E+00    1.512511E+00    1.512654E+00    1.563517E+00    1.773008E+00    3.168341E+00
    1.512951E+00    1.512957E+00    1.513110E+00    1.567743E+00    1.792234E+00    3.257392E+00
    1.513411E+00    1.513419E+00    1.513583E+00    1.572257E+00    1.812759E+00    3.348079E+00
    1.513887E+00    1.513895E+00    1.514072E+00    1.577080E+00    1.834660E+00    3.439879E+00
    1.514379E+00    1.514388E+00    1.514578E+00    1.582233E+00    1.858018E+00    3.532157E+00
    1.514888E+00    1.514897E+00    1.515101E+00    1.587739E+00    1.882919E+00    3.624160E+00
    1.515413E+00    1.515423E+00    1.515642E+00    1.593620E+00    1.909448E+00    3.714996E+00
    1.515955E+00    1.515966E+00    1.516201E+00    1.599901E+00    1.937696E+00    3.803625E+00
    1.516516E+00    1.516527E+00    1.516780E+00    1.606611E+00    1.967755E+00    3.888843E+00
    1.517094E+00    1.517106E+00    1.517378E+00    1.613776E+00    1.999720E+00    3.969272E+00
    1.517692E+00    1.517705E+00    1.517996E+00    1.621426E+00    2.033685E+00    4.043344E+00
    1.518308E+00    1.518322E+00    1.518635E+00    1.629595E+00    2.069749E+00    4.109292E+00
    1.518945E+00    1.518960E+00    1.519296E+00    1.638314E+00    2.108007E+00    4.165144E+00
    1.519601E+00    1.519618E+00    1.519978E+00    1.647621E+00    2.148555E+00    4.208714E+00
    1.520279E+00    1.520296E+00    1.520684E+00    1.657551E+00    2.191488E+00    4.237607E+00
    1.520978E+00    1.520996E+00    1.521412E+00    1.668146E+00    2.236898E+00    4.249224E+00
    1.521699E+00    1.521719E+00    1.522165E+00    1.679447E+00    2.284871E+00    4.240773E+00
    1.522442E+00    1.522463E+00    1.522942E+00    1.691498E+00    2.335487E+00    4.209298E+00
    1.523208E+00    1.523231E+00    1.523745E+00    1.704346E+00    2.388821E+00    4.151712E+00
    1.523998E+00    1.524022E+00    1.524573E+00    1.718038E+00    2.444933E+00    4.064847E+00
    1.524811E+00    1.524838E+00    1.525429E+00    1.732627E+00    2.503875E+00    3.945521E+00
    1.525650E+00    1.525678E+00    1.526312E+00    1.748166E+00    2.565680E+00    3.790623E+00
    1.526513E+00    1.526543E+00    1.527223E+00    1.764710E+00    2.630362E+00    3.597220E+00
    1.527402E+00    1.527434E+00    1.528164E+00    1.782319E+00    2.697915E+00    3.362687E+00
    1.528317E+00    1.528352E+00    1.529134E+00    1.801052E+00    2.768305E+00    3.084860E+00
    1.529259E+00    1.529296E+00    1.530135E+00    1.820974E+00    2.841464E+00    2.762220E+00
    1.530228E+00    1.530268E+00    1.531167E+00    1.842149E+00    2.917292E+00    2.394093E+00
    1.531225E+00    1.531268E+00    1.532231E+00    1.864646E+00    2.995644E+00    1.980882E+00
    1.532250E+00    1.532296E+00    1.533328E+00    1.888533E+00    3.076328E+00    1.524313E+00
    1.533304E+00    1.533353E+00    1.534459E+00    1.913882E+00    3.159098E+00    1.027690E+00
    1.534387E+00    1.534440E+00    1.535625E+00    1.940767E+00    3.243644E+00    4.961565E-01
    1.535500E+00    1.535556E+00    1.536826E+00    1.969261E+00    3.329590E+00   -6.306524E-02
    1.536643E+00    1.536703E+00    1.538063E+00    1.999441E+00    3.416479E+00   -6.404612E-01
    1.537816E+00    1.537881E+00    1.539337E+00    2.031382E+00    3.503772E+00   -1.224075E+00
    1.539021E+00    1.539091E+00    1.540650E+00    2.065161E+00    3.590833E+00   -1.799446E+00
    1.540257E+00    1.540332E+00    1.542001E+00    2.100852E+00    3.676925E+00   -2.349663E+00
    1.541525E+00    1.541605E+00    1.543391E+00    2.138530E+00    3.761199E+00   -2.855585E+00
    1.542825E+00    1.542911E+00    1.544822E+00    2.178268E+00    3.842687E+00   -3.296254E+00
    1.544158E+00    1.544250E+00    1.546295E+00    2.220135E+00    3.920293E+00   -3.649552E+00
    1.545524E+00    1.545622E+00    1.547809E+00    2.264195E+00    3.992789E+00   -3.893114E+00
    1.546923E+00    1.547027E+00    1.549367E+00    2.310511E+00    4.058805E+00   -4.005546E+00
    1.548355E+00    1.548467E+00    1.550969E+00    2.359135E+00    4.116832E+00   -3.967919E+00
    1.549821E+00    1.549941E+00    1.552615E+00    2.410115E+00    4.165218E+00   -3.765538E+00
    1.551321E+00    1.551449E+00    1.554308E+00    2.463485E+00    4.202169E+00   -3.389909E+00
    1.552855E+00    1.552991E+00    1.556046E+00    2.519272E+00    4.225759E+00   -2.840798E+00
    1.554423E+00    1.554569E+00    1.557833E+00    2.577487E+00    4.233938E+00   -2.128230E+00
    1.556025E+00    1.556181E+00    1.559668E+00    2.638126E+00    4.224552E+00   -1.274191E+00
    1.557662E+00    1.557828E+00    1.561552E+00    2.701168E+00    4.195364E+00   -3.137788E-01
    1.559332E+00    1.559510E+00    1.563486E+00    2.766569E+00    4.144088E+00    7.045191E-01
    1.561037E+00    1.561227E+00    1.565471E+00    2.834263E+00    4.068427E+00    1.719765E+00
    1.562776E+00    1.562979E+00    1.567508E+00    2.904156E+00    3.966126E+00    2.661028E+00
    1.564549E+00    1.564765E+00    1.569598E+00    2.976127E+00    3.835030E+00    3.451599E+00
    1.566356E+00    1.566586E+00    1.571741E+00    3.050017E+00    3.673158E+00    4.015065E+00
    1.568196E+00    1.568442E+00    1.573939E+00    3.125633E+00    3.478785E+00    4.283099E+00
    1.570070E+00    1.570332E+00    1.576193E+00    3.202740E+00    3.250540E+00    4.204522E+00
    1.571976E+00    1.572255E+00    1.578502E+00    3.281059E+00    2.987513E+00    3.754828E+00
    1.573915E+00    1.574212E+00    1.580870E+00    3.360259E+00    2.689372E+00    2.944967E+00
    1.575886E+00    1.576203E+00    1.583295E+00    3.439960E+00    2.356488E+00    1.827811E+00
    1.577888E+00    1.578226E+00    1.585779E+00    3.519723E+00    1.990067E+00    5.005133E-01
    1.579921E+00    1.580281E+00    1.588324E+00    3.599047E+00    1.592282E+00   -8.989896E-01
    1.581985E+00    1.582368E+00    1.590929E+00    3.677369E+00    1.166406E+00   -2.202720E+00
    1.584078E+00    1.584486E+00    1.593597E+00    3.754056E+00    7.169202E-01   -3.231161E+00
    1.586201E+00    1.586634E+00    1.596327E+00    3.828406E+00    2.496231E-01   -3.818703E+00
    1.588351E+00    1.588812E+00    1.599121E+00    3.899644E+00   -2.283075E-01   -3.843466E+00
    1.590529E+00    1.591019E+00    1.601980E+00    3.966920E+00   -7.082821E-01   -3.257002E+00
    1.592733E+00    1.593254E+00    1.604906E+00    4.029312E+00   -1.180323E+00   -2.107707E+00
    1.594962E+00    1.595516E+00    1.607898E+00    4.085822E+00   -1.633154E+00   -5.508874E-01
    1.597216E+00    1.597805E+00    1.610958E+00    4.135384E+00   -2.054367E+00    1.160994E+00
    1.599493E+00    1.600119E+00    1.614088E+00    4.176861E+00   -2.430677E+00    2.711818E+00
    1.601793E+00    1.602457E+00    1.617288E+00    4.209060E+00   -2.748289E+00    3.778248E+00
    1.604114E+00    1.604818E+00    1.620559E+00    4.230733E+00   -2.993353E+00    4.101778E+00
    1.606454E+00    1.607202E+00    1.623904E+00    4.240590E+00   -3.152552E+00    3.562074E+00
    1.608814E+00    1.609607E+00    1.627323E+00    4.237315E+00   -3.213774E+00    2.231755E+00
    1.611190E+00    1.612031E+00    1.630817E+00    4.219579E+00   -3.166885E+00    3.914558E-01
    1.613583E+00    1.614475E+00    1.634389E+00    4.186063E+00   -3.004571E+00   -1.510848E+00
    1.615990E+00    1.616936E+00    1.638039E+00    4.135478E+00   -2.723200E+00   -2.959438E+00
    1.618411E+00    1.619413E+00    1.641769E+00    4.066596E+00   -2.323676E+00   -3.513577E+00
    1.620844E+00    1.621905E+00    1.645582E+00    3.978278E+00   -1.812200E+00   -2.957016E+00
    1.623287E+00    1.624411E+00    1.649478E+00    3.869508E+00   -1.200882E+00   -1.403535E+00
    1.625740E+00    1.626929E+00    1.653459E+00    3.739431E+00   -5.081157E-01    6.917039E-01
    1.628199E+00    1.629458E+00    1.657528E+00    3.587394E+00    2.413886E-01    2.643704E+00
    1.630665E+00    1.631996E+00    1.661686E+00    3.412986E+00    1.016971E+00    3.758989E+00
    1.633136E+00    1.634543E+00    1.665936E+00    3.216090E+00    1.782885E+00    3.573701E+00
    1.635609E+00    1.637097E+00    1.670279E+00    2.996921E+00    2.499708E+00    2.140346E+00
    1.638084E+00    1.639657E+00    1.674719E+00    2.756078E+00    3.126301E+00    7.182403E-03
    1.640558E+00    1.642221E+00    1.679258E+00    2.494584E+00    3.622309E+00   -1.937338E+00
    1.643031E+00    1.644787E+00    1.683899E+00    2.213932E+00    3.951105E+00   -2.829721E+00
    1.645501E+00    1.647355E+00    1.688644E+00    1.916119E+00    4.083015E+00   -2.243788E+00
    1.647966E+00    1.649924E+00    1.693496E+00    1.603680E+00    3.998615E+00   -4.462449E-01
    1.650427E+00    1.652492E+00    1.698460E+00    1.278041E+00    3.683291E+00    1.672786E+00
    1.650752E+00    1.652832E+00    1.699125E+00    1.234274E+00    3.625108E+00    1.916913E+00
    1.651076E+00    1.653171E+00    1.699792E+00    1.190372E+00    3.563191E+00    2.144546E+00
    1.651401E+00    1.653511E+00    1.700461E+00    1.146346E+00    3.497591E+00    2.353467E+00
    1.651725E+00    1.653850E+00    1.701132E+00    1.102206E+00    3.428362E+00    2.541631E+00
    1.652050E+00    1.654189E+00    1.701805E+00    1.057960E+00    3.355564E+00    2.707191E+00
    1.652374E+00    1.654529E+00    1.702480E+00    1.013618E+00    3.279262E+00    2.848515E+00
    1.652698E+00    1.654868E+00    1.703157E+00    9.691914E-01    3.199529E+00    2.964212E+00
    1.653021E+00    1.655207E+00    1.703836E+00    9.246893E-01    3.116439E+00    3.053142E+00
    1.653345E+00    1.655546E+00    1.704518E+00    8.801223E-01    3.030076E+00    3.114437E+00
    1.653668E+00    1.655885E+00    1.705201E+00    8.355010E-01    2.940527E+00    3.147507E+00
    1.653991E+00    1.656223E+00    1.705886E+00    7.908359E-01    2.847884E+00    3.152055E+00
    1.654314E+00    1.656562E+00    1.706573E+00    7.461381E-01    2.752247E+00    3.128076E+00
    1.654636E+00    1.656900E+00    1.707262E+00    7.014185E-01    2.653719E+00    3.075869E+00
    1.654959E+00    1.657239E+00    1.707953E+00    6.566882E-01    2.552409E+00    2.996030E+00
    1.655281E+00    1.657577E+00    1.708646E+00    6.119588E-01    2.448431E+00    2.889449E+00
    1.655602E+00    1.657915E+00    1.709341E+00    5.672416E-01    2.341904E+00    2.757310E+00
    1.655924E+00    1.658252E+00    1.710038E+00    5.225484E-01    2.232955E+00    2.601071E+00
    1.656245E+00    1.658590E+00    1.710738E+00    4.778910E-01    2.121711E+00    2.422460E+00
    1.656566E+00    1.658927E+00    1.711439E+00    4.332815E-01    2.008308E+00    2.223451E+00
    1.656886E+00    1.659264E+00    1.712142E+00    3.887319E-01    1.892884E+00    2.006251E+00
    1.657206E+00    1.659600E+00    1.712847E+00    3.442545E-01    1.775584E+00    1.773272E+00
    1.657525E+00    1.659937E+00    1.713554E+00    2.998619E-01    1.656555E+00    1.527108E+00
    1.657844E+00    1.660273E+00    1.714263E+00    2.555666E-01    1.535951E+00    1.270507E+00
    1.658163E+00    1.660608E+00    1.714974E+00    2.113814E-01    1.413928E+00    1.006341E+00
    1.658481E+00    1.660943E+00    1.715687E+00    1.673190E-01    1.290647E+00    7.375742E-01
    1.658799E+00    1.661278E+00    1.716402E+00    1.233927E-01    1.166273E+00    4.672269E-01
    1.659116E+00    1.661613E+00    1.717118E+00    7.961539E-02    1.040973E+00    1.983436E-01
    1.659432E+00    1.661947E+00    1.717837E+00    3.600049E-02    9.149194E-01   -6.604482E-02
    1.659748E+00    1.662280E+00    1.718557E+00   -7.438654E-03    7.882867E-01   -3.229566E-01
    1.660063E+00    1.662613E+00    1.719280E+00   -5.068851E-02    6.612525E-01   -5.694956E-01
    1.660378E+00    1.662945E+00    1.720004E+00   -9.373544E-02    5.339972E-01   -8.028872E-01
    1.660692E+00    1.663277E+00    1.720730E+00   -1.365657E-01    4.067035E-01   -1.020513E+00
    1.661005E+00    1.663608E+00    1.721457E+00   -1.791654E-01    2.795560E-01   -1.219943E+00
    1.661318E+00    1.663939E+00    1.722187E+00   -2.215207E-01    1.527416E-01   -1.398971E+00
    1.661629E+00    1.664269E+00    1.722918E+00   -2.636174E-01    2.644851E-02   -1.555639E+00
    1.661940E+00    1.664598E+00    1.723651E+00   -3.054415E-01   -9.913390E-02   -1.688264E+00
    1.662250E+00    1.664926E+00    1.724386E+00   -3.469786E-01   -2.238152E-01   -1.795466E+00
    1.662559E+00    1.665254E+00    1.725123E+00   -3.882146E-01   -3.474044E-01   -1.876181E+00
    1.662868E+00    1.665581E+00    1.725861E+00   -4.291350E-01   -4.697103E-01   -1.929682E+00
    1.663175E+00    1.665907E+00    1.726601E+00   -4.697253E-01   -5.905418E-01   -1.955583E+00
    1.663481E+00    1.666232E+00    1.727342E+00   -5.099712E-01   -7.097083E-01   -1.953854E+00
    1.663786E+00    1.666556E+00    1.728085E+00   -5.498579E-01   -8.270199E-01   -1.924817E+00
    1.664090E+00    1.666879E+00    1.728830E+00   -5.893710E-01   -9.422881E-01   -1.869144E+00
    1.664393E+00    1.667201E+00    1.729576E+00   -6.284957E-01   -1.055326E+00   -1.787850E+00
    1.664695E+00    1.667522E+00    1.730324E+00   -6.672175E-01   -1.165949E+00   -1.682276E+00
    1.664996E+00    1.667842E+00    1.731073E+00   -7.055217E-01   -1.273974E+00   -1.554078E+00
    1.665295E+00    1.668161E+00    1.731823E+00   -7.433935E-01   -1.379221E+00   -1.405197E+00
    1.665593E+00    1.668479E+00    1.732575E+00   -7.808184E-01   -1.481515E+00   -1.237835E+00
    1.665889E+00    1.668795E+00    1.733329E+00   -8.177815E-01   -1.580683E+00   -1.054424E+00
    1.666184E+00    1.669110E+00    1.734083E+00   -8.542684E-01   -1.676556E+00   -8.575880E-01
    1.666478E+00    1.669424E+00    1.734839E+00   -8.902643E-01   -1.768970E+00   -6.501076E-01
    1.666770E+00    1.669736E+00    1.735597E+00   -9.257547E-01   -1.857767E+00   -4.348764E-01
    1.667060E+00    1.670047E+00    1.736355E+00   -9.607251E-01   -1.942793E+00   -2.148584E-01
    1.667349E+00    1.670356E+00    1.737115E+00   -9.951611E-01   -2.023900E+00    6.957044E-03
    1.667636E+00    1.670664E+00    1.737875E+00   -1.029048E+00   -2.100947E+00    2.276008E-01
    1.667921E+00    1.670970E+00    1.738637E+00   -1.062372E+00   -2.173801E+00    4.441693E-01
    1.668205E+00    1.671274E+00    1.739400E+00   -1.095119E+00   -2.242333E+00    6.538695E-01
    1.668486E+00    1.671576E+00    1.740164E+00   -1.127275E+00   -2.306425E+00    8.540614E-01
    1.668766E+00    1.671877E+00    1.740928E+00   -1.158826E+00   -2.365964E+00    1.042299E+00
    1.669043E+00    1.672175E+00    1.741694E+00   -1.189758E+00   -2.420848E+00    1.216367E+00
    1.669318E+00    1.672472E+00    1.742460E+00   -1.220058E+00   -2.470982E+00    1.374315E+00
    1.669591E+00    1.672766E+00    1.743227E+00   -1.249712E+00   -2.516282E+00    1.514485E+00
    1.669861E+00    1.673058E+00    1.743994E+00   -1.278708E+00   -2.556673E+00    1.635534E+00
    1.670129E+00    1.673348E+00    1.744762E+00   -1.307032E+00   -2.592088E+00    1.736454E+00
    1.670395E+00    1.673635E+00    1.745531E+00   -1.334672E+00   -2.622473E+00    1.816581E+00
    1.670658E+00    1.673920E+00    1.746300E+00   -1.361616E+00   -2.647783E+00    1.875602E+00
    1.670918E+00    1.674203E+00    1.747069E+00   -1.387852E+00   -2.667984E+00    1.913548E+00
    1.671176E+00    1.674483E+00    1.747839E+00   -1.413367E+00   -2.683054E+00    1.930791E+00
    1.671431E+00    1.674760E+00    1.748609E+00   -1.438151E+00   -2.692980E+00    1.928027E+00
    1.671682E+00    1.675034E+00    1.749379E+00   -1.462192E+00   -2.697762E+00    1.906253E+00
    1.671931E+00    1.675306E+00    1.750149E+00   -1.485480E+00   -2.697412E+00    1.866741E+00
    1.672177E+00    1.675574E+00    1.750919E+00   -1.508005E+00   -2.691952E+00    1.811007E+00
    1.672419E+00    1.675839E+00    1.751689E+00   -1.529757E+00   -2.681416E+00    1.740770E+00
    1.672658E+00    1.676101E+00    1.752459E+00   -1.550727E+00   -2.665850E+00    1.657918E+00
    1.672893E+00    1.676360E+00    1.753229E+00   -1.570906E+00   -2.645309E+00    1.564457E+00
    1.673125E+00    1.676615E+00    1.753998E+00   -1.590285E+00   -2.619864E+00    1.462475E+00
    1.673354E+00    1.676867E+00    1.754767E+00   -1.608858E+00   -2.589592E+00    1.354089E+00
    1.673578E+00    1.677115E+00    1.755535E+00   -1.626616E+00   -2.554583E+00    1.241409E+00
    1.673799E+00    1.677359E+00    1.756303E+00   -1.643553E+00   -2.514937E+00    1.126485E+00
    1.674015E+00    1.677600E+00    1.757070E+00   -1.659663E+00   -2.470765E+00    1.011279E+00
    1.674228E+00    1.677837E+00    1.757836E+00   -1.674940E+00   -2.422185E+00    8.976198E-01
    1.674436E+00    1.678069E+00    1.758601E+00   -1.689380E+00   -2.369327E+00    7.871757E-01
    1.674641E+00    1.678298E+00    1.759366E+00   -1.702978E+00   -2.312327E+00    6.814288E-01
    1.674840E+00    1.678522E+00    1.760129E+00   -1.715731E+00   -2.251331E+00    5.816541E-01
    1.675036E+00    1.678742E+00    1.760892E+00   -1.727637E+00   -2.186488E+00    4.889060E-01
    1.675227E+00    1.678958E+00    1.761653E+00   -1.738691E+00   -2.117959E+00    4.040116E-01
    1.675413E+00    1.679169E+00    1.762413E+00   -1.748894E+00   -2.045906E+00    3.275695E-01
    1.675594E+00    1.679376E+00    1.763172E+00   -1.758245E+00   -1.970498E+00    2.599554E-01
    1.675771E+00    1.679578E+00    1.763929E+00   -1.766742E+00   -1.891907E+00    2.013332E-01
    1.675943E+00    1.679775E+00    1.764685E+00   -1.774387E+00   -1.810308E+00    1.516712E-01
    1.676109E+00    1.679968E+00    1.765440E+00   -1.781181E+00   -1.725879E+00    1.107623E-01
    1.676271E+00    1.680155E+00    1.766193E+00   -1.787125E+00   -1.638797E+00    7.824818E-02
    1.676428E+00    1.680338E+00    1.766945E+00   -1.792223E+00   -1.549243E+00    5.364569E-02
    1.676579E+00    1.680515E+00    1.767694E+00   -1.796476E+00   -1.457393E+00    3.637425E-02
    1.676726E+00    1.680688E+00    1.768443E+00   -1.799890E+00   -1.363424E+00    2.578423E-02
    1.676867E+00    1.680855E+00    1.769189E+00   -1.802468E+00   -1.267511E+00    2.118441E-02
    1.677002E+00    1.681017E+00    1.769934E+00   -1.804215E+00   -1.169824E+00    2.186809E-02
    1.677132E+00    1.681174E+00    1.770678E+00   -1.805137E+00   -1.070530E+00    2.713686E-02
    1.677257E+00    1.681326E+00    1.771419E+00   -1.805239E+00   -9.697900E-01    3.632155E-02
    1.677377E+00    1.681472E+00    1.772159E+00   -1.804529E+00   -8.677608E-01    4.879968E-02
    1.677490E+00    1.681613E+00    1.772897E+00   -1.803013E+00   -7.645924E-01    6.400923E-02
    1.677599E+00    1.681749E+00    1.773633E+00   -1.800698E+00   -6.604277E-01    8.145860E-02
    1.677702E+00    1.681879E+00    1.774367E+00   -1.797593E+00   -5.554027E-01    1.007326E-01
    1.677799E+00    1.682004E+00    1.775100E+00   -1.793705E+00   -4.496452E-01    1.214948E-01
    1.677891E+00    1.682124E+00    1.775831E+00   -1.789043E+00   -3.432751E-01    1.434867E-01
    1.677977E+00    1.682238E+00    1.776560E+00   -1.783615E+00   -2.364037E-01    1.665237E-01
    1.678057E+00    1.682347E+00    1.777287E+00   -1.777431E+00   -1.291338E-01    1.904889E-01
    1.678132E+00    1.682450E+00    1.778013E+00   -1.770499E+00   -2.155927E-02    2.153249E-01
    1.678202E+00    1.682548E+00    1.778737E+00   -1.762829E+00    8.623497E-02    2.410242E-01
    1.678266E+00    1.682641E+00    1.779460E+00   -1.754429E+00    1.941728E-01    2.676195E-01
    1.678325E+00    1.682729E+00    1.780181E+00   -1.745310E+00    3.021868E-01    2.951730E-01
    1.678378E+00    1.682811E+00    1.780901E+00   -1.735480E+00    4.102184E-01    3.237669E-01
    1.678426E+00    1.682888E+00    1.781619E+00   -1.724949E+00    5.182173E-01    3.534941E-01
    1.678468E+00    1.682960E+00    1.782336E+00   -1.713727E+00    6.261414E-01    3.844499E-01
    1.678506E+00    1.683027E+00    1.783052E+00   -1.701821E+00    7.339566E-01    4.167255E-01
    1.678538E+00    1.683089E+00    1.783766E+00   -1.689242E+00    8.416361E-01    4.504027E-01
    1.678564E+00    1.683145E+00    1.784480E+00   -1.675997E+00    9.491604E-01    4.855501E-01
    1.678586E+00    1.683197E+00    1.785192E+00   -1.662097E+00    1.056517E+00    5.222205E-01
    1.678603E+00    1.683244E+00    1.785904E+00   -1.647549E+00    1.163698E+00    5.604503E-01
    1.678615E+00    1.683286E+00    1.786614E+00   -1.632361E+00    1.270704E+00    6.002595E-01
    1.678621E+00    1.683324E+00    1.787324E+00   -1.616541E+00    1.377540E+00    6.416528E-01
    1.678623E+00    1.683357E+00    1.788034E+00   -1.600097E+00    1.484214E+00    6.846220E-01
    1.678621E+00    1.683385E+00    1.788743E+00   -1.583037E+00    1.590740E+00    7.291482E-01
    1.678614E+00    1.683409E+00    1.789451E+00   -1.565367E+00    1.697136E+00    7.752049E-01
    1.678602E+00    1.683429E+00    1.790159E+00   -1.547095E+00    1.803424E+00    8.227610E-01
    1.678585E+00    1.683444E+00    1.790867E+00   -1.528226E+00    1.909627E+00    8.717836E-01
    1.678565E+00    1.683455E+00    1.791575E+00   -1.508766E+00    2.015773E+00    9.222411E-01
    1.678540E+00    1.683462E+00    1.792283E+00   -1.488722E+00    2.121890E+00    9.741050E-01
    1.678511E+00    1.683465E+00    1.792991E+00   -1.468099E+00    2.228009E+00    1.027352E+00
    1.678478E+00    1.683464E+00    1.793700E+00   -1.446902E+00    2.334164E+00    1.081967E+00
    1.678441E+00    1.683460E+00    1.794409E+00   -1.425135E+00    2.440386E+00    1.137942E+00
    1.678400E+00    1.683452E+00    1.795118E+00   -1.402803E+00    2.546712E+00    1.195275E+00
    1.678356E+00    1.683440E+00    1.795828E+00   -1.379911E+00    2.653175E+00    1.253976E+00
    1.678307E+00    1.683425E+00    1.796539E+00   -1.356462E+00    2.759811E+00    1.314062E+00
    1.678256E+00    1.683407E+00    1.797251E+00   -1.332459E+00    2.866655E+00    1.375555E+00
    1.678201E+00    1.683385E+00    1.797964E+00   -1.307907E+00    2.973743E+00    1.438487E+00
    1.678142E+00    1.683360E+00    1.798679E+00   -1.282806E+00    3.081111E+00    1.502892E+00
    1.678081E+00    1.683333E+00    1.799394E+00   -1.257162E+00    3.188792E+00    1.568810E+00
    1.678016E+00    1.683302E+00    1.800111E+00   -1.230975E+00    3.296820E+00    1.636283E+00
    1.677949E+00    1.683269E+00    1.800830E+00   -1.204247E+00    3.405230E+00    1.705355E+00
    1.677878E+00    1.683233E+00    1.801551E+00   -1.176982E+00    3.514054E+00    1.776068E+00
    1.677805E+00    1.683195E+00    1.802273E+00   -1.149180E+00    3.623324E+00    1.848465E+00
    1.677730E+00    1.683154E+00    1.802997E+00   -1.120844E+00    3.733071E+00    1.922587E+00
    1.677651E+00    1.683110E+00    1.803724E+00   -1.091973E+00    3.843325E+00    1.998472E+00
    1.677571E+00    1.683065E+00    1.804452E+00   -1.062570E+00    3.954116E+00    2.076155E+00
    1.677488E+00    1.683018E+00    1.805184E+00   -1.032635E+00    4.065472E+00    2.155665E+00
    1.677403E+00    1.682968E+00    1.805917E+00   -1.002168E+00    4.177419E+00    2.237030E+00
    1.677315E+00    1.682917E+00    1.806654E+00   -9.711713E-01    4.289984E+00    2.320272E+00
    1.677226E+00    1.682864E+00    1.807393E+00   -9.396442E-01    4.403192E+00    2.405409E+00
    1.677135E+00    1.682809E+00    1.808135E+00   -9.075872E-01    4.517068E+00    2.492458E+00
    1.677042E+00    1.682752E+00    1.808880E+00   -8.750003E-01    4.631633E+00    2.581428E+00
    1.676948E+00    1.682695E+00    1.809628E+00   -8.418835E-01    4.746911E+00    2.672329E+00
    1.676852E+00    1.682635E+00    1.810380E+00   -8.082367E-01    4.862922E+00    2.765166E+00
    1.676754E+00    1.682575E+00    1.811135E+00   -7.740596E-01    4.979686E+00    2.859943E+00
    1.676655E+00    1.682513E+00    1.811893E+00   -7.393519E-01    5.097223E+00    2.956663E+00
    1.676555E+00    1.682451E+00    1.812655E+00   -7.041132E-01    5.215550E+00    3.055325E+00
    1.676453E+00    1.682387E+00    1.813421E+00   -6.683428E-01    5.334685E+00    3.155933E+00
    1.676351E+00    1.682322E+00    1.814191E+00   -6.320401E-01    5.454644E+00    3.258487E+00
    1.676247E+00    1.682257E+00    1.814965E+00   -5.952044E-01    5.575442E+00    3.362988E+00
    1.676143E+00    1.682191E+00    1.815742E+00   -5.578350E-01    5.697094E+00    3.469440E+00
    1.676038E+00    1.682124E+00    1.816524E+00   -5.199309E-01    5.819613E+00    3.577845E+00
    1.675932E+00    1.682057E+00    1.817311E+00   -4.814912E-01    5.943014E+00    3.688209E+00
    1.675825E+00    1.681990E+00    1.818102E+00   -4.425149E-01    6.067307E+00    3.800538E+00
    1.675718E+00    1.681922E+00    1.818897E+00   -4.030009E-01    6.192505E+00    3.914840E+00
    1.675610E+00    1.681854E+00    1.819697E+00   -3.629482E-01    6.318618E+00    4.031123E+00
    1.675502E+00    1.681785E+00    1.820502E+00   -3.223556E-01    6.445656E+00    4.149397E+00
    1.675394E+00    1.681717E+00    1.821311E+00   -2.812218E-01    6.573629E+00    4.269674E+00
    1.675285E+00    1.681648E+00    1.822126E+00   -2.395456E-01    6.702546E+00    4.391965E+00
    1.675177E+00    1.681580E+00    1.822945E+00   -1.973257E-01    6.832416E+00    4.516282E+00
    1.675068E+00    1.681512E+00    1.823770E+00   -1.545607E-01    6.963245E+00    4.642636E+00
    1.674959E+00    1.681444E+00    1.824600E+00   -1.112492E-01    7.095043E+00    4.771040E+00
    1.674850E+00    1.681376E+00    1.825436E+00   -6.738977E-02    7.227815E+00    4.901504E+00
    1.674741E+00    1.681308E+00    1.826276E+00   -2.298099E-02    7.361569E+00    5.034040E+00
    1.674633E+00    1.681241E+00    1.827123E+00    2.197868E-02    7.496310E+00    5.168658E+00
    1.674524E+00    1.681175E+00    1.827975E+00    6.749076E-02    7.632045E+00    5.305366E+00
    1.674416E+00    1.681109E+00    1.828832E+00    1.135568E-01    7.768779E+00    5.444173E+00
    1.674309E+00    1.681044E+00    1.829696E+00    1.601785E-01    7.906517E+00    5.585086E+00
    1.674202E+00    1.680979E+00    1.830565E+00    2.073573E-01    8.045265E+00    5.728114E+00
    1.674095E+00    1.680915E+00    1.831441E+00    2.550951E-01    8.185029E+00    5.873261E+00
    1.673989E+00    1.680852E+00    1.832322E+00    3.033934E-01    8.325811E+00    6.020536E+00
    1.673883E+00    1.680790E+00    1.833210E+00    3.522539E-01    8.467618E+00    6.169944E+00
    1.673779E+00    1.680728E+00    1.834104E+00    4.016784E-01    8.610454E+00    6.321493E+00
    1.673675E+00    1.680668E+00    1.835004E+00    4.516687E-01    8.754324E+00    6.475191E+00
    1.673571E+00    1.680608E+00    1.835910E+00    5.022266E-01    8.899232E+00    6.631045E+00
    1.673469E+00    1.680550E+00    1.836823E+00    5.533538E-01    9.045182E+00    6.789066E+00
    1.673367E+00    1.680493E+00    1.837743E+00    6.050521E-01    9.192179E+00    6.949263E+00
    1.673267E+00    1.680437E+00    1.838669E+00    6.573235E-01    9.340228E+00    7.111649E+00
    1.673167E+00    1.680382E+00    1.839602E+00    7.101699E-01    9.489334E+00    7.276236E+00
    1.673069E+00    1.680329E+00    1.840541E+00    7.635930E-01    9.639501E+00    7.443037E+00
    1.672971E+00    1.680277E+00    1.841488E+00    8.175948E-01    9.790733E+00    7.612066E+00
    1.672875E+00    1.680226E+00    1.842441E+00    8.721773E-01    9.943037E+00    7.783337E+00
    1.672780E+00    1.680177E+00    1.843401E+00    9.273425E-01    1.009642E+01    7.956864E+00
    1.672686E+00    1.680129E+00    1.844369E+00    9.830922E-01    1.025088E+01    8.132662E+00
    1.672593E+00    1.680083E+00    1.845343E+00    1.039429E+00    1.040643E+01    8.310743E+00
    1.672502E+00    1.680038E+00    1.846325E+00    1.096354E+00    1.056307E+01    8.491120E+00
    1.672412E+00    1.679995E+00    1.847314E+00    1.153869E+00    1.072081E+01    8.673806E+00
    1.672323E+00    1.679953E+00    1.848310E+00    1.211978E+00    1.087965E+01    8.858810E+00
    1.672236E+00    1.679914E+00    1.849314E+00    1.270681E+00    1.103960E+01    9.046141E+00
    1.672150E+00    1.679875E+00    1.850325E+00    1.329981E+00    1.120067E+01    9.235810E+00
    1.672066E+00    1.679839E+00    1.851344E+00    1.389881E+00    1.136286E+01    9.427822E+00
    1.671714E+00    1.679700E+00    1.855906E+00    1.659979E+00    1.208834E+01    1.029864E+01
    1.671393E+00    1.679599E+00    1.860618E+00    1.941852E+00    1.283620E+01    1.121529E+01
    1.671106E+00    1.679536E+00    1.865487E+00    2.235696E+00    1.360709E+01    1.217850E+01
    1.670856E+00    1.679514E+00    1.870515E+00    2.541714E+00    1.440169E+01    1.318919E+01
    1.670642E+00    1.679535E+00    1.875706E+00    2.860121E+00    1.522070E+01    1.424832E+01
    1.670466E+00    1.679600E+00    1.881066E+00    3.191139E+00    1.606480E+01    1.535673E+01
    1.670331E+00    1.679711E+00    1.886597E+00    3.535003E+00    1.693465E+01    1.651528E+01
    1.670235E+00    1.679867E+00    1.892304E+00    3.891956E+00    1.783087E+01    1.772499E+01
    1.670180E+00    1.680070E+00    1.898188E+00    4.262253E+00    1.875404E+01    1.898689E+01
    1.670166E+00    1.680320E+00    1.904254E+00    4.646157E+00    1.970471E+01    2.030190E+01
    1.670193E+00    1.680617E+00    1.910505E+00    5.043943E+00    2.068342E+01    2.167087E+01
    1.670262E+00    1.680962E+00    1.916943E+00    5.455893E+00    2.169068E+01    2.309473E+01
    1.670371E+00    1.681355E+00    1.923572E+00    5.882300E+00    2.272702E+01    2.457452E+01
    1.670522E+00    1.681795E+00    1.930393E+00    6.323463E+00    2.379298E+01    2.611133E+01
    1.670712E+00    1.682282E+00    1.937411E+00    6.779687E+00    2.488913E+01    2.770622E+01
    1.670942E+00    1.682815E+00    1.944628E+00    7.251282E+00    2.601606E+01    2.936027E+01
    1.671211E+00    1.683395E+00    1.952046E+00    7.738565E+00    2.717440E+01    3.107459E+01
    1.671519E+00    1.684020E+00    1.959668E+00    8.241854E+00    2.836480E+01    3.285031E+01
    1.671864E+00    1.684690E+00    1.967497E+00    8.761469E+00    2.958796E+01    3.468854E+01
    1.672246E+00    1.685405E+00    1.975535E+00    9.297733E+00    3.084456E+01    3.659039E+01
    1.672664E+00    1.686162E+00    1.983786E+00    9.850972E+00    3.213534E+01    3.855708E+01
    1.673117E+00    1.686963E+00    1.992251E+00    1.042151E+01    3.346101E+01    4.058988E+01
    1.673603E+00    1.687805E+00    2.000934E+00    1.100968E+01    3.482229E+01    4.269005E+01
    1.674122E+00    1.688689E+00    2.009838E+00    1.161580E+01    3.621994E+01    4.485884E+01
    1.674673E+00    1.689612E+00    2.018965E+00    1.224023E+01    3.765469E+01    4.709757E+01
    1.675255E+00    1.690574E+00    2.028318E+00    1.288329E+01    3.912732E+01    4.940756E+01
    1.675866E+00    1.691575E+00    2.037900E+00    1.354534E+01    4.063862E+01    5.179013E+01
    1.676505E+00    1.692613E+00    2.047715E+00    1.422673E+01    4.218942E+01    5.424669E+01
    1.677171E+00    1.693687E+00    2.057766E+00    1.492784E+01    4.378057E+01    5.677869E+01
    1.677864E+00    1.694797E+00    2.068055E+00    1.564905E+01    4.541294E+01    5.938761E+01
    1.678581E+00    1.695941E+00    2.078586E+00    1.639074E+01    4.708743E+01    6.207490E+01
    1.679323E+00    1.697118E+00    2.089363E+00    1.715335E+01    4.880491E+01    6.484207E+01
    1.680086E+00    1.698328E+00    2.100389E+00    1.793727E+01    5.056627E+01    6.769069E+01
    1.680872E+00    1.699570E+00    2.111668E+00    1.874297E+01    5.237238E+01    7.062233E+01
    1.681678E+00    1.700842E+00    2.123204E+00    1.957089E+01    5.422410E+01    7.363863E+01
    1.682503E+00    1.702144E+00    2.135000E+00    2.042151E+01    5.612235E+01    7.674126E+01
    1.683346E+00    1.703475E+00    2.147060E+00    2.129529E+01    5.806805E+01    7.993193E+01
    1.684207E+00    1.704835E+00    2.159389E+00    2.219274E+01    6.006220E+01    8.321234E+01
    1.685083E+00    1.706221E+00    2.171991E+00    2.311436E+01    6.210584E+01    8.658426E+01
    1.685975E+00    1.707635E+00    2.184870E+00    2.406067E+01    6.420003E+01    9.004953E+01
    1.686881E+00    1.709074E+00    2.198031E+00    2.503217E+01    6.634586E+01    9.360999E+01
    1.687800E+00    1.710538E+00    2.211478E+00    2.602939E+01    6.854442E+01    9.726756E+01
    1.688730E+00    1.712026E+00    2.225217E+00    2.705288E+01    7.079682E+01    1.010242E+02
    1.689672E+00    1.713538E+00    2.239252E+00    2.810316E+01    7.310417E+01    1.048818E+02
    1.690625E+00    1.715073E+00    2.253588E+00    2.918078E+01    7.546762E+01    1.088424E+02
    1.691586E+00    1.716631E+00    2.268232E+00    3.028631E+01    7.788836E+01    1.129082E+02
    1.692556E+00    1.718210E+00    2.283187E+00    3.142029E+01    8.036761E+01    1.170812E+02
    1.693534E+00    1.719810E+00    2.298460E+00    3.258331E+01    8.290661E+01    1.213636E+02
    1.694518E+00    1.721431E+00    2.314057E+00    3.377594E+01    8.550662E+01    1.257576E+02
    1.695509E+00    1.723073E+00    2.329983E+00    3.499880E+01    8.816892E+01    1.302654E+02
    1.696504E+00    1.724734E+00    2.346245E+00    3.625249E+01    9.089478E+01    1.348895E+02
    1.697504E+00    1.726414E+00    2.362849E+00    3.753764E+01    9.368550E+01    1.396321E+02
    1.698508E+00    1.728113E+00    2.379800E+00    3.885488E+01    9.654246E+01    1.444957E+02
    1.699515E+00    1.729831E+00    2.397107E+00    4.020489E+01    9.946703E+01    1.494827E+02
    1.700524E+00    1.731567E+00    2.414776E+00    4.158832E+01    1.024607E+02    1.545957E+02
    1.701534E+00    1.733321E+00    2.432813E+00    4.300588E+01    1.055249E+02    1.598372E+02
    1.702546E+00    1.735093E+00    2.451227E+00    4.445827E+01    1.086612E+02    1.652100E+02
    1.703559E+00    1.736881E+00    2.470024E+00    4.594622E+01    1.118711E+02    1.707166E+02
    1.704571E+00    1.738687E+00    2.489211E+00    4.747045E+01    1.151562E+02    1.763599E+02
    1.705582E+00    1.740510E+00    2.508798E+00    4.903174E+01    1.185180E+02    1.821427E+02
    1.706593E+00    1.742350E+00    2.528791E+00    5.063086E+01    1.219582E+02    1.880679E+02
    1.707601E+00    1.744206E+00    2.549199E+00    5.226859E+01    1.254785E+02    1.941383E+02
    1.708608E+00    1.746079E+00    2.570031E+00    5.394575E+01    1.290805E+02    2.003571E+02
    1.709612E+00    1.747969E+00    2.591294E+00    5.566316E+01    1.327660E+02    2.067273E+02
    1.710612E+00    1.749875E+00    2.612998E+00    5.742167E+01    1.365367E+02    2.132521E+02
    1.711609E+00    1.751798E+00    2.635152E+00    5.922214E+01    1.403945E+02    2.199347E+02
    1.712603E+00    1.753737E+00    2.657765E+00    6.106546E+01    1.443412E+02    2.267783E+02
    1.713591E+00    1.755692E+00    2.680847E+00    6.295253E+01    1.483787E+02    2.337864E+02
    1.714576E+00    1.757665E+00    2.704407E+00    6.488428E+01    1.525090E+02    2.409624E+02
    1.715555E+00    1.759654E+00    2.728456E+00    6.686164E+01    1.567340E+02    2.483097E+02
    1.716528E+00    1.761660E+00    2.753003E+00    6.888558E+01    1.610559E+02    2.558321E+02
    1.717496E+00    1.763683E+00    2.778059E+00    7.095710E+01    1.654766E+02    2.635331E+02
    1.718458E+00    1.765724E+00    2.803635E+00    7.307721E+01    1.699983E+02    2.714166E+02
    1.719414E+00    1.767782E+00    2.829741E+00    7.524694E+01    1.746230E+02    2.794863E+02
    1.720363E+00    1.769857E+00    2.856390E+00    7.746735E+01    1.793531E+02    2.877462E+02
    1.721306E+00    1.771951E+00    2.883592E+00    7.973951E+01    1.841908E+02    2.962003E+02
    1.722241E+00    1.774064E+00    2.911360E+00    8.206453E+01    1.891384E+02    3.048527E+02
    1.723169E+00    1.776194E+00    2.939705E+00    8.444353E+01    1.941982E+02    3.137076E+02
    1.724090E+00    1.778344E+00    2.968639E+00    8.687764E+01    1.993727E+02    3.227693E+02
    1.725003E+00    1.780514E+00    2.998176E+00    8.936803E+01    2.046643E+02    3.320421E+02
    1.725908E+00    1.782703E+00    3.028328E+00    9.191589E+01    2.100756E+02    3.415306E+02
    1.726805E+00    1.784913E+00    3.059108E+00    9.452243E+01    2.156091E+02    3.512392E+02
    1.727695E+00    1.787143E+00    3.090530E+00    9.718889E+01    2.212674E+02    3.611728E+02
    1.728575E+00    1.789395E+00    3.122608E+00    9.991656E+01    2.270533E+02    3.713359E+02
    1.729448E+00    1.791668E+00    3.155356E+00    1.027067E+02    2.329694E+02    3.817337E+02
    1.730312E+00    1.793963E+00    3.188788E+00    1.055608E+02    2.390186E+02    3.923709E+02
    1.731167E+00    1.796282E+00    3.222920E+00    1.084800E+02    2.452038E+02    4.032528E+02
    1.732014E+00    1.798624E+00    3.257765E+00    1.114659E+02    2.515278E+02    4.143845E+02
    1.732852E+00    1.800990E+00    3.293340E+00    1.145198E+02    2.579937E+02    4.257714E+02
    1.733681E+00    1.803380E+00    3.329661E+00    1.176432E+02    2.646045E+02    4.374189E+02
    1.734501E+00    1.805796E+00    3.366743E+00    1.208376E+02    2.713634E+02    4.493326E+02
    1.735312E+00    1.808238E+00    3.404603E+00    1.241046E+02    2.782735E+02    4.615182E+02
    1.736113E+00    1.810707E+00    3.443259E+00    1.274456E+02    2.853382E+02    4.739815E+02
    1.736906E+00    1.813203E+00    3.482727E+00    1.308623E+02    2.925607E+02    4.867284E+02
    1.737690E+00    1.815727E+00    3.523025E+00    1.343562E+02    2.999445E+02    4.997650E+02
    1.738464E+00    1.818280E+00    3.564171E+00    1.379292E+02    3.074930E+02    5.130976E+02
    1.739230E+00    1.820864E+00    3.606183E+00    1.415827E+02    3.152098E+02    5.267324E+02
    1.739986E+00    1.823477E+00    3.649081E+00    1.453187E+02    3.230986E+02    5.406759E+02
    1.740733E+00    1.826123E+00    3.692883E+00    1.491388E+02    3.311631E+02    5.549348E+02
    1.741470E+00    1.828800E+00    3.737610E+00    1.530449E+02    3.394070E+02    5.695159E+02
    1.742199E+00    1.831511E+00    3.783281E+00    1.570388E+02    3.478343E+02    5.844260E+02
    1.742918E+00    1.834257E+00    3.829918E+00    1.611224E+02    3.564489E+02    5.996722E+02
    1.743628E+00    1.837037E+00    3.877540E+00    1.652976E+02    3.652548E+02    6.152618E+02
    1.744329E+00    1.839854E+00    3.926171E+00    1.695665E+02    3.742563E+02    6.312022E+02
    1.745021E+00    1.842708E+00    3.975831E+00    1.739309E+02    3.834576E+02    6.475009E+02
    1.745704E+00    1.845600E+00    4.026543E+00    1.783931E+02    3.928629E+02    6.641656E+02
    1.746378E+00    1.848531E+00    4.078331E+00    1.829550E+02    4.024768E+02    6.812041E+02
    1.747043E+00    1.851503E+00    4.131217E+00    1.876189E+02    4.123036E+02    6.986247E+02
    1.747698E+00    1.854516E+00    4.185226E+00    1.923869E+02    4.223481E+02    7.164354E+02
    1.748345E+00    1.857572E+00    4.240382E+00    1.972614E+02    4.326150E+02    7.346448E+02
    1.748983E+00    1.860672E+00    4.296710E+00    2.022446E+02    4.431091E+02    7.532614E+02
    1.749613E+00    1.863816E+00    4.354236E+00    2.073388E+02    4.538353E+02    7.722939E+02
    1.750233E+00    1.867007E+00    4.412986E+00    2.125465E+02    4.647986E+02    7.917515E+02
    1.750845E+00    1.870246E+00    4.472988E+00    2.178701E+02    4.760043E+02    8.116432E+02
    1.751448E+00    1.873533E+00    4.534267E+00    2.233121E+02    4.874575E+02    8.319785E+02
    1.752043E+00    1.876870E+00    4.596853E+00    2.288751E+02    4.991637E+02    8.527669E+02
    1.752629E+00    1.880259E+00    4.660773E+00    2.345617E+02    5.111282E+02    8.740182E+02
    1.753207E+00    1.883700E+00    4.726058E+00    2.403746E+02    5.233568E+02    8.957424E+02
    1.753776E+00    1.887196E+00    4.792737E+00    2.463165E+02    5.358552E+02    9.179499E+02
    1.754337E+00    1.890748E+00    4.860839E+00    2.523902E+02    5.486292E+02    9.406509E+02
    1.754890E+00    1.894356E+00    4.930398E+00    2.585985E+02    5.616849E+02    9.638562E+02
    1.755435E+00    1.898023E+00    5.001444E+00    2.649445E+02    5.750282E+02    9.875768E+02
    1.755972E+00    1.901750E+00    5.074010E+00    2.714309E+02    5.886656E+02    1.011824E+03
    1.756501E+00    1.905539E+00    5.148129E+00    2.780610E+02    6.026034E+02    1.036608E+03
    1.757023E+00    1.909392E+00    5.223836E+00    2.848378E+02    6.168480E+02    1.061943E+03
    1.757536E+00    1.913309E+00    5.301165E+00    2.917645E+02    6.314063E+02    1.087838E+03
    1.758042E+00    1.917293E+00    5.380152E+00    2.988444E+02    6.462849E+02    1.114307E+03
    1.758540E+00    1.921345E+00    5.460833E+00    3.060807E+02    6.614909E+02    1.141362E+03
    1.759031E+00    1.925467E+00    5.543244E+00    3.134770E+02    6.770314E+02    1.169015E+03
    1.759515E+00    1.929661E+00    5.627426E+00    3.210365E+02    6.929137E+02    1.197281E+03
    1.759991E+00    1.933928E+00    5.713415E+00    3.287630E+02    7.091452E+02    1.226171E+03
    1.760460E+00    1.938271E+00    5.801251E+00    3.366599E+02    7.257334E+02    1.255699E+03
    1.760922E+00    1.942692E+00    5.890976E+00    3.447311E+02    7.426862E+02    1.285880E+03
    1.761378E+00    1.947191E+00    5.982630E+00    3.529803E+02    7.600114E+02    1.316727E+03
    1.761826E+00    1.951772E+00    6.076255E+00    3.614113E+02    7.777173E+02    1.348255E+03
    1.762267E+00    1.956437E+00    6.171896E+00    3.700281E+02    7.958120E+02    1.380479E+03
    1.762702E+00    1.961186E+00    6.269596E+00    3.788348E+02    8.143040E+02    1.413413E+03
    1.763131E+00    1.966023E+00    6.369401E+00    3.878355E+02    8.332020E+02    1.447074E+03
    1.763553E+00    1.970950E+00    6.471355E+00    3.970343E+02    8.525148E+02    1.481477E+03
    1.763968E+00    1.975968E+00    6.575508E+00    4.064356E+02    8.722514E+02    1.516638E+03
    1.764378E+00    1.981080E+00    6.681906E+00    4.160438E+02    8.924211E+02    1.552573E+03
    1.764781E+00    1.986289E+00    6.790600E+00    4.258634E+02    9.130333E+02    1.589300E+03
    1.765178E+00    1.991596E+00    6.901639E+00    4.358990E+02    9.340975E+02    1.626835E+03
    1.765570E+00    1.997004E+00    7.015076E+00    4.461553E+02    9.556237E+02    1.665197E+03
    1.765955E+00    2.002516E+00    7.130961E+00    4.566370E+02    9.776219E+02    1.704402E+03
    1.766335E+00    2.008133E+00    7.249350E+00    4.673491E+02    1.000102E+03    1.744470E+03
    1.766709E+00    2.013858E+00    7.370298E+00    4.782965E+02    1.023076E+03    1.785420E+03
    1.767078E+00    2.019695E+00    7.493859E+00    4.894845E+02    1.046552E+03    1.827269E+03
    1.767442E+00    2.025645E+00    7.620092E+00    5.009182E+02    1.070543E+03    1.870038E+03
    1.767800E+00    2.031712E+00    7.749056E+00    5.126029E+02    1.095060E+03    1.913748E+03
    1.768153E+00    2.037897E+00    7.880810E+00    5.245442E+02    1.120114E+03    1.958417E+03
    1.768502E+00    2.044205E+00    8.015415E+00    5.367476E+02    1.145717E+03    2.004068E+03
    1.768845E+00    2.050637E+00    8.152934E+00    5.492187E+02    1.171880E+03    2.050721E+03
    1.769184E+00    2.057197E+00    8.293430E+00    5.619635E+02    1.198616E+03    2.098398E+03
    1.769518E+00    2.063887E+00    8.436970E+00    5.749878E+02    1.225938E+03    2.147122E+03
    1.769847E+00    2.070711E+00    8.583620E+00    5.882978E+02    1.253857E+03    2.196915E+03
    1.770173E+00    2.077672E+00    8.733447E+00    6.018996E+02    1.282388E+03    2.247800E+03
    1.770493E+00    2.084772E+00    8.886522E+00    6.157996E+02    1.311543E+03    2.299802E+03
    1.770810E+00    2.092016E+00    9.042916E+00    6.300042E+02    1.341336E+03    2.352944E+03
    1.771123E+00    2.099406E+00    9.202701E+00    6.445202E+02    1.371781E+03    2.407251E+03
    1.771432E+00    2.106946E+00    9.365952E+00    6.593542E+02    1.402892E+03    2.462749E+03
    1.771737E+00    2.114640E+00    9.532744E+00    6.745131E+02    1.434684E+03    2.519464E+03
    1.772039E+00    2.122490E+00    9.703155E+00    6.900041E+02    1.467171E+03    2.577421E+03
    1.772337E+00    2.130501E+00    9.877265E+00    7.058343E+02    1.500368E+03    2.636647E+03
    1.772632E+00    2.138676E+00    1.005515E+01    7.220111E+02    1.534291E+03    2.697172E+03
    1.772924E+00    2.147019E+00    1.023690E+01    7.385420E+02    1.568956E+03    2.759021E+03
    1.773213E+00    2.155534E+00    1.042260E+01    7.554347E+02    1.604378E+03    2.822225E+03
    1.773499E+00    2.164224E+00    1.061233E+01    7.726970E+02    1.640574E+03    2.886812E+03
    1.773782E+00    2.173094E+00    1.080618E+01    7.903370E+02    1.677562E+03    2.952814E+03
    1.774063E+00    2.182148E+00    1.100424E+01    8.083629E+02    1.715358E+03    3.020259E+03
    1.774342E+00    2.191390E+00    1.120661E+01    8.267829E+02    1.753979E+03    3.089180E+03
    1.774618E+00    2.200824E+00    1.141337E+01    8.456058E+02    1.793444E+03    3.159609E+03
    1.774892E+00    2.210455E+00    1.162462E+01    8.648401E+02    1.833770E+03    3.231577E+03
    1.775165E+00    2.220286E+00    1.184046E+01    8.844949E+02    1.874977E+03    3.305120E+03
    1.775436E+00    2.230324E+00    1.206099E+01    9.045791E+02    1.917084E+03    3.380270E+03
    1.775705E+00    2.240571E+00    1.228632E+01    9.251022E+02    1.960110E+03    3.457062E+03
    1.775973E+00    2.251034E+00    1.251654E+01    9.460735E+02    2.004075E+03    3.535532E+03
    1.776240E+00    2.261716E+00    1.275176E+01    9.675029E+02    2.048999E+03    3.615717E+03
    1.776507E+00    2.272623E+00    1.299209E+01    9.894001E+02    2.094903E+03    3.697653E+03
    1.776772E+00    2.283761E+00    1.323765E+01    1.011775E+03    2.141808E+03    3.781378E+03
    1.777038E+00    2.295133E+00    1.348854E+01    1.034639E+03    2.189736E+03    3.866930E+03
    1.777303E+00    2.306745E+00    1.374489E+01    1.058001E+03    2.238709E+03    3.954350E+03
    1.777569E+00    2.318604E+00    1.400680E+01    1.081873E+03    2.288749E+03    4.043677E+03
    1.777835E+00    2.330714E+00    1.427441E+01    1.106265E+03    2.339880E+03    4.134952E+03
    1.778101E+00    2.343080E+00    1.454783E+01    1.131190E+03    2.392124E+03    4.228217E+03
    1.778369E+00    2.355710E+00    1.482718E+01    1.156657E+03    2.445506E+03    4.323516E+03
    1.778638E+00    2.368608E+00    1.511260E+01    1.182679E+03    2.500051E+03    4.420891E+03
    1.778908E+00    2.381780E+00    1.540422E+01    1.209268E+03    2.555782E+03    4.520388E+03
    1.779181E+00    2.395233E+00    1.570217E+01    1.236436E+03    2.612727E+03    4.622051E+03
    1.779456E+00    2.408974E+00    1.600659E+01    1.264196E+03    2.670910E+03    4.725928E+03
    1.779733E+00    2.423008E+00    1.631761E+01    1.292559E+03    2.730358E+03    4.832065E+03
    1.780014E+00    2.437342E+00    1.663538E+01    1.321539E+03    2.791098E+03    4.940511E+03
    1.780298E+00    2.451982E+00    1.696004E+01    1.351149E+03    2.853158E+03    5.051315E+03
    1.780586E+00    2.466937E+00    1.729174E+01    1.381402E+03    2.916566E+03    5.164526E+03
    1.780878E+00    2.482212E+00    1.763062E+01    1.412313E+03    2.981350E+03    5.280198E+03
    1.781175E+00    2.497814E+00    1.797685E+01    1.443894E+03    3.047540E+03    5.398380E+03
    1.781477E+00    2.513752E+00    1.833058E+01    1.476161E+03    3.115165E+03    5.519128E+03
    1.781786E+00    2.530032E+00    1.869196E+01    1.509128E+03    3.184257E+03    5.642494E+03
    1.782101E+00    2.546662E+00    1.906116E+01    1.542809E+03    3.254845E+03    5.768535E+03
    1.782422E+00    2.563650E+00    1.943835E+01    1.577220E+03    3.326961E+03    5.897306E+03
    1.782752E+00    2.581004E+00    1.982368E+01    1.612375E+03    3.400637E+03    6.028865E+03
    1.783090E+00    2.598732E+00    2.021734E+01    1.648291E+03    3.475907E+03    6.163270E+03
    1.783436E+00    2.616842E+00    2.061950E+01    1.684983E+03    3.552803E+03    6.300581E+03
    1.783793E+00    2.635343E+00    2.103033E+01    1.722468E+03    3.631359E+03    6.440857E+03
    1.784160E+00    2.654243E+00    2.145002E+01    1.760762E+03    3.711610E+03    6.584162E+03
    1.784539E+00    2.673552E+00    2.187875E+01    1.799881E+03    3.793590E+03    6.730557E+03
    1.784929E+00    2.693278E+00    2.231670E+01    1.839843E+03    3.877336E+03    6.880105E+03
    1.785333E+00    2.713430E+00    2.276407E+01    1.880665E+03    3.962884E+03    7.032873E+03
    1.785751E+00    2.734018E+00    2.322105E+01    1.922365E+03    4.050270E+03    7.188925E+03
    1.786185E+00    2.755051E+00    2.368783E+01    1.964960E+03    4.139532E+03    7.348329E+03
    1.786634E+00    2.776540E+00    2.416462E+01    2.008469E+03    4.230708E+03    7.511151E+03
    1.787102E+00    2.798493E+00    2.465162E+01    2.052910E+03    4.323836E+03    7.677462E+03
    1.787588E+00    2.820922E+00    2.514903E+01    2.098301E+03    4.418956E+03    7.847332E+03
    1.788094E+00    2.843837E+00    2.565706E+01    2.144662E+03    4.516108E+03    8.020830E+03
    1.788621E+00    2.867247E+00    2.617593E+01    2.192012E+03    4.615331E+03    8.198029E+03
    1.789172E+00    2.891165E+00    2.670584E+01    2.240370E+03    4.716666E+03    8.379002E+03
    1.789747E+00    2.915601E+00    2.724702E+01    2.289757E+03    4.820155E+03    8.563822E+03
    1.790349E+00    2.940566E+00    2.779967E+01    2.340191E+03    4.925839E+03    8.752564E+03
    1.790978E+00    2.966071E+00    2.836404E+01    2.391693E+03    5.033761E+03    8.945304E+03
    1.791637E+00    2.992129E+00    2.894033E+01    2.444283E+03    5.143962E+03    9.142116E+03
    1.792328E+00    3.018750E+00    2.952878E+01    2.497983E+03    5.256487E+03    9.343079E+03
    1.793053E+00    3.045948E+00    3.012961E+01    2.552812E+03    5.371378E+03    9.548269E+03
    1.793815E+00    3.073733E+00    3.074306E+01    2.608791E+03    5.488679E+03    9.757765E+03
    1.794615E+00    3.102119E+00    3.136935E+01    2.665941E+03    5.608434E+03    9.971644E+03
    1.795456E+00    3.131117E+00    3.200871E+01    2.724284E+03    5.730687E+03    1.018999E+04
    1.796341E+00    3.160742E+00    3.266139E+01    2.783841E+03    5.855483E+03    1.041287E+04
    1.797272E+00    3.191005E+00    3.332762E+01    2.844632E+03    5.982865E+03    1.064038E+04
    1.798253E+00    3.221920E+00    3.400763E+01    2.906679E+03    6.112878E+03    1.087258E+04
    1.799287E+00    3.253500E+00    3.470165E+01    2.970004E+03    6.245567E+03    1.110957E+04
    1.800376E+00    3.285758E+00    3.540992E+01    3.034626E+03    6.380976E+03    1.135141E+04
    1.801526E+00    3.318708E+00    3.613267E+01    3.100568E+03    6.519148E+03    1.159819E+04
    1.802739E+00    3.352364E+00    3.687014E+01    3.167850E+03    6.660128E+03    1.184999E+04
    1.804019E+00    3.386739E+00    3.762255E+01    3.236492E+03    6.803958E+03    1.210688E+04
    1.805370E+00    3.421847E+00    3.839013E+01    3.306515E+03    6.950682E+03    1.236893E+04
    1.806797E+00    3.457703E+00    3.917311E+01    3.377940E+03    7.100340E+03    1.263623E+04
    1.808305E+00    3.494320E+00    3.997169E+01    3.450785E+03    7.252975E+03    1.290885E+04
    1.809899E+00    3.531712E+00    4.078611E+01    3.525070E+03    7.408627E+03    1.318686E+04
    1.811583E+00    3.569893E+00    4.161657E+01    3.600813E+03    7.567335E+03    1.347032E+04
    1.813362E+00    3.608878E+00    4.246326E+01    3.678034E+03    7.729136E+03    1.375932E+04
    1.815244E+00    3.648680E+00    4.332639E+01    3.756748E+03    7.894067E+03    1.405390E+04
    1.817234E+00    3.689314E+00    4.420614E+01    3.836973E+03    8.062163E+03    1.435414E+04
    1.819337E+00    3.730792E+00    4.510269E+01    3.918724E+03    8.233456E+03    1.466009E+04
    1.821562E+00    3.773129E+00    4.601621E+01    4.002015E+03    8.407977E+03    1.497180E+04
    1.823914E+00    3.816339E+00    4.694684E+01    4.086861E+03    8.585754E+03    1.528933E+04
    1.826401E+00    3.860433E+00    4.789474E+01    4.173274E+03    8.766813E+03    1.561273E+04
    1.829031E+00    3.905425E+00    4.886003E+01    4.261264E+03    8.951177E+03    1.594203E+04
    1.831812E+00    3.951328E+00    4.984281E+01    4.350841E+03    9.138866E+03    1.627726E+04
    1.834751E+00    3.998154E+00    5.084319E+01    4.442013E+03    9.329895E+03    1.661847E+04
    1.837859E+00    4.045913E+00    5.186123E+01    4.534785E+03    9.524278E+03    1.696567E+04
    1.841143E+00    4.094618E+00    5.289700E+01    4.629162E+03    9.722023E+03    1.731887E+04
    1.844614E+00    4.144278E+00    5.395051E+01    4.725146E+03    9.923134E+03    1.767809E+04
    1.848281E+00    4.194903E+00    5.502178E+01    4.822736E+03    1.012761E+04    1.804331E+04
    1.852154E+00    4.246501E+00    5.611079E+01    4.921930E+03    1.033545E+04    1.841454E+04
    1.856243E+00    4.299082E+00    5.721749E+01    5.022723E+03    1.054663E+04    1.879176E+04
    1.860561E+00    4.352652E+00    5.834181E+01    5.125107E+03    1.076115E+04    1.917492E+04
    1.865117E+00    4.407217E+00    5.948363E+01    5.229070E+03    1.097898E+04    1.956400E+04
    1.869924E+00    4.462781E+00    6.064281E+01    5.334598E+03    1.120009E+04    1.995894E+04
    1.874992E+00    4.519348E+00    6.181918E+01    5.441676E+03    1.142444E+04    2.035967E+04
    1.880335E+00    4.576921E+00    6.301253E+01    5.550281E+03    1.165199E+04    2.076612E+04
    1.885964E+00    4.635499E+00    6.422259E+01    5.660389E+03    1.188269E+04    2.117820E+04
    1.891893E+00    4.695083E+00    6.544908E+01    5.771973E+03    1.211649E+04    2.159580E+04
    1.898133E+00    4.755669E+00    6.669165E+01    5.885001E+03    1.235330E+04    2.201880E+04
    1.904698E+00    4.817253E+00    6.794994E+01    5.999436E+03    1.259307E+04    2.244707E+04
    1.911600E+00    4.879830E+00    6.922350E+01    6.115239E+03    1.283570E+04    2.288046E+04
    1.918853E+00    4.943390E+00    7.051188E+01    6.232365E+03    1.308111E+04    2.331880E+04
    1.926469E+00    5.007924E+00    7.181456E+01    6.350767E+03    1.332918E+04    2.376191E+04
    1.934462E+00    5.073418E+00    7.313096E+01    6.470390E+03    1.357982E+04    2.420959E+04
    1.942844E+00    5.139859E+00    7.446046E+01    6.591177E+03    1.383289E+04    2.466164E+04
    1.951628E+00    5.207229E+00    7.580242E+01    6.713067E+03    1.408827E+04    2.511781E+04
    1.960825E+00    5.275509E+00    7.715611E+01    6.835994E+03    1.434583E+04    2.557785E+04
    1.970448E+00    5.344676E+00    7.852077E+01    6.959886E+03    1.460540E+04    2.604151E+04
    1.980508E+00    5.414707E+00    7.989560E+01    7.084669E+03    1.486685E+04    2.650851E+04
    1.991017E+00    5.485575E+00    8.127974E+01    7.210263E+03    1.512999E+04    2.697854E+04
    2.001984E+00    5.557249E+00    8.267229E+01    7.336586E+03    1.539466E+04    2.745129E+04
    2.013419E+00    5.629698E+00    8.407231E+01    7.463551E+03    1.566067E+04    2.792645E+04
    2.025331E+00    5.702888E+00    8.547881E+01    7.591066E+03    1.592784E+04    2.840367E+04
    2.037727E+00    5.776781E+00    8.689078E+01    7.719038E+03    1.619596E+04    2.888260E+04
    2.050615E+00    5.851338E+00    8.830716E+01    7.847370E+03    1.646484E+04    2.936287E+04
    2.064001E+00    5.926517E+00    8.972687E+01    7.975962E+03    1.673426E+04    2.984412E+04
    2.077890E+00    6.002273E+00    9.114878E+01    8.104712E+03    1.700401E+04    3.032596E+04
    2.092285E+00    6.078562E+00    9.257178E+01    8.233515E+03    1.727388E+04    3.080800E+04
    2.107188E+00    6.155334E+00    9.399469E+01    8.362266E+03    1.754363E+04    3.128984E+04
    2.122602E+00    6.232539E+00    9.541636E+01    8.490858E+03    1.781305E+04    3.177108E+04
    2.138525E+00    6.310126E+00    9.683559E+01    8.619182E+03    1.808191E+04    3.225132E+04
    2.154956E+00    6.388041E+00    9.825122E+01    8.747131E+03    1.834998E+04    3.273016E+04
    2.171892E+00    6.466230E+00    9.966205E+01    8.874597E+03    1.861704E+04    3.320719E+04
    2.189329E+00    6.544637E+00    1.010669E+02    9.001472E+03    1.888286E+04    3.368201E+04
    2.207262E+00    6.623206E+00    1.024646E+02    9.127652E+03    1.914722E+04    3.415423E+04
    2.225682E+00    6.701878E+00    1.038541E+02    9.253030E+03    1.940991E+04    3.462344E+04
    2.244581E+00    6.780597E+00    1.052341E+02    9.377506E+03    1.967070E+04    3.508928E+04
    2.263949E+00    6.859304E+00    1.066036E+02    9.500978E+03    1.992939E+04    3.555136E+04
    2.283775E+00    6.937942E+00    1.079615E+02    9.623351E+03    2.018578E+04    3.600933E+04
    2.304046E+00    7.016453E+00    1.093068E+02    9.744529E+03    2.043966E+04    3.646283E+04
    2.324748E+00    7.094780E+00    1.106385E+02    9.864424E+03    2.069085E+04    3.691152E+04
    2.345867E+00    7.172867E+00    1.119556E+02    9.982948E+03    2.093918E+04    3.735508E+04
    2.367385E+00    7.250658E+00    1.132572E+02    1.010002E+04    2.118446E+04    3.779321E+04
    2.389287E+00    7.328098E+00    1.145424E+02    1.021556E+04    2.142653E+04    3.822561E+04
    2.411553E+00    7.405135E+00    1.158105E+02    1.032950E+04    2.166525E+04    3.865201E+04
    2.434165E+00    7.481718E+00    1.170606E+02    1.044177E+04    2.190046E+04    3.907217E+04
    2.457103E+00    7.557795E+00    1.182921E+02    1.055231E+04    2.213205E+04    3.948584E+04
