    1.500000E+00    1.500000E+00    1.500000E+00    1.500000E+00    1.500000E+00    1.500000E+00
    1.500001E+00    1.500001E+00    1.500001E+00    1.500001E+00    1.500001E+00    1.500001E+00
    1.500002E+00    1.500002E+00    1.500002E+00    1.500002E+00    1.500002E+00    1.500002E+00
    1.500002E+00    1.500002E+00    1.500002E+00    1.500002E+00    1.500002E+00    1.500002E+00
    1.500003E+00    1.500003E+00    1.500003E+00    1.500003E+00    1.500003E+00    1.500003E+00
    1.500004E+00    1.500004E+00    1.500004E+00    1.500004E+00    1.500004E+00    1.500004E+00
    1.500004E+00    1.500004E+00    1.500004E+00    1.500004E+00    1.500004E+00    1.500005E+00
    1.500005E+00    1.500005E+00    1.500005E+00    1.500005E+00    1.500005E+00    1.500005E+00
    1.500005E+00    1.500005E+00    1.500005E+00    1.500005E+00    1.500005E+00    1.500006E+00
    1.500006E+00    1.500006E+00    1.500006E+00    1.500006E+00    1.500006E+00    1.500006E+00
    1.500006E+00    1.500006E+00    1.500006E+00    1.500006E+00    1.500006E+00    1.500007E+00
    1.500007E+00    1.500007E+00    1.500007E+00    1.500007E+00    1.500007E+00    1.500008E+00
    1.500007E+00    1.500007E+00    1.500007E+00    1.500007E+00    1.500007E+00    1.500008E+00
    1.500008E+00    1.500008E+00    1.500008E+00    1.500008E+00    1.500008E+00    1.500009E+00
    1.500008E+00    1.500008E+00    1.500008E+00    1.500008E+00    1.500008E+00    1.500009E+00
    1.500009E+00    1.500009E+00    1.500009E+00    1.500009E+00    1.500009E+00    1.500010E+00
    1.500009E+00    1.500009E+00    1.500009E+00    1.500009E+00    1.500009E+00    1.500011E+00
    1.500010E+00    1.500010E+00    1.500010E+00    1.500010E+00    1.500010E+00    1.500011E+00
    1.500010E+00    1.500010E+00    1.500010E+00    1.500010E+00    1.500010E+00    1.500012E+00
    1.500011E+00    1.500011E+00    1.500011E+00    1.500011E+00    1.500011E+00    1.500012E+00
    1.500011E+00    1.500011E+00    1.500011E+00    1.500011E+00    1.500012E+00    1.500013E+00
    1.500012E+00    1.500012E+00    1.500012E+00    1.500012E+00    1.500012E+00    1.500014E+00
    1.500012E+00    1.500012E+00    1.500012E+00    1.500012E+00    1.500013E+00    1.500014E+00
    1.500013E+00    1.500013E+00    1.500013E+00    1.500013E+00    1.500013E+00    1.500015E+00
    1.500013E+00    1.500013E+00    1.500013E+00    1.500013E+00    1.500014E+00    1.500016E+00
    1.500014E+00    1.500014E+00    1.500014E+00    1.500014E+00    1.500014E+00    1.500017E+00
    1.500015E+00    1.500015E+00    1.500015E+00    1.500015E+00    1.500015E+00    1.500017E+00
    1.500015E+00    1.500015E+00    1.500015E+00    1.500015E+00    1.500016E+00    1.500018E+00
    1.500016E+00    1.500016E+00    1.500016E+00    1.500016E+00    1.500016E+00    1.500019E+00
    1.500016E+00    1.500016E+00    1.500016E+00    1.500016E+00    1.500017E+00    1.500020E+00
    1.500017E+00    1.500017E+00    1.500017E+00    1.500017E+00    1.500018E+00    1.500021E+00
    1.500018E+00    1.500018E+00    1.500018E+00    1.500018E+00    1.500018E+00    1.500022E+00
    1.500018E+00    1.500018E+00    1.500018E+00    1.500019E+00    1.500019E+00    1.500023E+00
    1.500019E+00    1.500019E+00    1.500019E+00    1.500019E+00    1.500020E+00    1.500024E+00
    1.500020E+00    1.500020E+00    1.500020E+00    1.500020E+00    1.500021E+00    1.500025E+00
    1.500021E+00    1.500021E+00    1.500021E+00    1.500021E+00    1.500021E+00    1.500026E+00
    1.500021E+00    1.500021E+00    1.500021E+00    1.500022E+00    1.500022E+00    1.500027E+00
    1.500022E+00    1.500022E+00    1.500022E+00    1.500022E+00    1.500023E+00    1.500029E+00
    1.500023E+00    1.500023E+00    1.500023E+00    1.500023E+00    1.500024E+00    1.500030E+00
    1.500024E+00    1.500024E+00    1.500024E+00    1.500024E+00    1.500025E+00    1.500031E+00
    1.500025E+00    1.500025E+00    1.500025E+00    1.500025E+00    1.500026E+00    1.500033E+00
    1.500026E+00    1.500026E+00    1.500026E+00    1.500026E+00    1.500027E+00    1.500034E+00
    1.500027E+00    1.500027E+00    1.500027E+00    1.500027E+00    1.500028E+00    1.500036E+00
    1.500028E+00    1.500028E+00    1.500028E+00    1.500028E+00    1.500029E+00    1.500038E+00
    1.500029E+00    1.500029E+00    1.500029E+00    1.500029E+00    1.500030E+00    1.500040E+00
    1.500030E+00    1.500030E+00    1.500030E+00    1.500030E+00    1.500031E+00    1.500042E+00
    1.500031E+00    1.500031E+00    1.500031E+00    1.500031E+00    1.500033E+00    1.500044E+00
    1.500032E+00    1.500032E+00    1.500032E+00    1.500033E+00    1.500034E+00    1.500046E+00
    1.500033E+00    1.500033E+00    1.500033E+00    1.500034E+00    1.500035E+00    1.500048E+00
    1.500035E+00    1.500035E+00    1.500035E+00    1.500035E+00    1.500037E+00    1.500050E+00
    1.500036E+00    1.500036E+00    1.500036E+00    1.500036E+00    1.500038E+00    1.500053E+00
    1.500037E+00    1.500037E+00    1.500037E+00    1.500038E+00    1.500040E+00    1.500055E+00
    1.500039E+00    1.500039E+00    1.500039E+00    1.500039E+00    1.500041E+00    1.500058E+00
    1.500040E+00    1.500040E+00    1.500040E+00    1.500041E+00    1.500043E+00    1.500061E+00
    1.500042E+00    1.500042E+00    1.500042E+00    1.500042E+00    1.500045E+00    1.500064E+00
    1.500043E+00    1.500043E+00    1.500043E+00    1.500044E+00    1.500046E+00    1.500068E+00
    1.500045E+00    1.500045E+00    1.500045E+00    1.500046E+00    1.500048E+00    1.500071E+00
    1.500047E+00    1.500047E+00    1.500047E+00    1.500047E+00    1.500050E+00    1.500075E+00
    1.500048E+00    1.500048E+00    1.500048E+00    1.500049E+00    1.500052E+00    1.500079E+00
    1.500050E+00    1.500050E+00    1.500050E+00    1.500051E+00    1.500054E+00    1.500083E+00
    1.500052E+00    1.500052E+00    1.500052E+00    1.500053E+00    1.500057E+00    1.500087E+00
    1.500054E+00    1.500054E+00    1.500054E+00    1.500055E+00    1.500059E+00    1.500092E+00
    1.500056E+00    1.500056E+00    1.500056E+00    1.500057E+00    1.500061E+00    1.500097E+00
    1.500058E+00    1.500058E+00    1.500058E+00    1.500059E+00    1.500064E+00    1.500102E+00
    1.500060E+00    1.500060E+00    1.500060E+00    1.500062E+00    1.500066E+00    1.500108E+00
    1.500063E+00    1.500063E+00    1.500063E+00    1.500064E+00    1.500069E+00    1.500113E+00
    1.500065E+00    1.500065E+00    1.500065E+00    1.500066E+00    1.500072E+00    1.500120E+00
    1.500068E+00    1.500068E+00    1.500068E+00    1.500069E+00    1.500075E+00    1.500126E+00
    1.500070E+00    1.500070E+00    1.500070E+00    1.500072E+00    1.500078E+00    1.500133E+00
    1.500073E+00    1.500073E+00    1.500073E+00    1.500074E+00    1.500081E+00    1.500141E+00
    1.500075E+00    1.500075E+00    1.500075E+00    1.500077E+00    1.500085E+00    1.500149E+00
    1.500078E+00    1.500078E+00    1.500078E+00    1.500080E+00    1.500088E+00    1.500157E+00
    1.500081E+00    1.500081E+00    1.500081E+00    1.500083E+00    1.500092E+00    1.500166E+00
    1.500084E+00    1.500084E+00    1.500084E+00    1.500086E+00    1.500096E+00    1.500176E+00
    1.500087E+00    1.500087E+00    1.500087E+00    1.500090E+00    1.500100E+00    1.500186E+00
    1.500091E+00    1.500091E+00    1.500091E+00    1.500093E+00    1.500104E+00    1.500197E+00
    1.500094E+00    1.500094E+00    1.500094E+00    1.500097E+00    1.500108E+00    1.500208E+00
    1.500098E+00    1.500098E+00    1.500098E+00    1.500101E+00    1.500113E+00    1.500221E+00
    1.500101E+00    1.500101E+00    1.500101E+00    1.500104E+00    1.500118E+00    1.500234E+00
    1.500105E+00    1.500105E+00    1.500105E+00    1.500108E+00    1.500123E+00    1.500248E+00
    1.500109E+00    1.500109E+00    1.500109E+00    1.500113E+00    1.500128E+00    1.500263E+00
    1.500113E+00    1.500113E+00    1.500113E+00    1.500117E+00    1.500134E+00    1.500278E+00
    1.500117E+00    1.500117E+00    1.500117E+00    1.500122E+00    1.500140E+00    1.500295E+00
    1.500122E+00    1.500122E+00    1.500122E+00    1.500126E+00    1.500146E+00    1.500313E+00
    1.500126E+00    1.500126E+00    1.500126E+00    1.500131E+00    1.500152E+00    1.500333E+00
    1.500131E+00    1.500131E+00    1.500131E+00    1.500136E+00    1.500159E+00    1.500353E+00
    1.500136E+00    1.500136E+00    1.500136E+00    1.500142E+00    1.500166E+00    1.500375E+00
    1.500141E+00    1.500141E+00    1.500141E+00    1.500147E+00    1.500174E+00    1.500398E+00
    1.500146E+00    1.500146E+00    1.500146E+00    1.500153E+00    1.500181E+00    1.500423E+00
    1.500152E+00    1.500152E+00    1.500152E+00    1.500159E+00    1.500190E+00    1.500450E+00
    1.500158E+00    1.500158E+00    1.500158E+00    1.500165E+00    1.500198E+00    1.500479E+00
    1.500163E+00    1.500163E+00    1.500163E+00    1.500172E+00    1.500207E+00    1.500509E+00
    1.500170E+00    1.500170E+00    1.500170E+00    1.500179E+00    1.500217E+00    1.500542E+00
    1.500176E+00    1.500176E+00    1.500176E+00    1.500186E+00    1.500227E+00    1.500577E+00
    1.500183E+00    1.500183E+00    1.500183E+00    1.500193E+00    1.500237E+00    1.500614E+00
    1.500189E+00    1.500189E+00    1.500189E+00    1.500201E+00    1.500248E+00    1.500654E+00
    1.500197E+00    1.500197E+00    1.500197E+00    1.500209E+00    1.500260E+00    1.500696E+00
    1.500204E+00    1.500204E+00    1.500204E+00    1.500217E+00    1.500272E+00    1.500742E+00
    1.500212E+00    1.500212E+00    1.500212E+00    1.500226E+00    1.500285E+00    1.500791E+00
    1.500220E+00    1.500220E+00    1.500220E+00    1.500235E+00    1.500298E+00    1.500843E+00
    1.500228E+00    1.500228E+00    1.500228E+00    1.500244E+00    1.500312E+00    1.500899E+00
    1.500236E+00    1.500236E+00    1.500236E+00    1.500254E+00    1.500327E+00    1.500959E+00
    1.500245E+00    1.500245E+00    1.500245E+00    1.500264E+00    1.500343E+00    1.501023E+00
    1.500254E+00    1.500254E+00    1.500254E+00    1.500275E+00    1.500360E+00    1.501092E+00
    1.500264E+00    1.500264E+00    1.500264E+00    1.500286E+00    1.500378E+00    1.501165E+00
    1.500274E+00    1.500274E+00    1.500274E+00    1.500297E+00    1.500396E+00    1.501244E+00
    1.500284E+00    1.500284E+00    1.500284E+00    1.500309E+00    1.500416E+00    1.501329E+00
    1.500295E+00    1.500295E+00    1.500295E+00    1.500322E+00    1.500437E+00    1.501419E+00
    1.500306E+00    1.500306E+00    1.500306E+00    1.500335E+00    1.500459E+00    1.501516E+00
    1.500317E+00    1.500317E+00    1.500317E+00    1.500349E+00    1.500482E+00    1.501620E+00
    1.500329E+00    1.500329E+00    1.500329E+00    1.500363E+00    1.500506E+00    1.501732E+00
    1.500341E+00    1.500341E+00    1.500342E+00    1.500378E+00    1.500532E+00    1.501851E+00
    1.500354E+00    1.500354E+00    1.500354E+00    1.500393E+00    1.500559E+00    1.501980E+00
    1.500368E+00    1.500368E+00    1.500368E+00    1.500410E+00    1.500588E+00    1.502117E+00
    1.500381E+00    1.500381E+00    1.500381E+00    1.500427E+00    1.500619E+00    1.502265E+00
    1.500396E+00    1.500396E+00    1.500396E+00    1.500445E+00    1.500651E+00    1.502423E+00
    1.500410E+00    1.500411E+00    1.500411E+00    1.500463E+00    1.500686E+00    1.502593E+00
    1.500426E+00    1.500426E+00    1.500426E+00    1.500483E+00    1.500722E+00    1.502775E+00
    1.500442E+00    1.500442E+00    1.500442E+00    1.500503E+00    1.500761E+00    1.502971E+00
    1.500458E+00    1.500458E+00    1.500459E+00    1.500524E+00    1.500802E+00    1.503180E+00
    1.500476E+00    1.500476E+00    1.500476E+00    1.500546E+00    1.500845E+00    1.503406E+00
    1.500493E+00    1.500493E+00    1.500494E+00    1.500569E+00    1.500891E+00    1.503648E+00
    1.500512E+00    1.500512E+00    1.500512E+00    1.500594E+00    1.500940E+00    1.503907E+00
    1.500531E+00    1.500531E+00    1.500531E+00    1.500619E+00    1.500992E+00    1.504186E+00
    1.500551E+00    1.500551E+00    1.500551E+00    1.500646E+00    1.501047E+00    1.504485E+00
    1.500572E+00    1.500572E+00    1.500572E+00    1.500674E+00    1.501106E+00    1.504806E+00
    1.500593E+00    1.500593E+00    1.500593E+00    1.500703E+00    1.501168E+00    1.505151E+00
    1.500615E+00    1.500615E+00    1.500616E+00    1.500734E+00    1.501235E+00    1.505522E+00
    1.500638E+00    1.500638E+00    1.500639E+00    1.500766E+00    1.501305E+00    1.505920E+00
    1.500662E+00    1.500662E+00    1.500663E+00    1.500799E+00    1.501380E+00    1.506347E+00
    1.500687E+00    1.500687E+00    1.500687E+00    1.500835E+00    1.501459E+00    1.506807E+00
    1.500713E+00    1.500713E+00    1.500713E+00    1.500872E+00    1.501544E+00    1.507300E+00
    1.500739E+00    1.500740E+00    1.500740E+00    1.500910E+00    1.501634E+00    1.507830E+00
    1.500767E+00    1.500767E+00    1.500768E+00    1.500951E+00    1.501730E+00    1.508399E+00
    1.500796E+00    1.500796E+00    1.500796E+00    1.500994E+00    1.501833E+00    1.509011E+00
    1.500826E+00    1.500826E+00    1.500826E+00    1.501039E+00    1.501942E+00    1.509668E+00
    1.500857E+00    1.500857E+00    1.500857E+00    1.501086E+00    1.502058E+00    1.510374E+00
    1.500889E+00    1.500889E+00    1.500889E+00    1.501136E+00    1.502182E+00    1.511133E+00
    1.500922E+00    1.500922E+00    1.500923E+00    1.501188E+00    1.502314E+00    1.511949E+00
    1.500956E+00    1.500956E+00    1.500957E+00    1.501243E+00    1.502455E+00    1.512825E+00
    1.500992E+00    1.500992E+00    1.500993E+00    1.501300E+00    1.502605E+00    1.513767E+00
    1.501029E+00    1.501029E+00    1.501030E+00    1.501361E+00    1.502765E+00    1.514779E+00
    1.501068E+00    1.501068E+00    1.501069E+00    1.501425E+00    1.502936E+00    1.515867E+00
    1.501108E+00    1.501108E+00    1.501109E+00    1.501492E+00    1.503119E+00    1.517037E+00
    1.501149E+00    1.501149E+00    1.501150E+00    1.501563E+00    1.503313E+00    1.518294E+00
    1.501192E+00    1.501192E+00    1.501193E+00    1.501637E+00    1.503522E+00    1.519645E+00
    1.501237E+00    1.501237E+00    1.501238E+00    1.501716E+00    1.503744E+00    1.521097E+00
    1.501283E+00    1.501283E+00    1.501284E+00    1.501798E+00    1.503982E+00    1.522658E+00
    1.501331E+00    1.501331E+00    1.501332E+00    1.501886E+00    1.504235E+00    1.524337E+00
    1.501380E+00    1.501381E+00    1.501382E+00    1.501978E+00    1.504507E+00    1.526141E+00
    1.501432E+00    1.501432E+00    1.501434E+00    1.502075E+00    1.504797E+00    1.528080E+00
    1.501485E+00    1.501486E+00    1.501487E+00    1.502177E+00    1.505107E+00    1.530165E+00
    1.501541E+00    1.501541E+00    1.501543E+00    1.502286E+00    1.505439E+00    1.532407E+00
    1.501598E+00    1.501598E+00    1.501601E+00    1.502400E+00    1.505793E+00    1.534817E+00
    1.501658E+00    1.501658E+00    1.501661E+00    1.502521E+00    1.506173E+00    1.537407E+00
    1.501720E+00    1.501720E+00    1.501723E+00    1.502648E+00    1.506579E+00    1.540193E+00
    1.501784E+00    1.501784E+00    1.501787E+00    1.502783E+00    1.507014E+00    1.543187E+00
    1.501851E+00    1.501851E+00    1.501854E+00    1.502926E+00    1.507479E+00    1.546406E+00
    1.501919E+00    1.501920E+00    1.501923E+00    1.503077E+00    1.507977E+00    1.549867E+00
    1.501991E+00    1.501991E+00    1.501995E+00    1.503237E+00    1.508510E+00    1.553588E+00
    1.502065E+00    1.502065E+00    1.502069E+00    1.503406E+00    1.509081E+00    1.557589E+00
    1.502142E+00    1.502142E+00    1.502146E+00    1.503585E+00    1.509692E+00    1.561889E+00
    1.502222E+00    1.502222E+00    1.502226E+00    1.503774E+00    1.510347E+00    1.566513E+00
    1.502304E+00    1.502305E+00    1.502309E+00    1.503975E+00    1.511048E+00    1.571483E+00
    1.502390E+00    1.502390E+00    1.502395E+00    1.504188E+00    1.511800E+00    1.576827E+00
    1.502479E+00    1.502479E+00    1.502485E+00    1.504414E+00    1.512605E+00    1.582572E+00
    1.502571E+00    1.502572E+00    1.502577E+00    1.504654E+00    1.513468E+00    1.588747E+00
    1.502667E+00    1.502667E+00    1.502673E+00    1.504908E+00    1.514392E+00    1.595385E+00
    1.502766E+00    1.502766E+00    1.502773E+00    1.505177E+00    1.515383E+00    1.602521E+00
    1.502869E+00    1.502869E+00    1.502876E+00    1.505463E+00    1.516446E+00    1.610192E+00
    1.502975E+00    1.502975E+00    1.502983E+00    1.505767E+00    1.517585E+00    1.618437E+00
    1.503085E+00    1.503086E+00    1.503094E+00    1.506090E+00    1.518805E+00    1.627299E+00
    1.503200E+00    1.503200E+00    1.503209E+00    1.506433E+00    1.520115E+00    1.636823E+00
    1.503318E+00    1.503319E+00    1.503328E+00    1.506797E+00    1.521518E+00    1.647060E+00
    1.503441E+00    1.503442E+00    1.503452E+00    1.507184E+00    1.523024E+00    1.658061E+00
    1.503569E+00    1.503569E+00    1.503580E+00    1.507596E+00    1.524638E+00    1.669884E+00
    1.503701E+00    1.503701E+00    1.503713E+00    1.508034E+00    1.526369E+00    1.682588E+00
    1.503838E+00    1.503838E+00    1.503851E+00    1.508500E+00    1.528226E+00    1.696238E+00
    1.503980E+00    1.503980E+00    1.503994E+00    1.508995E+00    1.530218E+00    1.710905E+00
    1.504127E+00    1.504127E+00    1.504142E+00    1.509523E+00    1.532355E+00    1.726662E+00
    1.504279E+00    1.504280E+00    1.504296E+00    1.510085E+00    1.534647E+00    1.743589E+00
    1.504437E+00    1.504438E+00    1.504455E+00    1.510683E+00    1.537106E+00    1.761772E+00
    1.504600E+00    1.504601E+00    1.504620E+00    1.511320E+00    1.539745E+00    1.781301E+00
    1.504770E+00    1.504771E+00    1.504791E+00    1.511999E+00    1.542575E+00    1.802275E+00
    1.504945E+00    1.504946E+00    1.504968E+00    1.512722E+00    1.545612E+00    1.824797E+00
    1.505127E+00    1.505128E+00    1.505152E+00    1.513493E+00    1.548870E+00    1.848980E+00
    1.505316E+00    1.505317E+00    1.505342E+00    1.514314E+00    1.552366E+00    1.874943E+00
    1.505511E+00    1.505512E+00    1.505539E+00    1.515191E+00    1.556117E+00    1.902812E+00
    1.505714E+00    1.505715E+00    1.505744E+00    1.516125E+00    1.560142E+00    1.932725E+00
    1.505923E+00    1.505924E+00    1.505956E+00    1.517121E+00    1.564461E+00    1.964824E+00
    1.506140E+00    1.506142E+00    1.506175E+00    1.518185E+00    1.569095E+00    1.999266E+00
    1.506365E+00    1.506367E+00    1.506403E+00    1.519319E+00    1.574068E+00    2.036214E+00
    1.506598E+00    1.506599E+00    1.506638E+00    1.520530E+00    1.579403E+00    2.075844E+00
    1.506839E+00    1.506841E+00    1.506882E+00    1.521822E+00    1.585128E+00    2.118341E+00
    1.507088E+00    1.507090E+00    1.507135E+00    1.523201E+00    1.591270E+00    2.163904E+00
    1.507347E+00    1.507349E+00    1.507397E+00    1.524674E+00    1.597860E+00    2.212742E+00
    1.507615E+00    1.507617E+00    1.507669E+00    1.526247E+00    1.604931E+00    2.265078E+00
    1.507892E+00    1.507894E+00    1.507950E+00    1.527926E+00    1.612517E+00    2.321149E+00
    1.508178E+00    1.508181E+00    1.508241E+00    1.529720E+00    1.620655E+00    2.381204E+00
    1.508475E+00    1.508478E+00    1.508543E+00    1.531637E+00    1.629386E+00    2.445507E+00
    1.508783E+00    1.508786E+00    1.508855E+00    1.533684E+00    1.638752E+00    2.514338E+00
    1.509101E+00    1.509104E+00    1.509178E+00    1.535872E+00    1.648799E+00    2.587989E+00
    1.509430E+00    1.509433E+00    1.509513E+00    1.538209E+00    1.659574E+00    2.666771E+00
    1.509770E+00    1.509774E+00    1.509860E+00    1.540707E+00    1.671132E+00    2.751008E+00
    1.510122E+00    1.510126E+00    1.510219E+00    1.543377E+00    1.683527E+00    2.841042E+00
    1.510487E+00    1.510491E+00    1.510591E+00    1.546231E+00    1.696818E+00    2.937228E+00
    1.510864E+00    1.510869E+00    1.510975E+00    1.549281E+00    1.711070E+00    3.039939E+00
    1.511254E+00    1.511259E+00    1.511374E+00    1.552541E+00    1.726351E+00    3.149564E+00
    1.511657E+00    1.511662E+00    1.511786E+00    1.556027E+00    1.742732E+00    3.266504E+00
    1.512074E+00    1.512080E+00    1.512212E+00    1.559753E+00    1.760291E+00    3.391178E+00
    1.512505E+00    1.512511E+00    1.512654E+00    1.563737E+00    1.779112E+00    3.524016E+00
    1.512951E+00    1.512957E+00    1.513110E+00    1.567996E+00    1.799281E+00    3.665459E+00
    1.513411E+00    1.513419E+00    1.513583E+00    1.572550E+00    1.820892E+00    3.815962E+00
    1.513887E+00    1.513895E+00    1.514072E+00    1.577419E+00    1.844045E+00    3.975986E+00
    1.514379E+00    1.514388E+00    1.514578E+00    1.582625E+00    1.868846E+00    4.145999E+00
    1.514888E+00    1.514897E+00    1.515101E+00    1.588191E+00    1.895408E+00    4.326471E+00
    1.515413E+00    1.515423E+00    1.515642E+00    1.594143E+00    1.923851E+00    4.517873E+00
    1.515955E+00    1.515966E+00    1.516201E+00    1.600505E+00    1.954303E+00    4.720671E+00
    1.516516E+00    1.516527E+00    1.516780E+00    1.607308E+00    1.986898E+00    4.935323E+00
    1.517094E+00    1.517106E+00    1.517378E+00    1.614581E+00    2.021780E+00    5.162272E+00
    1.517692E+00    1.517705E+00    1.517996E+00    1.622356E+00    2.059100E+00    5.401942E+00
    1.518308E+00    1.518322E+00    1.518635E+00    1.630668E+00    2.099021E+00    5.654727E+00
    1.518945E+00    1.518960E+00    1.519296E+00    1.639553E+00    2.141712E+00    5.920990E+00
    1.519601E+00    1.519618E+00    1.519978E+00    1.649049E+00    2.187352E+00    6.201049E+00
    1.520279E+00    1.520296E+00    1.520683E+00    1.659199E+00    2.236133E+00    6.495171E+00
    1.520978E+00    1.520996E+00    1.521412E+00    1.670046E+00    2.288254E+00    6.803559E+00
    1.521699E+00    1.521719E+00    1.522165E+00    1.681637E+00    2.343926E+00    7.126347E+00
    1.522442E+00    1.522463E+00    1.522942E+00    1.694022E+00    2.403371E+00    7.463582E+00
    1.523208E+00    1.523231E+00    1.523745E+00    1.707254E+00    2.466822E+00    7.815218E+00
    1.523998E+00    1.524022E+00    1.524573E+00    1.721388E+00    2.534524E+00    8.181101E+00
    1.524811E+00    1.524838E+00    1.525429E+00    1.736485E+00    2.606733E+00    8.560959E+00
    1.525650E+00    1.525678E+00    1.526312E+00    1.752608E+00    2.683716E+00    8.954389E+00
    1.526513E+00    1.526543E+00    1.527223E+00    1.769823E+00    2.765753E+00    9.360848E+00
    1.527402E+00    1.527434E+00    1.528164E+00    1.788202E+00    2.853135E+00    9.779643E+00
    1.528317E+00    1.528352E+00    1.529134E+00    1.807820E+00    2.946165E+00    1.020992E+01
    1.529259E+00    1.529296E+00    1.530135E+00    1.828756E+00    3.045155E+00    1.065067E+01
    1.530228E+00    1.530268E+00    1.531167E+00    1.851096E+00    3.150429E+00    1.110072E+01
    1.531225E+00    1.531268E+00    1.532231E+00    1.874927E+00    3.262323E+00    1.155871E+01
    1.532250E+00    1.532296E+00    1.533328E+00    1.900344E+00    3.381180E+00    1.202316E+01
    1.533304E+00    1.533353E+00    1.534459E+00    1.927446E+00    3.507352E+00    1.249242E+01
    1.534387E+00    1.534440E+00    1.535625E+00    1.956338E+00    3.641199E+00    1.296473E+01
    1.535500E+00    1.535556E+00    1.536826E+00    1.987130E+00    3.783086E+00    1.343823E+01
    1.536643E+00    1.536703E+00    1.538063E+00    2.019938E+00    3.933384E+00    1.391100E+01
    1.537816E+00    1.537881E+00    1.539337E+00    2.054885E+00    4.092466E+00    1.438110E+01
    1.539021E+00    1.539091E+00    1.540649E+00    2.092098E+00    4.260704E+00    1.484662E+01
    1.540257E+00    1.540332E+00    1.542000E+00    2.131713E+00    4.438469E+00    1.530576E+01
    1.541525E+00    1.541605E+00    1.543391E+00    2.173870E+00    4.626130E+00    1.575688E+01
    1.542825E+00    1.542911E+00    1.544822E+00    2.218717E+00    4.824043E+00    1.619857E+01
    1.544158E+00    1.544250E+00    1.546294E+00    2.266410E+00    5.032558E+00    1.662975E+01
    1.545524E+00    1.545622E+00    1.547809E+00    2.317110E+00    5.252007E+00    1.704974E+01
    1.546923E+00    1.547027E+00    1.549366E+00    2.370986E+00    5.482703E+00    1.745832E+01
    1.548355E+00    1.548467E+00    1.550968E+00    2.428214E+00    5.724938E+00    1.785584E+01
    1.549821E+00    1.549941E+00    1.552614E+00    2.488977E+00    5.978974E+00    1.824323E+01
    1.551321E+00    1.551449E+00    1.554307E+00    2.553465E+00    6.245040E+00    1.862207E+01
    1.552855E+00    1.552991E+00    1.556045E+00    2.621876E+00    6.523326E+00    1.899456E+01
    1.554423E+00    1.554569E+00    1.557832E+00    2.694414E+00    6.813981E+00    1.936353E+01
    1.556025E+00    1.556181E+00    1.559666E+00    2.771291E+00    7.117103E+00    1.973233E+01
    1.557662E+00    1.557828E+00    1.561550E+00    2.852724E+00    7.432734E+00    2.010478E+01
    1.559332E+00    1.559510E+00    1.563484E+00    2.938939E+00    7.760859E+00    2.048495E+01
    1.561037E+00    1.561227E+00    1.565469E+00    3.030166E+00    8.101396E+00    2.087699E+01
    1.562776E+00    1.562978E+00    1.567506E+00    3.126642E+00    8.454194E+00    2.128492E+01
    1.564549E+00    1.564765E+00    1.569596E+00    3.228610E+00    8.819027E+00    2.171233E+01
    1.566356E+00    1.566586E+00    1.571739E+00    3.336316E+00    9.195592E+00    2.216214E+01
    1.568196E+00    1.568442E+00    1.573937E+00    3.450013E+00    9.583508E+00    2.263637E+01
    1.570070E+00    1.570331E+00    1.576191E+00    3.569954E+00    9.982313E+00    2.313592E+01
    1.571976E+00    1.572255E+00    1.578501E+00    3.696399E+00    1.039147E+01    2.366046E+01
    1.573915E+00    1.574212E+00    1.580868E+00    3.829608E+00    1.081035E+01    2.420843E+01
    1.575886E+00    1.576203E+00    1.583293E+00    3.969842E+00    1.123826E+01    2.477715E+01
    1.577888E+00    1.578226E+00    1.585778E+00    4.117362E+00    1.167446E+01    2.536304E+01
    1.579921E+00    1.580281E+00    1.588322E+00    4.272429E+00    1.211812E+01    2.596206E+01
    1.581985E+00    1.582368E+00    1.590928E+00    4.435302E+00    1.256838E+01    2.657016E+01
    1.584078E+00    1.584485E+00    1.593595E+00    4.606234E+00    1.302437E+01    2.718385E+01
    1.586201E+00    1.586634E+00    1.596326E+00    4.785476E+00    1.348518E+01    2.780079E+01
    1.588351E+00    1.588812E+00    1.599120E+00    4.973271E+00    1.394994E+01    2.842019E+01
    1.590529E+00    1.591019E+00    1.601980E+00    5.169854E+00    1.441778E+01    2.904315E+01
    1.592733E+00    1.593253E+00    1.604905E+00    5.375453E+00    1.488792E+01    2.967265E+01
    1.594962E+00    1.595516E+00    1.607898E+00    5.590282E+00    1.535966E+01    3.031329E+01
    1.597216E+00    1.597804E+00    1.610958E+00    5.814543E+00    1.583244E+01    3.097071E+01
    1.599493E+00    1.600118E+00    1.614089E+00    6.048425E+00    1.630583E+01    3.165074E+01
    1.601793E+00    1.602456E+00    1.617289E+00    6.292101E+00    1.677958E+01    3.235848E+01
    1.604114E+00    1.604817E+00    1.620562E+00    6.545725E+00    1.725369E+01    3.309741E+01
    1.606454E+00    1.607201E+00    1.623908E+00    6.809434E+00    1.772836E+01    3.386879E+01
    1.608814E+00    1.609606E+00    1.627328E+00    7.083344E+00    1.820407E+01    3.467148E+01
    1.611190E+00    1.612030E+00    1.630824E+00    7.367550E+00    1.868159E+01    3.550230E+01
    1.613583E+00    1.614474E+00    1.634398E+00    7.662124E+00    1.916195E+01    3.635702E+01
    1.615990E+00    1.616934E+00    1.638050E+00    7.967117E+00    1.964650E+01    3.723158E+01
    1.618411E+00    1.619411E+00    1.641783E+00    8.282555E+00    2.013685E+01    3.812342E+01
    1.620844E+00    1.621903E+00    1.645598E+00    8.608440E+00    2.063486E+01    3.903252E+01
    1.623287E+00    1.624409E+00    1.649498E+00    8.944753E+00    2.114261E+01    3.996172E+01
    1.625740E+00    1.626927E+00    1.653483E+00    9.291452E+00    2.166236E+01    4.091620E+01
    1.628199E+00    1.629456E+00    1.657556E+00    9.648473E+00    2.219649E+01    4.190221E+01
    1.630665E+00    1.631994E+00    1.661720E+00    1.001573E+01    2.274740E+01    4.292531E+01
    1.633136E+00    1.634541E+00    1.665976E+00    1.039313E+01    2.331748E+01    4.398889E+01
    1.635609E+00    1.637095E+00    1.670326E+00    1.078056E+01    2.390900E+01    4.509331E+01
    1.638084E+00    1.639654E+00    1.674774E+00    1.117789E+01    2.452404E+01    4.623630E+01
    1.640558E+00    1.642217E+00    1.679322E+00    1.158498E+01    2.516440E+01    4.741437E+01
    1.643031E+00    1.644784E+00    1.683973E+00    1.200172E+01    2.583158E+01    4.862482E+01
    1.645501E+00    1.647352E+00    1.688729E+00    1.242796E+01    2.652666E+01    4.986748E+01
    1.647966E+00    1.649920E+00    1.693594E+00    1.286360E+01    2.725032E+01    5.114534E+01
    1.650427E+00    1.652488E+00    1.698573E+00    1.330852E+01    2.800284E+01    5.246371E+01
    1.650752E+00    1.652828E+00    1.699240E+00    1.336806E+01    2.810453E+01    5.264143E+01
    1.651076E+00    1.653167E+00    1.699909E+00    1.342776E+01    2.820672E+01    5.281997E+01
    1.651401E+00    1.653506E+00    1.700580E+00    1.348762E+01    2.830942E+01    5.299935E+01
    1.651725E+00    1.653846E+00    1.701253E+00    1.354764E+01    2.841261E+01    5.317957E+01
    1.652050E+00    1.654185E+00    1.701928E+00    1.360782E+01    2.851630E+01    5.336064E+01
    1.652374E+00    1.654524E+00    1.702606E+00    1.366816E+01    2.862049E+01    5.354258E+01
    1.652698E+00    1.654863E+00    1.703285E+00    1.372866E+01    2.872518E+01    5.372539E+01
    1.653021E+00    1.655202E+00    1.703966E+00    1.378932E+01    2.883037E+01    5.390907E+01
    1.653345E+00    1.655541E+00    1.704650E+00    1.385014E+01    2.893605E+01    5.409364E+01
    1.653668E+00    1.655880E+00    1.705335E+00    1.391113E+01    2.904222E+01    5.427909E+01
    1.653991E+00    1.656219E+00    1.706022E+00    1.397227E+01    2.914889E+01    5.446544E+01
    1.654314E+00    1.656557E+00    1.706712E+00    1.403357E+01    2.925604E+01    5.465269E+01
    1.654636E+00    1.656896E+00    1.707404E+00    1.409503E+01    2.936369E+01    5.484083E+01
    1.654959E+00    1.657234E+00    1.708097E+00    1.415665E+01    2.947182E+01    5.502987E+01
    1.655281E+00    1.657572E+00    1.708793E+00    1.421844E+01    2.958044E+01    5.521981E+01
    1.655602E+00    1.657910E+00    1.709491E+00    1.428038E+01    2.968954E+01    5.541064E+01
    1.655924E+00    1.658247E+00    1.710190E+00    1.434248E+01    2.979912E+01    5.560238E+01
    1.656245E+00    1.658585E+00    1.710892E+00    1.440474E+01    2.990918E+01    5.579501E+01
    1.656566E+00    1.658922E+00    1.711596E+00    1.446717E+01    3.001972E+01    5.598852E+01
    1.656886E+00    1.659259E+00    1.712302E+00    1.452975E+01    3.013073E+01    5.618293E+01
    1.657206E+00    1.659595E+00    1.713010E+00    1.459249E+01    3.024222E+01    5.637822E+01
    1.657525E+00    1.659931E+00    1.713719E+00    1.465540E+01    3.035418E+01    5.657439E+01
    1.657844E+00    1.660267E+00    1.714431E+00    1.471846E+01    3.046661E+01    5.677144E+01
    1.658163E+00    1.660603E+00    1.715145E+00    1.478169E+01    3.057951E+01    5.696935E+01
    1.658481E+00    1.660938E+00    1.715861E+00    1.484507E+01    3.069288E+01    5.716813E+01
    1.658799E+00    1.661273E+00    1.716579E+00    1.490862E+01    3.080670E+01    5.736776E+01
    1.659116E+00    1.661607E+00    1.717298E+00    1.497233E+01    3.092100E+01    5.756825E+01
    1.659432E+00    1.661941E+00    1.718020E+00    1.503620E+01    3.103575E+01    5.776959E+01
    1.659748E+00    1.662274E+00    1.718744E+00    1.510023E+01    3.115096E+01    5.797177E+01
    1.660063E+00    1.662607E+00    1.719469E+00    1.516443E+01    3.126662E+01    5.817480E+01
    1.660378E+00    1.662939E+00    1.720196E+00    1.522879E+01    3.138274E+01    5.837865E+01
    1.660692E+00    1.663271E+00    1.720926E+00    1.529331E+01    3.149932E+01    5.858335E+01
    1.661005E+00    1.663602E+00    1.721657E+00    1.535799E+01    3.161634E+01    5.878887E+01
    1.661318E+00    1.663933E+00    1.722390E+00    1.542284E+01    3.173381E+01    5.899522E+01
    1.661629E+00    1.664263E+00    1.723124E+00    1.548785E+01    3.185174E+01    5.920239E+01
    1.661940E+00    1.664592E+00    1.723861E+00    1.555302E+01    3.197010E+01    5.941040E+01
    1.662250E+00    1.664920E+00    1.724599E+00    1.561836E+01    3.208892E+01    5.961923E+01
    1.662559E+00    1.665248E+00    1.725339E+00    1.568386E+01    3.220817E+01    5.982889E+01
    1.662868E+00    1.665575E+00    1.726081E+00    1.574953E+01    3.232787E+01    6.003938E+01
    1.663175E+00    1.665900E+00    1.726825E+00    1.581536E+01    3.244801E+01    6.025070E+01
    1.663481E+00    1.666226E+00    1.727570E+00    1.588136E+01    3.256858E+01    6.046286E+01
    1.663786E+00    1.666550E+00    1.728317E+00    1.594753E+01    3.268960E+01    6.067587E+01
    1.664090E+00    1.666873E+00    1.729065E+00    1.601386E+01    3.281105E+01    6.088973E+01
    1.664393E+00    1.667195E+00    1.729815E+00    1.608037E+01    3.293294E+01    6.110444E+01
    1.664695E+00    1.667516E+00    1.730567E+00    1.614704E+01    3.305526E+01    6.132002E+01
    1.664996E+00    1.667836E+00    1.731320E+00    1.621388E+01    3.317802E+01    6.153648E+01
    1.665295E+00    1.668155E+00    1.732074E+00    1.628088E+01    3.330122E+01    6.175381E+01
    1.665593E+00    1.668472E+00    1.732830E+00    1.634806E+01    3.342485E+01    6.197204E+01
    1.665889E+00    1.668789E+00    1.733588E+00    1.641541E+01    3.354891E+01    6.219117E+01
    1.666184E+00    1.669104E+00    1.734347E+00    1.648293E+01    3.367341E+01    6.241121E+01
    1.666478E+00    1.669417E+00    1.735107E+00    1.655063E+01    3.379834E+01    6.263218E+01
    1.666770E+00    1.669729E+00    1.735869E+00    1.661850E+01    3.392370E+01    6.285409E+01
    1.667060E+00    1.670040E+00    1.736632E+00    1.668654E+01    3.404950E+01    6.307694E+01
    1.667349E+00    1.670349E+00    1.737396E+00    1.675475E+01    3.417574E+01    6.330074E+01
    1.667636E+00    1.670657E+00    1.738161E+00    1.682314E+01    3.430241E+01    6.352552E+01
    1.667921E+00    1.670963E+00    1.738927E+00    1.689171E+01    3.442951E+01    6.375128E+01
    1.668205E+00    1.671267E+00    1.739695E+00    1.696045E+01    3.455706E+01    6.397803E+01
    1.668486E+00    1.671569E+00    1.740463E+00    1.702937E+01    3.468504E+01    6.420579E+01
    1.668766E+00    1.671869E+00    1.741232E+00    1.709847E+01    3.481346E+01    6.443456E+01
    1.669043E+00    1.672168E+00    1.742003E+00    1.716775E+01    3.494232E+01    6.466435E+01
    1.669318E+00    1.672464E+00    1.742774E+00    1.723722E+01    3.507163E+01    6.489517E+01
    1.669591E+00    1.672758E+00    1.743545E+00    1.730686E+01    3.520138E+01    6.512703E+01
    1.669861E+00    1.673050E+00    1.744318E+00    1.737668E+01    3.533158E+01    6.535994E+01
    1.670129E+00    1.673340E+00    1.745091E+00    1.744669E+01    3.546222E+01    6.559390E+01
    1.670395E+00    1.673628E+00    1.745865E+00    1.751689E+01    3.559332E+01    6.582893E+01
    1.670658E+00    1.673913E+00    1.746639E+00    1.758727E+01    3.572487E+01    6.606502E+01
    1.670918E+00    1.674195E+00    1.747414E+00    1.765784E+01    3.585688E+01    6.630219E+01
    1.671176E+00    1.674475E+00    1.748189E+00    1.772859E+01    3.598935E+01    6.654043E+01
    1.671431E+00    1.674752E+00    1.748964E+00    1.779954E+01    3.612228E+01    6.677976E+01
    1.671682E+00    1.675026E+00    1.749740E+00    1.787067E+01    3.625567E+01    6.702017E+01
    1.671931E+00    1.675297E+00    1.750516E+00    1.794200E+01    3.638953E+01    6.726166E+01
    1.672177E+00    1.675566E+00    1.751291E+00    1.801352E+01    3.652387E+01    6.750425E+01
    1.672419E+00    1.675831E+00    1.752067E+00    1.808524E+01    3.665868E+01    6.774792E+01
    1.672658E+00    1.676093E+00    1.752843E+00    1.815715E+01    3.679397E+01    6.799269E+01
    1.672893E+00    1.676351E+00    1.753618E+00    1.822926E+01    3.692975E+01    6.823855E+01
    1.673125E+00    1.676606E+00    1.754393E+00    1.830157E+01    3.706601E+01    6.848550E+01
    1.673353E+00    1.676858E+00    1.755168E+00    1.837408E+01    3.720277E+01    6.873355E+01
    1.673578E+00    1.677106E+00    1.755942E+00    1.844679E+01    3.734002E+01    6.898270E+01
    1.673799E+00    1.677351E+00    1.756716E+00    1.851970E+01    3.747778E+01    6.923294E+01
    1.674015E+00    1.677591E+00    1.757490E+00    1.859282E+01    3.761604E+01    6.948429E+01
    1.674228E+00    1.677828E+00    1.758262E+00    1.866614E+01    3.775481E+01    6.973673E+01
    1.674436E+00    1.678060E+00    1.759034E+00    1.873968E+01    3.789410E+01    6.999028E+01
    1.674641E+00    1.678289E+00    1.759805E+00    1.881342E+01    3.803391E+01    7.024493E+01
    1.674840E+00    1.678513E+00    1.760575E+00    1.888737E+01    3.817425E+01    7.050069E+01
    1.675036E+00    1.678733E+00    1.761344E+00    1.896153E+01    3.831512E+01    7.075755E+01
    1.675227E+00    1.678949E+00    1.762112E+00    1.903591E+01    3.845653E+01    7.101553E+01
    1.675413E+00    1.679160E+00    1.762878E+00    1.911050E+01    3.859848E+01    7.127463E+01
    1.675594E+00    1.679366E+00    1.763644E+00    1.918532E+01    3.874098E+01    7.153485E+01
    1.675771E+00    1.679568E+00    1.764408E+00    1.926035E+01    3.888403E+01    7.179620E+01
    1.675943E+00    1.679765E+00    1.765171E+00    1.933560E+01    3.902764E+01    7.205868E+01
    1.676109E+00    1.679958E+00    1.765933E+00    1.941108E+01    3.917182E+01    7.232229E+01
    1.676271E+00    1.680145E+00    1.766693E+00    1.948678E+01    3.931658E+01    7.258704E+01
    1.676428E+00    1.680328E+00    1.767452E+00    1.956270E+01    3.946191E+01    7.285295E+01
    1.676579E+00    1.680505E+00    1.768209E+00    1.963886E+01    3.960782E+01    7.312000E+01
    1.676726E+00    1.680678E+00    1.768965E+00    1.971525E+01    3.975433E+01    7.338822E+01
    1.676867E+00    1.680845E+00    1.769719E+00    1.979187E+01    3.990143E+01    7.365761E+01
    1.677002E+00    1.681007E+00    1.770471E+00    1.986872E+01    4.004914E+01    7.392817E+01
    1.677132E+00    1.681164E+00    1.771222E+00    1.994581E+01    4.019745E+01    7.419990E+01
    1.677257E+00    1.681315E+00    1.771971E+00    2.002314E+01    4.034638E+01    7.447283E+01
    1.677377E+00    1.681462E+00    1.772718E+00    2.010072E+01    4.049593E+01    7.474695E+01
    1.677490E+00    1.681603E+00    1.773463E+00    2.017853E+01    4.064610E+01    7.502226E+01
    1.677599E+00    1.681738E+00    1.774207E+00    2.025659E+01    4.079691E+01    7.529879E+01
    1.677702E+00    1.681869E+00    1.774950E+00    2.033490E+01    4.094836E+01    7.557652E+01
    1.677799E+00    1.681993E+00    1.775690E+00    2.041345E+01    4.110045E+01    7.585547E+01
    1.677891E+00    1.682113E+00    1.776429E+00    2.049226E+01    4.125320E+01    7.613564E+01
    1.677977E+00    1.682227E+00    1.777166E+00    2.057133E+01    4.140660E+01    7.641705E+01
    1.678057E+00    1.682336E+00    1.777901E+00    2.065065E+01    4.156066E+01    7.669968E+01
    1.678132E+00    1.682439E+00    1.778635E+00    2.073023E+01    4.171539E+01    7.698356E+01
    1.678202E+00    1.682537E+00    1.779368E+00    2.081007E+01    4.187079E+01    7.726869E+01
    1.678266E+00    1.682630E+00    1.780098E+00    2.089017E+01    4.202687E+01    7.755506E+01
    1.678325E+00    1.682717E+00    1.780828E+00    2.097054E+01    4.218364E+01    7.784270E+01
    1.678378E+00    1.682800E+00    1.781556E+00    2.105118E+01    4.234110E+01    7.813160E+01
    1.678426E+00    1.682877E+00    1.782282E+00    2.113209E+01    4.249925E+01    7.842176E+01
    1.678468E+00    1.682948E+00    1.783008E+00    2.121327E+01    4.265810E+01    7.871321E+01
    1.678506E+00    1.683015E+00    1.783732E+00    2.129473E+01    4.281765E+01    7.900593E+01
    1.678538E+00    1.683077E+00    1.784455E+00    2.137647E+01    4.297792E+01    7.929994E+01
    1.678564E+00    1.683133E+00    1.785177E+00    2.145849E+01    4.313890E+01    7.959524E+01
    1.678586E+00    1.683185E+00    1.785898E+00    2.154079E+01    4.330059E+01    7.989185E+01
    1.678603E+00    1.683232E+00    1.786618E+00    2.162338E+01    4.346301E+01    8.018976E+01
    1.678615E+00    1.683274E+00    1.787337E+00    2.170626E+01    4.362616E+01    8.048898E+01
    1.678621E+00    1.683312E+00    1.788055E+00    2.178943E+01    4.379004E+01    8.078952E+01
    1.678623E+00    1.683344E+00    1.788773E+00    2.187289E+01    4.395465E+01    8.109139E+01
    1.678621E+00    1.683373E+00    1.789491E+00    2.195665E+01    4.412001E+01    8.139459E+01
    1.678613E+00    1.683396E+00    1.790208E+00    2.204072E+01    4.428610E+01    8.169913E+01
    1.678602E+00    1.683416E+00    1.790925E+00    2.212508E+01    4.445295E+01    8.200502E+01
    1.678585E+00    1.683431E+00    1.791642E+00    2.220975E+01    4.462054E+01    8.231226E+01
    1.678565E+00    1.683442E+00    1.792358E+00    2.229473E+01    4.478889E+01    8.262085E+01
    1.678540E+00    1.683449E+00    1.793075E+00    2.238002E+01    4.495800E+01    8.293082E+01
    1.678511E+00    1.683452E+00    1.793792E+00    2.246563E+01    4.512786E+01    8.324215E+01
    1.678478E+00    1.683451E+00    1.794509E+00    2.255155E+01    4.529850E+01    8.355485E+01
    1.678441E+00    1.683447E+00    1.795227E+00    2.263779E+01    4.546989E+01    8.386894E+01
    1.678400E+00    1.683439E+00    1.795946E+00    2.272435E+01    4.564206E+01    8.418442E+01
    1.678356E+00    1.683427E+00    1.796665E+00    2.281124E+01    4.581500E+01    8.450129E+01
    1.678307E+00    1.683412E+00    1.797385E+00    2.289846E+01    4.598872E+01    8.481957E+01
    1.678256E+00    1.683393E+00    1.798105E+00    2.298601E+01    4.616322E+01    8.513924E+01
    1.678201E+00    1.683371E+00    1.798827E+00    2.307389E+01    4.633850E+01    8.546033E+01
    1.678142E+00    1.683347E+00    1.799551E+00    2.316211E+01    4.651456E+01    8.578283E+01
    1.678081E+00    1.683319E+00    1.800275E+00    2.325067E+01    4.669141E+01    8.610676E+01
    1.678016E+00    1.683288E+00    1.801001E+00    2.333958E+01    4.686905E+01    8.643212E+01
    1.677949E+00    1.683255E+00    1.801729E+00    2.342883E+01    4.704749E+01    8.675891E+01
    1.677878E+00    1.683219E+00    1.802459E+00    2.351843E+01    4.722672E+01    8.708714E+01
    1.677805E+00    1.683180E+00    1.803190E+00    2.360838E+01    4.740676E+01    8.741681E+01
    1.677730E+00    1.683139E+00    1.803923E+00    2.369869E+01    4.758759E+01    8.774795E+01
    1.677651E+00    1.683096E+00    1.804659E+00    2.378936E+01    4.776923E+01    8.808054E+01
    1.677571E+00    1.683051E+00    1.805397E+00    2.388039E+01    4.795168E+01    8.841460E+01
    1.677488E+00    1.683003E+00    1.806137E+00    2.397178E+01    4.813494E+01    8.875014E+01
    1.677403E+00    1.682954E+00    1.806880E+00    2.406354E+01    4.831901E+01    8.908716E+01
    1.677315E+00    1.682902E+00    1.807625E+00    2.415567E+01    4.850391E+01    8.942566E+01
    1.677226E+00    1.682849E+00    1.808373E+00    2.424817E+01    4.868962E+01    8.976567E+01
    1.677135E+00    1.682794E+00    1.809124E+00    2.434105E+01    4.887616E+01    9.010719E+01
    1.677042E+00    1.682737E+00    1.809878E+00    2.443431E+01    4.906353E+01    9.045021E+01
    1.676948E+00    1.682680E+00    1.810636E+00    2.452795E+01    4.925173E+01    9.079476E+01
    1.676852E+00    1.682620E+00    1.811396E+00    2.462198E+01    4.944076E+01    9.114084E+01
    1.676754E+00    1.682560E+00    1.812160E+00    2.471640E+01    4.963063E+01    9.148846E+01
    1.676655E+00    1.682498E+00    1.812928E+00    2.481120E+01    4.982135E+01    9.183762E+01
    1.676555E+00    1.682435E+00    1.813699E+00    2.490640E+01    5.001292E+01    9.218834E+01
    1.676453E+00    1.682371E+00    1.814474E+00    2.500200E+01    5.020533E+01    9.254061E+01
    1.676351E+00    1.682307E+00    1.815253E+00    2.509800E+01    5.039861E+01    9.289446E+01
    1.676247E+00    1.682241E+00    1.816036E+00    2.519440E+01    5.059274E+01    9.324988E+01
    1.676143E+00    1.682175E+00    1.816823E+00    2.529121E+01    5.078773E+01    9.360689E+01
    1.676038E+00    1.682109E+00    1.817614E+00    2.538843E+01    5.098360E+01    9.396549E+01
    1.675932E+00    1.682041E+00    1.818409E+00    2.548606E+01    5.118034E+01    9.432569E+01
    1.675825E+00    1.681974E+00    1.819209E+00    2.558410E+01    5.137795E+01    9.468749E+01
    1.675718E+00    1.681906E+00    1.820014E+00    2.568256E+01    5.157645E+01    9.505092E+01
    1.675610E+00    1.681838E+00    1.820823E+00    2.578145E+01    5.177584E+01    9.541596E+01
    1.675502E+00    1.681769E+00    1.821637E+00    2.588075E+01    5.197612E+01    9.578263E+01
    1.675394E+00    1.681701E+00    1.822456E+00    2.598048E+01    5.217729E+01    9.615094E+01
    1.675285E+00    1.681632E+00    1.823279E+00    2.608065E+01    5.237937E+01    9.652089E+01
    1.675176E+00    1.681564E+00    1.824108E+00    2.618124E+01    5.258236E+01    9.689249E+01
    1.675068E+00    1.681495E+00    1.824942E+00    2.628227E+01    5.278625E+01    9.726576E+01
    1.674959E+00    1.681427E+00    1.825781E+00    2.638373E+01    5.299107E+01    9.764069E+01
    1.674850E+00    1.681359E+00    1.826625E+00    2.648564E+01    5.319680E+01    9.801730E+01
    1.674741E+00    1.681292E+00    1.827475E+00    2.658799E+01    5.340346E+01    9.839559E+01
    1.674633E+00    1.681225E+00    1.828331E+00    2.669078E+01    5.361106E+01    9.877557E+01
    1.674524E+00    1.681158E+00    1.829192E+00    2.679403E+01    5.381959E+01    9.915726E+01
    1.674416E+00    1.681092E+00    1.830059E+00    2.689772E+01    5.402906E+01    9.954065E+01
    1.674309E+00    1.681026E+00    1.830931E+00    2.700187E+01    5.423948E+01    9.992576E+01
    1.674202E+00    1.680962E+00    1.831810E+00    2.710648E+01    5.445086E+01    1.003126E+02
    1.674095E+00    1.680898E+00    1.832694E+00    2.721154E+01    5.466319E+01    1.007012E+02
    1.673989E+00    1.680834E+00    1.833585E+00    2.731707E+01    5.487648E+01    1.010915E+02
    1.673883E+00    1.680772E+00    1.834482E+00    2.742306E+01    5.509074E+01    1.014835E+02
    1.673779E+00    1.680711E+00    1.835384E+00    2.752951E+01    5.530597E+01    1.018773E+02
    1.673675E+00    1.680650E+00    1.836294E+00    2.763644E+01    5.552218E+01    1.022729E+02
    1.673571E+00    1.680591E+00    1.837209E+00    2.774384E+01    5.573936E+01    1.026702E+02
    1.673469E+00    1.680532E+00    1.838131E+00    2.785171E+01    5.595754E+01    1.030694E+02
    1.673367E+00    1.680475E+00    1.839060E+00    2.796006E+01    5.617670E+01    1.034703E+02
    1.673267E+00    1.680419E+00    1.839995E+00    2.806889E+01    5.639687E+01    1.038730E+02
    1.673167E+00    1.680364E+00    1.840937E+00    2.817820E+01    5.661803E+01    1.042775E+02
    1.673069E+00    1.680311E+00    1.841886E+00    2.828800E+01    5.684019E+01    1.046839E+02
    1.672971E+00    1.680259E+00    1.842841E+00    2.839828E+01    5.706337E+01    1.050920E+02
    1.672875E+00    1.680208E+00    1.843804E+00    2.850905E+01    5.728756E+01    1.055020E+02
    1.672780E+00    1.680159E+00    1.844773E+00    2.862032E+01    5.751276E+01    1.059138E+02
    1.672686E+00    1.680111E+00    1.845750E+00    2.873207E+01    5.773899E+01    1.063275E+02
    1.672593E+00    1.680064E+00    1.846733E+00    2.884433E+01    5.796625E+01    1.067431E+02
    1.672502E+00    1.680019E+00    1.847724E+00    2.895708E+01    5.819454E+01    1.071605E+02
    1.672412E+00    1.679976E+00    1.848722E+00    2.907034E+01    5.842386E+01    1.075798E+02
    1.672323E+00    1.679935E+00    1.849727E+00    2.918409E+01    5.865423E+01    1.080010E+02
    1.672236E+00    1.679895E+00    1.850740E+00    2.929836E+01    5.888564E+01    1.084240E+02
    1.672150E+00    1.679856E+00    1.851760E+00    2.941313E+01    5.911810E+01    1.088490E+02
    1.672066E+00    1.679820E+00    1.852788E+00    2.952841E+01    5.935162E+01    1.092759E+02
    1.671714E+00    1.679681E+00    1.857389E+00    3.004060E+01    6.038935E+01    1.111730E+02
    1.671393E+00    1.679579E+00    1.862142E+00    3.056287E+01    6.144791E+01    1.131081E+02
    1.671106E+00    1.679516E+00    1.867049E+00    3.109542E+01    6.252776E+01    1.150819E+02
    1.670855E+00    1.679494E+00    1.872117E+00    3.163844E+01    6.362937E+01    1.170953E+02
    1.670642E+00    1.679514E+00    1.877348E+00    3.219214E+01    6.475328E+01    1.191491E+02
    1.670466E+00    1.679579E+00    1.882747E+00    3.275672E+01    6.590006E+01    1.212442E+02
    1.670330E+00    1.679689E+00    1.888317E+00    3.333240E+01    6.707030E+01    1.233815E+02
    1.670235E+00    1.679845E+00    1.894062E+00    3.391939E+01    6.826461E+01    1.255619E+02
    1.670180E+00    1.680047E+00    1.899986E+00    3.451795E+01    6.948360E+01    1.277864E+02
    1.670166E+00    1.680297E+00    1.906090E+00    3.512830E+01    7.072788E+01    1.300559E+02
    1.670193E+00    1.680594E+00    1.912380E+00    3.575070E+01    7.199803E+01    1.323715E+02
    1.670262E+00    1.680939E+00    1.918856E+00    3.638544E+01    7.329463E+01    1.347341E+02
    1.670371E+00    1.681331E+00    1.925523E+00    3.703277E+01    7.461822E+01    1.371448E+02
    1.670521E+00    1.681771E+00    1.932383E+00    3.769301E+01    7.596937E+01    1.396045E+02
    1.670712E+00    1.682257E+00    1.939439E+00    3.836645E+01    7.734863E+01    1.421143E+02
    1.670942E+00    1.682791E+00    1.946694E+00    3.905340E+01    7.875657E+01    1.446754E+02
    1.671211E+00    1.683370E+00    1.954150E+00    3.975418E+01    8.019379E+01    1.472889E+02
    1.671519E+00    1.683995E+00    1.961809E+00    4.046911E+01    8.166090E+01    1.499560E+02
    1.671864E+00    1.684665E+00    1.969676E+00    4.119854E+01    8.315857E+01    1.526778E+02
    1.672246E+00    1.685379E+00    1.977752E+00    4.194279E+01    8.468748E+01    1.554554E+02
    1.672664E+00    1.686136E+00    1.986039E+00    4.270219E+01    8.624832E+01    1.582902E+02
    1.673117E+00    1.686937E+00    1.994542E+00    4.347710E+01    8.784182E+01    1.611834E+02
    1.673603E+00    1.687779E+00    2.003262E+00    4.426784E+01    8.946872E+01    1.641362E+02
    1.674122E+00    1.688662E+00    2.012202E+00    4.507477E+01    9.112976E+01    1.671500E+02
    1.674673E+00    1.689585E+00    2.021366E+00    4.589822E+01    9.282570E+01    1.702262E+02
    1.675254E+00    1.690547E+00    2.030756E+00    4.673856E+01    9.455731E+01    1.733660E+02
    1.675865E+00    1.691547E+00    2.040375E+00    4.759613E+01    9.632537E+01    1.765709E+02
    1.676505E+00    1.692585E+00    2.050226E+00    4.847131E+01    9.813071E+01    1.798423E+02
    1.677171E+00    1.693659E+00    2.060312E+00    4.936447E+01    9.997418E+01    1.831817E+02
    1.677864E+00    1.694768E+00    2.070637E+00    5.027600E+01    1.018566E+02    1.865906E+02
    1.678581E+00    1.695912E+00    2.081205E+00    5.120629E+01    1.037790E+02    1.900705E+02
    1.679322E+00    1.697089E+00    2.092017E+00    5.215576E+01    1.057422E+02    1.936230E+02
    1.680086E+00    1.698298E+00    2.103079E+00    5.312484E+01    1.077470E+02    1.972497E+02
    1.680872E+00    1.699540E+00    2.114393E+00    5.411398E+01    1.097945E+02    2.009521E+02
    1.681678E+00    1.700812E+00    2.125963E+00    5.512363E+01    1.118855E+02    2.047320E+02
    1.682503E+00    1.702114E+00    2.137794E+00    5.615427E+01    1.140209E+02    2.085911E+02
    1.683346E+00    1.703445E+00    2.149889E+00    5.720640E+01    1.162016E+02    2.125311E+02
    1.684207E+00    1.704804E+00    2.162253E+00    5.828050E+01    1.184287E+02    2.165538E+02
    1.685083E+00    1.706190E+00    2.174889E+00    5.937711E+01    1.207031E+02    2.206610E+02
    1.685975E+00    1.707603E+00    2.187803E+00    6.049674E+01    1.230259E+02    2.248546E+02
    1.686881E+00    1.709042E+00    2.200998E+00    6.163992E+01    1.253983E+02    2.291365E+02
    1.687799E+00    1.710506E+00    2.214479E+00    6.280719E+01    1.278213E+02    2.335086E+02
    1.688730E+00    1.711994E+00    2.228252E+00    6.399910E+01    1.302961E+02    2.379730E+02
    1.689672E+00    1.713506E+00    2.242321E+00    6.521620E+01    1.328238E+02    2.425315E+02
    1.690625E+00    1.715040E+00    2.256691E+00    6.645905E+01    1.354055E+02    2.471864E+02
    1.691586E+00    1.716598E+00    2.271367E+00    6.772821E+01    1.380424E+02    2.519397E+02
    1.692556E+00    1.718177E+00    2.286356E+00    6.902427E+01    1.407359E+02    2.567937E+02
    1.693534E+00    1.719777E+00    2.301662E+00    7.034781E+01    1.434871E+02    2.617504E+02
    1.694518E+00    1.721398E+00    2.317292E+00    7.169942E+01    1.462973E+02    2.668123E+02
    1.695508E+00    1.723039E+00    2.333251E+00    7.307972E+01    1.491677E+02    2.719815E+02
    1.696504E+00    1.724700E+00    2.349545E+00    7.448933E+01    1.520998E+02    2.772605E+02
    1.697504E+00    1.726380E+00    2.366181E+00    7.592889E+01    1.550948E+02    2.826516E+02
    1.698508E+00    1.728079E+00    2.383165E+00    7.739905E+01    1.581541E+02    2.881574E+02
    1.699514E+00    1.729796E+00    2.400504E+00    7.890048E+01    1.612791E+02    2.937804E+02
    1.700523E+00    1.731532E+00    2.418205E+00    8.043386E+01    1.644712E+02    2.995231E+02
    1.701534E+00    1.733286E+00    2.436274E+00    8.199990E+01    1.677320E+02    3.053882E+02
    1.702546E+00    1.735057E+00    2.454719E+00    8.359931E+01    1.710630E+02    3.113783E+02
    1.703558E+00    1.736846E+00    2.473547E+00    8.523284E+01    1.744656E+02    3.174963E+02
    1.704571E+00    1.738651E+00    2.492766E+00    8.690123E+01    1.779416E+02    3.237449E+02
    1.705582E+00    1.740474E+00    2.512383E+00    8.860525E+01    1.814925E+02    3.301269E+02
    1.706593E+00    1.742314E+00    2.532407E+00    9.034568E+01    1.851200E+02    3.366455E+02
    1.707601E+00    1.744170E+00    2.552846E+00    9.212334E+01    1.888256E+02    3.433034E+02
    1.708608E+00    1.746043E+00    2.573708E+00    9.393903E+01    1.926112E+02    3.501038E+02
    1.709611E+00    1.747932E+00    2.595001E+00    9.579360E+01    1.964785E+02    3.570499E+02
    1.710612E+00    1.749838E+00    2.616736E+00    9.768791E+01    2.004293E+02    3.641448E+02
    1.711609E+00    1.751760E+00    2.638920E+00    9.962283E+01    2.044653E+02    3.713918E+02
    1.712602E+00    1.753699E+00    2.661563E+00    1.015993E+02    2.085885E+02    3.787942E+02
    1.713591E+00    1.755655E+00    2.684674E+00    1.036181E+02    2.128008E+02    3.863555E+02
    1.714575E+00    1.757627E+00    2.708263E+00    1.056803E+02    2.171040E+02    3.940791E+02
    1.715554E+00    1.759616E+00    2.732341E+00    1.077868E+02    2.215004E+02    4.019687E+02
    1.716528E+00    1.761622E+00    2.756917E+00    1.099386E+02    2.259918E+02    4.100278E+02
    1.717496E+00    1.763645E+00    2.782002E+00    1.121367E+02    2.305805E+02    4.182601E+02
    1.718458E+00    1.765685E+00    2.807607E+00    1.143821E+02    2.352684E+02    4.266695E+02
    1.719414E+00    1.767743E+00    2.833742E+00    1.166759E+02    2.400578E+02    4.352599E+02
    1.720363E+00    1.769818E+00    2.860419E+00    1.190191E+02    2.449508E+02    4.440352E+02
    1.721305E+00    1.771912E+00    2.887650E+00    1.214128E+02    2.499499E+02    4.529995E+02
    1.722241E+00    1.774024E+00    2.915445E+00    1.238581E+02    2.550572E+02    4.621569E+02
    1.723169E+00    1.776155E+00    2.943818E+00    1.263562E+02    2.602751E+02    4.715118E+02
    1.724090E+00    1.778305E+00    2.972780E+00    1.289082E+02    2.656061E+02    4.810683E+02
    1.725003E+00    1.780474E+00    3.002344E+00    1.315153E+02    2.710527E+02    4.908309E+02
    1.725908E+00    1.782663E+00    3.032524E+00    1.341787E+02    2.766173E+02    5.008042E+02
    1.726805E+00    1.784873E+00    3.063331E+00    1.368996E+02    2.823027E+02    5.109928E+02
    1.727694E+00    1.787103E+00    3.094780E+00    1.396793E+02    2.881113E+02    5.214013E+02
    1.728575E+00    1.789354E+00    3.126885E+00    1.425190E+02    2.940460E+02    5.320347E+02
    1.729448E+00    1.791627E+00    3.159660E+00    1.454200E+02    3.001095E+02    5.428978E+02
    1.730312E+00    1.793923E+00    3.193118E+00    1.483838E+02    3.063045E+02    5.539957E+02
    1.731167E+00    1.796241E+00    3.227276E+00    1.514117E+02    3.126339E+02    5.653335E+02
    1.732014E+00    1.798582E+00    3.262148E+00    1.545051E+02    3.191008E+02    5.769164E+02
    1.732851E+00    1.800948E+00    3.297749E+00    1.576654E+02    3.257081E+02    5.887500E+02
    1.733680E+00    1.803339E+00    3.334095E+00    1.608942E+02    3.324589E+02    6.008395E+02
    1.734500E+00    1.805754E+00    3.371203E+00    1.641929E+02    3.393564E+02    6.131908E+02
    1.735311E+00    1.808196E+00    3.409089E+00    1.675630E+02    3.464037E+02    6.258094E+02
    1.736113E+00    1.810665E+00    3.447769E+00    1.710062E+02    3.536041E+02    6.387012E+02
    1.736906E+00    1.813161E+00    3.487262E+00    1.745239E+02    3.609609E+02    6.518723E+02
    1.737690E+00    1.815685E+00    3.527585E+00    1.781180E+02    3.684777E+02    6.653287E+02
    1.738464E+00    1.818238E+00    3.568756E+00    1.817899E+02    3.761578E+02    6.790768E+02
    1.739229E+00    1.820821E+00    3.610793E+00    1.855414E+02    3.840049E+02    6.931228E+02
    1.739986E+00    1.823435E+00    3.653715E+00    1.893744E+02    3.920227E+02    7.074733E+02
    1.740733E+00    1.826080E+00    3.697541E+00    1.932905E+02    4.002147E+02    7.221349E+02
    1.741470E+00    1.828758E+00    3.742292E+00    1.972916E+02    4.085850E+02    7.371146E+02
    1.742199E+00    1.831468E+00    3.787988E+00    2.013795E+02    4.171373E+02    7.524192E+02
    1.742918E+00    1.834214E+00    3.834648E+00    2.055561E+02    4.258756E+02    7.680559E+02
    1.743628E+00    1.836994E+00    3.882294E+00    2.098235E+02    4.348040E+02    7.840318E+02
    1.744329E+00    1.839810E+00    3.930948E+00    2.141834E+02    4.439267E+02    8.003546E+02
    1.745021E+00    1.842664E+00    3.980631E+00    2.186381E+02    4.532479E+02    8.170317E+02
    1.745704E+00    1.845556E+00    4.031366E+00    2.231895E+02    4.627719E+02    8.340708E+02
    1.746378E+00    1.848487E+00    4.083177E+00    2.278397E+02    4.725033E+02    8.514800E+02
    1.747042E+00    1.851459E+00    4.136085E+00    2.325910E+02    4.824464E+02    8.692673E+02
    1.747698E+00    1.854472E+00    4.190117E+00    2.374456E+02    4.926060E+02    8.874410E+02
    1.748345E+00    1.857528E+00    4.245295E+00    2.424057E+02    5.029868E+02    9.060096E+02
    1.748983E+00    1.860627E+00    4.301645E+00    2.474735E+02    5.135935E+02    9.249816E+02
    1.749612E+00    1.863772E+00    4.359194E+00    2.526516E+02    5.244313E+02    9.443659E+02
    1.750233E+00    1.866963E+00    4.417966E+00    2.579423E+02    5.355050E+02    9.641716E+02
    1.750845E+00    1.870201E+00    4.477989E+00    2.633480E+02    5.468199E+02    9.844077E+02
    1.751448E+00    1.873488E+00    4.539290E+00    2.688712E+02    5.583812E+02    1.005084E+03
    1.752042E+00    1.876825E+00    4.601897E+00    2.745146E+02    5.701943E+02    1.026210E+03
    1.752629E+00    1.880214E+00    4.665838E+00    2.802808E+02    5.822648E+02    1.047795E+03
    1.753206E+00    1.883655E+00    4.731144E+00    2.861724E+02    5.945982E+02    1.069849E+03
    1.753776E+00    1.887151E+00    4.797843E+00    2.921922E+02    6.072002E+02    1.092384E+03
    1.754337E+00    1.890702E+00    4.865967E+00    2.983430E+02    6.200768E+02    1.115408E+03
    1.754890E+00    1.894311E+00    4.935546E+00    3.046277E+02    6.332340E+02    1.138934E+03
    1.755435E+00    1.897978E+00    5.006612E+00    3.110491E+02    6.466779E+02    1.162971E+03
    1.755972E+00    1.901705E+00    5.079198E+00    3.176103E+02    6.604147E+02    1.187531E+03
    1.756501E+00    1.905494E+00    5.153338E+00    3.243143E+02    6.744508E+02    1.212626E+03
    1.757022E+00    1.909346E+00    5.229064E+00    3.311643E+02    6.887929E+02    1.238267E+03
    1.757536E+00    1.913263E+00    5.306413E+00    3.381634E+02    7.034475E+02    1.264466E+03
    1.758042E+00    1.917247E+00    5.385419E+00    3.453149E+02    7.184215E+02    1.291236E+03
    1.758540E+00    1.921299E+00    5.466119E+00    3.526221E+02    7.337218E+02    1.318588E+03
    1.759031E+00    1.925421E+00    5.548550E+00    3.600885E+02    7.493557E+02    1.346536E+03
    1.759515E+00    1.929615E+00    5.632750E+00    3.677175E+02    7.653304E+02    1.375092E+03
    1.759991E+00    1.933882E+00    5.718758E+00    3.755126E+02    7.816532E+02    1.404270E+03
    1.760460E+00    1.938225E+00    5.806613E+00    3.834775E+02    7.983320E+02    1.434084E+03
    1.760922E+00    1.942645E+00    5.896356E+00    3.916159E+02    8.153743E+02    1.464547E+03
    1.761377E+00    1.947145E+00    5.988029E+00    3.999317E+02    8.327881E+02    1.495673E+03
    1.761826E+00    1.951726E+00    6.081673E+00    4.084285E+02    8.505816E+02    1.527477E+03
    1.762267E+00    1.956390E+00    6.177331E+00    4.171105E+02    8.687631E+02    1.559975E+03
    1.762702E+00    1.961139E+00    6.275049E+00    4.259817E+02    8.873409E+02    1.593180E+03
    1.763131E+00    1.965976E+00    6.374871E+00    4.350461E+02    9.063239E+02    1.627108E+03
    1.763552E+00    1.970903E+00    6.476844E+00    4.443080E+02    9.257207E+02    1.661775E+03
    1.763968E+00    1.975921E+00    6.581014E+00    4.537718E+02    9.455405E+02    1.697198E+03
    1.764377E+00    1.981033E+00    6.687430E+00    4.634418E+02    9.657925E+02    1.733393E+03
    1.764781E+00    1.986242E+00    6.796140E+00    4.733226E+02    9.864861E+02    1.770376E+03
    1.765178E+00    1.991549E+00    6.907197E+00    4.834187E+02    1.007631E+03    1.808165E+03
    1.765569E+00    1.996957E+00    7.020650E+00    4.937348E+02    1.029237E+03    1.846778E+03
    1.765955E+00    2.002468E+00    7.136552E+00    5.042758E+02    1.051314E+03    1.886232E+03
    1.766335E+00    2.008085E+00    7.254957E+00    5.150465E+02    1.073872E+03    1.926546E+03
    1.766709E+00    2.013811E+00    7.375921E+00    5.260520E+02    1.096923E+03    1.967739E+03
    1.767078E+00    2.019647E+00    7.499499E+00    5.372973E+02    1.120476E+03    2.009829E+03
    1.767442E+00    2.025598E+00    7.625748E+00    5.487878E+02    1.144543E+03    2.052836E+03
    1.767800E+00    2.031664E+00    7.754728E+00    5.605287E+02    1.169134E+03    2.096781E+03
    1.768153E+00    2.037849E+00    7.886497E+00    5.725256E+02    1.194262E+03    2.141684E+03
    1.768501E+00    2.044157E+00    8.021118E+00    5.847839E+02    1.219938E+03    2.187565E+03
    1.768845E+00    2.050589E+00    8.158652E+00    5.973095E+02    1.246174E+03    2.234447E+03
    1.769184E+00    2.057148E+00    8.299164E+00    6.101082E+02    1.272982E+03    2.282350E+03
    1.769518E+00    2.063839E+00    8.442719E+00    6.231858E+02    1.300374E+03    2.331297E+03
    1.769847E+00    2.070662E+00    8.589383E+00    6.365485E+02    1.328364E+03    2.381311E+03
    1.770172E+00    2.077623E+00    8.739226E+00    6.502024E+02    1.356964E+03    2.432416E+03
    1.770493E+00    2.084724E+00    8.892315E+00    6.641541E+02    1.386188E+03    2.484634E+03
    1.770810E+00    2.091967E+00    9.048724E+00    6.784098E+02    1.416050E+03    2.537990E+03
    1.771123E+00    2.099358E+00    9.208523E+00    6.929763E+02    1.446562E+03    2.592509E+03
    1.771432E+00    2.106898E+00    9.371788E+00    7.078603E+02    1.477739E+03    2.648217E+03
    1.771737E+00    2.114591E+00    9.538595E+00    7.230687E+02    1.509597E+03    2.705139E+03
    1.772039E+00    2.122442E+00    9.709020E+00    7.386086E+02    1.542149E+03    2.763301E+03
    1.772337E+00    2.130452E+00    9.883144E+00    7.544872E+02    1.575411E+03    2.822731E+03
    1.772632E+00    2.138627E+00    1.006105E+01    7.707119E+02    1.609397E+03    2.883456E+03
    1.772924E+00    2.146970E+00    1.024281E+01    7.872902E+02    1.644125E+03    2.945505E+03
    1.773213E+00    2.155485E+00    1.042852E+01    8.042298E+02    1.679610E+03    3.008905E+03
    1.773499E+00    2.164175E+00    1.061826E+01    8.215386E+02    1.715868E+03    3.073688E+03
    1.773782E+00    2.173045E+00    1.081213E+01    8.392245E+02    1.752917E+03    3.139881E+03
    1.774063E+00    2.182099E+00    1.101020E+01    8.572958E+02    1.790773E+03    3.207517E+03
    1.774342E+00    2.191341E+00    1.121258E+01    8.757608E+02    1.829454E+03    3.276627E+03
    1.774618E+00    2.200775E+00    1.141935E+01    8.946281E+02    1.868978E+03    3.347242E+03
    1.774892E+00    2.210405E+00    1.163062E+01    9.139065E+02    1.909363E+03    3.419395E+03
    1.775165E+00    2.220237E+00    1.184647E+01    9.336048E+02    1.950629E+03    3.493120E+03
    1.775435E+00    2.230274E+00    1.206701E+01    9.537321E+02    1.992793E+03    3.568451E+03
    1.775705E+00    2.240521E+00    1.229235E+01    9.742978E+02    2.035875E+03    3.645422E+03
    1.775973E+00    2.250984E+00    1.252258E+01    9.953113E+02    2.079896E+03    3.724069E+03
    1.776240E+00    2.261666E+00    1.275782E+01    1.016782E+03    2.124876E+03    3.804429E+03
    1.776507E+00    2.272574E+00    1.299817E+01    1.038721E+03    2.170835E+03    3.886538E+03
    1.776772E+00    2.283711E+00    1.324374E+01    1.061137E+03    2.217794E+03    3.970434E+03
    1.777038E+00    2.295083E+00    1.349464E+01    1.084041E+03    2.265776E+03    4.056156E+03
    1.777303E+00    2.306696E+00    1.375100E+01    1.107443E+03    2.314802E+03    4.143743E+03
    1.777569E+00    2.318554E+00    1.401292E+01    1.131355E+03    2.364895E+03    4.233236E+03
    1.777834E+00    2.330664E+00    1.428054E+01    1.155786E+03    2.416078E+03    4.324675E+03
    1.778101E+00    2.343030E+00    1.455397E+01    1.180749E+03    2.468374E+03    4.418103E+03
    1.778369E+00    2.355659E+00    1.483333E+01    1.206255E+03    2.521807E+03    4.513562E+03
    1.778638E+00    2.368557E+00    1.511877E+01    1.232315E+03    2.576402E+03    4.611097E+03
    1.778908E+00    2.381730E+00    1.541040E+01    1.258941E+03    2.632184E+03    4.710751E+03
    1.779181E+00    2.395183E+00    1.570836E+01    1.286146E+03    2.689178E+03    4.812570E+03
    1.779455E+00    2.408924E+00    1.601278E+01    1.313942E+03    2.747410E+03    4.916600E+03
    1.779733E+00    2.422957E+00    1.632382E+01    1.342342E+03    2.806906E+03    5.022889E+03
    1.780013E+00    2.437291E+00    1.664159E+01    1.371358E+03    2.867694E+03    5.131486E+03
    1.780297E+00    2.451932E+00    1.696627E+01    1.401003E+03    2.929802E+03    5.242438E+03
    1.780585E+00    2.466886E+00    1.729797E+01    1.431292E+03    2.993256E+03    5.355798E+03
    1.780878E+00    2.482161E+00    1.763687E+01    1.462237E+03    3.058087E+03    5.471615E+03
    1.781175E+00    2.497764E+00    1.798311E+01    1.493853E+03    3.124322E+03    5.589942E+03
    1.781477E+00    2.513701E+00    1.833685E+01    1.526154E+03    3.191993E+03    5.710832E+03
    1.781786E+00    2.529981E+00    1.869824E+01    1.559154E+03    3.261129E+03    5.834340E+03
    1.782100E+00    2.546611E+00    1.906745E+01    1.592869E+03    3.331762E+03    5.960520E+03
    1.782422E+00    2.563599E+00    1.944464E+01    1.627312E+03    3.403922E+03    6.089429E+03
    1.782752E+00    2.580953E+00    1.982999E+01    1.662500E+03    3.477642E+03    6.221125E+03
    1.783089E+00    2.598681E+00    2.022366E+01    1.698449E+03    3.552954E+03    6.355665E+03
    1.783436E+00    2.616791E+00    2.062582E+01    1.735173E+03    3.629893E+03    6.493110E+03
    1.783793E+00    2.635292E+00    2.103667E+01    1.772689E+03    3.708491E+03    6.633519E+03
    1.784160E+00    2.654193E+00    2.145636E+01    1.811014E+03    3.788783E+03    6.776954E+03
    1.784538E+00    2.673501E+00    2.188510E+01    1.850164E+03    3.870805E+03    6.923478E+03
    1.784929E+00    2.693227E+00    2.232306E+01    1.890157E+03    3.954592E+03    7.073155E+03
    1.785333E+00    2.713379E+00    2.277044E+01    1.931009E+03    4.040179E+03    7.226049E+03
    1.785751E+00    2.733967E+00    2.322743E+01    1.972739E+03    4.127605E+03    7.382227E+03
    1.786185E+00    2.755000E+00    2.369422E+01    2.015363E+03    4.216907E+03    7.541754E+03
    1.786634E+00    2.776488E+00    2.417102E+01    2.058901E+03    4.308122E+03    7.704700E+03
    1.787102E+00    2.798442E+00    2.465802E+01    2.103371E+03    4.401288E+03    7.871132E+03
    1.787588E+00    2.820871E+00    2.515544E+01    2.148791E+03    4.496447E+03    8.041121E+03
    1.788094E+00    2.843785E+00    2.566348E+01    2.195181E+03    4.593636E+03    8.214738E+03
    1.788621E+00    2.867196E+00    2.618236E+01    2.242558E+03    4.692896E+03    8.392055E+03
    1.789172E+00    2.891114E+00    2.671228E+01    2.290944E+03    4.794268E+03    8.573144E+03
    1.789747E+00    2.915550E+00    2.725346E+01    2.340358E+03    4.897793E+03    8.758079E+03
    1.790348E+00    2.940514E+00    2.780613E+01    2.390819E+03    5.003514E+03    8.946934E+03
    1.790978E+00    2.966020E+00    2.837050E+01    2.442348E+03    5.111471E+03    9.139786E+03
    1.791637E+00    2.992077E+00    2.894680E+01    2.494965E+03    5.221708E+03    9.336710E+03
    1.792328E+00    3.018699E+00    2.953526E+01    2.548691E+03    5.334267E+03    9.537782E+03
    1.793053E+00    3.045896E+00    3.013610E+01    2.603545E+03    5.449193E+03    9.743081E+03
    1.793815E+00    3.073681E+00    3.074955E+01    2.659550E+03    5.566528E+03    9.952684E+03
    1.794615E+00    3.102067E+00    3.137585E+01    2.716726E+03    5.686317E+03    1.016667E+04
    1.795456E+00    3.131066E+00    3.201522E+01    2.775094E+03    5.808603E+03    1.038512E+04
    1.796340E+00    3.160690E+00    3.266791E+01    2.834675E+03    5.933432E+03    1.060810E+04
    1.797272E+00    3.190953E+00    3.333414E+01    2.895491E+03    6.060847E+03    1.083571E+04
    1.798253E+00    3.221868E+00    3.401416E+01    2.957562E+03    6.190892E+03    1.106802E+04
    1.799286E+00    3.253448E+00    3.470818E+01    3.020911E+03    6.323613E+03    1.130510E+04
    1.800376E+00    3.285706E+00    3.541646E+01    3.085557E+03    6.459053E+03    1.154705E+04
    1.801526E+00    3.318656E+00    3.613922E+01    3.151522E+03    6.597256E+03    1.179393E+04
    1.802738E+00    3.352312E+00    3.687670E+01    3.218826E+03    6.738267E+03    1.204582E+04
    1.804018E+00    3.386687E+00    3.762911E+01    3.287492E+03    6.882127E+03    1.230280E+04
    1.805370E+00    3.421795E+00    3.839670E+01    3.357537E+03    7.028881E+03    1.256496E+04
    1.806797E+00    3.457651E+00    3.917968E+01    3.428984E+03    7.178569E+03    1.283235E+04
    1.808305E+00    3.494268E+00    3.997828E+01    3.501851E+03    7.331234E+03    1.310506E+04
    1.809898E+00    3.531660E+00    4.079270E+01    3.576158E+03    7.486915E+03    1.338316E+04
    1.811582E+00    3.569841E+00    4.162316E+01    3.651923E+03    7.645651E+03    1.366671E+04
    1.813362E+00    3.608826E+00    4.246986E+01    3.729165E+03    7.807480E+03    1.395580E+04
    1.815244E+00    3.648628E+00    4.333300E+01    3.807900E+03    7.972439E+03    1.425047E+04
    1.817233E+00    3.689262E+00    4.421275E+01    3.888145E+03    8.140563E+03    1.455079E+04
    1.819337E+00    3.730740E+00    4.510931E+01    3.969917E+03    8.311883E+03    1.485682E+04
    1.821561E+00    3.773077E+00    4.602283E+01    4.053229E+03    8.486431E+03    1.516862E+04
    1.823914E+00    3.816287E+00    4.695347E+01    4.138095E+03    8.664234E+03    1.548624E+04
    1.826401E+00    3.860381E+00    4.790138E+01    4.224527E+03    8.845320E+03    1.580972E+04
    1.829031E+00    3.905373E+00    4.886667E+01    4.312536E+03    9.029710E+03    1.613910E+04
    1.831811E+00    3.951276E+00    4.984946E+01    4.402133E+03    9.217424E+03    1.647442E+04
    1.834751E+00    3.998101E+00    5.084984E+01    4.493323E+03    9.408479E+03    1.681570E+04
    1.837859E+00    4.045861E+00    5.186789E+01    4.586114E+03    9.602886E+03    1.716298E+04
    1.841143E+00    4.094565E+00    5.290366E+01    4.680510E+03    9.800656E+03    1.751626E+04
    1.844614E+00    4.144225E+00    5.395718E+01    4.776512E+03    1.000179E+04    1.787555E+04
    1.848280E+00    4.194850E+00    5.502846E+01    4.874120E+03    1.020629E+04    1.824085E+04
    1.852153E+00    4.246449E+00    5.611747E+01    4.973332E+03    1.041415E+04    1.861215E+04
    1.856243E+00    4.299030E+00    5.722418E+01    5.074142E+03    1.062536E+04    1.898944E+04
    1.860561E+00    4.352600E+00    5.834850E+01    5.176542E+03    1.083990E+04    1.937268E+04
    1.865117E+00    4.407164E+00    5.949032E+01    5.280522E+03    1.105775E+04    1.976183E+04
    1.869923E+00    4.462728E+00    6.064951E+01    5.386067E+03    1.127888E+04    2.015683E+04
    1.874992E+00    4.519296E+00    6.182589E+01    5.493161E+03    1.150325E+04    2.055764E+04
    1.880335E+00    4.576868E+00    6.301924E+01    5.601782E+03    1.173083E+04    2.096415E+04
    1.885964E+00    4.635447E+00    6.422931E+01    5.711906E+03    1.196155E+04    2.137630E+04
    1.891893E+00    4.695030E+00    6.545580E+01    5.823506E+03    1.219537E+04    2.179396E+04
    1.898133E+00    4.755617E+00    6.669838E+01    5.936549E+03    1.243220E+04    2.221703E+04
    1.904698E+00    4.817201E+00    6.795667E+01    6.050999E+03    1.267199E+04    2.264536E+04
    1.911600E+00    4.879777E+00    6.923024E+01    6.166817E+03    1.291464E+04    2.307881E+04
    1.918853E+00    4.943337E+00    7.051862E+01    6.283958E+03    1.316007E+04    2.351721E+04
    1.926469E+00    5.007871E+00    7.182130E+01    6.402374E+03    1.340816E+04    2.396038E+04
    1.934462E+00    5.073366E+00    7.313770E+01    6.522011E+03    1.365881E+04    2.440813E+04
    1.942844E+00    5.139806E+00    7.446722E+01    6.642812E+03    1.391190E+04    2.486023E+04
    1.951627E+00    5.207176E+00    7.580918E+01    6.764716E+03    1.416731E+04    2.531645E+04
    1.960825E+00    5.275456E+00    7.716287E+01    6.887656E+03    1.442488E+04    2.577656E+04
    1.970448E+00    5.344624E+00    7.852754E+01    7.011561E+03    1.468447E+04    2.624027E+04
    1.980508E+00    5.414655E+00    7.990237E+01    7.136356E+03    1.494593E+04    2.670732E+04
    1.991017E+00    5.485522E+00    8.128651E+01    7.261963E+03    1.520909E+04    2.717740E+04
    2.001984E+00    5.557197E+00    8.267906E+01    7.388298E+03    1.547378E+04    2.765021E+04
    2.013419E+00    5.629646E+00    8.407908E+01    7.515275E+03    1.573981E+04    2.812542E+04
    2.025330E+00    5.702835E+00    8.548559E+01    7.642802E+03    1.600699E+04    2.860268E+04
    2.037727E+00    5.776728E+00    8.689756E+01    7.770785E+03    1.627513E+04    2.908166E+04
    2.050615E+00    5.851285E+00    8.831395E+01    7.899129E+03    1.654402E+04    2.956198E+04
    2.064001E+00    5.926464E+00    8.973366E+01    8.027732E+03    1.681346E+04    3.004328E+04
    2.077890E+00    6.002221E+00    9.115558E+01    8.156492E+03    1.708322E+04    3.052516E+04
    2.092284E+00    6.078509E+00    9.257858E+01    8.285306E+03    1.735310E+04    3.100724E+04
    2.107188E+00    6.155281E+00    9.400149E+01    8.414067E+03    1.762287E+04    3.148912E+04
    2.122601E+00    6.232486E+00    9.542316E+01    8.542668E+03    1.789230E+04    3.197041E+04
    2.138524E+00    6.310073E+00    9.684240E+01    8.671002E+03    1.816117E+04    3.245069E+04
    2.154956E+00    6.387989E+00    9.825803E+01    8.798960E+03    1.842925E+04    3.292957E+04
    2.171892E+00    6.466178E+00    9.966886E+01    8.926435E+03    1.869633E+04    3.340664E+04
    2.189329E+00    6.544584E+00    1.010737E+02    9.053320E+03    1.896216E+04    3.388149E+04
    2.207261E+00    6.623153E+00    1.024714E+02    9.179508E+03    1.922653E+04    3.435375E+04
    2.225681E+00    6.701825E+00    1.038609E+02    9.304895E+03    1.948923E+04    3.482300E+04
    2.244580E+00    6.780544E+00    1.052409E+02    9.429378E+03    1.975003E+04    3.528887E+04
    2.263949E+00    6.859251E+00    1.066104E+02    9.552859E+03    2.000873E+04    3.575098E+04
    2.283775E+00    6.937889E+00    1.079684E+02    9.675239E+03    2.026513E+04    3.620898E+04
    2.304046E+00    7.016401E+00    1.093137E+02    9.796425E+03    2.051902E+04    3.666251E+04
    2.324748E+00    7.094728E+00    1.106453E+02    9.916326E+03    2.077023E+04    3.711123E+04
    2.345866E+00    7.172814E+00    1.119624E+02    1.003486E+04    2.101856E+04    3.755482E+04
    2.367385E+00    7.250605E+00    1.132640E+02    1.015194E+04    2.126385E+04    3.799298E+04
    2.389286E+00    7.328045E+00    1.145492E+02    1.026749E+04    2.150593E+04    3.842541E+04
    2.411553E+00    7.405082E+00    1.158173E+02    1.038143E+04    2.174465E+04    3.885184E+04
    2.434164E+00    7.481665E+00    1.170675E+02    1.049371E+04    2.197988E+04    3.927202E+04
    2.457103E+00    7.557742E+00    1.182989E+02    1.060425E+04    2.221148E+04    3.968572E+04
