    0.000000E+00    0.000000E+00    0.000000E+00    0.000000E+00    0.000000E+00    0.000000E+00
   -7.087516E-06   -7.087517E-06   -7.087542E-06   -7.096535E-06   -7.134723E-06   -7.461616E-06
   -6.626366E-06   -6.626367E-06   -6.626391E-06   -6.634819E-06   -6.670608E-06   -6.976965E-06
   -6.224053E-06   -6.224054E-06   -6.224076E-06   -6.232027E-06   -6.265791E-06   -6.554810E-06
   -5.874811E-06   -5.874812E-06   -5.874833E-06   -5.882389E-06   -5.914471E-06   -6.189096E-06
   -5.573496E-06   -5.573496E-06   -5.573517E-06   -5.580751E-06   -5.611469E-06   -5.874421E-06
   -5.315514E-06   -5.315515E-06   -5.315534E-06   -5.322517E-06   -5.352167E-06   -5.605976E-06
   -5.096772E-06   -5.096773E-06   -5.096792E-06   -5.103588E-06   -5.132447E-06   -5.379476E-06
   -4.913620E-06   -4.913621E-06   -4.913640E-06   -4.920310E-06   -4.948637E-06   -5.191111E-06
   -4.762808E-06   -4.762809E-06   -4.762827E-06   -4.769431E-06   -4.797471E-06   -5.037499E-06
   -4.641444E-06   -4.641445E-06   -4.641463E-06   -4.648054E-06   -4.676044E-06   -4.915636E-06
   -4.546957E-06   -4.546958E-06   -4.546976E-06   -4.553609E-06   -4.581774E-06   -4.822866E-06
   -4.477065E-06   -4.477066E-06   -4.477085E-06   -4.483811E-06   -4.512370E-06   -4.756840E-06
   -4.429746E-06   -4.429746E-06   -4.429766E-06   -4.436635E-06   -4.465803E-06   -4.715487E-06
   -4.403207E-06   -4.403208E-06   -4.403228E-06   -4.410290E-06   -4.440280E-06   -4.696989E-06
   -4.395869E-06   -4.395870E-06   -4.395890E-06   -4.403195E-06   -4.434216E-06   -4.699753E-06
   -4.406336E-06   -4.406337E-06   -4.406358E-06   -4.413956E-06   -4.446219E-06   -4.722392E-06
   -4.433384E-06   -4.433385E-06   -4.433407E-06   -4.441348E-06   -4.475067E-06   -4.763704E-06
   -4.475942E-06   -4.475943E-06   -4.475966E-06   -4.484301E-06   -4.519693E-06   -4.822655E-06
   -4.533073E-06   -4.533074E-06   -4.533098E-06   -4.541880E-06   -4.579169E-06   -4.898364E-06
   -4.603966E-06   -4.603967E-06   -4.603993E-06   -4.613275E-06   -4.652691E-06   -4.990089E-06
   -4.687922E-06   -4.687923E-06   -4.687950E-06   -4.697790E-06   -4.739571E-06   -5.097216E-06
   -4.784342E-06   -4.784343E-06   -4.784372E-06   -4.794827E-06   -4.839222E-06   -5.219248E-06
   -4.892718E-06   -4.892720E-06   -4.892751E-06   -4.903883E-06   -4.951154E-06   -5.355794E-06
   -5.012628E-06   -5.012630E-06   -5.012663E-06   -5.024537E-06   -5.074958E-06   -5.506563E-06
   -5.143722E-06   -5.143724E-06   -5.143759E-06   -5.156443E-06   -5.210304E-06   -5.671356E-06
   -5.285721E-06   -5.285723E-06   -5.285761E-06   -5.299327E-06   -5.356935E-06   -5.850062E-06
   -5.438408E-06   -5.438410E-06   -5.438450E-06   -5.452976E-06   -5.514657E-06   -6.042648E-06
   -5.601623E-06   -5.601625E-06   -5.601668E-06   -5.617234E-06   -5.683335E-06   -6.249159E-06
   -5.775259E-06   -5.775261E-06   -5.775307E-06   -5.792002E-06   -5.862892E-06   -6.469711E-06
   -5.959257E-06   -5.959260E-06   -5.959310E-06   -5.977225E-06   -6.053299E-06   -6.704491E-06
   -6.153606E-06   -6.153608E-06   -6.153662E-06   -6.172897E-06   -6.254577E-06   -6.953753E-06
   -6.358332E-06   -6.358335E-06   -6.358392E-06   -6.379054E-06   -6.466790E-06   -7.217815E-06
   -6.573503E-06   -6.573505E-06   -6.573567E-06   -6.595769E-06   -6.690046E-06   -7.497060E-06
   -6.799221E-06   -6.799224E-06   -6.799291E-06   -6.823155E-06   -6.924491E-06   -7.791932E-06
   -7.035625E-06   -7.035628E-06   -7.035700E-06   -7.061357E-06   -7.170309E-06   -8.102938E-06
   -7.282883E-06   -7.282887E-06   -7.282964E-06   -7.310556E-06   -7.427720E-06   -8.430649E-06
   -7.541197E-06   -7.541200E-06   -7.541283E-06   -7.570960E-06   -7.696978E-06   -8.775697E-06
   -7.810794E-06   -7.810798E-06   -7.810887E-06   -7.842812E-06   -7.978373E-06   -9.138780E-06
   -8.091934E-06   -8.091938E-06   -8.092034E-06   -8.126380E-06   -8.272225E-06   -9.520659E-06
   -8.384899E-06   -8.384904E-06   -8.385006E-06   -8.421962E-06   -8.578886E-06   -9.922162E-06
   -8.690001E-06   -8.690006E-06   -8.690117E-06   -8.729883E-06   -8.898743E-06   -1.034419E-05
   -9.007576E-06   -9.007581E-06   -9.007700E-06   -9.050494E-06   -9.232211E-06   -1.078771E-05
   -9.337985E-06   -9.337991E-06   -9.338119E-06   -9.384174E-06   -9.579737E-06   -1.125376E-05
   -9.681614E-06   -9.681620E-06   -9.681759E-06   -9.731325E-06   -9.941800E-06   -1.174347E-05
   -1.003887E-05   -1.003888E-05   -1.003903E-05   -1.009238E-05   -1.031891E-05   -1.225804E-05
   -1.041020E-05   -1.041021E-05   -1.041037E-05   -1.046779E-05   -1.071161E-05   -1.279875E-05
   -1.079605E-05   -1.079606E-05   -1.079623E-05   -1.085804E-05   -1.112048E-05   -1.336700E-05
   -1.119691E-05   -1.119692E-05   -1.119710E-05   -1.126363E-05   -1.154612E-05   -1.396424E-05
   -1.161328E-05   -1.161329E-05   -1.161349E-05   -1.168510E-05   -1.198918E-05   -1.459206E-05
   -1.204571E-05   -1.204572E-05   -1.204593E-05   -1.212301E-05   -1.245033E-05   -1.525213E-05
   -1.249474E-05   -1.249475E-05   -1.249498E-05   -1.257796E-05   -1.293029E-05   -1.594625E-05
   -1.296096E-05   -1.296097E-05   -1.296122E-05   -1.305054E-05   -1.342981E-05   -1.667634E-05
   -1.344499E-05   -1.344500E-05   -1.344527E-05   -1.354141E-05   -1.394968E-05   -1.744444E-05
   -1.394745E-05   -1.394746E-05   -1.394775E-05   -1.405125E-05   -1.449073E-05   -1.825273E-05
   -1.446901E-05   -1.446902E-05   -1.446933E-05   -1.458074E-05   -1.505384E-05   -1.910353E-05
   -1.501035E-05   -1.501037E-05   -1.501070E-05   -1.513064E-05   -1.563991E-05   -1.999932E-05
   -1.557221E-05   -1.557223E-05   -1.557259E-05   -1.570170E-05   -1.624992E-05   -2.094275E-05
   -1.615533E-05   -1.615535E-05   -1.615574E-05   -1.629472E-05   -1.688488E-05   -2.193664E-05
   -1.676049E-05   -1.676051E-05   -1.676092E-05   -1.691054E-05   -1.754584E-05   -2.298400E-05
   -1.738849E-05   -1.738851E-05   -1.738896E-05   -1.755002E-05   -1.823391E-05   -2.408805E-05
   -1.804019E-05   -1.804021E-05   -1.804069E-05   -1.821407E-05   -1.895028E-05   -2.525221E-05
   -1.871645E-05   -1.871647E-05   -1.871699E-05   -1.890363E-05   -1.969615E-05   -2.648015E-05
   -1.941818E-05   -1.941821E-05   -1.941877E-05   -1.961968E-05   -2.047283E-05   -2.777577E-05
   -2.014633E-05   -2.014636E-05   -2.014696E-05   -2.036325E-05   -2.128166E-05   -2.914324E-05
   -2.090189E-05   -2.090192E-05   -2.090256E-05   -2.113539E-05   -2.212406E-05   -3.058701E-05
   -2.168586E-05   -2.168589E-05   -2.168659E-05   -2.193723E-05   -2.300152E-05   -3.211186E-05
   -2.249930E-05   -2.249934E-05   -2.250009E-05   -2.276990E-05   -2.391561E-05   -3.372285E-05
   -2.334333E-05   -2.334336E-05   -2.334417E-05   -2.363462E-05   -2.486797E-05   -3.542543E-05
   -2.421906E-05   -2.421910E-05   -2.421997E-05   -2.453264E-05   -2.586033E-05   -3.722539E-05
   -2.512769E-05   -2.512773E-05   -2.512867E-05   -2.546526E-05   -2.689451E-05   -3.912893E-05
   -2.607044E-05   -2.607049E-05   -2.607150E-05   -2.643383E-05   -2.797242E-05   -4.114270E-05
   -2.704860E-05   -2.704865E-05   -2.704973E-05   -2.743978E-05   -2.909606E-05   -4.327379E-05
   -2.806347E-05   -2.806352E-05   -2.806469E-05   -2.848458E-05   -3.026755E-05   -4.552977E-05
   -2.911644E-05   -2.911649E-05   -2.911775E-05   -2.956976E-05   -3.148912E-05   -4.791877E-05
   -3.020892E-05   -3.020898E-05   -3.021033E-05   -3.069691E-05   -3.276309E-05   -5.044946E-05
   -3.134239E-05   -3.134245E-05   -3.134391E-05   -3.186771E-05   -3.409193E-05   -5.313113E-05
   -3.251839E-05   -3.251846E-05   -3.252003E-05   -3.308389E-05   -3.547824E-05   -5.597372E-05
   -3.373850E-05   -3.373858E-05   -3.374027E-05   -3.434726E-05   -3.692475E-05   -5.898788E-05
   -3.500438E-05   -3.500446E-05   -3.500628E-05   -3.565970E-05   -3.843433E-05   -6.218500E-05
   -3.631773E-05   -3.631782E-05   -3.631978E-05   -3.702318E-05   -4.001003E-05   -6.557727E-05
   -3.768034E-05   -3.768043E-05   -3.768254E-05   -3.843974E-05   -4.165504E-05   -6.917776E-05
   -3.909404E-05   -3.909414E-05   -3.909641E-05   -3.991152E-05   -4.337273E-05   -7.300045E-05
   -4.056074E-05   -4.056085E-05   -4.056329E-05   -4.144074E-05   -4.516667E-05   -7.706035E-05
   -4.208242E-05   -4.208254E-05   -4.208517E-05   -4.302973E-05   -4.704062E-05   -8.137350E-05
   -4.366115E-05   -4.366127E-05   -4.366410E-05   -4.468090E-05   -4.899855E-05   -8.595713E-05
   -4.529904E-05   -4.529918E-05   -4.530223E-05   -4.639679E-05   -5.104463E-05   -9.082966E-05
   -4.699833E-05   -4.699847E-05   -4.700175E-05   -4.818002E-05   -5.318331E-05   -9.601087E-05
   -4.876129E-05   -4.876144E-05   -4.876498E-05   -5.003335E-05   -5.541926E-05   -1.015219E-04
   -5.059031E-05   -5.059048E-05   -5.059428E-05   -5.195965E-05   -5.775743E-05   -1.073856E-04
   -5.248785E-05   -5.248803E-05   -5.249213E-05   -5.396191E-05   -6.020305E-05   -1.136262E-04
   -5.445649E-05   -5.445668E-05   -5.446109E-05   -5.604326E-05   -6.276165E-05   -1.202699E-04
   -5.649886E-05   -5.649907E-05   -5.650382E-05   -5.820697E-05   -6.543909E-05   -1.273446E-04
   -5.861773E-05   -5.861796E-05   -5.862307E-05   -6.045645E-05   -6.824157E-05   -1.348805E-04
   -6.081596E-05   -6.081620E-05   -6.082170E-05   -6.279527E-05   -7.117565E-05   -1.429098E-04
   -6.309650E-05   -6.309676E-05   -6.310268E-05   -6.522714E-05   -7.424829E-05   -1.514670E-04
   -6.546243E-05   -6.546271E-05   -6.546908E-05   -6.775598E-05   -7.746685E-05   -1.605893E-04
   -6.791693E-05   -6.791724E-05   -6.792409E-05   -7.038583E-05   -8.083915E-05   -1.703165E-04
   -7.046331E-05   -7.046364E-05   -7.047102E-05   -7.312097E-05   -8.437346E-05   -1.806913E-04
   -7.310500E-05   -7.310536E-05   -7.311330E-05   -7.596584E-05   -8.807858E-05   -1.917596E-04
   -7.584555E-05   -7.584593E-05   -7.585449E-05   -7.892509E-05   -9.196381E-05   -2.035705E-04
   -7.868865E-05   -7.868906E-05   -7.869827E-05   -8.200360E-05   -9.603905E-05   -2.161770E-04
   -8.163811E-05   -8.163856E-05   -8.164846E-05   -8.520646E-05   -1.003148E-04   -2.296358E-04
   -8.469791E-05   -8.469839E-05   -8.470905E-05   -8.853902E-05   -1.048022E-04   -2.440076E-04
   -8.787215E-05   -8.787266E-05   -8.788414E-05   -9.200685E-05   -1.095131E-04   -2.593580E-04
   -9.116509E-05   -9.116564E-05   -9.117800E-05   -9.561582E-05   -1.144601E-04   -2.757571E-04
   -9.458115E-05   -9.458175E-05   -9.459505E-05   -9.937205E-05   -1.196566E-04   -2.932803E-04
   -9.812492E-05   -9.812556E-05   -9.813988E-05   -1.032820E-04   -1.251167E-04   -3.120086E-04
   -1.018011E-04   -1.018018E-04   -1.018173E-04   -1.073523E-04   -1.308557E-04   -3.320288E-04
   -1.056148E-04   -1.056155E-04   -1.056321E-04   -1.115901E-04   -1.368895E-04   -3.534344E-04
   -1.095709E-04   -1.095717E-04   -1.095895E-04   -1.160028E-04   -1.432354E-04   -3.763255E-04
   -1.136747E-04   -1.136756E-04   -1.136948E-04   -1.205981E-04   -1.499116E-04   -4.008100E-04
   -1.179319E-04   -1.179328E-04   -1.179535E-04   -1.253843E-04   -1.569374E-04   -4.270035E-04
   -1.223480E-04   -1.223490E-04   -1.223713E-04   -1.303698E-04   -1.643336E-04   -4.550303E-04
   -1.269290E-04   -1.269301E-04   -1.269540E-04   -1.355636E-04   -1.721221E-04   -4.850239E-04
   -1.316810E-04   -1.316821E-04   -1.317079E-04   -1.409752E-04   -1.803264E-04   -5.171277E-04
   -1.366103E-04   -1.366115E-04   -1.366393E-04   -1.466144E-04   -1.889715E-04   -5.514958E-04
   -1.417234E-04   -1.417248E-04   -1.417547E-04   -1.524918E-04   -1.980840E-04   -5.882937E-04
   -1.470273E-04   -1.470288E-04   -1.470610E-04   -1.586181E-04   -2.076925E-04   -6.276994E-04
   -1.525290E-04   -1.525306E-04   -1.525652E-04   -1.650050E-04   -2.178271E-04   -6.699039E-04
   -1.582358E-04   -1.582374E-04   -1.582747E-04   -1.716645E-04   -2.285203E-04   -7.151125E-04
   -1.641552E-04   -1.641570E-04   -1.641971E-04   -1.786093E-04   -2.398065E-04   -7.635458E-04
   -1.702952E-04   -1.702971E-04   -1.703403E-04   -1.858529E-04   -2.517226E-04   -8.154410E-04
   -1.766638E-04   -1.766659E-04   -1.767124E-04   -1.934093E-04   -2.643078E-04   -8.710527E-04
   -1.832696E-04   -1.832718E-04   -1.833219E-04   -2.012934E-04   -2.776042E-04   -9.306546E-04
   -1.901212E-04   -1.901236E-04   -1.901775E-04   -2.095209E-04   -2.916565E-04   -9.945408E-04
   -1.972278E-04   -1.972304E-04   -1.972884E-04   -2.181082E-04   -3.065127E-04   -1.063027E-03
   -2.045987E-04   -2.046015E-04   -2.046639E-04   -2.270727E-04   -3.222239E-04   -1.136454E-03
   -2.122437E-04   -2.122467E-04   -2.123139E-04   -2.364327E-04   -3.388447E-04   -1.215185E-03
   -2.201729E-04   -2.201761E-04   -2.202484E-04   -2.462076E-04   -3.564336E-04   -1.299614E-03
   -2.283966E-04   -2.284001E-04   -2.284779E-04   -2.564177E-04   -3.750530E-04   -1.390160E-03
   -2.369258E-04   -2.369295E-04   -2.370133E-04   -2.670845E-04   -3.947696E-04   -1.487278E-03
   -2.457716E-04   -2.457756E-04   -2.458657E-04   -2.782307E-04   -4.156548E-04   -1.591453E-03
   -2.549456E-04   -2.549499E-04   -2.550469E-04   -2.898804E-04   -4.377850E-04   -1.703209E-03
   -2.644599E-04   -2.644645E-04   -2.645689E-04   -3.020588E-04   -4.612417E-04   -1.823107E-03
   -2.743269E-04   -2.743319E-04   -2.744443E-04   -3.147927E-04   -4.861123E-04   -1.951750E-03
   -2.845595E-04   -2.845649E-04   -2.846858E-04   -3.281104E-04   -5.124902E-04   -2.089787E-03
   -2.951711E-04   -2.951769E-04   -2.953071E-04   -3.420418E-04   -5.404755E-04   -2.237915E-03
   -3.061755E-04   -3.061817E-04   -3.063218E-04   -3.566186E-04   -5.701750E-04   -2.396882E-03
   -3.175870E-04   -3.175937E-04   -3.177445E-04   -3.718742E-04   -6.017032E-04   -2.567493E-03
   -3.294204E-04   -3.294277E-04   -3.295899E-04   -3.878440E-04   -6.351828E-04   -2.750611E-03
   -3.416912E-04   -3.416990E-04   -3.418736E-04   -4.045655E-04   -6.707449E-04   -2.947164E-03
   -3.544151E-04   -3.544235E-04   -3.546114E-04   -4.220785E-04   -7.085301E-04   -3.158149E-03
   -3.676086E-04   -3.676176E-04   -3.678198E-04   -4.404250E-04   -7.486886E-04   -3.384637E-03
   -3.812887E-04   -3.812984E-04   -3.815160E-04   -4.596496E-04   -7.913815E-04   -3.627778E-03
   -3.954730E-04   -3.954835E-04   -3.957177E-04   -4.797994E-04   -8.367814E-04   -3.888807E-03
   -4.101798E-04   -4.101911E-04   -4.104431E-04   -5.009245E-04   -8.850730E-04   -4.169051E-03
   -4.254279E-04   -4.254400E-04   -4.257111E-04   -5.230780E-04   -9.364540E-04   -4.469933E-03
   -4.412367E-04   -4.412497E-04   -4.415415E-04   -5.463162E-04   -9.911364E-04   -4.792984E-03
   -4.576264E-04   -4.576405E-04   -4.579545E-04   -5.706989E-04   -1.049347E-03   -5.139844E-03
   -4.746180E-04   -4.746331E-04   -4.749709E-04   -5.962894E-04   -1.111330E-03   -5.512276E-03
   -4.922329E-04   -4.922491E-04   -4.926127E-04   -6.231550E-04   -1.177344E-03   -5.912173E-03
   -5.104934E-04   -5.105109E-04   -5.109021E-04   -6.513672E-04   -1.247670E-03   -6.341565E-03
   -5.294226E-04   -5.294414E-04   -5.298624E-04   -6.810019E-04   -1.322607E-03   -6.802630E-03
   -5.490444E-04   -5.490646E-04   -5.495175E-04   -7.121395E-04   -1.402474E-03   -7.297707E-03
   -5.693832E-04   -5.694050E-04   -5.698923E-04   -7.448659E-04   -1.487615E-03   -7.829304E-03
   -5.904647E-04   -5.904881E-04   -5.910125E-04   -7.792719E-04   -1.578399E-03   -8.400111E-03
   -6.123151E-04   -6.123403E-04   -6.129044E-04   -8.154543E-04   -1.675219E-03   -9.013015E-03
   -6.349614E-04   -6.349886E-04   -6.355955E-04   -8.535161E-04   -1.778497E-03   -9.671108E-03
   -6.584319E-04   -6.584611E-04   -6.591141E-04   -8.935665E-04   -1.888687E-03   -1.037771E-02
   -6.827554E-04   -6.827868E-04   -6.834894E-04   -9.357219E-04   -2.006273E-03   -1.113637E-02
   -7.079619E-04   -7.079957E-04   -7.087515E-04   -9.801061E-04   -2.131775E-03   -1.195091E-02
   -7.340823E-04   -7.341186E-04   -7.349316E-04   -1.026851E-03   -2.265749E-03   -1.282540E-02
   -7.611483E-04   -7.611873E-04   -7.620620E-04   -1.076096E-03   -2.408793E-03   -1.376421E-02
   -7.891929E-04   -7.892349E-04   -7.901758E-04   -1.127991E-03   -2.561546E-03   -1.477203E-02
   -8.182499E-04   -8.182952E-04   -8.193073E-04   -1.182694E-03   -2.724691E-03   -1.585388E-02
   -8.483545E-04   -8.484031E-04   -8.494919E-04   -1.240375E-03   -2.898964E-03   -1.701510E-02
   -8.795426E-04   -8.795949E-04   -8.807660E-04   -1.301214E-03   -3.085149E-03   -1.826144E-02
   -9.118514E-04   -9.119077E-04   -9.131673E-04   -1.365402E-03   -3.284089E-03   -1.959904E-02
   -9.453193E-04   -9.453798E-04   -9.467347E-04   -1.433143E-03   -3.496685E-03   -2.103445E-02
   -9.799857E-04   -9.800508E-04   -9.815080E-04   -1.504656E-03   -3.723903E-03   -2.257468E-02
   -1.015891E-03   -1.015961E-03   -1.017529E-03   -1.580171E-03   -3.966777E-03   -2.422721E-02
   -1.053078E-03   -1.053153E-03   -1.054839E-03   -1.659936E-03   -4.226414E-03   -2.600004E-02
   -1.091589E-03   -1.091670E-03   -1.093483E-03   -1.744213E-03   -4.504001E-03   -2.790169E-02
   -1.131468E-03   -1.131556E-03   -1.133505E-03   -1.833283E-03   -4.800807E-03   -2.994125E-02
   -1.172762E-03   -1.172856E-03   -1.174952E-03   -1.927445E-03   -5.118190E-03   -3.212840E-02
   -1.215517E-03   -1.215618E-03   -1.217872E-03   -2.027017E-03   -5.457605E-03   -3.447347E-02
   -1.259782E-03   -1.259890E-03   -1.262314E-03   -2.132338E-03   -5.820608E-03   -3.698744E-02
   -1.305605E-03   -1.305721E-03   -1.308327E-03   -2.243771E-03   -6.208864E-03   -3.968199E-02
   -1.353038E-03   -1.353164E-03   -1.355965E-03   -2.361699E-03   -6.624155E-03   -4.256952E-02
   -1.402134E-03   -1.402269E-03   -1.405281E-03   -2.486534E-03   -7.068384E-03   -4.566321E-02
   -1.452946E-03   -1.453090E-03   -1.456329E-03   -2.618715E-03   -7.543590E-03   -4.897703E-02
   -1.505528E-03   -1.505684E-03   -1.509165E-03   -2.758707E-03   -8.051950E-03   -5.252578E-02
   -1.559939E-03   -1.560106E-03   -1.563848E-03   -2.907008E-03   -8.595793E-03   -5.632513E-02
   -1.616234E-03   -1.616414E-03   -1.620437E-03   -3.064147E-03   -9.177605E-03   -6.039164E-02
   -1.674475E-03   -1.674668E-03   -1.678992E-03   -3.230691E-03   -9.800045E-03   -6.474279E-02
   -1.734721E-03   -1.734928E-03   -1.739576E-03   -3.407240E-03   -1.046595E-02   -6.939699E-02
   -1.797034E-03   -1.797257E-03   -1.802252E-03   -3.594436E-03   -1.117835E-02   -7.437363E-02
   -1.861479E-03   -1.861719E-03   -1.867086E-03   -3.792963E-03   -1.194048E-02   -7.969305E-02
   -1.928119E-03   -1.928377E-03   -1.934145E-03   -4.003548E-03   -1.275579E-02   -8.537661E-02
   -1.997022E-03   -1.997299E-03   -2.003497E-03   -4.226968E-03   -1.362796E-02   -9.144661E-02
   -2.068255E-03   -2.068553E-03   -2.075211E-03   -4.464048E-03   -1.456092E-02   -9.792635E-02
   -2.141887E-03   -2.142206E-03   -2.149360E-03   -4.715668E-03   -1.555884E-02   -1.048400E-01
   -2.217988E-03   -2.218331E-03   -2.226016E-03   -4.982764E-03   -1.662619E-02   -1.122128E-01
   -2.296630E-03   -2.296998E-03   -2.305254E-03   -5.266335E-03   -1.776770E-02   -1.200707E-01
   -2.377885E-03   -2.378281E-03   -2.387149E-03   -5.567440E-03   -1.898843E-02   -1.284404E-01
   -2.461828E-03   -2.462253E-03   -2.471777E-03   -5.887211E-03   -2.029374E-02   -1.373493E-01
   -2.548534E-03   -2.548991E-03   -2.559219E-03   -6.226848E-03   -2.168934E-02   -1.468255E-01
   -2.638078E-03   -2.638569E-03   -2.649553E-03   -6.587630E-03   -2.318130E-02   -1.568974E-01
   -2.730539E-03   -2.731066E-03   -2.742860E-03   -6.970916E-03   -2.477605E-02   -1.675934E-01
   -2.825994E-03   -2.826560E-03   -2.839222E-03   -7.378151E-03   -2.648043E-02   -1.789422E-01
   -2.924522E-03   -2.925129E-03   -2.938723E-03   -7.810871E-03   -2.830167E-02   -1.909721E-01
   -3.026203E-03   -3.026855E-03   -3.041447E-03   -8.270707E-03   -3.024746E-02   -2.037105E-01
   -3.131118E-03   -3.131817E-03   -3.147479E-03   -8.759393E-03   -3.232591E-02   -2.171841E-01
   -3.239346E-03   -3.240097E-03   -3.256906E-03   -9.278768E-03   -3.454561E-02   -2.314180E-01
   -3.350969E-03   -3.351775E-03   -3.369813E-03   -9.830785E-03   -3.691562E-02   -2.464353E-01
   -3.466070E-03   -3.466934E-03   -3.486289E-03   -1.041751E-02   -3.944554E-02   -2.622565E-01
   -3.584728E-03   -3.585656E-03   -3.606420E-03   -1.104115E-02   -4.214544E-02   -2.788987E-01
   -3.707027E-03   -3.708022E-03   -3.730296E-03   -1.170403E-02   -4.502595E-02   -2.963750E-01
   -3.833046E-03   -3.834113E-03   -3.858005E-03   -1.240861E-02   -4.809824E-02   -3.146934E-01
   -3.962867E-03   -3.964012E-03   -3.989634E-03   -1.315750E-02   -5.137405E-02   -3.338559E-01
   -4.096570E-03   -4.097797E-03   -4.125272E-03   -1.395346E-02   -5.486567E-02   -3.538575E-01
   -4.234234E-03   -4.235550E-03   -4.265007E-03   -1.479943E-02   -5.858598E-02   -3.746845E-01
   -4.375937E-03   -4.377347E-03   -4.408926E-03   -1.569848E-02   -6.254840E-02   -3.963135E-01
   -4.521755E-03   -4.523267E-03   -4.557115E-03   -1.665387E-02   -6.676696E-02   -4.187099E-01
   -4.671765E-03   -4.673385E-03   -4.709659E-03   -1.766905E-02   -7.125624E-02   -4.418260E-01
   -4.826038E-03   -4.827774E-03   -4.866643E-03   -1.874764E-02   -7.603136E-02   -4.655992E-01
   -4.984646E-03   -4.986506E-03   -5.028147E-03   -1.989348E-02   -8.110799E-02   -4.899502E-01
   -5.147656E-03   -5.149649E-03   -5.194254E-03   -2.111058E-02   -8.650226E-02   -5.147812E-01
   -5.315135E-03   -5.317269E-03   -5.365040E-03   -2.240318E-02   -9.223081E-02   -5.399732E-01
   -5.487143E-03   -5.489429E-03   -5.540581E-03   -2.377574E-02   -9.831066E-02   -5.653846E-01
   -5.663740E-03   -5.666187E-03   -5.720951E-03   -2.523293E-02   -1.047592E-01   -5.908483E-01
   -5.844980E-03   -5.847599E-03   -5.906217E-03   -2.677964E-02   -1.115940E-01   -6.161701E-01
   -6.030911E-03   -6.033714E-03   -6.096446E-03   -2.842101E-02   -1.188330E-01   -6.411268E-01
   -6.221579E-03   -6.224578E-03   -6.291700E-03   -3.016241E-02   -1.264940E-01   -6.654637E-01
   -6.417024E-03   -6.420232E-03   -6.492035E-03   -3.200945E-02   -1.345949E-01   -6.888940E-01
   -6.617278E-03   -6.620709E-03   -6.697504E-03   -3.396799E-02   -1.431532E-01   -7.110974E-01
   -6.822369E-03   -6.826037E-03   -6.908153E-03   -3.604412E-02   -1.521863E-01   -7.317198E-01
   -7.032316E-03   -7.036238E-03   -7.124023E-03   -3.824418E-02   -1.617107E-01   -7.503737E-01
   -7.247134E-03   -7.251325E-03   -7.345149E-03   -4.057476E-02   -1.717423E-01   -7.666395E-01
   -7.466826E-03   -7.471305E-03   -7.571558E-03   -4.304269E-02   -1.822958E-01   -7.800687E-01
   -7.691389E-03   -7.696174E-03   -7.803271E-03   -4.565501E-02   -1.933845E-01   -7.901872E-01
   -7.920811E-03   -7.925921E-03   -8.040301E-03   -4.841902E-02   -2.050199E-01   -7.965019E-01
   -8.155069E-03   -8.160526E-03   -8.282651E-03   -5.134221E-02   -2.172117E-01   -7.985081E-01
   -8.394132E-03   -8.399956E-03   -8.530317E-03   -5.443228E-02   -2.299667E-01   -7.956999E-01
   -8.637956E-03   -8.644171E-03   -8.783285E-03   -5.769710E-02   -2.432889E-01   -7.875832E-01
   -8.886488E-03   -8.893118E-03   -9.041529E-03   -6.114473E-02   -2.571787E-01   -7.736904E-01
   -9.139660E-03   -9.146732E-03   -9.305015E-03   -6.478334E-02   -2.716324E-01   -7.535993E-01
   -9.397395E-03   -9.404935E-03   -9.573698E-03   -6.862123E-02   -2.866418E-01   -7.269539E-01
   -9.659602E-03   -9.667638E-03   -9.847519E-03   -7.266675E-02   -3.021930E-01   -6.934886E-01
   -9.926175E-03   -9.934738E-03   -1.012641E-02   -7.692831E-02   -3.182663E-01   -6.530539E-01
   -1.019700E-02   -1.020612E-02   -1.041028E-02   -8.141430E-02   -3.348350E-01   -6.056452E-01
   -1.047193E-02   -1.048164E-02   -1.069905E-02   -8.613302E-02   -3.518649E-01   -5.514313E-01
   -1.075083E-02   -1.076117E-02   -1.099260E-02   -9.109268E-02   -3.693132E-01   -4.907835E-01
   -1.103354E-02   -1.104454E-02   -1.129080E-02   -9.630129E-02   -3.871277E-01   -4.243026E-01
   -1.131986E-02   -1.133157E-02   -1.159352E-02   -1.017666E-01   -4.052462E-01   -3.528415E-01
   -1.160962E-02   -1.162206E-02   -1.190061E-02   -1.074960E-01   -4.235951E-01   -2.775224E-01
   -1.190258E-02   -1.191581E-02   -1.221189E-02   -1.134964E-01   -4.420889E-01   -1.997438E-01
   -1.219854E-02   -1.221260E-02   -1.252719E-02   -1.197742E-01   -4.606293E-01   -1.211756E-01
   -1.249723E-02   -1.251216E-02   -1.284630E-02   -1.263353E-01   -4.791041E-01   -4.373858E-02
   -1.279841E-02   -1.281426E-02   -1.316901E-02   -1.331845E-01   -4.973869E-01    3.043537E-02
   -1.310177E-02   -1.311860E-02   -1.349508E-02   -1.403260E-01   -5.153365E-01    9.906447E-02
   -1.340704E-02   -1.342489E-02   -1.382426E-02   -1.477627E-01   -5.327962E-01    1.598022E-01
   -1.371389E-02   -1.373282E-02   -1.415630E-02   -1.554965E-01   -5.495938E-01    2.103466E-01
   -1.402200E-02   -1.404205E-02   -1.449091E-02   -1.635279E-01   -5.655415E-01    2.485733E-01
   -1.433101E-02   -1.435226E-02   -1.482778E-02   -1.718557E-01   -5.804366E-01    2.726867E-01
   -1.464056E-02   -1.466306E-02   -1.516662E-02   -1.804771E-01   -5.940622E-01    2.813851E-01
   -1.495026E-02   -1.497408E-02   -1.550708E-02   -1.893874E-01   -6.061880E-01    2.740264E-01
   -1.525973E-02   -1.528493E-02   -1.584882E-02   -1.985796E-01   -6.165727E-01    2.507821E-01
   -1.556855E-02   -1.559520E-02   -1.619149E-02   -2.080446E-01   -6.249657E-01    2.127616E-01
   -1.587630E-02   -1.590446E-02   -1.653470E-02   -2.177704E-01   -6.311106E-01    1.620860E-01
   -1.618253E-02   -1.621229E-02   -1.687808E-02   -2.277426E-01   -6.347487E-01    1.018898E-01
   -1.648680E-02   -1.651822E-02   -1.722122E-02   -2.379434E-01   -6.356232E-01    3.623124E-02
   -1.678864E-02   -1.682180E-02   -1.756370E-02   -2.483521E-01   -6.334850E-01   -3.010483E-02
   -1.708758E-02   -1.712256E-02   -1.790511E-02   -2.589442E-01   -6.280985E-01   -9.191901E-02
   -1.738314E-02   -1.742001E-02   -1.824500E-02   -2.696917E-01   -6.192483E-01   -1.440183E-01
   -1.767483E-02   -1.771368E-02   -1.858294E-02   -2.805627E-01   -6.067476E-01   -1.817230E-01
   -1.796215E-02   -1.800306E-02   -1.891847E-02   -2.915211E-01   -5.904459E-01   -2.014206E-01
   -1.824459E-02   -1.828766E-02   -1.925114E-02   -3.025265E-01   -5.702382E-01   -2.010997E-01
   -1.852167E-02   -1.856698E-02   -1.958048E-02   -3.135342E-01   -5.460747E-01   -1.807909E-01
   -1.879287E-02   -1.884050E-02   -1.990603E-02   -3.244948E-01   -5.179701E-01   -1.428226E-01
   -1.905769E-02   -1.910774E-02   -2.022731E-02   -3.353543E-01   -4.860128E-01   -9.180804E-02
   -1.931561E-02   -1.936817E-02   -2.054385E-02   -3.460541E-01   -4.503742E-01   -3.429837E-02
   -1.956615E-02   -1.962132E-02   -2.085520E-02   -3.565307E-01   -4.113161E-01    2.192177E-02
   -1.980881E-02   -1.986668E-02   -2.116087E-02   -3.667164E-01   -3.691976E-01    6.886183E-02
   -2.004311E-02   -2.010377E-02   -2.146040E-02   -3.765387E-01   -3.244787E-01    9.956597E-02
   -2.026856E-02   -2.033211E-02   -2.175335E-02   -3.859211E-01   -2.777225E-01    1.093837E-01
   -2.048470E-02   -2.055124E-02   -2.203925E-02   -3.947831E-01   -2.295929E-01    9.702597E-02
   -2.069107E-02   -2.076070E-02   -2.231767E-02   -4.030408E-01   -1.808490E-01    6.514115E-02
   -2.088725E-02   -2.096007E-02   -2.258818E-02   -4.106073E-01   -1.323347E-01    2.018193E-02
   -2.107281E-02   -2.114892E-02   -2.285036E-02   -4.173935E-01   -8.496309E-02   -2.855993E-02
   -2.124735E-02   -2.132684E-02   -2.310381E-02   -4.233087E-01   -3.969575E-02   -7.069906E-02
   -2.141049E-02   -2.149346E-02   -2.334814E-02   -4.282614E-01    2.483852E-03   -9.701164E-02
   -2.156187E-02   -2.164842E-02   -2.358299E-02   -4.321605E-01    4.060199E-02   -1.017259E-01
   -2.170116E-02   -2.179139E-02   -2.380799E-02   -4.349166E-01    7.373130E-02   -8.423597E-02
   -2.182804E-02   -2.192204E-02   -2.402283E-02   -4.364428E-01    1.010312E-01   -4.964804E-02
   -2.194224E-02   -2.204011E-02   -2.422719E-02   -4.366565E-01    1.217907E-01   -7.784327E-03
   -2.204350E-02   -2.214533E-02   -2.442078E-02   -4.354808E-01    1.354720E-01    2.933138E-02
   -2.213158E-02   -2.223748E-02   -2.460334E-02   -4.328462E-01    1.417522E-01    5.096400E-02
   -2.220631E-02   -2.231636E-02   -2.477464E-02   -4.286920E-01    1.405602E-01    5.113902E-02
   -2.226751E-02   -2.238179E-02   -2.493446E-02   -4.229686E-01    1.321065E-01    3.087441E-02
   -2.231504E-02   -2.243365E-02   -2.508261E-02   -4.156388E-01    1.169015E-01   -1.824104E-03
   -2.234881E-02   -2.247184E-02   -2.521894E-02   -4.066801E-01    9.576000E-02   -3.464228E-02
   -2.236875E-02   -2.249626E-02   -2.534331E-02   -3.960862E-01    6.978885E-02   -5.520632E-02
   -2.237481E-02   -2.250689E-02   -2.545561E-02   -3.838685E-01    4.035521E-02   -5.610152E-02
   -2.236697E-02   -2.250370E-02   -2.555575E-02   -3.700584E-01    9.034759E-03   -3.809358E-02
   -2.234522E-02   -2.248668E-02   -2.564364E-02   -3.547080E-01   -2.246015E-02   -9.988518E-03
   -2.230946E-02   -2.245571E-02   -2.571910E-02   -3.378916E-01   -5.237042E-02    1.516345E-02
   -2.225924E-02   -2.241035E-02   -2.578161E-02   -3.197068E-01   -7.899426E-02    2.610875E-02
   -2.221049E-02   -2.236651E-02   -2.584667E-02   -3.002726E-01   -1.008196E-01    1.887437E-02
   -2.220031E-02   -2.235699E-02   -2.585170E-02   -2.976176E-01   -1.032781E-01    1.674198E-02
   -2.218974E-02   -2.234708E-02   -2.585636E-02   -2.949437E-01   -1.056277E-01    1.439842E-02
   -2.217876E-02   -2.233676E-02   -2.586063E-02   -2.922513E-01   -1.078661E-01    1.186949E-02
   -2.216733E-02   -2.232598E-02   -2.586447E-02   -2.895408E-01   -1.099911E-01    9.182649E-03
   -2.215540E-02   -2.231472E-02   -2.586785E-02   -2.868126E-01   -1.120005E-01    6.366759E-03
   -2.214291E-02   -2.230288E-02   -2.587068E-02   -2.840671E-01   -1.138925E-01    3.451810E-03
   -2.213000E-02   -2.229064E-02   -2.587313E-02   -2.813046E-01   -1.156652E-01    4.685993E-04
   -2.211652E-02   -2.227783E-02   -2.587503E-02   -2.785256E-01   -1.173169E-01   -2.551554E-03
   -2.210228E-02   -2.226425E-02   -2.587620E-02   -2.757306E-01   -1.188462E-01   -5.577170E-03
   -2.208728E-02   -2.224992E-02   -2.587664E-02   -2.729200E-01   -1.202516E-01   -8.576913E-03
   -2.207146E-02   -2.223477E-02   -2.587629E-02   -2.700942E-01   -1.215320E-01   -1.151991E-02
   -2.205476E-02   -2.221874E-02   -2.587509E-02   -2.672537E-01   -1.226861E-01   -1.437606E-02
   -2.203711E-02   -2.220175E-02   -2.587297E-02   -2.643988E-01   -1.237131E-01   -1.711638E-02
   -2.201842E-02   -2.218374E-02   -2.586985E-02   -2.615301E-01   -1.246121E-01   -1.971326E-02
   -2.199864E-02   -2.216464E-02   -2.586567E-02   -2.586480E-01   -1.253826E-01   -2.214080E-02
   -2.197769E-02   -2.214436E-02   -2.586036E-02   -2.557530E-01   -1.260240E-01   -2.437505E-02
   -2.195550E-02   -2.212285E-02   -2.585384E-02   -2.528454E-01   -1.265359E-01   -2.639432E-02
   -2.193201E-02   -2.210003E-02   -2.584605E-02   -2.499259E-01   -1.269183E-01   -2.817932E-02
   -2.190714E-02   -2.207584E-02   -2.583693E-02   -2.469948E-01   -1.271711E-01   -2.971347E-02
   -2.188084E-02   -2.205023E-02   -2.582642E-02   -2.440525E-01   -1.272943E-01   -3.098304E-02
   -2.185304E-02   -2.202312E-02   -2.581446E-02   -2.410997E-01   -1.272884E-01   -3.197729E-02
   -2.182370E-02   -2.199446E-02   -2.580098E-02   -2.381367E-01   -1.271538E-01   -3.268862E-02
   -2.179274E-02   -2.196419E-02   -2.578595E-02   -2.351639E-01   -1.268910E-01   -3.311265E-02
   -2.176013E-02   -2.193226E-02   -2.576929E-02   -2.321820E-01   -1.265010E-01   -3.324828E-02
   -2.172579E-02   -2.189862E-02   -2.575097E-02   -2.291913E-01   -1.259846E-01   -3.309769E-02
   -2.168967E-02   -2.186320E-02   -2.573091E-02   -2.261924E-01   -1.253429E-01   -3.266635E-02
   -2.165173E-02   -2.182595E-02   -2.570908E-02   -2.231857E-01   -1.245773E-01   -3.196292E-02
   -2.161190E-02   -2.178682E-02   -2.568541E-02   -2.201717E-01   -1.236891E-01   -3.099920E-02
   -2.157013E-02   -2.174574E-02   -2.565984E-02   -2.171509E-01   -1.226801E-01   -2.978997E-02
   -2.152635E-02   -2.170267E-02   -2.563233E-02   -2.141239E-01   -1.215520E-01   -2.835282E-02
   -2.148051E-02   -2.165754E-02   -2.560282E-02   -2.110910E-01   -1.203067E-01   -2.670795E-02
   -2.143255E-02   -2.161028E-02   -2.557124E-02   -2.080528E-01   -1.189463E-01   -2.487794E-02
   -2.138240E-02   -2.156085E-02   -2.553753E-02   -2.050099E-01   -1.174732E-01   -2.288744E-02
   -2.132999E-02   -2.150916E-02   -2.550163E-02   -2.019627E-01   -1.158897E-01   -2.076292E-02
   -2.127527E-02   -2.145514E-02   -2.546347E-02   -1.989117E-01   -1.141985E-01   -1.853229E-02
   -2.121814E-02   -2.139874E-02   -2.542298E-02   -1.958575E-01   -1.124023E-01   -1.622460E-02
   -2.115855E-02   -2.133987E-02   -2.538008E-02   -1.928005E-01   -1.105040E-01   -1.386963E-02
   -2.109641E-02   -2.127846E-02   -2.533471E-02   -1.897414E-01   -1.085067E-01   -1.149753E-02
   -2.103164E-02   -2.121441E-02   -2.528679E-02   -1.866806E-01   -1.064137E-01   -9.138440E-03
   -2.096415E-02   -2.114766E-02   -2.523622E-02   -1.836187E-01   -1.042283E-01   -6.822048E-03
   -2.089386E-02   -2.107810E-02   -2.518293E-02   -1.805562E-01   -1.019540E-01   -4.577236E-03
   -2.082067E-02   -2.100566E-02   -2.512682E-02   -1.774936E-01   -9.959459E-02   -2.431688E-03
   -2.074449E-02   -2.093022E-02   -2.506780E-02   -1.744315E-01   -9.715378E-02   -4.114129E-04
   -2.066521E-02   -2.085168E-02   -2.500577E-02   -1.713705E-01   -9.463556E-02    1.459360E-03
   -2.058273E-02   -2.076995E-02   -2.494063E-02   -1.683111E-01   -9.204402E-02    3.158873E-03
   -2.049693E-02   -2.068491E-02   -2.487228E-02   -1.652537E-01   -8.938338E-02    4.667551E-03
   -2.040772E-02   -2.059645E-02   -2.480059E-02   -1.621991E-01   -8.665799E-02    5.969349E-03
   -2.031495E-02   -2.050446E-02   -2.472546E-02   -1.591478E-01   -8.387233E-02    7.050836E-03
   -2.021852E-02   -2.040880E-02   -2.464678E-02   -1.561002E-01   -8.103098E-02    7.901890E-03
   -2.011830E-02   -2.030935E-02   -2.456441E-02   -1.530571E-01   -7.813866E-02    8.516278E-03
   -2.001416E-02   -2.020598E-02   -2.447823E-02   -1.500188E-01   -7.520017E-02    8.890902E-03
   -1.990596E-02   -2.009856E-02   -2.438812E-02   -1.469861E-01   -7.222042E-02    9.026386E-03
   -1.979356E-02   -1.998696E-02   -2.429393E-02   -1.439595E-01   -6.920444E-02    8.926950E-03
   -1.967684E-02   -1.987102E-02   -2.419554E-02   -1.409395E-01   -6.615733E-02    8.600339E-03
   -1.955563E-02   -1.975062E-02   -2.409280E-02   -1.379267E-01   -6.308427E-02    8.057698E-03
   -1.942980E-02   -1.962560E-02   -2.398559E-02   -1.349218E-01   -5.999053E-02    7.313397E-03
   -1.929920E-02   -1.949581E-02   -2.387374E-02   -1.319252E-01   -5.688145E-02    6.384790E-03
   -1.916369E-02   -1.936111E-02   -2.375713E-02   -1.289376E-01   -5.376245E-02    5.291931E-03
   -1.902310E-02   -1.922136E-02   -2.363560E-02   -1.259595E-01   -5.063897E-02    4.057232E-03
   -1.887730E-02   -1.907639E-02   -2.350902E-02   -1.229916E-01   -4.751654E-02    2.705083E-03
   -1.872613E-02   -1.892606E-02   -2.337724E-02   -1.200344E-01   -4.440071E-02    1.261423E-03
   -1.856945E-02   -1.877022E-02   -2.324012E-02   -1.170885E-01   -4.129707E-02   -2.467103E-04
   -1.840711E-02   -1.860874E-02   -2.309751E-02   -1.141546E-01   -3.821123E-02   -1.791671E-03
   -1.823896E-02   -1.844145E-02   -2.294929E-02   -1.112331E-01   -3.514881E-02   -3.345703E-03
   -1.806487E-02   -1.826824E-02   -2.279532E-02   -1.083247E-01   -3.211546E-02   -4.881448E-03
   -1.788471E-02   -1.808895E-02   -2.263547E-02   -1.054300E-01   -2.911680E-02   -6.372458E-03
   -1.769834E-02   -1.790347E-02   -2.246962E-02   -1.025496E-01   -2.615844E-02   -7.793493E-03
   -1.750564E-02   -1.771167E-02   -2.229765E-02   -9.968419E-02   -2.324599E-02   -9.121993E-03
   -1.730650E-02   -1.751344E-02   -2.211946E-02   -9.683427E-02   -2.038497E-02   -1.033651E-02
   -1.710081E-02   -1.730867E-02   -2.193495E-02   -9.400051E-02   -1.758091E-02   -1.141921E-02
   -1.688847E-02   -1.709726E-02   -2.174402E-02   -9.118351E-02   -1.483923E-02   -1.235501E-02
   -1.666941E-02   -1.687914E-02   -2.154660E-02   -8.838393E-02   -1.216530E-02   -1.313227E-02
   -1.644354E-02   -1.665422E-02   -2.134262E-02   -8.560238E-02   -9.564385E-03   -1.374286E-02
   -1.621082E-02   -1.642246E-02   -2.113203E-02   -8.283951E-02   -7.041657E-03   -1.418274E-02
   -1.597118E-02   -1.618379E-02   -2.091478E-02   -8.009598E-02   -4.602162E-03   -1.445055E-02
   -1.572460E-02   -1.593819E-02   -2.069085E-02   -7.737243E-02   -2.250810E-03   -1.454995E-02
   -1.547107E-02   -1.568565E-02   -2.046024E-02   -7.466953E-02    7.641584E-06   -1.448770E-02
   -1.521058E-02   -1.542617E-02   -2.022294E-02   -7.198796E-02    2.168604E-03   -1.427382E-02
   -1.494315E-02   -1.515976E-02   -1.997899E-02   -6.932839E-02    4.227675E-03   -1.392153E-02
   -1.466883E-02   -1.488647E-02   -1.972842E-02   -6.669152E-02    6.180659E-03   -1.344707E-02
   -1.438766E-02   -1.460635E-02   -1.947129E-02   -6.407805E-02    8.023584E-03   -1.286777E-02
   -1.409973E-02   -1.431947E-02   -1.920769E-02   -6.148869E-02    9.752719E-03   -1.220448E-02
   -1.380513E-02   -1.402594E-02   -1.893771E-02   -5.892417E-02    1.136460E-02   -1.147796E-02
   -1.350397E-02   -1.372586E-02   -1.866148E-02   -5.638522E-02    1.285603E-02   -1.071024E-02
   -1.319639E-02   -1.341938E-02   -1.837912E-02   -5.387259E-02    1.422414E-02   -9.922468E-03
   -1.288255E-02   -1.310665E-02   -1.809081E-02   -5.138703E-02    1.546635E-02   -9.136291E-03
   -1.256263E-02   -1.278784E-02   -1.779673E-02   -4.892933E-02    1.658045E-02   -8.371436E-03
   -1.223682E-02   -1.246317E-02   -1.749706E-02   -4.650025E-02    1.756456E-02   -7.646045E-03
   -1.190534E-02   -1.213284E-02   -1.719204E-02   -4.410061E-02    1.841719E-02   -6.975870E-03
   -1.156843E-02   -1.179709E-02   -1.688189E-02   -4.173120E-02    1.913726E-02   -6.374473E-03
   -1.122634E-02   -1.145618E-02   -1.656688E-02   -3.939285E-02    1.972407E-02   -5.852034E-03
   -1.087935E-02   -1.111038E-02   -1.624729E-02   -3.708639E-02    2.017738E-02   -5.415412E-03
   -1.052776E-02   -1.075998E-02   -1.592339E-02   -3.481268E-02    2.049737E-02   -5.068365E-03
   -1.017186E-02   -1.040530E-02   -1.559550E-02   -3.257255E-02    2.068469E-02   -4.811688E-03
   -9.811986E-03   -1.004666E-02   -1.526395E-02   -3.036689E-02    2.074044E-02   -4.642196E-03
   -9.448475E-03   -9.684394E-03   -1.492907E-02   -2.819657E-02    2.066623E-02   -4.555420E-03
   -9.081677E-03   -9.318853E-03   -1.459120E-02   -2.606247E-02    2.046411E-02   -4.541396E-03
   -8.711957E-03   -8.950403E-03   -1.425072E-02   -2.396550E-02    2.013665E-02   -4.590708E-03
   -8.339687E-03   -8.579417E-03   -1.390798E-02   -2.190654E-02    1.968690E-02   -4.690960E-03
   -7.965252E-03   -8.206278E-03   -1.356338E-02   -1.988651E-02    1.911841E-02   -4.828677E-03
   -7.589040E-03   -7.831376E-03   -1.321729E-02   -1.790633E-02    1.843520E-02   -4.991771E-03
   -7.211449E-03   -7.455106E-03   -1.287011E-02   -1.596690E-02    1.764180E-02   -5.165520E-03
   -6.832879E-03   -7.077871E-03   -1.252224E-02   -1.406913E-02    1.674320E-02   -5.338074E-03
   -6.453734E-03   -6.700073E-03   -1.217407E-02   -1.221396E-02    1.574482E-02   -5.497017E-03
   -6.074419E-03   -6.322117E-03   -1.182601E-02   -1.040227E-02    1.465258E-02   -5.633160E-03
   -5.695341E-03   -5.944410E-03   -1.147845E-02   -8.634993E-03    1.347278E-02   -5.737569E-03
   -5.316902E-03   -5.567354E-03   -1.113180E-02   -6.913016E-03    1.221213E-02   -5.805729E-03
   -4.939504E-03   -5.191349E-03   -1.078644E-02   -5.237235E-03    1.087773E-02   -5.836269E-03
   -4.563542E-03   -4.816793E-03   -1.044278E-02   -3.608528E-03    9.477001E-03   -5.825983E-03
   -4.189409E-03   -4.444076E-03   -1.010118E-02   -2.027762E-03    8.017694E-03   -5.779499E-03
   -3.817487E-03   -4.073580E-03   -9.762044E-03   -4.957875E-04    6.507821E-03   -5.699046E-03
   -3.448152E-03   -3.705683E-03   -9.425726E-03    9.865641E-04    4.955632E-03   -5.589480E-03
   -3.081771E-03   -3.340750E-03   -9.092588E-03    2.418483E-03    3.369569E-03   -5.463102E-03
   -2.718701E-03   -2.979136E-03   -8.762983E-03    3.799182E-03    1.758219E-03   -5.323236E-03
   -2.359285E-03   -2.621187E-03   -8.437246E-03    5.127902E-03    1.302660E-04   -5.182769E-03
   -2.003856E-03   -2.267235E-03   -8.115706E-03    6.403912E-03   -1.505555E-03   -5.049068E-03
   -1.652735E-03   -1.917599E-03   -7.798675E-03    7.626513E-03   -3.140514E-03   -4.930449E-03
   -1.306227E-03   -1.572585E-03   -7.486452E-03    8.795041E-03   -4.765935E-03   -4.834519E-03
   -9.646245E-04   -1.232486E-03   -7.179324E-03    9.908867E-03   -6.373250E-03   -4.766955E-03
   -6.282048E-04   -8.975768E-04   -6.877561E-03    1.096740E-02   -7.954056E-03   -4.734300E-03
   -2.972298E-04   -5.681209E-04   -6.581420E-03    1.197010E-02   -9.500166E-03   -4.735680E-03
    2.805363E-05   -2.443641E-04   -6.291140E-03    1.291647E-02   -1.100366E-02   -4.773869E-03
    3.474146E-04    7.346265E-05   -6.006946E-03    1.380604E-02   -1.245696E-02   -4.845378E-03
    6.606380E-04    3.851446E-04   -5.729048E-03    1.463841E-02   -1.385283E-02   -4.946886E-03
    9.675244E-04    6.904826E-04   -5.457639E-03    1.541323E-02   -1.518448E-02   -5.072533E-03
    1.267891E-03    9.892937E-04   -5.192897E-03    1.613020E-02   -1.644561E-02   -5.214004E-03
    1.561569E-03    1.281411E-03   -4.934982E-03    1.678907E-02   -1.763039E-02   -5.366162E-03
    1.848408E-03    1.566682E-03   -4.684043E-03    1.738965E-02   -1.873358E-02   -5.519581E-03
    2.128271E-03    1.844971E-03   -4.440210E-03    1.793181E-02   -1.975053E-02   -5.668376E-03
    2.401037E-03    2.116157E-03   -4.203598E-03    1.841550E-02   -2.067722E-02   -5.797869E-03
    2.666600E-03    2.380134E-03   -3.974310E-03    1.884069E-02   -2.151028E-02   -5.903074E-03
    2.924868E-03    2.636811E-03   -3.752431E-03    1.920745E-02   -2.224703E-02   -5.977584E-03
    3.175762E-03    2.886109E-03   -3.538036E-03    1.951591E-02   -2.288548E-02   -6.015590E-03
    3.419220E-03    3.127966E-03   -3.331183E-03    1.976624E-02   -2.342437E-02   -6.013228E-03
    3.655190E-03    3.362330E-03   -3.131920E-03    1.995872E-02   -2.386315E-02   -5.970434E-03
    3.883634E-03    3.589162E-03   -2.940281E-03    2.009365E-02   -2.420199E-02   -5.888399E-03
    4.104525E-03    3.808438E-03   -2.756287E-03    2.017144E-02   -2.444181E-02   -5.767972E-03
    4.317849E-03    4.020142E-03   -2.579950E-03    2.019255E-02   -2.458421E-02   -5.616600E-03
    4.523601E-03    4.224270E-03   -2.411270E-03    2.015750E-02   -2.463151E-02   -5.434399E-03
    4.721788E-03    4.420829E-03   -2.250237E-03    2.006691E-02   -2.458669E-02   -5.228406E-03
    4.912426E-03    4.609835E-03   -2.096832E-03    1.992142E-02   -2.445340E-02   -5.007284E-03
    5.095540E-03    4.791313E-03   -1.951027E-03    1.972180E-02   -2.423587E-02   -4.777308E-03
    5.271164E-03    4.965297E-03   -1.812784E-03    1.946884E-02   -2.393895E-02   -4.545620E-03
    5.439339E-03    5.131830E-03   -1.682058E-03    1.916342E-02   -2.356800E-02   -4.333181E-03
    5.600116E-03    5.290960E-03   -1.558799E-03    1.880648E-02   -2.312887E-02   -4.128120E-03
    5.753548E-03    5.442743E-03   -1.442946E-03    1.839905E-02   -2.262787E-02   -3.948146E-03
    5.899700E-03    5.587241E-03   -1.334436E-03    1.794219E-02   -2.207164E-02   -3.797786E-03
    6.038638E-03    5.724523E-03   -1.233197E-03    1.743706E-02   -2.146719E-02   -3.680189E-03
    6.170437E-03    5.854662E-03   -1.139155E-03    1.688486E-02   -2.082176E-02   -3.587671E-03
    6.295173E-03    5.977737E-03   -1.052227E-03    1.628685E-02   -2.014278E-02   -3.536065E-03
    6.412930E-03    6.093829E-03   -9.723312E-04    1.564438E-02   -1.943783E-02   -3.531020E-03
    6.523794E-03    6.203024E-03   -8.993775E-04    1.495884E-02   -1.871451E-02   -3.539010E-03
    6.627854E-03    6.305414E-03   -8.332742E-04    1.423167E-02   -1.798043E-02   -3.574610E-03
    6.725203E-03    6.401091E-03   -7.739265E-04    1.346439E-02   -1.724313E-02   -3.640951E-03
    6.815938E-03    6.490150E-03   -7.212368E-04    1.265854E-02   -1.650997E-02   -3.735059E-03
    6.900155E-03    6.572690E-03   -6.751050E-04    1.181576E-02   -1.578812E-02   -3.820943E-03
    6.977956E-03    6.648810E-03   -6.354293E-04    1.093769E-02   -1.508446E-02   -3.919943E-03
    7.049442E-03    6.718613E-03   -6.021059E-04    1.002604E-02   -1.440553E-02   -4.016534E-03
    7.114716E-03    6.782203E-03   -5.750296E-04    9.082581E-03   -1.375747E-02   -4.100296E-03
    7.173884E-03    6.839683E-03   -5.540940E-04    8.109096E-03   -1.314596E-02   -4.188598E-03
    7.227050E-03    6.891160E-03   -5.391919E-04    7.107424E-03   -1.257618E-02   -4.246954E-03
    7.274321E-03    6.936741E-03   -5.302150E-04    6.079439E-03   -1.205275E-02   -4.278255E-03
    7.315805E-03    6.976531E-03   -5.270547E-04    5.027045E-03   -1.157971E-02   -4.293229E-03
    7.351608E-03    7.010640E-03   -5.296019E-04    3.952181E-03   -1.116047E-02   -4.286731E-03
    7.381838E-03    7.039173E-03   -5.377475E-04    2.856812E-03   -1.079777E-02   -4.259406E-03
    7.406604E-03    7.062241E-03   -5.513820E-04    1.742925E-03   -1.049371E-02   -4.219106E-03
    7.426013E-03    7.079949E-03   -5.703964E-04    6.125320E-04   -1.024967E-02   -4.154754E-03
    7.440171E-03    7.092406E-03   -5.946814E-04   -5.323392E-04   -1.006635E-02   -4.091401E-03
    7.449187E-03    7.099718E-03   -6.241286E-04   -1.689646E-03   -9.943750E-03   -4.017086E-03
    7.453168E-03    7.101994E-03   -6.586296E-04   -2.857335E-03   -9.881174E-03   -3.949289E-03
    7.452219E-03    7.099338E-03   -6.980768E-04   -4.033346E-03   -9.877257E-03   -3.883808E-03
    7.446446E-03    7.091857E-03   -7.423631E-04   -5.215613E-03   -9.929977E-03   -3.828876E-03
    7.435953E-03    7.079656E-03   -7.913821E-04   -6.402071E-03   -1.003669E-02   -3.781611E-03
    7.420846E-03    7.062838E-03   -8.450282E-04   -7.590660E-03   -1.019414E-02   -3.773357E-03
    7.401228E-03    7.041507E-03   -9.031968E-04   -8.779324E-03   -1.039855E-02   -3.768161E-03
    7.377200E-03    7.015767E-03   -9.657838E-04   -9.966020E-03   -1.064562E-02   -3.780334E-03
    7.348865E-03    6.985717E-03   -1.032686E-03   -1.114872E-02   -1.093058E-02   -3.808611E-03
    7.316323E-03    6.951459E-03   -1.103803E-03   -1.232541E-02   -1.124831E-02   -3.850763E-03
    7.279673E-03    6.913093E-03   -1.179032E-03   -1.349410E-02   -1.159330E-02   -3.896218E-03
    7.239013E-03    6.870716E-03   -1.258274E-03   -1.465284E-02   -1.195980E-02   -3.937830E-03
    7.194442E-03    6.824426E-03   -1.341431E-03   -1.579968E-02   -1.234184E-02   -3.968890E-03
    7.146055E-03    6.774320E-03   -1.428404E-03   -1.693272E-02   -1.273334E-02   -3.984742E-03
    7.093948E-03    6.720492E-03   -1.519098E-03   -1.805011E-02   -1.312811E-02   -3.987001E-03
    7.038214E-03    6.663037E-03   -1.613416E-03   -1.915001E-02   -1.352000E-02   -3.959366E-03
    6.978945E-03    6.602047E-03   -1.711266E-03   -2.023065E-02   -1.390293E-02   -3.880030E-03
    6.916234E-03    6.537613E-03   -1.812554E-03   -2.129029E-02   -1.427096E-02   -3.817093E-03
    6.850171E-03    6.469826E-03   -1.917188E-03   -2.232725E-02   -1.461835E-02   -3.696804E-03
    6.780844E-03    6.398776E-03   -2.025079E-03   -2.333990E-02   -1.493968E-02   -3.535267E-03
    6.708341E-03    6.324549E-03   -2.136136E-03   -2.432667E-02   -1.522982E-02   -3.414522E-03
    6.632750E-03    6.247232E-03   -2.250273E-03   -2.528606E-02   -1.548407E-02   -3.250138E-03
    6.554154E-03    6.166911E-03   -2.367402E-03   -2.621660E-02   -1.569817E-02   -3.061760E-03
    6.472639E-03    6.083670E-03   -2.487438E-03   -2.711692E-02   -1.586837E-02   -2.933816E-03
    6.388287E-03    5.997592E-03   -2.610297E-03   -2.798570E-02   -1.599144E-02   -2.774922E-03
    6.301180E-03    5.908758E-03   -2.735896E-03   -2.882172E-02   -1.606475E-02   -2.689510E-03
    6.211397E-03    5.817249E-03   -2.864153E-03   -2.962379E-02   -1.608624E-02   -2.615705E-03
    6.119019E-03    5.723144E-03   -2.994987E-03   -3.039083E-02   -1.605451E-02   -2.534897E-03
    6.024122E-03    5.626520E-03   -3.128320E-03   -3.112182E-02   -1.596878E-02   -2.577611E-03
    5.926784E-03    5.527454E-03   -3.264074E-03   -3.181584E-02   -1.582890E-02   -2.616111E-03
    5.827079E-03    5.426023E-03   -3.402172E-03   -3.247204E-02   -1.563540E-02   -2.688024E-03
    5.725083E-03    5.322299E-03   -3.542538E-03   -3.308966E-02   -1.538941E-02   -2.750269E-03
    5.252017E-03    4.841651E-03   -4.183730E-03   -3.532932E-02   -1.374486E-02   -3.301433E-03
    4.742047E-03    4.324104E-03   -4.861227E-03   -3.677804E-02   -1.140993E-02   -3.410104E-03
    4.200640E-03    3.775129E-03   -5.569445E-03   -3.743260E-02   -8.800517E-03   -3.048066E-03
    3.632850E-03    3.199784E-03   -6.303215E-03   -3.732338E-02   -6.384433E-03   -2.757153E-03
    3.043337E-03    2.602733E-03   -7.057765E-03   -3.651262E-02   -4.575597E-03   -2.803228E-03
    2.436384E-03    1.988263E-03   -7.828693E-03   -3.509118E-02   -3.646798E-03   -2.798752E-03
    1.815926E-03    1.360313E-03   -8.611955E-03   -3.317387E-02   -3.678383E-03   -2.452750E-03
    1.185561E-03    7.224853E-04   -9.403837E-03   -3.089333E-02   -4.557420E-03   -2.148354E-03
    5.485762E-04    7.807095E-05   -1.020094E-02   -2.839305E-02   -6.013069E-03   -2.242779E-03
   -9.203360E-05   -5.699322E-04   -1.100016E-02   -2.581960E-02   -7.694251E-03   -2.587791E-03
   -7.335493E-04   -1.218801E-03   -1.179868E-02   -2.331457E-02   -9.249144E-03   -2.629533E-03
   -1.373508E-03   -1.866069E-03   -1.259391E-02   -2.100677E-02   -1.039884E-02   -2.332709E-03
   -2.009685E-03   -2.509508E-03   -1.338353E-02   -1.900504E-02   -1.098088E-02   -2.035290E-03
   -2.640080E-03   -3.147114E-03   -1.416544E-02   -1.739221E-02   -1.096430E-02   -2.034271E-03
   -3.262899E-03   -3.777089E-03   -1.493774E-02   -1.622058E-02   -1.043286E-02   -2.041687E-03
   -3.876542E-03   -4.397831E-03   -1.569872E-02   -1.550937E-02   -9.549633E-03   -1.916204E-03
   -4.479586E-03   -5.007913E-03   -1.644687E-02   -1.524426E-02   -8.514438E-03   -1.839478E-03
   -5.070774E-03   -5.606077E-03   -1.718084E-02   -1.537923E-02   -7.523080E-03   -1.982662E-03
   -5.649006E-03   -6.191216E-03   -1.789942E-02   -1.584056E-02   -6.733182E-03   -2.099563E-03
   -6.213319E-03   -6.762368E-03   -1.860157E-02   -1.653284E-02   -6.238557E-03   -1.813693E-03
   -6.762883E-03   -7.318699E-03   -1.928636E-02   -1.734654E-02   -6.052885E-03   -1.538718E-03
   -7.296991E-03   -7.859498E-03   -1.995300E-02   -1.816672E-02   -6.106325E-03   -1.615855E-03
   -7.815045E-03   -8.384165E-03   -2.060079E-02   -1.888211E-02   -6.258126E-03   -1.699829E-03
   -8.316549E-03   -8.892202E-03   -2.122918E-02   -1.939393E-02   -6.336727E-03   -1.564436E-03
   -8.801102E-03   -9.383206E-03   -2.183766E-02   -1.962378E-02   -6.195549E-03   -1.569718E-03
   -9.268389E-03   -9.856860E-03   -2.242584E-02   -1.951975E-02   -5.774043E-03   -1.667040E-03
   -9.718174E-03   -1.031292E-02   -2.299342E-02   -1.906039E-02   -5.138628E-03   -1.494811E-03
   -1.015029E-02   -1.075123E-02   -2.354014E-02   -1.825607E-02   -4.478226E-03   -1.271771E-03
   -1.056465E-02   -1.117169E-02   -2.406584E-02   -1.714748E-02   -4.040668E-03   -1.321597E-03
   -1.096120E-02   -1.157424E-02   -2.457040E-02   -1.580151E-02   -4.034468E-03   -1.422520E-03
   -1.133996E-02   -1.195892E-02   -2.505377E-02   -1.430478E-02   -4.511825E-03   -1.243477E-03
   -1.170099E-02   -1.232577E-02   -2.551595E-02   -1.275536E-02   -5.328212E-03   -1.266893E-03
   -1.204441E-02   -1.267491E-02   -2.595697E-02   -1.125353E-02   -6.155859E-03   -1.289191E-03
   -1.237037E-02   -1.300648E-02   -2.637693E-02   -9.892494E-03   -6.632293E-03   -1.178572E-03
   -1.267904E-02   -1.332066E-02   -2.677593E-02   -8.749809E-03   -6.386171E-03   -1.064295E-03
   -1.297064E-02   -1.361768E-02   -2.715414E-02   -7.880724E-03   -5.797932E-03   -1.173347E-03
   -1.324541E-02   -1.389776E-02   -2.751174E-02   -7.313790E-03   -4.747370E-03   -1.214417E-03
   -1.350364E-02   -1.416119E-02   -2.784895E-02   -7.049379E-03   -3.778149E-03   -1.059257E-03
   -1.374560E-02   -1.440825E-02   -2.816599E-02   -7.061181E-03   -3.230293E-03   -1.039744E-03
   -1.397160E-02   -1.463924E-02   -2.846312E-02   -7.300456E-03   -3.231737E-03   -1.019191E-03
   -1.418199E-02   -1.485451E-02   -2.874062E-02   -7.702495E-03   -3.609265E-03   -8.236592E-04
   -1.437708E-02   -1.505438E-02   -2.899878E-02   -8.194475E-03   -4.019700E-03   -9.772390E-04
   -1.455725E-02   -1.523920E-02   -2.923789E-02   -8.703711E-03   -4.148067E-03   -1.013640E-03
   -1.472285E-02   -1.540935E-02   -2.945829E-02   -9.165297E-03   -3.895563E-03   -8.751403E-04
   -1.487425E-02   -1.556519E-02   -2.966028E-02   -9.528197E-03   -3.427993E-03   -8.580205E-04
   -1.501183E-02   -1.570710E-02   -2.984420E-02   -9.759115E-03   -3.054563E-03   -8.566891E-04
   -1.513598E-02   -1.583546E-02   -3.001040E-02   -9.843767E-03   -3.016809E-03   -7.915335E-04
   -1.524708E-02   -1.595066E-02   -3.015921E-02   -9.785611E-03   -3.324821E-03   -8.608505E-04
   -1.534553E-02   -1.605308E-02   -3.029098E-02   -9.602425E-03   -3.752522E-03   -8.109714E-04
   -1.543170E-02   -1.614312E-02   -3.040607E-02   -9.321478E-03   -3.992198E-03   -6.816809E-04
   -1.550600E-02   -1.622117E-02   -3.050482E-02   -8.974145E-03   -3.855979E-03   -7.499482E-04
   -1.556880E-02   -1.628760E-02   -3.058758E-02   -8.590959E-03   -3.385014E-03   -7.073609E-04
   -1.562050E-02   -1.634282E-02   -3.065471E-02   -8.197799E-03   -2.812767E-03   -7.145028E-04
   -1.566148E-02   -1.638719E-02   -3.070655E-02   -7.813741E-03   -2.390818E-03   -7.076664E-04
   -1.569213E-02   -1.642112E-02   -3.074345E-02   -7.450663E-03   -2.250382E-03   -6.125543E-04
   -1.571281E-02   -1.644496E-02   -3.076576E-02   -7.114324E-03   -2.343448E-03   -6.567745E-04
   -1.572390E-02   -1.645909E-02   -3.077382E-02   -6.806358E-03   -2.521360E-03   -6.458684E-04
   -1.572577E-02   -1.646388E-02   -3.076796E-02   -6.526421E-03   -2.642426E-03   -5.999996E-04
   -1.571879E-02   -1.645969E-02   -3.074851E-02   -6.273818E-03   -2.630188E-03   -5.909514E-04
   -1.570330E-02   -1.644688E-02   -3.071582E-02   -6.048264E-03   -2.519497E-03   -5.439539E-04
   -1.567965E-02   -1.642580E-02   -3.067019E-02   -5.848896E-03   -2.371356E-03   -5.767592E-04
   -1.564820E-02   -1.639678E-02   -3.061194E-02   -5.673714E-03   -2.299635E-03   -5.523780E-04
   -1.560926E-02   -1.636016E-02   -3.054140E-02   -5.517676E-03   -2.293967E-03   -5.033008E-04
   -1.556319E-02   -1.631628E-02   -3.045886E-02   -5.371966E-03   -2.348023E-03   -5.082232E-04
   -1.551029E-02   -1.626545E-02   -3.036463E-02   -5.224450E-03   -2.316118E-03   -4.539889E-04
   -1.545088E-02   -1.620799E-02   -3.025899E-02   -5.061793E-03   -2.117949E-03   -4.770166E-04
   -1.538527E-02   -1.614420E-02   -3.014225E-02   -4.872820E-03   -1.809612E-03   -4.425871E-04
   -1.531375E-02   -1.607439E-02   -3.001468E-02   -4.652728E-03   -1.552296E-03   -4.454766E-04
   -1.523663E-02   -1.599884E-02   -2.987655E-02   -4.406362E-03   -1.521181E-03   -4.175774E-04
   -1.515418E-02   -1.591785E-02   -2.972815E-02   -4.149671E-03   -1.718026E-03   -4.187517E-04
   -1.506668E-02   -1.583168E-02   -2.956972E-02   -3.908088E-03   -1.933304E-03   -4.030245E-04
   -1.497440E-02   -1.574061E-02   -2.940154E-02   -3.711608E-03   -1.641273E-03   -3.792074E-04
   -1.487760E-02   -1.564489E-02   -2.922385E-02   -3.587377E-03   -1.737712E-03   -3.954758E-04
   -1.477654E-02   -1.554478E-02   -2.903690E-02   -3.551281E-03   -1.520610E-03   -3.647542E-04
   -1.467146E-02   -1.544053E-02   -2.884093E-02   -3.601166E-03   -1.461035E-03   -3.572145E-04
   -1.456259E-02   -1.533238E-02   -2.863617E-02   -3.713947E-03   -1.535014E-03    2.631219E-04
   -1.445018E-02   -1.522055E-02   -2.842285E-02   -3.848208E-03   -1.535866E-03   -3.487884E-04
   -1.433445E-02   -1.510526E-02   -2.820120E-02   -3.952521E-03   -1.366677E-03   -3.076174E-04
   -1.421561E-02   -1.498675E-02   -2.797144E-02   -3.977883E-03   -1.147560E-03   -3.064568E-04
   -1.409387E-02   -1.486520E-02   -2.773377E-02   -3.891150E-03   -1.089511E-03   -2.596988E-04
   -1.396944E-02   -1.474084E-02   -2.748841E-02   -3.685214E-03   -1.218280E-03   -2.979926E-04
   -1.384250E-02   -1.461385E-02   -2.723556E-02   -3.383224E-03   -1.350308E-03   -2.029698E-04
   -1.371326E-02   -1.448441E-02   -2.697542E-02   -3.033341E-03   -1.318920E-03   -2.696836E-04
   -1.358189E-02   -1.435272E-02   -2.670819E-02   -2.696494E-03   -1.172609E-03   -4.324069E-05
   -1.344857E-02   -1.421895E-02   -2.643405E-02   -2.428614E-03   -1.031301E-03   -2.483748E-04
   -1.331347E-02   -1.408327E-02   -2.615320E-02   -2.264288E-03   -9.763439E-04   -2.345305E-04
   -1.317675E-02   -1.394583E-02   -2.586582E-02   -2.206980E-03   -9.689690E-04   -2.304966E-04
   -1.303857E-02   -1.380680E-02   -2.557208E-02   -2.226777E-03   -9.442722E-04   -1.997690E-04
   -1.289908E-02   -1.366633E-02   -2.527218E-02   -2.272774E-03   -6.756153E-04   -1.865633E-04
   -1.275842E-02   -1.352456E-02   -2.496627E-02   -2.290006E-03   -8.228180E-04    1.911791E-04
   -1.261674E-02   -1.338163E-02   -2.465454E-02   -2.239908E-03   -8.238533E-04   -1.922172E-04
   -1.247417E-02   -1.323768E-02   -2.433715E-02   -2.112634E-03   -8.844539E-04   -1.214439E-04
   -1.233084E-02   -1.309283E-02   -2.401427E-02   -1.930758E-03   -8.898755E-04   -6.899127E-05
   -1.218687E-02   -1.294720E-02   -2.368606E-02   -1.740518E-03   -7.757311E-04   -1.650311E-04
   -1.204238E-02   -1.280091E-02   -2.335270E-02   -1.591415E-03   -6.286038E-04   -1.642577E-04
   -1.189748E-02   -1.265408E-02   -2.301435E-02   -1.516432E-03   -5.680637E-04   -1.817284E-04
   -1.175229E-02   -1.250681E-02   -2.267116E-02   -1.518211E-03   -5.937482E-04    1.994507E-04
   -1.160691E-02   -1.235921E-02   -2.232330E-02   -1.573038E-03   -6.310626E-04   -1.041384E-04
   -1.146143E-02   -1.221137E-02   -2.197093E-02   -1.627408E-03   -5.630027E-04   -1.269128E-04
   -1.131595E-02   -1.206339E-02   -2.161420E-02   -1.636460E-03   -5.322141E-04   -1.242292E-04
   -1.117057E-02   -1.191536E-02   -2.125329E-02   -1.572506E-03   -5.433873E-04   -1.162778E-04
   -1.102537E-02   -1.176736E-02   -2.088835E-02   -1.436539E-03   -5.620425E-04   -1.243139E-04
   -1.088042E-02   -1.161948E-02   -2.051953E-02   -1.261674E-03   -4.396272E-04   -1.091240E-04
   -1.073582E-02   -1.147178E-02   -2.014701E-02   -1.083695E-03   -3.602128E-04    1.175943E-04
   -1.059164E-02   -1.132436E-02   -1.977095E-02   -9.383307E-04   -3.383968E-04   -9.380161E-05
   -1.044794E-02   -1.117727E-02   -1.939150E-02   -8.449705E-04   -4.092654E-04   -7.482296E-05
   -1.030480E-02   -1.103058E-02   -1.900884E-02   -7.992081E-04   -3.660354E-04   -8.386979E-05
   -1.016228E-02   -1.088436E-02   -1.862313E-02   -7.767913E-04   -3.387106E-04   -6.671605E-05
   -1.002045E-02   -1.073867E-02   -1.823454E-02   -7.552896E-04   -1.682289E-04   -7.283183E-05
   -9.879347E-03   -1.059355E-02   -1.784324E-02   -7.195300E-04   -2.906007E-04   -1.111220E-03
   -9.739045E-03   -1.044908E-02   -1.744940E-02   -6.788407E-04   -2.450525E-04   -7.130982E-05
   -9.599591E-03   -1.030529E-02   -1.705319E-02   -6.219295E-04   -1.937999E-04   -5.938866E-05
   -9.461034E-03   -1.016223E-02   -1.665481E-02   -5.644393E-04   -1.960791E-04    3.381478E-04
   -9.323422E-03   -1.001996E-02   -1.625441E-02   -5.110204E-04   -2.382590E-04   -8.315495E-05
   -9.186799E-03   -9.878506E-03   -1.585220E-02   -4.623154E-04   -1.940553E-04   -2.133760E-05
   -9.051207E-03   -9.737915E-03   -1.544834E-02   -4.170800E-04   -1.281367E-04    3.755062E-04
   -8.916685E-03   -9.598225E-03   -1.504305E-02   -3.778038E-04   -7.807923E-05   -4.898441E-04
   -8.783271E-03   -9.459469E-03   -1.463649E-02   -3.387037E-04   -1.192606E-04    3.744096E-05
   -8.651000E-03   -9.321682E-03   -1.422888E-02   -2.955633E-04   -6.581557E-05   -3.330532E-05
   -8.519905E-03   -9.184894E-03   -1.382041E-02   -2.403140E-04   -5.867641E-05   -1.707886E-05
   -8.390017E-03   -9.049134E-03   -1.341128E-02   -1.644429E-04   -5.125425E-05    8.899780E-04
   -8.261367E-03   -8.914429E-03   -1.300170E-02   -7.669573E-05    5.312890E-05   -1.621935E-04
   -8.133980E-03   -8.780805E-03   -1.259188E-02    1.106680E-05    1.044953E-05    1.717867E-04
   -8.007884E-03   -8.648285E-03   -1.218203E-02    6.984067E-05    1.212607E-05   -8.429889E-05
   -7.883102E-03   -8.516891E-03   -1.177237E-02    9.489538E-05    2.113089E-05   -1.648413E-06
   -7.759658E-03   -8.386643E-03   -1.136311E-02    8.715830E-05    4.882348E-05    9.441659E-06
   -7.637573E-03   -8.257560E-03   -1.095450E-02    8.075707E-05    5.341444E-05    4.441356E-06
   -7.516867E-03   -8.129659E-03   -1.054674E-02    9.799564E-05    1.581878E-04    1.226632E-05
   -7.397560E-03   -8.002958E-03   -1.014008E-02    1.822655E-04    1.942819E-04    1.669193E-05
   -7.279668E-03   -7.877471E-03   -9.734738E-03    2.275387E-04    2.254182E-04    1.701020E-05
   -7.163210E-03   -7.753212E-03   -9.330964E-03    2.960043E-04    1.560396E-04   -1.557016E-04
   -7.048200E-03   -7.630194E-03   -8.928994E-03    3.435735E-04    3.590935E-04    3.021320E-05
   -6.934654E-03   -7.508429E-03   -8.529072E-03    3.629699E-04    2.078895E-04    4.762630E-05
   -6.822586E-03   -7.387928E-03   -8.131443E-03    5.908727E-04    1.457396E-04    1.179136E-04
   -6.712010E-03   -7.268703E-03   -7.736356E-03    4.005675E-04    1.781799E-04    7.989882E-05
   -6.602938E-03   -7.150761E-03   -7.344060E-03    4.761273E-04    2.045313E-04    1.504117E-04
   -6.495384E-03   -7.034114E-03   -6.954810E-03    5.335481E-04    3.412309E-04    8.683307E-05
   -6.389359E-03   -6.918770E-03   -6.568857E-03    5.837683E-04    2.024458E-04    1.531261E-04
   -6.284874E-03   -6.804736E-03   -6.186458E-03    5.879899E-04    2.340962E-04    7.979845E-05
   -6.181942E-03   -6.692021E-03   -5.807867E-03    5.593105E-04    3.770881E-04    6.615591E-05
   -6.080574E-03   -6.580634E-03   -5.433342E-03    5.743704E-04    2.550593E-04    1.913885E-04
   -5.980780E-03   -6.470580E-03   -5.063139E-03    6.167494E-04    2.717770E-04    1.278637E-03
   -5.882573E-03   -6.361869E-03   -4.697513E-03    6.724685E-04    2.640883E-04    5.845776E-04
   -5.785964E-03   -6.254508E-03   -4.336720E-03    7.051957E-04    2.884880E-04   -9.580914E-05
   -5.690963E-03   -6.148506E-03   -3.981013E-03    7.297463E-04    3.068150E-04    1.429494E-04
   -5.597585E-03   -6.043869E-03   -3.630645E-03    7.551380E-04    1.298316E-03   -1.288134E-04
   -5.505839E-03   -5.940607E-03   -3.285864E-03    7.830788E-04    3.349421E-04    7.047716E-05
   -5.415741E-03   -5.838728E-03   -2.946917E-03    8.134762E-04    5.549116E-04    4.915437E-05
   -5.327303E-03   -5.738243E-03   -2.614047E-03    8.437013E-04    4.401188E-04    1.098955E-04
   -5.240540E-03   -5.639162E-03   -2.287493E-03    8.676361E-04    5.343269E-04    8.074376E-05
   -5.155467E-03   -5.541495E-03   -1.967488E-03    8.859122E-04    3.513094E-04    1.311493E-03
   -5.072100E-03   -5.445256E-03   -1.654260E-03    9.043796E-04    3.746155E-04   -3.633018E-05
   -4.990458E-03   -5.350457E-03   -1.348033E-03    9.084237E-04    4.627306E-04    1.401268E-04
   -4.910558E-03   -5.257113E-03   -1.049021E-03    9.740755E-04    4.185463E-04   -7.713572E-04
   -4.832420E-03   -5.165239E-03   -7.574343E-04    9.713311E-04    4.031528E-04    3.926951E-04
   -4.756068E-03   -5.074853E-03   -4.734720E-04    1.000064E-03    5.218435E-04    1.070859E-04
   -4.681523E-03   -4.985974E-03   -1.973264E-04    1.030766E-03    4.823626E-04    8.185548E-05
   -4.608812E-03   -4.898622E-03    7.082010E-05    1.056406E-03    4.147872E-04    1.822694E-04
   -4.537962E-03   -4.812821E-03    3.307947E-04    1.041710E-03    7.069931E-04    7.050930E-04
   -4.469001E-03   -4.728595E-03    5.824352E-04    1.065399E-03    4.468292E-04    9.785439E-05
   -4.401964E-03   -4.645972E-03    8.255903E-04    1.095460E-03    4.844697E-04    1.017310E-04
   -4.336883E-03   -4.564981E-03    1.060120E-03    1.108137E-03    4.547284E-04    9.360788E-05
   -4.273797E-03   -4.485656E-03    1.285898E-03    1.182600E-03    4.847438E-04    9.154171E-05
   -4.212745E-03   -4.408031E-03    1.502808E-03    1.137351E-03    5.133394E-04   -6.313040E-03
   -4.153773E-03   -4.332147E-03    1.710749E-03    1.144824E-03    4.735126E-04    8.962407E-05
   -4.096926E-03   -4.258044E-03    1.909631E-03    1.178368E-03    6.354118E-04    1.862673E-04
   -4.042257E-03   -4.185770E-03    2.099380E-03    1.206305E-03    5.094274E-04    1.047555E-04
   -3.989820E-03   -4.115374E-03    2.279934E-03    1.201893E-03    4.911649E-04    2.702533E-04
   -3.939674E-03   -4.046911E-03    2.451247E-03    1.195204E-03    4.809030E-04    2.271503E-04
   -3.891885E-03   -3.980439E-03    2.613284E-03    1.213442E-03    5.507633E-04    1.115020E-04
   -3.846520E-03   -3.916024E-03    2.766027E-03    1.221793E-03    5.430824E-04    1.364626E-03
   -3.803654E-03   -3.853733E-03    2.909471E-03    1.321997E-03    5.052342E-04    1.192452E-04
   -3.763368E-03   -3.793643E-03    3.043623E-03    2.362790E-03    4.995428E-04    2.893277E-03
   -3.725747E-03   -3.735834E-03    3.168505E-03    1.257111E-03    5.042231E-04    2.869650E-05
   -3.690884E-03   -3.680394E-03    3.284152E-03    1.274975E-03    1.381025E-03    1.818458E-04
   -3.658880E-03   -3.627417E-03    3.390609E-03    1.374842E-03    6.385305E-04    1.124740E-04
   -3.629840E-03   -3.577005E-03    3.487934E-03    1.287041E-03    3.583738E-04    4.018787E-04
   -3.603879E-03   -3.529268E-03    3.576196E-03    1.275185E-03    5.193212E-04    1.937274E-03
   -3.581122E-03   -3.484324E-03    3.655471E-03    1.291965E-03    5.874007E-04    1.283985E-04
   -3.561700E-03   -3.442300E-03    3.725845E-03    1.293435E-03    5.388602E-04   -2.327937E-03
   -3.545755E-03   -3.403333E-03    3.787411E-03    1.299332E-03    8.225725E-04    6.323090E-05
   -3.533440E-03   -3.367571E-03    3.840265E-03    1.308559E-03    9.158801E-04    1.477018E-04
   -3.524917E-03   -3.335171E-03    3.884508E-03    1.823258E-03    6.813002E-04    2.524841E-04
   -3.520361E-03   -3.306303E-03    3.920243E-03    1.306498E-03    5.229455E-04   -1.400316E-04
   -3.519958E-03   -3.281149E-03    3.947571E-03    1.700256E-03    8.487932E-04    9.514605E-04
   -3.523909E-03   -3.259905E-03    3.966590E-03    1.296240E-03    5.666162E-04   -8.276982E-05
   -3.532428E-03   -3.242779E-03    3.977395E-03    1.310114E-03    5.225896E-04    7.374408E-04
   -3.545743E-03   -3.229997E-03    3.980072E-03    1.337974E-03    6.145927E-03   -2.988745E-05
   -3.564101E-03   -3.221798E-03    3.974694E-03    1.630667E-03    5.142669E-04   -4.041482E-05
   -3.587761E-03   -3.218440E-03    3.961324E-03    1.318023E-03    5.150465E-03    1.867345E-04
   -3.617004E-03   -3.220199E-03    3.940007E-03    1.288767E-03    5.266508E-04    4.497081E-04
   -3.652129E-03   -3.227369E-03    3.910768E-03    1.259966E-03    5.115260E-04    2.305363E-04
   -3.693455E-03   -3.240266E-03    3.873610E-03    1.245591E-03    5.600371E-04    1.151965E-04
   -3.741322E-03   -3.259227E-03    3.828508E-03    1.224856E-03    5.417023E-04   -2.768365E-04
   -3.796094E-03   -3.284613E-03    3.775409E-03    1.262496E-03    5.079351E-04   -1.271770E-03
   -3.858160E-03   -3.316808E-03    3.714224E-03    1.342907E-03    5.346022E-04   -1.917564E-04
   -3.927934E-03   -3.356224E-03    3.644830E-03    1.196513E-03    4.762720E-04    3.557877E-04
   -4.005858E-03   -3.403301E-03    3.567060E-03    1.158219E-03    5.524400E-04    1.090811E-04
   -4.092402E-03   -3.458507E-03    3.480705E-03    1.140575E-03    4.529164E-04    1.988769E-03
   -4.188069E-03   -3.522343E-03    3.385505E-03    1.143156E-03    4.477617E-04    2.991371E-03
   -4.293395E-03   -3.595343E-03    3.281151E-03    1.088501E-03    4.943523E-04   -5.333081E-06
   -4.408950E-03   -3.678077E-03    3.167275E-03    1.095970E-03    4.576278E-04    4.108631E-04
   -4.535343E-03   -3.771152E-03    3.043452E-03    1.048862E-03    4.063815E-04    1.060403E-04
   -4.673220E-03   -3.875215E-03    2.909195E-03    1.016186E-03    5.513648E-04    1.022394E-03
   -4.823271E-03   -3.990957E-03    2.763948E-03    9.325588E-04    3.543682E-04   -5.118824E-04
   -4.986230E-03   -4.119112E-03    2.607088E-03    9.035960E-04    1.188307E-03   -2.437320E-02
   -5.162879E-03   -4.260463E-03    2.437919E-03    8.718433E-04    2.746928E-03    7.177150E-05
   -5.354048E-03   -4.415845E-03    2.255667E-03    7.959502E-04    3.891186E-04   -1.741963E-04
   -5.560621E-03   -4.586143E-03    2.059484E-03    7.408241E-04    3.119845E-04    6.039763E-05
   -5.783539E-03   -4.772303E-03    1.848437E-03    6.583047E-03    2.797011E-04    4.948488E-04
   -6.023801E-03   -4.975327E-03    1.621512E-03    6.140062E-04    4.700420E-04   -7.866798E-05
   -6.282469E-03   -5.196285E-03    1.377608E-03    5.453543E-04    1.465666E-03    4.235023E-05
   -6.560671E-03   -5.436310E-03    1.115536E-03    1.057973E-03   -2.068731E-03   -2.477565E-04
   -6.859605E-03   -5.696608E-03    8.340192E-04    3.935492E-04    7.165020E-05    2.633052E-03
   -7.180543E-03   -5.978461E-03    5.316863E-04    3.219972E-04    5.877582E-03    4.860047E-04
   -7.524835E-03   -6.283227E-03    2.070748E-04    7.069115E-04    7.068862E-05    1.681281E-04
   -7.893913E-03   -6.612351E-03   -1.413736E-04    5.119171E-04    5.493550E-05   -6.855354E-04
   -8.289294E-03   -6.967362E-03   -5.153130E-04    1.450970E-05    8.970779E-07    2.103266E-04
   -8.712588E-03   -7.349885E-03   -9.164953E-04   -9.634053E-05    9.124353E-04    1.224271E-03
   -9.165498E-03   -7.761638E-03   -1.346772E-03   -2.134897E-04    5.938371E-05   -4.040446E-04
   -9.649830E-03   -8.204445E-03   -1.808094E-03   -3.323673E-04    4.248935E-04   -1.229576E-04
   -1.016749E-02   -8.680235E-03   -2.302516E-03   -4.591471E-04   -2.102115E-04   -2.425967E-03
   -1.072051E-02   -9.191047E-03   -2.832197E-03   -6.238857E-04   -3.006409E-03   -4.448984E-04
   -1.131100E-02   -9.739040E-03   -3.399398E-03   -3.789947E-04   -3.472893E-04    2.073871E-05
   -1.194124E-02   -1.032650E-02   -4.006493E-03   -6.448198E-04   -4.354639E-04   -9.329905E-03
   -1.261360E-02   -1.095582E-02   -4.655963E-03    1.360541E-03   -2.788320E-04   -1.704682E-02
   -1.333058E-02   -1.162956E-02   -5.350401E-03   -1.282123E-03   -7.471994E-04   -1.028159E-04
   -1.409485E-02   -1.235038E-02   -6.092519E-03   -1.480402E-03   -6.333408E-04   -8.137965E-05
   -1.490917E-02   -1.312112E-02   -6.885144E-03   -1.656242E-03   -5.064225E-03   -1.673803E-03
   -1.577649E-02   -1.394473E-02   -7.731230E-03   -1.747558E-03    1.239864E-03   -5.429346E-05
   -1.669988E-02   -1.482436E-02   -8.633854E-03   -2.174399E-03   -6.203165E-04   -3.726237E-04
   -1.768258E-02   -1.576327E-02   -9.596223E-03   -2.448035E-03    1.398670E-03    6.202441E-04
   -1.872798E-02   -1.676490E-02   -1.062168E-02   -2.706687E-03   -1.251272E-03   -6.439892E-04
   -1.983964E-02   -1.783288E-02   -1.171371E-02   -3.015610E-03   -1.292461E-03   -2.368288E-04
   -2.102128E-02   -1.897096E-02   -1.287594E-02    7.344635E-04   -1.304750E-03   -5.714670E-04
   -2.227678E-02   -2.018310E-02   -1.411214E-02   -3.465779E-03   -1.502020E-03   -3.763545E-04
   -2.361020E-02   -2.147342E-02   -1.542624E-02   -4.012752E-03   -1.600160E-03    2.124613E-04
   -2.502576E-02   -2.284620E-02   -1.682232E-02   -4.374297E-03   -9.429553E-03    7.484948E-04
   -2.652785E-02   -2.430592E-02   -1.830461E-02   -4.776641E-03   -1.917772E-03   -1.356767E-03
   -2.812103E-02   -2.585721E-02   -1.987753E-02   -5.174100E-03   -1.580269E-03    1.992825E-02
   -2.981001E-02   -2.750487E-02   -2.154563E-02   -5.584979E-03   -1.484011E-03   -5.216828E-04
   -3.159969E-02   -2.925387E-02   -2.331363E-02   -6.109511E-03   -2.572965E-03   -6.121583E-04
   -3.349508E-02   -3.110932E-02   -2.518641E-02   -6.586315E-03   -2.663380E-03   -6.051662E-04
   -3.550136E-02   -3.307651E-02   -2.716900E-02   -7.132426E-03   -9.522549E-03   -5.184285E-04
   -3.762383E-02   -3.516084E-02   -2.926658E-02   -7.663350E-03   -3.438635E-03   -2.819619E-03
   -3.986791E-02   -3.736783E-02   -3.148445E-02   -6.853134E-03   -7.565600E-03   -7.659207E-04
   -4.223914E-02   -3.970313E-02   -3.382805E-02   -8.875306E-03   -4.231851E-03    1.071989E-04
   -4.474311E-02   -4.217246E-02   -3.630289E-02   -9.541979E-03   -3.826203E-03   -8.787563E-04
   -4.738548E-02   -4.478160E-02   -3.891461E-02   -1.024357E-02   -4.106358E-03    1.648033E-03
   -5.017196E-02   -4.753638E-02   -4.166886E-02   -1.016871E-02   -4.213940E-03   -1.769958E-04
   -5.310824E-02   -5.044264E-02   -4.457135E-02   -1.172109E-02   -4.695292E-03    2.320617E-04
   -5.620000E-02   -5.350618E-02   -4.762775E-02   -1.247568E-02   -5.114409E-03   -7.924937E-03
   -5.945283E-02   -5.673275E-02   -5.084370E-02   -1.340253E-02   -9.372734E-03   -9.236992E-04
   -6.287223E-02   -6.012797E-02   -5.422476E-02   -1.377486E-02   -5.466064E-03   -1.477645E-03
   -6.646353E-02   -6.369734E-02   -5.777633E-02   -1.525585E-02   -8.617531E-03   -1.335256E-03
   -7.023185E-02   -6.744611E-02   -6.150361E-02   -1.623138E-02   -6.526103E-03   -1.451409E-03
   -7.418206E-02   -7.137931E-02   -6.541157E-02   -1.701222E-02   -6.915781E-03   -5.181280E-04
   -7.831868E-02   -7.550161E-02   -6.950483E-02   -1.872104E-02   -4.667014E-03   -1.658326E-03
   -8.264587E-02   -7.981733E-02   -7.378765E-02   -8.036137E-03   -8.109983E-03   -2.150442E-03
   -8.716731E-02   -8.433029E-02   -7.826384E-02   -2.070646E-02   -8.296935E-03   -2.046286E-03
   -9.188618E-02   -8.904381E-02   -8.293665E-02   -2.118458E-02   -9.206354E-03   -8.922173E-03
   -9.680503E-02   -9.396060E-02   -8.780876E-02   -2.321479E-02   -4.542906E-02    4.568028E-03
   -1.019258E-01   -9.908269E-02   -9.288215E-02   -2.445558E-02   -9.100363E-03   -1.894509E-03
   -1.072495E-01   -1.044113E-01   -9.815805E-02   -2.598604E-02   -1.321428E-02   -3.405422E-03
   -1.127766E-01   -1.099470E-01   -1.036368E-01   -2.726659E-02   -1.316255E-02   -2.436897E-03
   -1.185063E-01   -1.156891E-01   -1.093180E-01   -2.895252E-02   -1.141001E-02   -1.770419E-02
   -1.244372E-01   -1.216363E-01   -1.151999E-01   -2.816218E-02   -1.183045E-02   -2.743222E-03
   -1.305666E-01   -1.277859E-01   -1.212802E-01   -3.212848E-02   -1.758579E-02   -2.670312E-03
   -1.368906E-01   -1.341342E-01   -1.275549E-01   -3.379059E-02   -1.293271E-02   -2.522870E-03
   -1.434045E-01   -1.406765E-01   -1.340194E-01   -3.276138E-02   -1.373808E-02   -2.818417E-03
   -1.501019E-01   -1.474064E-01   -1.406674E-01   -3.444182E-02   -1.470719E-02   -3.057450E-03
   -1.569754E-01   -1.543167E-01   -1.474916E-01   -3.907506E-02   -8.646869E-02   -3.193835E-03
   -1.640162E-01   -1.613984E-01   -1.544832E-01   -4.092307E-02   -1.557878E-02   -2.889740E-03
   -1.712143E-01   -1.686416E-01   -1.616322E-01   -4.208578E-02   -1.918229E-02   -3.093264E-03
   -1.785581E-01   -1.760346E-01   -1.689274E-01   -4.475334E-02   -1.267762E-02   -3.580455E-03
   -1.860348E-01   -1.835646E-01   -1.763559E-01   -4.606076E-02   -1.871878E-02   -4.300865E-03
   -1.936305E-01   -1.912176E-01   -1.839040E-01   -4.853803E-02   -1.907608E-02   -4.371294E-03
   -2.013297E-01   -1.989779E-01   -1.915563E-01   -5.077622E-02   -2.032092E-02   -4.174053E-03
   -2.091159E-01   -2.068289E-01   -1.992964E-01   -5.251951E-02   -2.017601E-02   -4.790119E-03
   -2.169714E-01   -2.147528E-01   -2.071069E-01   -5.480414E-02   -2.197796E-02   -1.733637E-01
   -2.248774E-01   -2.227306E-01   -2.149692E-01   -5.376465E-02   -2.316766E-02   -6.120165E-03
   -2.328143E-01   -2.307425E-01   -2.228639E-01   -5.905959E-02   -2.376610E-02   -5.315070E-03
   -2.407616E-01   -2.387677E-01   -2.307705E-01   -5.179205E-02   -2.490036E-02   -5.620193E-03
   -2.486982E-01   -2.467850E-01   -2.386683E-01   -6.269122E-02   -2.532933E-02   -2.160135E-02
   -2.566024E-01   -2.547725E-01   -2.465358E-01   -6.536464E-02   -2.690019E-02   -5.333424E-03
   -2.644522E-01   -2.627077E-01   -2.543511E-01   -6.743640E-02   -2.634762E-02   -1.000372E-02
   -2.722255E-01   -2.705682E-01   -2.620923E-01   -6.949042E-02   -2.755444E-02   -6.255579E-03
   -2.798998E-01   -2.783315E-01   -2.697372E-01   -7.130251E-02   -2.892408E-02   -1.904177E-02
   -2.874532E-01   -2.859752E-01   -2.772640E-01   -7.350863E-02   -2.931772E-02   -6.626353E-03
   -2.948639E-01   -2.934772E-01   -2.846512E-01   -7.439850E-02   -3.022840E-02   -4.807197E-03
   -3.021106E-01   -3.008160E-01   -2.918774E-01   -7.735169E-02   -2.250623E-02   -7.018870E-03
   -3.091726E-01   -3.079705E-01   -2.989224E-01   -6.170204E-02   -3.172413E-02   -6.747928E-03
   -3.160302E-01   -3.149207E-01   -3.057664E-01   -8.107462E-02   -3.265992E-02   -2.443258E-02
   -3.226645E-01   -3.216474E-01   -3.123907E-01   -8.236293E-02   -2.938008E-02   -6.198314E-03
   -3.290576E-01   -3.281325E-01   -3.187776E-01   -8.447557E-02   -3.485603E-02   -8.067139E-03
   -3.351930E-01   -3.343592E-01   -3.249106E-01   -8.613959E-02   -3.454574E-02   -3.766704E-03
   -3.410555E-01   -3.403118E-01   -3.307745E-01   -8.669384E-02   -3.473220E-02   -7.686252E-03
   -3.466310E-01   -3.459763E-01   -3.363555E-01   -8.865297E-02   -3.572561E-02   -7.911760E-03
   -3.519072E-01   -3.513400E-01   -3.416412E-01   -7.926468E-02   -3.606131E-02   -8.187116E-03
   -3.568731E-01   -3.563917E-01   -3.466207E-01   -9.192412E-02   -3.679469E-02   -8.309230E-03
