    0.000000E+00    0.000000E+00    0.000000E+00    0.000000E+00    0.000000E+00    0.000000E+00
    7.011979E-06    7.011980E-06    7.012005E-06    7.020998E-06    7.059186E-06    7.386079E-06
    6.547992E-06    6.547993E-06    6.548017E-06    6.556445E-06    6.592234E-06    6.898591E-06
    6.142736E-06    6.142737E-06    6.142759E-06    6.150710E-06    6.184474E-06    6.473493E-06
    5.790440E-06    5.790441E-06    5.790462E-06    5.798017E-06    5.830100E-06    6.104724E-06
    5.485956E-06    5.485957E-06    5.485977E-06    5.493211E-06    5.523930E-06    5.786881E-06
    5.224687E-06    5.224688E-06    5.224707E-06    5.231690E-06    5.261340E-06    5.515148E-06
    5.002534E-06    5.002535E-06    5.002553E-06    5.009350E-06    5.038208E-06    5.285237E-06
    4.815842E-06    4.815843E-06    4.815862E-06    4.822533E-06    4.850859E-06    5.093334E-06
    4.661358E-06    4.661359E-06    4.661377E-06    4.667981E-06    4.696021E-06    4.936049E-06
    4.536184E-06    4.536185E-06    4.536203E-06    4.542795E-06    4.570784E-06    4.810377E-06
    4.437744E-06    4.437745E-06    4.437763E-06    4.444396E-06    4.472561E-06    4.713653E-06
    4.363751E-06    4.363752E-06    4.363771E-06    4.370496E-06    4.399056E-06    4.643525E-06
    4.312176E-06    4.312177E-06    4.312196E-06    4.319065E-06    4.348233E-06    4.597917E-06
    4.281222E-06    4.281223E-06    4.281243E-06    4.288305E-06    4.318294E-06    4.575003E-06
    4.269302E-06    4.269303E-06    4.269323E-06    4.276629E-06    4.307649E-06    4.573186E-06
    4.275016E-06    4.275017E-06    4.275038E-06    4.282636E-06    4.314899E-06    4.591072E-06
    4.297133E-06    4.297134E-06    4.297156E-06    4.305097E-06    4.338816E-06    4.627452E-06
    4.334573E-06    4.334574E-06    4.334598E-06    4.342933E-06    4.378325E-06    4.681286E-06
    4.386395E-06    4.386396E-06    4.386421E-06    4.395202E-06    4.432491E-06    4.751686E-06
    4.451780E-06    4.451781E-06    4.451807E-06    4.461089E-06    4.500505E-06    4.837903E-06
    4.530021E-06    4.530022E-06    4.530049E-06    4.539888E-06    4.581669E-06    4.939315E-06
    4.620510E-06    4.620512E-06    4.620541E-06    4.630996E-06    4.675391E-06    5.055417E-06
    4.722734E-06    4.722736E-06    4.722767E-06    4.733899E-06    4.781170E-06    5.185810E-06
    4.836260E-06    4.836262E-06    4.836295E-06    4.848169E-06    4.898590E-06    5.330195E-06
    4.960731E-06    4.960733E-06    4.960768E-06    4.973452E-06    5.027313E-06    5.488365E-06
    5.095858E-06    5.095860E-06    5.095897E-06    5.109464E-06    5.167072E-06    5.660199E-06
    5.241414E-06    5.241416E-06    5.241457E-06    5.255982E-06    5.317663E-06    5.845655E-06
    5.397231E-06    5.397233E-06    5.397276E-06    5.412843E-06    5.478944E-06    6.044767E-06
    5.563191E-06    5.563193E-06    5.563240E-06    5.579934E-06    5.650824E-06    6.257644E-06
    5.739226E-06    5.739228E-06    5.739278E-06    5.757193E-06    5.833267E-06    6.484460E-06
    5.925311E-06    5.925314E-06    5.925367E-06    5.944602E-06    6.026282E-06    6.725459E-06
    6.121464E-06    6.121466E-06    6.121524E-06    6.142186E-06    6.229922E-06    6.980948E-06
    6.327739E-06    6.327742E-06    6.327804E-06    6.350006E-06    6.444283E-06    7.251297E-06
    6.544228E-06    6.544231E-06    6.544298E-06    6.568162E-06    6.669498E-06    7.536939E-06
    6.771056E-06    6.771059E-06    6.771130E-06    6.796788E-06    6.905740E-06    7.838369E-06
    7.008379E-06    7.008382E-06    7.008459E-06    7.036051E-06    7.153215E-06    8.156145E-06
    7.256383E-06    7.256387E-06    7.256469E-06    7.286146E-06    7.412165E-06    8.490884E-06
    7.515285E-06    7.515289E-06    7.515378E-06    7.547302E-06    7.682864E-06    8.843271E-06
    7.785327E-06    7.785331E-06    7.785426E-06    7.819773E-06    7.965618E-06    9.214052E-06
    8.066778E-06    8.066782E-06    8.066885E-06    8.103840E-06    8.260765E-06    9.604041E-06
    8.359933E-06    8.359938E-06    8.360048E-06    8.399815E-06    8.568675E-06    1.001412E-05
    8.665112E-06    8.665118E-06    8.665237E-06    8.708031E-06    8.889747E-06    1.044524E-05
    8.982661E-06    8.982666E-06    8.982795E-06    9.028849E-06    9.224412E-06    1.089843E-05
    9.312946E-06    9.312952E-06    9.313091E-06    9.362657E-06    9.573132E-06    1.137480E-05
    9.656362E-06    9.656368E-06    9.656517E-06    9.709865E-06    9.936398E-06    1.187553E-05
    1.001332E-05    1.001333E-05    1.001349E-05    1.007091E-05    1.031473E-05    1.240188E-05
    1.038427E-05    1.038428E-05    1.038445E-05    1.044625E-05    1.070870E-05    1.295522E-05
    1.076966E-05    1.076967E-05    1.076986E-05    1.083638E-05    1.111887E-05    1.353700E-05
    1.116999E-05    1.117000E-05    1.117020E-05    1.124181E-05    1.154589E-05    1.414877E-05
    1.158577E-05    1.158578E-05    1.158600E-05    1.166308E-05    1.199039E-05    1.479220E-05
    1.201753E-05    1.201754E-05    1.201777E-05    1.210075E-05    1.245308E-05    1.546905E-05
    1.246583E-05    1.246585E-05    1.246609E-05    1.255541E-05    1.293468E-05    1.618122E-05
    1.293126E-05    1.293128E-05    1.293154E-05    1.302769E-05    1.343596E-05    1.693072E-05
    1.341443E-05    1.341444E-05    1.341473E-05    1.351823E-05    1.395772E-05    1.771972E-05
    1.391598E-05    1.391599E-05    1.391630E-05    1.402771E-05    1.450081E-05    1.855050E-05
    1.443656E-05    1.443657E-05    1.443691E-05    1.455684E-05    1.506612E-05    1.942552E-05
    1.497687E-05    1.497689E-05    1.497724E-05    1.510635E-05    1.565458E-05    2.034741E-05
    1.553763E-05    1.553765E-05    1.553804E-05    1.567702E-05    1.626718E-05    2.131894E-05
    1.611959E-05    1.611961E-05    1.612003E-05    1.626964E-05    1.690494E-05    2.234311E-05
    1.672353E-05    1.672355E-05    1.672400E-05    1.688505E-05    1.756895E-05    2.342309E-05
    1.735025E-05    1.735027E-05    1.735076E-05    1.752413E-05    1.826034E-05    2.456228E-05
    1.800060E-05    1.800063E-05    1.800115E-05    1.818778E-05    1.898031E-05    2.576431E-05
    1.867546E-05    1.867548E-05    1.867604E-05    1.887696E-05    1.973010E-05    2.703305E-05
    1.937572E-05    1.937575E-05    1.937635E-05    1.959263E-05    2.051104E-05    2.837263E-05
    2.010234E-05    2.010236E-05    2.010301E-05    2.033584E-05    2.132451E-05    2.978747E-05
    2.085628E-05    2.085631E-05    2.085701E-05    2.110765E-05    2.217195E-05    3.128230E-05
    2.163858E-05    2.163861E-05    2.163936E-05    2.190917E-05    2.305488E-05    3.286214E-05
    2.245028E-05    2.245031E-05    2.245112E-05    2.274157E-05    2.397493E-05    3.453240E-05
    2.329248E-05    2.329252E-05    2.329339E-05    2.360606E-05    2.493376E-05    3.629882E-05
    2.416632E-05    2.416636E-05    2.416729E-05    2.450388E-05    2.593314E-05    3.816758E-05
    2.507297E-05    2.507302E-05    2.507402E-05    2.543636E-05    2.697495E-05    4.014525E-05
    2.601367E-05    2.601372E-05    2.601480E-05    2.640485E-05    2.806114E-05    4.223888E-05
    2.698968E-05    2.698973E-05    2.699090E-05    2.741079E-05    2.919377E-05    4.445601E-05
    2.800233E-05    2.800238E-05    2.800364E-05    2.845565E-05    3.037501E-05    4.680469E-05
    2.905297E-05    2.905303E-05    2.905439E-05    2.954097E-05    3.160715E-05    4.929355E-05
    3.014304E-05    3.014311E-05    3.014457E-05    3.066837E-05    3.289259E-05    5.193182E-05
    3.127401E-05    3.127408E-05    3.127565E-05    3.183951E-05    3.423386E-05    5.472939E-05
    3.244740E-05    3.244747E-05    3.244916E-05    3.305616E-05    3.563365E-05    5.769683E-05
    3.366480E-05    3.366488E-05    3.366670E-05    3.432012E-05    3.709476E-05    6.084547E-05
    3.492785E-05    3.492794E-05    3.492990E-05    3.563330E-05    3.862016E-05    6.418745E-05
    3.623827E-05    3.623837E-05    3.624048E-05    3.699767E-05    4.021298E-05    6.773576E-05
    3.759782E-05    3.759793E-05    3.760020E-05    3.841531E-05    4.187653E-05    7.150432E-05
    3.900835E-05    3.900846E-05    3.901090E-05    3.988835E-05    4.361430E-05    7.550805E-05
    4.047175E-05    4.047186E-05    4.047449E-05    4.141905E-05    4.542996E-05    7.976293E-05
    4.199000E-05    4.199012E-05    4.199296E-05    4.300975E-05    4.732741E-05    8.428608E-05
    4.356515E-05    4.356529E-05    4.356834E-05    4.466290E-05    4.931076E-05    8.909588E-05
    4.519933E-05    4.519948E-05    4.520276E-05    4.638103E-05    5.138434E-05    9.421201E-05
    4.689475E-05    4.689491E-05    4.689844E-05    4.816682E-05    5.355275E-05    9.965556E-05
    4.865370E-05    4.865387E-05    4.865767E-05    5.002304E-05    5.582084E-05    1.054492E-04
    5.047853E-05    5.047872E-05    5.048281E-05    5.195259E-05    5.819375E-05    1.116171E-04
    5.237173E-05    5.237193E-05    5.237633E-05    5.395851E-05    6.067692E-05    1.181853E-04
    5.433584E-05    5.433605E-05    5.434080E-05    5.604395E-05    6.327610E-05    1.251819E-04
    5.637351E-05    5.637374E-05    5.637884E-05    5.821223E-05    6.599737E-05    1.326366E-04
    5.848748E-05    5.848773E-05    5.849322E-05    6.046680E-05    6.884721E-05    1.405816E-04
    6.068061E-05    6.068087E-05    6.068679E-05    6.281126E-05    7.183244E-05    1.490515E-04
    6.295584E-05    6.295613E-05    6.296250E-05    6.524940E-05    7.496031E-05    1.580831E-04
    6.531625E-05    6.531656E-05    6.532341E-05    6.778516E-05    7.823852E-05    1.677162E-04
    6.776500E-05    6.776533E-05    6.777271E-05    7.042267E-05    8.167521E-05    1.779934E-04
    7.030540E-05    7.030576E-05    7.031370E-05    7.316625E-05    8.527904E-05    1.889605E-04
    7.294086E-05    7.294124E-05    7.294979E-05    7.602041E-05    8.905919E-05    2.006664E-04
    7.567492E-05    7.567533E-05    7.568454E-05    7.898989E-05    9.302540E-05    2.131639E-04
    7.851126E-05    7.851170E-05    7.852161E-05    8.207963E-05    9.718803E-05    2.265096E-04
    8.145369E-05    8.145416E-05    8.146483E-05    8.529481E-05    1.015581E-04    2.407642E-04
    8.450615E-05    8.450666E-05    8.451814E-05    8.864088E-05    1.061472E-04    2.559929E-04
    8.767275E-05    8.767330E-05    8.768566E-05    9.212350E-05    1.109679E-04    2.722658E-04
    9.095773E-05    9.095833E-05    9.097163E-05    9.574865E-05    1.160333E-04    2.896580E-04
    9.436551E-05    9.436615E-05    9.438047E-05    9.952257E-05    1.213574E-04    3.082504E-04
    9.790063E-05    9.790132E-05    9.791674E-05    1.034518E-04    1.269553E-04    3.281296E-04
    1.015678E-04    1.015686E-04    1.015852E-04    1.075432E-04    1.328428E-04    3.493890E-04
    1.053721E-04    1.053729E-04    1.053907E-04    1.118041E-04    1.390369E-04    3.721284E-04
    1.093184E-04    1.093192E-04    1.093385E-04    1.162418E-04    1.455555E-04    3.964555E-04
    1.134120E-04    1.134130E-04    1.134337E-04    1.208645E-04    1.524178E-04    4.224857E-04
    1.176585E-04    1.176595E-04    1.176818E-04    1.256804E-04    1.596444E-04    4.503432E-04
    1.220636E-04    1.220646E-04    1.220886E-04    1.306982E-04    1.672569E-04    4.801610E-04
    1.266329E-04    1.266341E-04    1.266599E-04    1.359272E-04    1.752787E-04    5.120826E-04
    1.313728E-04    1.313741E-04    1.314018E-04    1.413771E-04    1.837344E-04    5.462616E-04
    1.362895E-04    1.362908E-04    1.363207E-04    1.470579E-04    1.926505E-04    5.828634E-04
    1.413895E-04    1.413909E-04    1.414231E-04    1.529803E-04    2.020551E-04    6.220656E-04
    1.466796E-04    1.466812E-04    1.467158E-04    1.591557E-04    2.119783E-04    6.640590E-04
    1.521669E-04    1.521686E-04    1.522059E-04    1.655957E-04    2.224521E-04    7.090487E-04
    1.578587E-04    1.578604E-04    1.579006E-04    1.723129E-04    2.335107E-04    7.572550E-04
    1.637624E-04    1.637643E-04    1.638075E-04    1.793203E-04    2.451906E-04    8.089146E-04
    1.698860E-04    1.698880E-04    1.699345E-04    1.866316E-04    2.575308E-04    8.642819E-04
    1.762375E-04    1.762397E-04    1.762898E-04    1.942615E-04    2.705731E-04    9.236304E-04
    1.828254E-04    1.828278E-04    1.828816E-04    2.022253E-04    2.843617E-04    9.872537E-04
    1.896583E-04    1.896609E-04    1.897188E-04    2.105389E-04    2.989444E-04    1.055468E-03
    1.967453E-04    1.967481E-04    1.968105E-04    2.192195E-04    3.143718E-04    1.128611E-03
    2.040957E-04    2.040987E-04    2.041659E-04    2.282850E-04    3.306982E-04    1.207050E-03
    2.117193E-04    2.117225E-04    2.117948E-04    2.377543E-04    3.479817E-04    1.291174E-03
    2.196260E-04    2.196295E-04    2.197073E-04    2.476474E-04    3.662843E-04    1.381405E-03
    2.278262E-04    2.278300E-04    2.279137E-04    2.579854E-04    3.856722E-04    1.478196E-03
    2.363308E-04    2.363348E-04    2.364250E-04    2.687904E-04    4.062165E-04    1.582032E-03
    2.451508E-04    2.451552E-04    2.452522E-04    2.800861E-04    4.279929E-04    1.693436E-03
    2.542979E-04    2.543026E-04    2.544070E-04    2.918974E-04    4.510827E-04    1.812969E-03
    2.637839E-04    2.637889E-04    2.639013E-04    3.042503E-04    4.755727E-04    1.941234E-03
    2.736213E-04    2.736267E-04    2.737476E-04    3.171729E-04    5.015558E-04    2.078879E-03
    2.838228E-04    2.838287E-04    2.839588E-04    3.306943E-04    5.291314E-04    2.226600E-03
    2.944019E-04    2.944081E-04    2.945482E-04    3.448458E-04    5.584060E-04    2.385146E-03
    3.053721E-04    3.053788E-04    3.055296E-04    3.596602E-04    5.894935E-04    2.555319E-03
    3.167477E-04    3.167550E-04    3.169172E-04    3.751724E-04    6.225159E-04    2.737984E-03
    3.285435E-04    3.285513E-04    3.287259E-04    3.914191E-04    6.576038E-04    2.934068E-03
    3.407748E-04    3.407832E-04    3.409711E-04    4.084396E-04    6.948970E-04    3.144566E-03
    3.534572E-04    3.534662E-04    3.536684E-04    4.262752E-04    7.345453E-04    3.370550E-03
    3.666071E-04    3.666168E-04    3.668344E-04    4.449697E-04    7.767090E-04    3.613169E-03
    3.802414E-04    3.802519E-04    3.804860E-04    4.645697E-04    8.215599E-04    3.873656E-03
    3.943776E-04    3.943889E-04    3.946409E-04    4.851244E-04    8.692821E-04    4.153338E-03
    4.090338E-04    4.090459E-04    4.093171E-04    5.066863E-04    9.200725E-04    4.453639E-03
    4.242286E-04    4.242416E-04    4.245334E-04    5.293109E-04    9.741425E-04    4.776087E-03
    4.399814E-04    4.399954E-04    4.403095E-04    5.530569E-04    1.031718E-03    5.122323E-03
    4.563123E-04    4.563273E-04    4.566652E-04    5.779871E-04    1.093042E-03    5.494110E-03
    4.732418E-04    4.732580E-04    4.736216E-04    6.041677E-04    1.158373E-03    5.893337E-03
    4.907914E-04    4.908088E-04    4.912000E-04    6.316694E-04    1.227990E-03    6.322036E-03
    5.089831E-04    5.090019E-04    5.094229E-04    6.605670E-04    1.302192E-03    6.782384E-03
    5.278399E-04    5.278601E-04    5.283130E-04    6.909402E-04    1.381297E-03    7.276719E-03
    5.473852E-04    5.474070E-04    5.478943E-04    7.228737E-04    1.465648E-03    7.807548E-03
    5.676436E-04    5.676670E-04    5.681914E-04    7.564573E-04    1.555612E-03    8.377560E-03
    5.886402E-04    5.886654E-04    5.892295E-04    7.917867E-04    1.651582E-03    8.989641E-03
    6.104010E-04    6.104281E-04    6.110351E-04    8.289637E-04    1.753979E-03    9.646884E-03
    6.329529E-04    6.329820E-04    6.336351E-04    8.680965E-04    1.863255E-03    1.035260E-02
    6.563236E-04    6.563550E-04    6.570575E-04    9.093002E-04    1.979894E-03    1.111036E-02
    6.805418E-04    6.805756E-04    6.813314E-04    9.526972E-04    2.104414E-03    1.192395E-02
    7.056371E-04    7.056734E-04    7.064865E-04    9.984181E-04    2.237370E-03    1.279747E-02
    7.316399E-04    7.316790E-04    7.325537E-04    1.046602E-03    2.379359E-03    1.373528E-02
    7.585818E-04    7.586238E-04    7.595648E-04    1.097395E-03    2.531017E-03    1.474207E-02
    7.864952E-04    7.865404E-04    7.875526E-04    1.150957E-03    2.693028E-03    1.582285E-02
    8.154135E-04    8.154621E-04    8.165509E-04    1.207454E-03    2.866125E-03    1.698297E-02
    8.453713E-04    8.454236E-04    8.465948E-04    1.267065E-03    3.051092E-03    1.822817E-02
    8.764041E-04    8.764604E-04    8.777201E-04    1.329979E-03    3.248769E-03    1.956460E-02
    9.085487E-04    9.086092E-04    9.099641E-04    1.396400E-03    3.460057E-03    2.099880E-02
    9.418426E-04    9.419077E-04    9.433651E-04    1.466543E-03    3.685919E-03    2.253779E-02
    9.763249E-04    9.763949E-04    9.779623E-04    1.540638E-03    3.927388E-03    2.418904E-02
    1.012036E-03    1.012111E-03    1.013796E-03    1.618931E-03    4.185570E-03    2.596056E-02
    1.049016E-03    1.049097E-03    1.050909E-03    1.701682E-03    4.461649E-03    2.786086E-02
    1.087308E-03    1.087395E-03    1.089344E-03    1.789170E-03    4.756893E-03    2.989903E-02
    1.126955E-03    1.127049E-03    1.129145E-03    1.881691E-03    5.072659E-03    3.208476E-02
    1.168003E-03    1.168104E-03    1.170358E-03    1.979562E-03    5.410399E-03    3.442838E-02
    1.210497E-03    1.210605E-03    1.213029E-03    2.083120E-03    5.771667E-03    3.694085E-02
    1.254485E-03    1.254601E-03    1.257208E-03    2.192724E-03    6.158127E-03    3.963387E-02
    1.300015E-03    1.300140E-03    1.302942E-03    2.308757E-03    6.571558E-03    4.251984E-02
    1.347137E-03    1.347271E-03    1.350284E-03    2.431629E-03    7.013864E-03    4.561194E-02
    1.395902E-03    1.396047E-03    1.399286E-03    2.561773E-03    7.487078E-03    4.892414E-02
    1.446363E-03    1.446518E-03    1.450000E-03    2.699655E-03    7.993378E-03    5.247125E-02
    1.498573E-03    1.498740E-03    1.502483E-03    2.845769E-03    8.535090E-03    5.626894E-02
    1.552588E-03    1.552767E-03    1.556791E-03    3.000642E-03    9.114697E-03    6.033376E-02
    1.608463E-03    1.608656E-03    1.612981E-03    3.164837E-03    9.734857E-03    6.468320E-02
    1.666257E-03    1.666465E-03    1.671113E-03    3.338952E-03    1.039841E-02    6.933568E-02
    1.726029E-03    1.726252E-03    1.731247E-03    3.523627E-03    1.110837E-02    7.431059E-02
    1.787838E-03    1.788078E-03    1.793446E-03    3.719541E-03    1.186798E-02    7.962828E-02
    1.851747E-03    1.852005E-03    1.857773E-03    3.927420E-03    1.268069E-02    8.531011E-02
    1.917818E-03    1.918095E-03    1.924293E-03    4.148037E-03    1.355018E-02    9.137840E-02
    1.986116E-03    1.986413E-03    1.993073E-03    4.382212E-03    1.448036E-02    9.785644E-02
    2.056705E-03    2.057024E-03    2.064179E-03    4.630825E-03    1.547543E-02    1.047685E-01
    2.129652E-03    2.129995E-03    2.137681E-03    4.894806E-03    1.653982E-02    1.121396E-01
    2.205024E-03    2.205393E-03    2.213650E-03    5.175151E-03    1.767829E-02    1.199959E-01
    2.282892E-03    2.283288E-03    2.292157E-03    5.472917E-03    1.889588E-02    1.283641E-01
    2.363323E-03    2.363749E-03    2.373274E-03    5.789231E-03    2.019796E-02    1.372717E-01
    2.446390E-03    2.446847E-03    2.457077E-03    6.125289E-03    2.159024E-02    1.467465E-01
    2.532163E-03    2.532654E-03    2.543639E-03    6.482366E-03    2.307878E-02    1.568172E-01
    2.620716E-03    2.621243E-03    2.633039E-03    6.861819E-03    2.467001E-02    1.675122E-01
    2.712121E-03    2.712687E-03    2.725352E-03    7.265088E-03    2.637077E-02    1.788601E-01
    2.806453E-03    2.807061E-03    2.820657E-03    7.693704E-03    2.818830E-02    1.908892E-01
    2.903786E-03    2.904438E-03    2.919033E-03    8.149296E-03    3.013027E-02    2.036271E-01
    3.004196E-03    3.004896E-03    3.020561E-03    8.633593E-03    3.220481E-02    2.171005E-01
    3.107757E-03    3.108508E-03    3.125321E-03    9.148429E-03    3.442051E-02    2.313344E-01
    3.214546E-03    3.215352E-03    3.233393E-03    9.695753E-03    3.678643E-02    2.463521E-01
    3.324637E-03    3.325502E-03    3.344861E-03    1.027763E-02    3.931215E-02    2.621739E-01
    3.438108E-03    3.439035E-03    3.459804E-03    1.089626E-02    4.200777E-02    2.788172E-01
    3.555032E-03    3.556027E-03    3.578307E-03    1.155396E-02    4.488392E-02    2.962950E-01
    3.675485E-03    3.676552E-03    3.700450E-03    1.225319E-02    4.795178E-02    3.146154E-01
    3.799541E-03    3.800686E-03    3.826315E-03    1.299656E-02    5.122307E-02    3.337805E-01
    3.927273E-03    3.928501E-03    3.955984E-03    1.378683E-02    5.471011E-02    3.537852E-01
    4.058755E-03    4.060071E-03    4.089537E-03    1.462691E-02    5.842578E-02    3.746159E-01
    4.194056E-03    4.195467E-03    4.227055E-03    1.551989E-02    6.238351E-02    3.962495E-01
    4.333246E-03    4.334758E-03    4.368616E-03    1.646903E-02    6.659735E-02    4.186511E-01
    4.476392E-03    4.478014E-03    4.514299E-03    1.747776E-02    7.108187E-02    4.417732E-01
    4.623561E-03    4.625298E-03    4.664179E-03    1.854971E-02    7.585223E-02    4.655534E-01
    4.774814E-03    4.776675E-03    4.818330E-03    1.968870E-02    8.092409E-02    4.899123E-01
    4.930212E-03    4.932205E-03    4.976826E-03    2.089876E-02    8.631363E-02    5.147521E-01
    5.089811E-03    5.091946E-03    5.139734E-03    2.218412E-02    9.203749E-02    5.399541E-01
    5.253665E-03    5.255951E-03    5.307123E-03    2.354923E-02    9.811271E-02    5.653765E-01
    5.421823E-03    5.424270E-03    5.479056E-03    2.499875E-02    1.045567E-01    5.908524E-01
    5.594330E-03    5.596950E-03    5.655593E-03    2.653760E-02    1.113871E-01    6.161876E-01
    5.771226E-03    5.774030E-03    5.836790E-03    2.817089E-02    1.186218E-01    6.411587E-01
    5.952548E-03    5.955548E-03    6.022699E-03    2.990402E-02    1.262788E-01    6.655113E-01
    6.138323E-03    6.141532E-03    6.213369E-03    3.174257E-02    1.343758E-01    6.889585E-01
    6.328575E-03    6.332008E-03    6.408840E-03    3.369242E-02    1.429306E-01    7.111798E-01
    6.523322E-03    6.526993E-03    6.609149E-03    3.575966E-02    1.519604E-01    7.318212E-01
    6.722572E-03    6.726496E-03    6.814326E-03    3.795064E-02    1.614820E-01    7.504949E-01
    6.926328E-03    6.930522E-03    7.024396E-03    4.027195E-02    1.715112E-01    7.667815E-01
    7.134584E-03    7.139065E-03    7.239375E-03    4.273041E-02    1.820627E-01    7.802318E-01
    7.347324E-03    7.352111E-03    7.459271E-03    4.533311E-02    1.931501E-01    7.903719E-01
    7.564524E-03    7.569637E-03    7.684086E-03    4.808732E-02    2.047848E-01    7.967080E-01
    7.786150E-03    7.791610E-03    7.913813E-03    5.100057E-02    2.169766E-01    7.987354E-01
    8.012159E-03    8.017987E-03    8.148433E-03    5.408055E-02    2.297324E-01    7.959477E-01
    8.242494E-03    8.248713E-03    8.387921E-03    5.733517E-02    2.430563E-01    7.878501E-01
    8.477088E-03    8.483724E-03    8.632240E-03    6.077249E-02    2.569488E-01    7.739746E-01
    8.715864E-03    8.722941E-03    8.881341E-03    6.440071E-02    2.714064E-01    7.538985E-01
    8.958728E-03    8.966274E-03    9.135166E-03    6.822816E-02    2.864208E-01    7.272650E-01
    9.205577E-03    9.213620E-03    9.393643E-03    7.226321E-02    3.019783E-01    6.938078E-01
    9.456291E-03    9.464861E-03    9.656690E-03    7.651430E-02    3.180594E-01    6.533769E-01
    9.710738E-03    9.719868E-03    9.924210E-03    8.098986E-02    3.346375E-01    6.059667E-01
    9.968770E-03    9.978493E-03    1.019609E-02    8.569823E-02    3.516785E-01    5.517456E-01
    1.023023E-02    1.024057E-02    1.047221E-02    9.064767E-02    3.691397E-01    4.910842E-01
    1.049492E-02    1.050594E-02    1.075244E-02    9.584622E-02    3.869692E-01    4.245827E-01
    1.076267E-02    1.077439E-02    1.103661E-02    1.013017E-01    4.051046E-01    3.530939E-01
    1.103326E-02    1.104572E-02    1.132456E-02    1.070215E-01    4.234727E-01    2.777398E-01
    1.130646E-02    1.131970E-02    1.161611E-02    1.130127E-01    4.419880E-01    1.999191E-01
    1.158203E-02    1.159610E-02    1.191105E-02    1.192818E-01    4.605522E-01    1.213023E-01
    1.185970E-02    1.187464E-02    1.220918E-02    1.258345E-01    4.790535E-01    4.381101E-02
    1.213919E-02    1.215506E-02    1.251025E-02    1.326760E-01    4.973654E-01   -3.042146E-02
    1.242022E-02    1.243706E-02    1.281403E-02    1.398104E-01    5.153467E-01   -9.911151E-02
    1.270246E-02    1.272033E-02    1.312025E-02    1.472409E-01    5.328407E-01   -1.599103E-01
    1.298559E-02    1.300454E-02    1.342861E-02    1.549693E-01    5.496753E-01   -2.105133E-01
    1.326925E-02    1.328933E-02    1.373884E-02    1.629962E-01    5.656626E-01   -2.487928E-01
    1.355308E-02    1.357436E-02    1.405061E-02    1.713207E-01    5.805999E-01   -2.729502E-01
    1.383670E-02    1.385924E-02    1.436359E-02    1.799400E-01    5.942699E-01   -2.816804E-01
    1.411971E-02    1.414357E-02    1.467744E-02    1.888496E-01    6.064423E-01   -2.743381E-01
    1.440170E-02    1.442694E-02    1.499180E-02    1.980426E-01    6.168753E-01   -2.510924E-01
    1.468223E-02    1.470893E-02    1.530629E-02    2.075099E-01    6.253182E-01   -2.130510E-01
    1.496087E-02    1.498909E-02    1.562051E-02    2.172401E-01    6.315140E-01   -1.623344E-01
    1.523716E-02    1.526697E-02    1.593407E-02    2.272185E-01    6.352034E-01   -1.020782E-01
    1.551063E-02    1.554211E-02    1.624654E-02    2.374277E-01    6.361290E-01   -3.634345E-02
    1.578080E-02    1.581402E-02    1.655750E-02    2.478471E-01    6.340410E-01    3.008022E-02
    1.604717E-02    1.608222E-02    1.686650E-02    2.584525E-01    6.287028E-01    9.198681E-02
    1.630925E-02    1.634621E-02    1.717310E-02    2.692161E-01    6.198983E-01    1.441751E-01
    1.656654E-02    1.660548E-02    1.747683E-02    2.801059E-01    6.074394E-01    1.819565E-01
    1.681850E-02    1.685952E-02    1.777723E-02    2.910863E-01    5.911745E-01    2.017089E-01
    1.706464E-02    1.710782E-02    1.807382E-02    3.021169E-01    5.709975E-01    2.014132E-01
    1.730442E-02    1.734985E-02    1.836612E-02    3.131532E-01    5.468573E-01    1.810941E-01
    1.753732E-02    1.758509E-02    1.865365E-02    3.241460E-01    5.187673E-01    1.430783E-01
    1.776282E-02    1.781302E-02    1.893592E-02    3.350414E-01    4.868146E-01    9.198163E-02
    1.798040E-02    1.803312E-02    1.921245E-02    3.457810E-01    4.511694E-01    3.436378E-02
    1.818953E-02    1.824488E-02    1.948274E-02    3.563014E-01    4.120926E-01   -2.197709E-02
    1.838971E-02    1.844777E-02    1.974633E-02    3.665350E-01    3.699420E-01   -6.903280E-02
    1.858043E-02    1.864131E-02    2.000272E-02    3.764093E-01    3.251773E-01   -9.982812E-02
    1.876120E-02    1.882499E-02    2.025145E-02    3.858478E-01    2.783608E-01   -1.096947E-01
    1.893154E-02    1.899833E-02    2.049206E-02    3.947701E-01    2.301567E-01   -9.733081E-02
    1.909096E-02    1.916087E-02    2.072408E-02    4.030922E-01    1.813244E-01   -6.538135E-02
    1.923902E-02    1.931215E-02    2.094707E-02    4.107270E-01    1.327086E-01   -2.030703E-02
    1.937529E-02    1.945172E-02    2.116061E-02    4.175853E-01    8.522421E-02    2.858016E-02
    1.949933E-02    1.957918E-02    2.136427E-02    4.235760E-01    3.983471E-02    7.086481E-02
    1.961076E-02    1.969412E-02    2.155765E-02    4.286074E-01   -2.473571E-03    9.728869E-02
    1.970919E-02    1.979617E-02    2.174037E-02    4.325880E-01   -4.072348E-02    1.020494E-01
    1.979428E-02    1.988497E-02    2.191207E-02    4.354278E-01   -7.398362E-02    8.452337E-02
    1.986569E-02    1.996020E-02    2.207241E-02    4.370394E-01   -1.014088E-01    4.981957E-02
    1.992313E-02    2.002156E-02    2.222105E-02    4.373395E-01   -1.222832E-01    7.786777E-03
    1.996632E-02    2.006876E-02    2.235770E-02    4.362504E-01   -1.360638E-01   -2.950463E-02
    1.999502E-02    2.010158E-02    2.248210E-02    4.337017E-01   -1.424225E-01   -5.126436E-02
    2.000902E-02    2.011978E-02    2.259397E-02    4.296318E-01   -1.412834E-01   -5.147134E-02
    2.000813E-02    2.012319E-02    2.269312E-02    4.239899E-01   -1.328527E-01   -3.112414E-02
    1.999220E-02    2.011165E-02    2.277932E-02    4.167378E-01   -1.176376E-01    1.751272E-03
    1.996111E-02    2.008504E-02    2.285242E-02    4.078516E-01   -9.645104E-02    3.273147E-02
    1.991476E-02    2.004326E-02    2.291226E-02    3.973237E-01   -7.039950E-02    5.414114E-02
    1.985310E-02    1.998625E-02    2.295873E-02    3.851644E-01   -4.085193E-02    5.633918E-02
    1.977604E-02    1.991393E-02    2.299167E-02    3.714034E-01   -9.387943E-03    3.955177E-02
    1.968347E-02    1.982617E-02    2.301091E-02    3.560916E-01    2.227389E-02    1.202598E-02
    1.957492E-02    1.972252E-02    2.301592E-02    3.393021E-01    5.236604E-02   -1.349418E-02
    1.944875E-02    1.960132E-02    2.300499E-02    3.211318E-01    7.917647E-02   -2.561540E-02
    2.337214E-02    2.352650E-02    2.696969E-02    3.003315E-01    9.874763E-02   -1.979404E-02
    2.339554E-02    2.355053E-02    2.700755E-02    2.976895E-01    1.012369E-01   -1.782640E-02
    2.342483E-02    2.358044E-02    2.705124E-02    2.950260E-01    1.036190E-01   -1.563697E-02
    2.346103E-02    2.361725E-02    2.710175E-02    2.923411E-01    1.058912E-01   -1.325010E-02
    2.350498E-02    2.366183E-02    2.715993E-02    2.896347E-01    1.080508E-01   -1.069194E-02
    2.356012E-02    2.371757E-02    2.722914E-02    2.869057E-01    1.100952E-01   -7.990113E-03
    2.362155E-02    2.377960E-02    2.730457E-02    2.841569E-01    1.120229E-01   -5.173878E-03
    2.364301E-02    2.380169E-02    2.734056E-02    2.814105E-01    1.138389E-01   -2.274392E-03
    2.374823E-02    2.390749E-02    2.745919E-02    2.786089E-01    1.155232E-01    6.813491E-04
    2.384887E-02    2.400872E-02    2.757330E-02    2.757943E-01    1.170868E-01    3.659470E-03
    2.396103E-02    2.412145E-02    2.769875E-02    2.729597E-01    1.185259E-01    6.629352E-03
    2.408614E-02    2.424712E-02    2.783697E-02    2.701050E-01    1.198387E-01    9.560270E-03
    2.422640E-02    2.438794E-02    2.799011E-02    2.672298E-01    1.210238E-01    1.242211E-02
    2.438245E-02    2.454453E-02    2.815880E-02    2.643346E-01    1.220800E-01    1.518567E-02
    2.455461E-02    2.471724E-02    2.834335E-02    2.614199E-01    1.230063E-01    1.782304E-02
    2.474288E-02    2.490603E-02    2.854375E-02    2.584863E-01    1.238020E-01    2.030789E-02
    2.494706E-02    2.511072E-02    2.875980E-02    2.555348E-01    1.244667E-01    2.261578E-02
    2.516681E-02    2.533098E-02    2.899116E-02    2.525661E-01    1.250001E-01    2.472443E-02
    2.540175E-02    2.556640E-02    2.923743E-02    2.495813E-01    1.254022E-01    2.661393E-02
    2.565147E-02    2.581660E-02    2.949823E-02    2.465811E-01    1.256733E-01    2.826703E-02
    2.591560E-02    2.608121E-02    2.977319E-02    2.435666E-01    1.258137E-01    2.966924E-02
    2.619385E-02    2.635992E-02    3.006198E-02    2.405387E-01    1.258239E-01    3.080902E-02
    2.648598E-02    2.665249E-02    3.036440E-02    2.374982E-01    1.257048E-01    3.167791E-02
    2.679185E-02    2.695880E-02    3.068027E-02    2.344459E-01    1.254574E-01    3.227058E-02
    2.711140E-02    2.727876E-02    3.100955E-02    2.313828E-01    1.250827E-01    3.258490E-02
    2.744465E-02    2.761242E-02    3.135225E-02    2.283095E-01    1.245821E-01    3.262195E-02
    2.779171E-02    2.795989E-02    3.170847E-02    2.252269E-01    1.239571E-01    3.238596E-02
    2.815278E-02    2.832134E-02    3.207840E-02    2.221357E-01    1.232093E-01    3.188430E-02
    2.852810E-02    2.869703E-02    3.246227E-02    2.190367E-01    1.223407E-01    3.112732E-02
    2.891801E-02    2.908730E-02    3.286041E-02    2.159305E-01    1.213532E-01    3.012825E-02
    2.932289E-02    2.949253E-02    3.327320E-02    2.128180E-01    1.202491E-01    2.890303E-02
    2.974321E-02    2.991317E-02    3.370107E-02    2.096997E-01    1.190308E-01    2.747006E-02
    3.017946E-02    3.034974E-02    3.414452E-02    2.065765E-01    1.177008E-01    2.585002E-02
    3.063223E-02    3.080281E-02    3.460411E-02    2.034490E-01    1.162619E-01    2.406554E-02
    3.110214E-02    3.127300E-02    3.508044E-02    2.003179E-01    1.147171E-01    2.214099E-02
    3.158986E-02    3.176098E-02    3.557418E-02    1.971839E-01    1.130693E-01    2.010206E-02
    3.209613E-02    3.226750E-02    3.608604E-02    1.940478E-01    1.113218E-01    1.797551E-02
    3.262173E-02    3.279332E-02    3.661678E-02    1.909102E-01    1.094781E-01    1.578878E-02
    3.316747E-02    3.333927E-02    3.716720E-02    1.877718E-01    1.075417E-01    1.356967E-02
    3.373423E-02    3.390622E-02    3.773814E-02    1.846335E-01    1.055164E-01    1.134592E-02
    3.432292E-02    3.449507E-02    3.833049E-02    1.814959E-01    1.034060E-01    9.144880E-03
    3.493449E-02    3.510677E-02    3.894517E-02    1.783597E-01    1.012147E-01    6.993147E-03
    3.556990E-02    3.574230E-02    3.958314E-02    1.752259E-01    9.894660E-02    4.916223E-03
    3.623016E-02    3.640265E-02    4.024537E-02    1.720951E-01    9.660609E-02    2.938079E-03
    3.691630E-02    3.708885E-02    4.093285E-02    1.689681E-01    9.419765E-02    1.081098E-03
    3.762935E-02    3.780194E-02    4.164660E-02    1.658459E-01    9.172590E-02   -6.345766E-04
    3.837037E-02    3.854297E-02    4.238764E-02    1.627292E-01    8.919559E-02   -2.190695E-03
    3.914041E-02    3.931298E-02    4.315699E-02    1.596189E-01    8.661160E-02   -3.572206E-03
    3.994052E-02    4.011304E-02    4.395567E-02    1.565160E-01    8.397893E-02   -4.766292E-03
    4.077173E-02    4.094416E-02    4.478469E-02    1.534213E-01    8.130266E-02   -5.763016E-03
    4.163505E-02    4.180736E-02    4.564503E-02    1.503360E-01    7.858800E-02   -6.555854E-03
    4.253147E-02    4.270361E-02    4.653763E-02    1.472609E-01    7.584023E-02   -7.140906E-03
    4.346192E-02    4.363387E-02    4.746342E-02    1.441971E-01    7.306471E-02   -7.517446E-03
    4.442730E-02    4.459902E-02    4.842324E-02    1.411457E-01    7.026685E-02   -7.687766E-03
    4.542843E-02    4.559987E-02    4.941790E-02    1.381078E-01    6.745214E-02   -7.657087E-03
    4.646606E-02    4.663720E-02    5.044812E-02    1.350845E-01    6.462609E-02   -7.433425E-03
    4.754088E-02    4.771166E-02    5.151455E-02    1.320771E-01    6.179424E-02   -7.027414E-03
    4.865345E-02    4.882383E-02    5.261773E-02    1.290866E-01    5.896213E-02   -6.452083E-03
    4.980423E-02    4.997418E-02    5.375811E-02    1.261145E-01    5.613530E-02   -5.722600E-03
    5.099358E-02    5.116304E-02    5.493601E-02    1.231619E-01    5.331927E-02   -4.855977E-03
    5.222170E-02    5.239062E-02    5.615161E-02    1.202302E-01    5.051949E-02   -3.870750E-03
    5.348865E-02    5.365700E-02    5.740496E-02    1.173207E-01    4.774138E-02   -2.786631E-03
    5.479434E-02    5.496206E-02    5.869596E-02    1.144348E-01    4.499024E-02   -1.624152E-03
    5.613851E-02    5.630556E-02    6.002431E-02    1.115738E-01    4.227130E-02   -4.042950E-04
    5.752071E-02    5.768703E-02    6.138958E-02    1.087393E-01    3.958965E-02    8.518782E-04
    5.894029E-02    5.910585E-02    6.279111E-02    1.059326E-01    3.695022E-02    2.123589E-03
    6.039643E-02    6.056117E-02    6.422806E-02    1.031551E-01    3.435779E-02    3.390690E-03
    6.188806E-02    6.205193E-02    6.569938E-02    1.004083E-01    3.181696E-02    4.633794E-03
    6.341391E-02    6.357687E-02    6.720381E-02    9.769361E-02    2.933210E-02    5.835575E-03
    6.497248E-02    6.513448E-02    6.873984E-02    9.501252E-02    2.690735E-02    6.979017E-03
    6.656204E-02    6.672303E-02    7.030577E-02    9.236644E-02    2.454662E-02    8.049741E-03
    6.818063E-02    6.834056E-02    7.189966E-02    8.975676E-02    2.225352E-02    9.034988E-03
    6.982604E-02    6.998487E-02    7.351932E-02    8.718488E-02    2.003140E-02    9.924143E-03
    7.149583E-02    7.165352E-02    7.516235E-02    8.465213E-02    1.788330E-02    1.070871E-02
    7.318733E-02    7.334383E-02    7.682612E-02    8.215984E-02    1.581193E-02    1.138277E-02
    7.489765E-02    7.505293E-02    7.850776E-02    7.970924E-02    1.381968E-02    1.194149E-02
    7.662366E-02    7.677767E-02    8.020420E-02    7.730156E-02    1.190859E-02    1.238354E-02
    7.836203E-02    7.851474E-02    8.191217E-02    7.493792E-02    1.008037E-02    1.270907E-02
    8.010922E-02    8.026059E-02    8.362818E-02    7.261940E-02    8.336342E-03    1.292010E-02
    8.186151E-02    8.201152E-02    8.534857E-02    7.034698E-02    6.677503E-03    1.302049E-02
    8.361500E-02    8.376362E-02    8.706951E-02    6.812156E-02    5.104478E-03    1.301597E-02
    8.536566E-02    8.551286E-02    8.878704E-02    6.594395E-02    3.617540E-03    1.291254E-02
    8.710930E-02    8.725506E-02    9.049705E-02    6.381486E-02    2.216615E-03    1.271907E-02
    8.884163E-02    8.898593E-02    9.219532E-02    6.173489E-02    9.012948E-04    1.244416E-02
    9.055828E-02    9.070111E-02    9.387756E-02    5.970453E-02   -3.291557E-04    1.209778E-02
    9.225480E-02    9.239615E-02    9.553942E-02    5.772416E-02   -1.475778E-03    1.168955E-02
    9.392672E-02    9.406657E-02    9.717651E-02    5.579403E-02   -2.539903E-03    1.123052E-02
    9.556955E-02    9.570791E-02    9.878443E-02    5.391429E-02   -3.523129E-03    1.073115E-02
    9.717883E-02    9.731568E-02    1.003588E-01    5.208494E-02   -4.427296E-03    1.020200E-02
    9.875012E-02    9.888548E-02    1.018953E-01    5.030587E-02   -5.254461E-03    9.653298E-03
    1.002791E-01    1.004130E-01    1.033897E-01    4.857686E-02   -6.006869E-03    9.095346E-03
    1.017615E-01    1.018939E-01    1.048377E-01    4.689752E-02   -6.686922E-03    8.537575E-03
    1.031931E-01    1.033241E-01    1.062355E-01    4.526740E-02   -7.297147E-03    7.988693E-03
    1.045701E-01    1.046996E-01    1.075790E-01    4.368587E-02   -7.840168E-03    7.456917E-03
    1.058886E-01    1.060167E-01    1.088647E-01    4.215224E-02   -8.318667E-03    6.950021E-03
    1.071451E-01    1.072718E-01    1.100889E-01    4.066566E-02   -8.735357E-03    6.474119E-03
    1.083361E-01    1.084615E-01    1.112484E-01    3.922521E-02   -9.092950E-03    6.036048E-03
    1.094585E-01    1.095826E-01    1.123401E-01    3.782985E-02   -9.394121E-03    5.638762E-03
    1.105094E-01    1.106322E-01    1.133613E-01    3.647847E-02   -9.641488E-03    5.286900E-03
    1.114863E-01    1.116079E-01    1.143094E-01    3.516986E-02   -9.837577E-03    4.982704E-03
    1.123868E-01    1.125072E-01    1.151821E-01    3.390273E-02   -9.984801E-03    4.727338E-03
    1.132089E-01    1.133281E-01    1.159775E-01    3.267574E-02   -1.008544E-02    4.522761E-03
    1.139509E-01    1.140690E-01    1.166940E-01    3.148747E-02   -1.014161E-02    4.367113E-03
    1.146112E-01    1.147283E-01    1.173300E-01    3.033647E-02   -1.015528E-02    4.259684E-03
    1.151889E-01    1.153050E-01    1.178847E-01    2.922125E-02   -1.012821E-02    4.196998E-03
    1.156831E-01    1.157983E-01    1.183572E-01    2.814027E-02   -1.006198E-02    4.176233E-03
    1.160934E-01    1.162077E-01    1.187471E-01    2.709201E-02   -9.958004E-03    4.191983E-03
    1.164194E-01    1.165329E-01    1.190542E-01    2.607489E-02   -9.817461E-03    4.240295E-03
    1.166614E-01    1.167741E-01    1.192787E-01    2.508738E-02   -9.641364E-03    4.317399E-03
    1.168197E-01    1.169318E-01    1.194209E-01    2.412792E-02   -9.430540E-03    4.414885E-03
    1.168950E-01    1.170064E-01    1.194815E-01    2.319499E-02   -9.185645E-03    4.529658E-03
    1.168882E-01    1.169991E-01    1.194616E-01    2.228709E-02   -8.907177E-03    4.654114E-03
    1.168006E-01    1.169109E-01    1.193622E-01    2.140276E-02   -8.595497E-03    4.781679E-03
    1.166334E-01    1.167433E-01    1.191848E-01    2.054056E-02   -8.250847E-03    4.912208E-03
    1.163884E-01    1.164980E-01    1.189311E-01    1.969914E-02   -7.873375E-03    5.036200E-03
    1.160675E-01    1.161768E-01    1.186029E-01    1.887718E-02   -7.463159E-03    5.153966E-03
    1.156727E-01    1.157816E-01    1.182022E-01    1.807341E-02   -7.020233E-03    5.261170E-03
    1.152061E-01    1.153149E-01    1.177313E-01    1.728666E-02   -6.544613E-03    5.355846E-03
    1.146702E-01    1.147789E-01    1.171924E-01    1.651580E-02   -6.036333E-03    5.437207E-03
    1.140675E-01    1.141761E-01    1.165881E-01    1.575980E-02   -5.495464E-03    5.504782E-03
    1.134005E-01    1.135091E-01    1.159210E-01    1.501769E-02   -4.922149E-03    5.561428E-03
    1.126721E-01    1.127807E-01    1.151937E-01    1.428860E-02   -4.316627E-03    5.605136E-03
    1.118850E-01    1.119937E-01    1.144091E-01    1.357172E-02   -3.679262E-03    5.640032E-03
    1.110421E-01    1.111510E-01    1.135699E-01    1.286635E-02   -3.010565E-03    5.666274E-03
    1.101463E-01    1.102554E-01    1.126791E-01    1.217185E-02   -2.311218E-03    5.686164E-03
    1.092005E-01    1.093099E-01    1.117395E-01    1.148767E-02   -1.582096E-03    5.701037E-03
    1.082079E-01    1.083176E-01    1.107542E-01    1.081336E-02   -8.242794E-04    5.710859E-03
    1.071712E-01    1.072813E-01    1.097260E-01    1.014854E-02   -3.907308E-05    5.719342E-03
    1.060936E-01    1.062041E-01    1.086579E-01    9.492912E-03    7.719849E-04    5.725948E-03
    1.049779E-01    1.050888E-01    1.075527E-01    8.846250E-03    1.607116E-03    5.733224E-03
    1.038270E-01    1.039384E-01    1.064134E-01    8.208413E-03    2.464295E-03    5.734023E-03
    1.026438E-01    1.027558E-01    1.052427E-01    7.579331E-03    3.341254E-03    5.729617E-03
    1.014311E-01    1.015437E-01    1.040434E-01    6.959002E-03    4.235483E-03    5.718317E-03
    1.001916E-01    1.003048E-01    1.028182E-01    6.347491E-03    5.144237E-03    5.697328E-03
    9.892805E-02    9.904186E-02    1.015697E-01    5.744926E-03    6.064549E-03    5.664048E-03
    9.764290E-02    9.775740E-02    1.003004E-01    5.151491E-03    6.993243E-03    5.617970E-03
    9.633868E-02    9.645389E-02    9.901270E-02    4.567428E-03    7.926952E-03    5.558292E-03
    9.501777E-02    9.513373E-02    9.770904E-02    3.993026E-03    8.862142E-03    5.482545E-03
    9.368247E-02    9.379919E-02    9.639162E-02    3.428620E-03    9.795130E-03    5.393822E-03
    9.233495E-02    9.245247E-02    9.506260E-02    2.874589E-03    1.072212E-02    5.287166E-03
    9.097729E-02    9.109563E-02    9.372400E-02    2.331347E-03    1.163921E-02    5.164166E-03
    8.961147E-02    8.973066E-02    9.237778E-02    1.799343E-03    1.254246E-02    5.027978E-03
    8.823936E-02    8.835941E-02    9.102576E-02    1.279055E-03    1.342788E-02    4.879615E-03
    8.686272E-02    8.698365E-02    8.966967E-02    7.709848E-04    1.429152E-02    4.721457E-03
    8.548320E-02    8.560504E-02    8.831114E-02    2.756584E-04    1.512943E-02    4.570406E-03
    8.410235E-02    8.422511E-02    8.695168E-02   -2.063821E-04    1.593777E-02    4.411385E-03
    8.272163E-02    8.284533E-02    8.559272E-02   -6.745796E-04    1.671278E-02    4.259833E-03
    8.134239E-02    8.146705E-02    8.423558E-02   -1.128366E-03    1.745088E-02    4.118990E-03
    7.996589E-02    8.009151E-02    8.288150E-02   -1.567166E-03    1.814863E-02    3.991687E-03
    7.859328E-02    7.871988E-02    8.153161E-02   -1.990399E-03    1.880284E-02    3.870843E-03
    7.722565E-02    7.735324E-02    8.018696E-02   -2.397482E-03    1.941053E-02    3.773748E-03
    7.586399E-02    7.599258E-02    7.884854E-02   -2.787835E-03    1.996901E-02    3.708264E-03
    7.450920E-02    7.463880E-02    7.751722E-02   -3.160878E-03    2.047589E-02    3.643729E-03
    7.316212E-02    7.329274E-02    7.619382E-02   -3.516042E-03    2.092910E-02    3.598116E-03
    7.182352E-02    7.195517E-02    7.487909E-02   -3.852761E-03    2.132690E-02    3.578373E-03
    7.049408E-02    7.062677E-02    7.357370E-02   -4.170484E-03    2.166793E-02    3.585625E-03
    6.917443E-02    6.930817E-02    7.227827E-02   -4.468670E-03    2.195121E-02    3.588129E-03
    6.786516E-02    6.799994E-02    7.099336E-02   -4.746795E-03    2.217614E-02    3.611470E-03
    6.656676E-02    6.670260E-02    6.971947E-02   -5.004349E-03    2.234253E-02    3.644203E-03
    6.527970E-02    6.541660E-02    6.845704E-02   -5.240843E-03    2.245057E-02    3.679643E-03
    6.400439E-02    6.414236E-02    6.720647E-02   -5.455808E-03    2.250089E-02    3.738361E-03
    6.274120E-02    6.288024E-02    6.596813E-02   -5.648794E-03    2.249448E-02    3.788344E-03
    6.149045E-02    6.163057E-02    6.474233E-02   -5.819378E-03    2.243274E-02    3.834040E-03
    6.025242E-02    6.039362E-02    6.352933E-02   -5.967160E-03    2.231746E-02    3.886650E-03
    5.902737E-02    5.916966E-02    6.232940E-02   -6.091768E-03    2.215076E-02    3.940280E-03
    5.781552E-02    5.795889E-02    6.114273E-02   -6.192856E-03    2.193514E-02    3.993531E-03
    5.661704E-02    5.676150E-02    5.996949E-02   -6.270109E-03    2.167340E-02    4.050900E-03
    5.543209E-02    5.557764E-02    5.880986E-02   -6.323241E-03    2.136864E-02    4.096727E-03
    5.426080E-02    5.440745E-02    5.766393E-02   -6.351997E-03    2.102422E-02    4.150422E-03
    5.310328E-02    5.325103E-02    5.653183E-02   -6.356157E-03    2.064375E-02    4.193583E-03
    5.195961E-02    5.210846E-02    5.541362E-02   -6.335532E-03    2.023102E-02    4.236817E-03
    5.082986E-02    5.097981E-02    5.430938E-02   -6.289971E-03    1.978999E-02    4.269034E-03
    4.971407E-02    4.986512E-02    5.321912E-02   -6.219355E-03    1.932473E-02    4.292043E-03
    4.861226E-02    4.876442E-02    5.214290E-02   -6.123603E-03    1.883940E-02    4.297489E-03
    4.752446E-02    4.767772E-02    5.108070E-02   -6.002673E-03    1.833822E-02    4.312657E-03
    4.645065E-02    4.660502E-02    5.003253E-02   -5.856559E-03    1.782537E-02    4.299339E-03
    4.539083E-02    4.554631E-02    4.899837E-02   -5.685294E-03    1.730501E-02    4.271681E-03
    4.434496E-02    4.450155E-02    4.797819E-02   -5.488950E-03    1.678123E-02    4.230488E-03
    4.331301E-02    4.347072E-02    4.697196E-02   -5.267641E-03    1.625796E-02    4.177802E-03
    4.229493E-02    4.245375E-02    4.597961E-02   -5.021519E-03    1.573900E-02    4.109318E-03
    4.129067E-02    4.145060E-02    4.500110E-02   -4.750777E-03    1.522793E-02    4.025762E-03
    4.030016E-02    4.046120E-02    4.403636E-02   -4.455650E-03    1.472811E-02    3.929352E-03
    3.932332E-02    3.948548E-02    4.308531E-02   -4.136412E-03    1.424263E-02    3.824751E-03
    3.836008E-02    3.852336E-02    4.214787E-02   -3.793380E-03    1.377429E-02    3.722538E-03
    3.741035E-02    3.757475E-02    4.122396E-02   -3.426913E-03    1.332555E-02    3.614267E-03
    3.647404E-02    3.663956E-02    4.031349E-02   -3.037410E-03    1.289856E-02    3.484196E-03
    3.555107E-02    3.571770E-02    3.941635E-02   -2.625310E-03    1.249510E-02    3.404113E-03
    3.464131E-02    3.480907E-02    3.853246E-02   -2.191095E-03    1.211659E-02    3.301206E-03
    3.374468E-02    3.391356E-02    3.766170E-02   -1.735287E-03    1.176406E-02    3.189598E-03
    3.286107E-02    3.303106E-02    3.680396E-02   -1.258448E-03    1.143816E-02    3.146535E-03
    3.199035E-02    3.216147E-02    3.595915E-02   -7.611784E-04    1.113919E-02    3.080331E-03
    3.113243E-02    3.130467E-02    3.512713E-02   -2.441202E-04    1.086705E-02    3.001506E-03
    3.028718E-02    3.046055E-02    3.430780E-02    2.920478E-04    1.062129E-02    2.984286E-03
    2.945449E-02    2.962898E-02    3.350103E-02    8.466088E-04    1.040112E-02    2.926918E-03
    2.863424E-02    2.880985E-02    3.270672E-02    1.418809E-03    1.020542E-02    2.924259E-03
    2.782629E-02    2.800303E-02    3.192472E-02    2.007860E-03    1.003279E-02    2.906558E-03
    2.703054E-02    2.720841E-02    3.115493E-02    2.612936E-03    9.881529E-03    2.849811E-03
    2.624686E-02    2.642585E-02    3.039722E-02    3.233181E-03    9.749727E-03    2.882182E-03
    2.547511E-02    2.565523E-02    2.965145E-02    3.867704E-03    9.635257E-03    2.876890E-03
    2.471518E-02    2.489643E-02    2.891751E-02    4.515585E-03    9.535831E-03    2.875797E-03
    2.396694E-02    2.414931E-02    2.819527E-02    5.175872E-03    9.449031E-03    2.842980E-03
    2.081722E-02    2.100457E-02    2.515984E-02    8.196079E-03    9.153666E-03    2.971969E-03
    1.787946E-02    1.807178E-02    2.233659E-02    1.134761E-02    8.848073E-03    3.170259E-03
    1.514288E-02    1.534020E-02    1.971475E-02    1.453558E-02    8.376297E-03    3.312722E-03
    1.259689E-02    1.279922E-02    1.728375E-02    1.766182E-02    7.682010E-03    3.161257E-03
    1.023117E-02    1.043852E-02    1.503327E-02    2.062878E-02    6.826128E-03    2.789695E-03
    8.035711E-03    8.248107E-03    1.295334E-02    2.334362E-02    5.969578E-03    2.481934E-03
    6.000889E-03    6.218346E-03    1.103431E-02    2.572231E-02    5.322621E-03    2.337675E-03
    4.117453E-03    4.339989E-03    9.266935E-03    2.769360E-02    5.079479E-03    2.299562E-03
    2.376554E-03    2.604188E-03    7.642369E-03    2.920253E-02    5.347171E-03    2.317480E-03
    7.697461E-04    1.002496E-03    6.152154E-03    3.021329E-02    6.109392E-03    2.484433E-03
   -7.110166E-04   -4.731336E-04    4.788231E-03    3.071123E-02    7.219954E-03    2.577935E-03
   -2.073386E-03   -1.830352E-03    3.542928E-03    3.070386E-02    8.441630E-03    2.453283E-03
   -3.324628E-03   -3.076426E-03    2.408960E-03    3.022064E-02    9.510520E-03    2.170331E-03
   -4.471634E-03   -4.218249E-03    1.379407E-03    2.931150E-02    1.021214E-02    1.987262E-03
   -5.520933E-03   -5.262350E-03    4.477105E-04    2.804420E-02    1.043735E-02    1.860116E-03
   -6.478706E-03   -6.214911E-03   -3.923431E-04    2.650050E-02    1.020239E-02    1.868651E-03
   -7.350798E-03   -7.081777E-03   -1.146636E-03    2.477136E-02    9.626284E-03    1.990907E-03
   -8.142731E-03   -7.868473E-03   -1.820731E-03    2.295152E-02    8.876216E-03    2.041575E-03
   -8.859722E-03   -8.580218E-03   -2.419888E-03    2.113360E-02    8.103252E-03    1.986347E-03
   -9.506694E-03   -9.221935E-03   -2.949076E-03    1.940238E-02    7.395514E-03    1.833535E-03
   -1.008829E-02   -9.798269E-03   -3.412984E-03    1.782943E-02    6.766793E-03    1.672316E-03
   -1.060889E-02   -1.031360E-02   -3.816041E-03    1.646871E-02    6.182810E-03    1.531216E-03
   -1.107261E-02   -1.077205E-02   -4.162424E-03    1.535343E-02    5.606795E-03    1.549313E-03
   -1.148333E-02   -1.117751E-02   -4.456068E-03    1.449442E-02    5.045284E-03    1.663100E-03
   -1.184473E-02   -1.153363E-02   -4.700686E-03    1.388039E-02    4.561448E-03    1.681530E-03
   -1.216022E-02   -1.184385E-02   -4.899773E-03    1.347990E-02    4.251098E-03    1.591264E-03
   -1.243305E-02   -1.211142E-02   -5.056622E-03    1.324518E-02    4.192314E-03    1.469666E-03
   -1.266626E-02   -1.233937E-02   -5.174332E-03    1.311732E-02    4.396042E-03    1.332398E-03
   -1.286269E-02   -1.253056E-02   -5.255819E-03    1.303249E-02    4.784620E-03    1.286338E-03
   -1.302505E-02   -1.268767E-02   -5.303827E-03    1.292869E-02    5.222818E-03    1.363425E-03
   -1.315583E-02   -1.281323E-02   -5.320937E-03    1.275229E-02    5.565995E-03    1.291081E-03
   -1.325741E-02   -1.290960E-02   -5.309573E-03    1.246369E-02    5.736397E-03    1.334788E-03
   -1.333200E-02   -1.297900E-02   -5.272014E-03    1.204164E-02    5.730498E-03    1.249128E-03
   -1.338168E-02   -1.302351E-02   -5.210402E-03    1.148546E-02    5.621162E-03    1.129222E-03
   -1.340839E-02   -1.304508E-02   -5.126748E-03    1.081504E-02    5.358541E-03    1.113124E-03
   -1.341396E-02   -1.304552E-02   -5.022939E-03    1.006845E-02    5.345687E-03    1.159169E-03
   -1.340011E-02   -1.302657E-02   -4.900747E-03    9.297410E-03    5.153712E-03    1.177687E-03
   -1.336841E-02   -1.298981E-02   -4.761834E-03    8.560914E-03    4.842908E-03    1.141256E-03
   -1.332038E-02   -1.293674E-02   -4.607760E-03    7.917939E-03    4.366477E-03    1.022282E-03
   -1.325742E-02   -1.286876E-02   -4.439986E-03    7.419909E-03    3.793903E-03    9.523154E-04
   -1.318081E-02   -1.278719E-02   -4.259883E-03    7.103955E-03    3.268606E-03    8.764666E-04
   -1.309180E-02   -1.269324E-02   -4.068735E-03    6.987835E-03    2.958831E-03    9.702105E-04
   -1.299151E-02   -1.258805E-02   -3.867744E-03    7.067242E-03    2.949170E-03    9.987277E-04
   -1.288101E-02   -1.247270E-02   -3.658036E-03    7.315954E-03    3.185754E-03    9.159029E-04
   -1.276130E-02   -1.234818E-02   -3.440665E-03    7.688888E-03    3.504991E-03    8.322994E-04
   -1.263330E-02   -1.221541E-02   -3.216619E-03    8.127725E-03    3.732550E-03    8.300012E-04
   -1.249786E-02   -1.207526E-02   -2.986819E-03    8.568391E-03    3.786568E-03    8.252969E-04
   -1.235580E-02   -1.192853E-02   -2.752128E-03    8.949354E-03    3.708680E-03    8.637413E-04
   -1.220785E-02   -1.177596E-02   -2.513353E-03    9.219528E-03    3.604252E-03    7.929368E-04
   -1.205472E-02   -1.161827E-02   -2.271248E-03    9.344617E-03    3.541418E-03    7.075932E-04
   -1.189704E-02   -1.145608E-02   -2.026515E-03    9.310844E-03    3.490288E-03    7.142669E-04
   -1.173541E-02   -1.129001E-02   -1.779813E-03    9.125551E-03    3.353367E-03    7.210439E-04
   -1.157040E-02   -1.112061E-02   -1.531754E-03    8.814487E-03    3.074157E-03    7.409642E-04
   -1.140251E-02   -1.094839E-02   -1.282910E-03    8.416287E-03    2.697868E-03    6.735237E-04
   -1.123223E-02   -1.077384E-02   -1.033815E-03    7.975115E-03    2.366375E-03    6.359232E-04
   -1.105999E-02   -1.059740E-02   -7.849658E-04    7.532789E-03    2.204730E-03    6.362299E-04
   -1.088620E-02   -1.041947E-02   -5.368256E-04    7.121854E-03    2.236479E-03    6.562803E-04
   -1.071123E-02   -1.024044E-02   -2.898254E-04    6.760908E-03    2.374619E-03    6.141323E-04
   -1.053544E-02   -1.006066E-02   -4.436652E-05    6.453055E-03    2.490253E-03    5.694951E-04
   -1.035915E-02   -9.880442E-03    1.991779E-04    6.187889E-03    2.540833E-03    5.527499E-04
   -1.018265E-02   -9.700089E-03    4.404611E-04    5.945747E-03    2.532619E-03    5.756296E-04
   -1.000620E-02   -9.519871E-03    6.791607E-04    5.705010E-03    2.531561E-03    5.532112E-04
   -9.830065E-03   -9.340039E-03    9.149776E-04    5.448471E-03    2.476346E-03    5.138683E-04
   -9.654464E-03   -9.160821E-03    1.147634E-03    5.168859E-03    2.358890E-03    4.838083E-04
   -9.479606E-03   -8.982426E-03    1.376873E-03    4.871484E-03    2.137806E-03    4.780891E-04
   -9.305681E-03   -8.805046E-03    1.602457E-03    4.573436E-03    1.892559E-03    4.611727E-04
   -9.132860E-03   -8.628854E-03    1.824164E-03    4.299268E-03    1.736632E-03    4.582930E-04
   -8.961301E-03   -8.454010E-03    2.041791E-03    4.074633E-03    1.688201E-03    4.283666E-04
   -8.791146E-03   -8.280656E-03    2.255148E-03    3.918994E-03    1.696551E-03    4.270645E-04
   -8.622522E-03   -8.108923E-03    2.464064E-03    3.839845E-03    1.704765E-03    4.204533E-04
   -8.455546E-03   -7.938926E-03    2.668376E-03    3.829891E-03    1.709302E-03    3.986294E-04
   -8.290320E-03   -7.770772E-03    2.867938E-03    3.868165E-03    1.442316E-03    3.822008E-04
   -8.126936E-03   -7.604553E-03    3.062614E-03    3.925025E-03    1.799801E-03    3.890140E-04
   -7.965477E-03   -7.440354E-03    3.252279E-03    3.969490E-03    1.794904E-03    3.780713E-04
   -7.806015E-03   -7.278248E-03    3.436820E-03    3.977089E-03    1.654417E-03    3.431516E-04
   -7.648613E-03   -7.118300E-03    3.616131E-03    3.935753E-03    1.449200E-03   -2.540144E-04
   -7.493327E-03   -6.960567E-03    3.790119E-03    3.847879E-03    1.295013E-03    3.431190E-04
   -7.340204E-03   -6.805098E-03    3.958695E-03    3.727882E-03    1.249158E-03    3.147327E-04
   -7.189285E-03   -6.651935E-03    4.121783E-03    3.595942E-03    1.242307E-03    2.984158E-04
   -7.040603E-03   -6.501113E-03    4.279309E-03    3.470068E-03    1.219293E-03    2.652490E-04
   -6.894186E-03   -6.352662E-03    4.431211E-03    3.358937E-03    1.203787E-03    2.954341E-04
   -6.750056E-03   -6.206605E-03    4.577430E-03    3.258996E-03    1.236426E-03    2.065650E-04
   -6.608231E-03   -6.062960E-03    4.717915E-03    3.155649E-03    1.274558E-03    2.630979E-04
   -6.468723E-03   -5.921742E-03    4.852621E-03    3.030027E-03    1.249287E-03    4.991194E-05
   -6.331538E-03   -5.782959E-03    4.981507E-03    2.867283E-03    1.123502E-03    2.466870E-04
   -6.196682E-03   -5.646616E-03    5.104537E-03    2.664774E-03    9.859788E-04    2.302451E-04
   -6.064153E-03   -5.512717E-03    5.221683E-03    2.436417E-03    9.068259E-04    2.373251E-04
   -5.933949E-03   -5.381257E-03    5.332917E-03    2.208341E-03    8.741136E-04    1.947439E-04
   -5.806062E-03   -5.252233E-03    5.438219E-03    2.012662E-03    6.455885E-04    1.892499E-04
   -5.680484E-03   -5.125635E-03    5.537570E-03    1.875224E-03    8.523522E-04   -1.940579E-04
   -5.557203E-03   -5.001455E-03    5.630958E-03    1.806772E-03    8.823758E-04    1.974018E-04
   -5.436203E-03   -4.879678E-03    5.718372E-03    1.797109E-03    8.969214E-04    1.159994E-04
   -5.317468E-03   -4.760290E-03    5.799805E-03    1.819332E-03    8.389288E-04    7.043191E-05
   -5.200979E-03   -4.643274E-03    5.875255E-03    1.840696E-03    7.530465E-04    1.694846E-04
   -5.086717E-03   -4.528610E-03    5.944721E-03    1.833538E-03    6.873154E-04    1.573871E-04
   -4.974658E-03   -4.416279E-03    6.008205E-03    1.785854E-03    6.052895E-04    1.861604E-04
   -4.864779E-03   -4.306258E-03    6.065715E-03    1.704120E-03    5.211521E-04   -1.999187E-04
   -4.757056E-03   -4.198524E-03    6.117259E-03    1.613027E-03    5.557840E-04    1.022883E-04
   -4.651462E-03   -4.093052E-03    6.162847E-03    1.528790E-03    6.106858E-04    1.303666E-04
   -4.547971E-03   -3.989818E-03    6.202494E-03    1.465855E-03    6.142158E-04    1.201274E-04
   -4.446553E-03   -3.888795E-03    6.236217E-03    1.419861E-03    5.219574E-04    1.175018E-04
   -4.347181E-03   -3.789956E-03    6.264035E-03    1.371476E-03    5.018569E-04    1.280060E-04
   -4.249825E-03   -3.693273E-03    6.285969E-03    1.303189E-03    4.585840E-04    1.047891E-04
   -4.154454E-03   -3.598717E-03    6.302043E-03    1.196912E-03    4.003144E-04   -1.168742E-04
   -4.061038E-03   -3.506260E-03    6.312284E-03    1.057868E-03    3.092154E-04    9.579481E-05
   -3.969546E-03   -3.415872E-03    6.316721E-03    9.109092E-04    3.688388E-04    7.182181E-05
   -3.879945E-03   -3.327523E-03    6.315386E-03    7.859421E-04    3.839691E-04    8.612794E-05
   -3.792204E-03   -3.241184E-03    6.308311E-03    7.003114E-04    3.731302E-04    6.849292E-05
   -3.706291E-03   -3.156824E-03    6.295534E-03    6.575771E-04    1.707687E-04    6.984067E-05
   -3.622173E-03   -3.074412E-03    6.277093E-03    6.418680E-04    2.707858E-04    1.110596E-03
   -3.539818E-03   -2.993918E-03    6.253029E-03    6.410747E-04    2.297935E-04    7.262502E-05
   -3.459192E-03   -2.915312E-03    6.223386E-03    6.190030E-04    2.033571E-04    5.997300E-05
   -3.380263E-03   -2.838561E-03    6.188210E-03    5.789601E-04    2.071508E-04   -3.398205E-04
   -3.302998E-03   -2.763635E-03    6.147551E-03    5.299140E-04    2.180395E-04    8.417906E-05
   -3.227364E-03   -2.690505E-03    6.101458E-03    4.842767E-04    1.906811E-04    2.381032E-05
   -3.153328E-03   -2.619137E-03    6.049987E-03    4.463490E-04    1.643329E-04   -3.765042E-04
   -3.080858E-03   -2.549503E-03    5.993195E-03    4.118467E-04    7.148976E-05    4.884893E-04
   -3.009919E-03   -2.481571E-03    5.931141E-03    3.629113E-04    7.967283E-05   -3.818267E-05
   -2.940479E-03   -2.415311E-03    5.863888E-03    2.920460E-04    8.202419E-05    3.481201E-05
   -2.872506E-03   -2.350692E-03    5.791501E-03    2.046690E-04    7.895788E-05    1.696990E-05
   -2.805967E-03   -2.287684E-03    5.714050E-03    1.151567E-04    2.720720E-05   -8.914419E-04
   -2.740829E-03   -2.226256E-03    5.631605E-03    4.574847E-05   -4.815519E-05    1.607227E-04
   -2.677059E-03   -2.166379E-03    5.544242E-03   -2.252927E-06    1.019290E-05   -1.720520E-04
   -2.614626E-03   -2.108022E-03    5.452040E-03   -3.019572E-05   -3.003210E-05    8.544346E-05
   -2.553496E-03   -2.051156E-03    5.355079E-03   -6.037654E-05   -3.260770E-05    1.991241E-06
   -2.493638E-03   -1.995750E-03    5.253445E-03   -9.311597E-05   -3.706517E-05   -9.620525E-06
   -2.435019E-03   -1.941776E-03    5.147227E-03   -1.308526E-04   -4.829067E-05   -6.036241E-06
   -2.377607E-03   -1.889203E-03    5.036516E-03   -1.570829E-04   -1.633016E-04   -1.323161E-05
   -2.321369E-03   -1.838003E-03    4.921410E-03   -2.028431E-04   -1.963103E-04   -1.761858E-05
   -2.266275E-03   -1.788146E-03    4.802008E-03   -1.899601E-04   -2.181158E-04   -1.655797E-05
   -2.212291E-03   -1.739602E-03    4.678413E-03   -2.276143E-04   -1.663124E-04    1.561147E-04
   -2.159385E-03   -1.692342E-03    4.550734E-03   -2.976535E-04   -3.641606E-04   -2.909502E-05
   -2.107526E-03   -1.646337E-03    4.419083E-03   -3.738171E-04   -1.882186E-04   -4.713364E-05
   -2.056680E-03   -1.601557E-03    4.283577E-03   -6.447267E-04   -1.563185E-04   -1.172502E-04
   -2.006817E-03   -1.557974E-03    4.144335E-03   -4.494538E-04   -1.839954E-04   -7.999754E-05
   -1.957902E-03   -1.515558E-03    4.001483E-03   -4.821529E-04   -1.927274E-04   -1.505754E-04
   -1.909905E-03   -1.474279E-03    3.855151E-03   -5.018315E-04   -3.546537E-04   -8.756983E-05
   -1.862791E-03   -1.434108E-03    3.705473E-03   -5.530602E-04   -1.966119E-04   -1.539111E-04
   -1.816527E-03   -1.395014E-03    3.552587E-03   -5.900084E-04   -2.266077E-04   -8.052269E-05
   -1.771081E-03   -1.356968E-03    3.396638E-03   -5.887171E-04   -3.867663E-04   -6.679001E-05
   -1.726419E-03   -1.319940E-03    3.237773E-03   -5.986715E-04   -2.538098E-04   -1.916733E-04
   -1.682506E-03   -1.283897E-03    3.076147E-03   -6.124798E-04   -2.697037E-04   -1.279357E-03
   -1.639308E-03   -1.248811E-03    2.911917E-03   -6.474921E-04   -2.663600E-04   -5.850977E-04
   -1.596790E-03   -1.214648E-03    2.745247E-03   -6.855340E-04   -2.863224E-04    9.509191E-05
   -1.554917E-03   -1.181376E-03    2.576305E-03   -7.302541E-04   -3.037916E-04   -1.432070E-04
   -1.513651E-03   -1.148964E-03    2.405265E-03   -7.684143E-04   -1.308200E-03    1.285439E-04
   -1.472957E-03   -1.117378E-03    2.232305E-03   -7.945776E-04   -3.267036E-04   -7.091141E-05
   -1.432797E-03   -1.086583E-03    2.057609E-03   -8.187024E-04   -5.575090E-04   -4.904588E-05
   -1.393132E-03   -1.056545E-03    1.881367E-03   -8.464165E-04   -4.407608E-04   -1.097069E-04
   -1.353922E-03   -1.027228E-03    1.703772E-03   -8.681113E-04   -5.305790E-04   -8.042082E-05
   -1.315127E-03   -9.985957E-04    1.525024E-03   -8.806752E-04   -3.592403E-04   -1.311101E-03
   -1.276705E-03   -9.706099E-04    1.345327E-03   -8.966552E-04   -3.674991E-04    3.657831E-05
   -1.238613E-03   -9.432316E-04    1.164890E-03   -9.081305E-04   -4.652974E-04   -1.401185E-04
   -1.200808E-03   -9.164206E-04    9.839275E-04   -9.827144E-04   -4.185534E-04    7.710716E-04
   -1.163243E-03   -8.901351E-04    8.026595E-04   -9.759005E-04   -4.027379E-04   -3.930200E-04
   -1.125870E-03   -8.643318E-04    6.213100E-04   -9.910691E-04   -5.242749E-04   -1.071500E-04
   -1.088642E-03   -8.389657E-04    4.401080E-04   -1.019735E-03   -4.787297E-04   -8.157276E-05
   -1.051506E-03   -8.139901E-04    2.592870E-04   -1.062039E-03   -4.164207E-04   -1.821409E-04
   -1.014410E-03   -7.893561E-04    7.908506E-05   -1.060602E-03   -7.080968E-04   -7.050198E-04
   -9.772987E-04   -7.650129E-04   -1.002553E-04   -1.073251E-03   -4.453954E-04   -9.814509E-05
   -9.401146E-04   -7.409072E-04   -2.784875E-04   -1.081979E-03   -4.860728E-04   -1.018342E-04
   -9.027975E-04   -7.169832E-04   -4.553610E-04   -1.093294E-03   -4.516349E-04   -9.333082E-05
   -8.652847E-04   -6.931825E-04   -6.306216E-04   -1.186644E-03   -4.888371E-04   -9.144238E-05
   -8.275103E-04   -6.694437E-04   -8.040115E-04   -1.150570E-03   -5.105274E-04    6.312731E-03
   -7.894055E-04   -6.457025E-04   -9.752695E-04   -1.145311E-03   -4.749219E-04   -8.957373E-05
   -7.508980E-04   -6.218910E-04   -1.144132E-03   -1.167740E-03   -6.340691E-04   -1.860676E-04
   -7.119117E-04   -5.979376E-04   -1.310331E-03   -1.204310E-03   -5.110041E-04   -1.048355E-04
   -6.723670E-04   -5.737672E-04   -1.473598E-03   -1.212017E-03   -4.905824E-04   -2.704147E-04
   -6.321796E-04   -5.493002E-04   -1.633661E-03   -1.201121E-03   -4.805482E-04   -2.269647E-04
   -5.912611E-04   -5.244527E-04   -1.790248E-03   -1.208179E-03   -5.507247E-04   -1.115555E-04
   -5.495182E-04   -4.991359E-04   -1.943083E-03   -1.215948E-03   -5.443706E-04   -1.364650E-03
   -5.068524E-04   -4.732560E-04   -2.091890E-03   -1.322324E-03   -5.035484E-04   -1.191626E-04
   -4.631597E-04   -4.467136E-04   -2.236392E-03   -2.364721E-03   -5.008158E-04   -2.893433E-03
   -4.183303E-04   -4.194034E-04   -2.376313E-03   -1.258191E-03   -5.032797E-04   -2.857647E-05
   -3.722479E-04   -3.912140E-04   -2.511373E-03   -1.276578E-03   -1.382163E-03   -1.819003E-04
   -3.247898E-04   -3.620271E-04   -2.641296E-03   -1.374698E-03   -6.375308E-04   -1.123724E-04
   -2.758259E-04   -3.317172E-04   -2.765804E-03   -1.285254E-03   -3.587122E-04   -4.019343E-04
   -2.252184E-04   -3.001512E-04   -2.884621E-03   -1.277028E-03   -5.194837E-04   -1.937341E-03
   -1.728214E-04   -2.671876E-04   -2.997471E-03   -1.294714E-03   -5.878576E-04   -1.284121E-04
   -1.184801E-04   -2.326763E-04   -3.104079E-03   -1.289381E-03   -5.370935E-04    2.327983E-03
   -6.203068E-05   -1.964578E-04   -3.204172E-03   -1.294829E-03   -8.252058E-04   -6.318189E-05
   -3.298998E-06   -1.583624E-04   -3.297477E-03   -1.313485E-03   -9.137085E-04   -1.476335E-04
    5.789956E-05   -1.182100E-04   -3.383724E-03   -1.828441E-03   -6.822390E-04   -2.525612E-04
    1.217610E-04   -7.580885E-05   -3.462645E-03   -1.302209E-03   -5.229225E-04    1.400727E-04
    1.884933E-04   -3.095510E-05   -3.533970E-03   -1.697345E-03   -8.489134E-04   -9.516010E-04
    2.583176E-04    1.656807E-05   -3.597433E-03   -1.300824E-03   -5.660499E-04    8.278135E-05
    3.314685E-04    6.699134E-05   -3.652768E-03   -1.310409E-03   -5.229246E-04   -7.374699E-04
    4.081954E-04    1.205602E-04   -3.699709E-03   -1.333194E-03   -6.146785E-03    2.980890E-05
    4.887634E-04    1.775357E-04   -3.737992E-03   -1.631851E-03   -5.124526E-04    4.047829E-05
    5.734540E-04    2.381960E-04   -3.767350E-03   -1.321849E-03   -5.151886E-03   -1.867452E-04
    6.625667E-04    3.028367E-04   -3.787515E-03   -1.287849E-03   -5.266343E-04   -4.497685E-04
    7.564195E-04    3.717728E-04   -3.798218E-03   -1.258598E-03   -5.106758E-04   -2.304933E-04
    8.553508E-04    4.453395E-04   -3.799184E-03   -1.245873E-03   -5.607962E-04   -1.151528E-04
    9.597203E-04    5.238933E-04   -3.790137E-03   -1.224732E-03   -5.411266E-04    2.768015E-04
    1.069910E-03    6.078141E-04   -3.770790E-03   -1.262865E-03   -5.085058E-04    1.271750E-03
    1.186327E-03    6.975059E-04   -3.740852E-03   -1.342515E-03   -5.347715E-04    1.918149E-04
    1.309404E-03    7.933989E-04   -3.700021E-03   -1.196491E-03   -4.751178E-04   -3.557098E-04
    1.439600E-03    8.959509E-04   -3.647982E-03   -1.160402E-03   -5.532353E-04   -1.090591E-04
    1.577404E-03    1.005649E-03   -3.584406E-03   -1.139350E-03   -4.533676E-04   -1.988802E-03
    1.723335E-03    1.123012E-03   -3.508948E-03   -1.140858E-03   -4.470486E-04   -2.991409E-03
    1.877947E-03    1.248592E-03   -3.421243E-03   -1.091054E-03   -4.947555E-04    5.310126E-06
    2.041827E-03    1.382975E-03   -3.320903E-03   -1.096035E-03   -4.574129E-04   -4.108886E-04
    2.215598E-03    1.526786E-03   -3.207512E-03   -1.047018E-03   -4.058259E-04   -1.060494E-04
    2.399926E-03    1.680689E-03   -3.080627E-03   -1.018529E-03   -5.521864E-04   -1.022375E-03
    2.595515E-03    1.845392E-03   -2.939770E-03   -9.321838E-04   -3.546779E-04    5.118922E-04
    2.803116E-03    2.021645E-03   -2.784425E-03   -9.016621E-04   -1.187819E-03    2.437323E-02
    3.023525E-03    2.210248E-03   -2.614034E-03   -8.732936E-04   -2.746766E-03   -7.173510E-05
    3.257588E-03    2.412050E-03   -2.427992E-03   -7.961139E-04   -3.892742E-04    1.742193E-04
    3.506205E-03    2.627954E-03   -2.225642E-03   -7.405247E-04   -3.118290E-04   -6.037650E-05
    3.770331E-03    2.858918E-03   -2.006270E-03   -6.583281E-03   -2.792495E-04   -4.948655E-04
    4.050979E-03    3.105963E-03   -1.769103E-03   -6.139408E-04   -4.704835E-04    7.864676E-05
    4.349226E-03    3.370171E-03   -1.513296E-03   -5.451713E-04   -1.466183E-03   -4.238255E-05
    4.666214E-03    3.652691E-03   -1.237935E-03   -1.057486E-03    2.068735E-03    2.477453E-04
    5.003155E-03    3.954743E-03   -9.420239E-04   -3.948948E-04   -7.146585E-05   -2.633040E-03
    5.361334E-03    4.277623E-03   -6.244847E-04   -3.213873E-04   -5.877611E-03   -4.859942E-04
    5.742115E-03    4.622704E-03   -2.841476E-04   -7.063693E-04   -7.109117E-05   -1.681158E-04
    6.146943E-03    4.991442E-03    8.025313E-05   -5.129932E-04   -5.488007E-05    6.855261E-04
    6.577348E-03    5.385381E-03    4.700857E-04   -1.321200E-05   -6.278174E-07   -2.103428E-04
    7.034951E-03    5.806159E-03    8.868260E-04    9.531139E-05   -9.120267E-04   -1.224260E-03
    7.521471E-03    6.255507E-03    1.332064E-03    2.133937E-04   -5.937466E-05    4.040548E-04
    8.038722E-03    6.735261E-03    1.807510E-03    3.331315E-04   -4.250132E-04    1.229470E-04
    8.588628E-03    7.247361E-03    2.314999E-03    4.585789E-04    2.101118E-04    2.425972E-03
    9.173219E-03    7.793861E-03    2.856496E-03    6.241903E-04    3.006560E-03    4.448932E-04
    9.794641E-03    8.376930E-03    3.434101E-03    3.787791E-04    3.475821E-04   -2.074795E-05
    1.045516E-02    8.998860E-03    4.050056E-03    6.447078E-04    4.357136E-04    9.329914E-03
    1.115717E-02    9.662071E-03    4.706748E-03   -1.360434E-03    2.789226E-04    1.704681E-02
    1.190319E-02    1.036911E-02    5.406709E-03    1.282516E-03    7.470738E-04    1.028324E-04
    1.269587E-02    1.112268E-02    6.152630E-03    1.479651E-03    6.331136E-04    8.136489E-05
    1.353802E-02    1.192560E-02    6.947352E-03    1.656900E-03    5.063957E-03    1.673821E-03
    1.443257E-02    1.278085E-02    7.793879E-03    1.746927E-03   -1.240054E-03    5.427656E-05
    1.538262E-02    1.369157E-02    8.695372E-03    2.174965E-03    6.202329E-04    3.726356E-04
    1.639141E-02    1.466105E-02    9.655159E-03    2.447827E-03   -1.398628E-03   -6.202563E-04
    1.746234E-02    1.569274E-02    1.067673E-02    2.706492E-03    1.251439E-03    6.439879E-04
    1.859898E-02    1.679026E-02    1.176374E-02    3.015825E-03    1.292661E-03    2.368370E-04
    1.980506E-02    1.795739E-02    1.292001E-02   -7.346046E-04    1.304979E-03    5.714627E-04
    2.108448E-02    1.919808E-02    1.414952E-02    3.465943E-03    1.502127E-03    3.763516E-04
    2.244129E-02    2.051646E-02    1.545641E-02    4.012651E-03    1.600252E-03   -2.124525E-04
    2.387973E-02    2.191684E-02    1.684500E-02    4.374107E-03    9.429558E-03   -7.484979E-04
    2.540420E-02    2.340368E-02    1.831975E-02    4.777020E-03    1.917888E-03    1.356762E-03
    2.701926E-02    2.498162E-02    1.988527E-02    5.173720E-03    1.580372E-03   -1.992826E-02
    2.872965E-02    2.665548E-02    2.154632E-02    5.585366E-03    1.484127E-03    5.216923E-04
    3.054024E-02    2.843023E-02    2.330782E-02    6.109005E-03    2.572998E-03    6.121642E-04
    3.245609E-02    3.031100E-02    2.517480E-02    6.586816E-03    2.663405E-03    6.051669E-04
    3.448237E-02    3.230306E-02    2.715242E-02    7.132070E-03    9.522675E-03    5.184278E-04
    3.662438E-02    3.441183E-02    2.924596E-02    7.663579E-03    3.438739E-03    2.819613E-03
    3.888758E-02    3.664284E-02    3.146080E-02    6.852916E-03    7.565687E-03    7.659130E-04
    4.127747E-02    3.900174E-02    3.380239E-02    8.875450E-03    4.231888E-03   -1.072016E-04
    4.379968E-02    4.149424E-02    3.627627E-02    9.542004E-03    3.826296E-03    8.787485E-04
    4.645989E-02    4.412614E-02    3.888802E-02    1.024340E-02    4.106424E-03   -1.648039E-03
    4.926378E-02    4.690328E-02    4.164324E-02    1.016892E-02    4.213883E-03    1.769923E-04
    5.221709E-02    4.983148E-02    4.454752E-02    1.172088E-02    4.695276E-03   -2.320663E-04
    5.532547E-02    5.291657E-02    4.760644E-02    1.247595E-02    5.114369E-03    7.924935E-03
    5.859455E-02    5.616427E-02    5.082548E-02    1.340222E-02    9.372634E-03    9.237002E-04
    6.202983E-02    5.958024E-02    5.421006E-02    1.377509E-02    5.466042E-03    1.477649E-03
    6.563663E-02    6.316994E-02    5.776539E-02    1.525574E-02    8.617544E-03    1.335259E-03
    6.942010E-02    6.693866E-02    6.149655E-02    1.623142E-02    6.526121E-03    1.451410E-03
    7.338511E-02    7.089141E-02    6.540832E-02    1.701217E-02    6.915854E-03    5.181250E-04
    7.753619E-02    7.503287E-02    6.950520E-02    1.872109E-02    4.667040E-03    1.658324E-03
    8.187751E-02    7.936734E-02    7.379131E-02    8.036088E-03    8.109955E-03    2.150445E-03
    8.641277E-02    8.389867E-02    7.827034E-02    2.070653E-02    8.296916E-03    2.046289E-03
    9.114513E-02    8.863016E-02    8.294549E-02    2.118443E-02    9.206295E-03    8.922172E-03
    9.607719E-02    9.356452E-02    8.781936E-02    2.321500E-02    4.542908E-02   -4.568033E-03
    1.012108E-01    9.870378E-02    9.289390E-02    2.445539E-02    9.100412E-03    1.894509E-03
    1.065472E-01    1.040492E-01    9.817035E-02    2.598614E-02    1.321429E-02    3.405423E-03
    1.120866E-01    1.096012E-01    1.036491E-01    2.726656E-02    1.316257E-02    2.436894E-03
    1.178285E-01    1.153593E-01    1.093297E-01    2.895252E-02    1.140996E-02    1.770419E-02
    1.237712E-01    1.213221E-01    1.152106E-01    2.816216E-02    1.183043E-02    2.743223E-03
    1.299122E-01    1.274868E-01    1.212895E-01    3.212851E-02    1.758581E-02    2.670309E-03
    1.362476E-01    1.338500E-01    1.275626E-01    3.379054E-02    1.293274E-02    2.522870E-03
    1.427726E-01    1.404066E-01    1.340251E-01    3.276145E-02    1.373809E-02    2.818417E-03
    1.494810E-01    1.471505E-01    1.406712E-01    3.444174E-02    1.470716E-02    3.057447E-03
    1.563653E-01    1.540743E-01    1.474934E-01    3.907510E-02    8.646868E-02    3.193836E-03
    1.634167E-01    1.611692E-01    1.544832E-01    4.092309E-02    1.557877E-02    2.889740E-03
    1.706251E-01    1.684250E-01    1.616306E-01    4.208571E-02    1.918233E-02    3.093264E-03
    1.779792E-01    1.758303E-01    1.689243E-01    4.475340E-02    1.267762E-02    3.580457E-03
    1.854661E-01    1.833723E-01    1.763517E-01    4.606073E-02    1.871876E-02    4.300865E-03
    1.930717E-01    1.910367E-01    1.838989E-01    4.853802E-02    1.907607E-02    4.371294E-03
    2.007808E-01    1.988081E-01    1.915506E-01    5.077623E-02    2.032092E-02    4.174055E-03
    2.085767E-01    2.066697E-01    1.992906E-01    5.251952E-02    2.017603E-02    4.790118E-03
    2.164417E-01    2.146039E-01    2.071011E-01    5.480411E-02    2.197796E-02    1.733637E-01
    2.243572E-01    2.225915E-01    2.149637E-01    5.376470E-02    2.316766E-02    6.120166E-03
    2.323035E-01    2.306128E-01    2.228588E-01    5.905953E-02    2.376608E-02    5.315069E-03
    2.402602E-01    2.386472E-01    2.307661E-01    5.179211E-02    2.490035E-02    5.620193E-03
    2.482061E-01    2.466731E-01    2.386647E-01    6.269117E-02    2.532934E-02    2.160135E-02
    2.561195E-01    2.546688E-01    2.465330E-01    6.536466E-02    2.690019E-02    5.333424E-03
    2.639784E-01    2.626119E-01    2.543492E-01    6.743640E-02    2.634763E-02    1.000372E-02
    2.717607E-01    2.704799E-01    2.620912E-01    6.949041E-02    2.755444E-02    6.255579E-03
    2.794441E-01    2.782504E-01    2.697369E-01    7.130250E-02    2.892406E-02    1.904177E-02
    2.870064E-01    2.859009E-01    2.772644E-01    7.350865E-02    2.931772E-02    6.626354E-03
    2.944261E-01    2.934093E-01    2.846521E-01    7.439847E-02    3.022840E-02    4.807197E-03
    3.016816E-01    3.007541E-01    2.918789E-01    7.735172E-02    2.250623E-02    7.018869E-03
    3.087525E-01    3.079144E-01    2.989243E-01    6.170201E-02    3.172414E-02    6.747927E-03
    3.156189E-01    3.148700E-01    3.057685E-01    8.107466E-02    3.265992E-02    2.443258E-02
    3.222619E-01    3.216018E-01    3.123930E-01    8.236290E-02    2.938008E-02    6.198314E-03
    3.286637E-01    3.280917E-01    3.187799E-01    8.447558E-02    3.485603E-02    8.067138E-03
    3.348078E-01    3.343228E-01    3.249129E-01    8.613958E-02    3.454574E-02    3.766703E-03
    3.406789E-01    3.402797E-01    3.307767E-01    8.669384E-02    3.473220E-02    7.686252E-03
    3.462630E-01    3.459482E-01    3.363575E-01    8.865298E-02    3.572561E-02    7.911760E-03
    3.515477E-01    3.513155E-01    3.416430E-01    7.926466E-02    3.606131E-02    8.187116E-03
    3.565221E-01    3.563707E-01    3.466222E-01    9.192414E-02    3.679469E-02    8.309230E-03
