    0.000000E+00    0.000000E+00    0.000000E+00    0.000000E+00    0.000000E+00    0.000000E+00
    9.860761E-32   -5.048710E-29    0.000000E+00   -4.135903E-25    0.000000E+00   -1.323489E-23
    0.000000E+00   -5.048710E-29    0.000000E+00    4.135903E-25   -1.654361E-24    1.323489E-23
    1.972152E-31    0.000000E+00    1.615587E-27   -4.135903E-25    1.654361E-24    0.000000E+00
    0.000000E+00   -5.048710E-29   -1.615587E-27    0.000000E+00   -3.308722E-24   -1.323489E-23
    0.000000E+00   -5.048710E-29    0.000000E+00   -4.135903E-25   -1.654361E-24    0.000000E+00
    0.000000E+00   -5.048710E-29   -1.615587E-27   -4.135903E-25    0.000000E+00   -2.646978E-23
    1.972152E-31   -1.009742E-28    0.000000E+00    0.000000E+00    0.000000E+00    2.646978E-23
    1.972152E-31   -1.009742E-28    0.000000E+00    0.000000E+00   -3.308722E-24    0.000000E+00
    1.972152E-31    0.000000E+00    0.000000E+00    0.000000E+00   -3.308722E-24    0.000000E+00
    5.916457E-31    0.000000E+00    0.000000E+00    0.000000E+00    0.000000E+00    2.646978E-23
   -3.944305E-31    0.000000E+00    0.000000E+00   -8.271806E-25   -3.308722E-24    2.646978E-23
    3.944305E-31   -1.009742E-28    0.000000E+00    8.271806E-25   -3.308722E-24    2.646978E-23
    3.944305E-31   -1.009742E-28    0.000000E+00   -8.271806E-25    0.000000E+00    2.646978E-23
    3.944305E-31   -1.009742E-28   -3.231174E-27    8.271806E-25   -3.308722E-24    5.293956E-23
    3.944305E-31   -1.009742E-28    0.000000E+00    8.271806E-25    0.000000E+00    5.293956E-23
    3.944305E-31    1.009742E-28    0.000000E+00    0.000000E+00    0.000000E+00    5.293956E-23
    7.888609E-31   -1.009742E-28    0.000000E+00   -1.654361E-24   -6.617445E-24    5.293956E-23
    0.000000E+00   -1.009742E-28   -6.462349E-27    0.000000E+00   -6.617445E-24    0.000000E+00
    0.000000E+00    0.000000E+00   -3.231174E-27    0.000000E+00   -6.617445E-24   -5.293956E-23
    7.888609E-31   -2.019484E-28    3.231174E-27    1.654361E-24    0.000000E+00    1.058791E-22
    7.888609E-31   -2.019484E-28    0.000000E+00    1.654361E-24   -6.617445E-24    5.293956E-23
    7.888609E-31   -2.019484E-28   -3.231174E-27    0.000000E+00    0.000000E+00   -5.293956E-23
    0.000000E+00    0.000000E+00    0.000000E+00    0.000000E+00   -6.617445E-24   -5.293956E-23
    7.888609E-31   -2.019484E-28    6.462349E-27   -1.654361E-24   -1.323489E-23    0.000000E+00
    1.577722E-30    0.000000E+00    0.000000E+00    0.000000E+00    1.323489E-23   -1.058791E-22
    0.000000E+00   -2.019484E-28   -6.462349E-27    1.654361E-24    0.000000E+00    0.000000E+00
    0.000000E+00    0.000000E+00    0.000000E+00   -1.654361E-24   -2.646978E-23    0.000000E+00
    7.888609E-31   -4.038968E-28    0.000000E+00    0.000000E+00   -1.323489E-23   -1.058791E-22
    7.888609E-31   -4.038968E-28   -6.462349E-27    0.000000E+00   -1.323489E-23    0.000000E+00
    1.577722E-30   -4.038968E-28    0.000000E+00    0.000000E+00   -1.323489E-23    0.000000E+00
   -1.577722E-30   -8.077936E-28    6.462349E-27    3.308722E-24   -1.323489E-23    0.000000E+00
    1.577722E-30    0.000000E+00   -1.292470E-26    0.000000E+00    2.646978E-23    0.000000E+00
    0.000000E+00    0.000000E+00    0.000000E+00    3.308722E-24    0.000000E+00    0.000000E+00
    0.000000E+00   -4.038968E-28   -1.292470E-26    0.000000E+00    0.000000E+00    0.000000E+00
    1.577722E-30    4.038968E-28    1.292470E-26   -3.308722E-24    0.000000E+00    0.000000E+00
    1.577722E-30   -8.077936E-28   -1.292470E-26    3.308722E-24   -2.646978E-23    0.000000E+00
    1.577722E-30    0.000000E+00   -1.292470E-26    0.000000E+00   -2.646978E-23   -2.117582E-22
    3.155444E-30   -8.077936E-28    0.000000E+00    0.000000E+00    0.000000E+00    2.117582E-22
    3.155444E-30    0.000000E+00   -1.292470E-26   -6.617445E-24    0.000000E+00    0.000000E+00
    6.310887E-30    0.000000E+00    1.292470E-26    1.323489E-23    0.000000E+00    2.117582E-22
    3.155444E-30    0.000000E+00    0.000000E+00   -6.617445E-24   -2.646978E-23    0.000000E+00
    0.000000E+00   -8.077936E-28    2.584939E-26    0.000000E+00    0.000000E+00    0.000000E+00
    3.155444E-30   -1.615587E-27    0.000000E+00    0.000000E+00    0.000000E+00    0.000000E+00
    0.000000E+00   -1.615587E-27    0.000000E+00    0.000000E+00   -5.293956E-23   -4.235165E-22
    0.000000E+00   -1.615587E-27    0.000000E+00   -6.617445E-24    0.000000E+00    0.000000E+00
    3.155444E-30   -8.077936E-28    2.584939E-26   -6.617445E-24   -5.293956E-23    4.235165E-22
    3.155444E-30   -1.615587E-27   -5.169879E-26    0.000000E+00    0.000000E+00   -4.235165E-22
    6.310887E-30    0.000000E+00   -2.584939E-26   -1.323489E-23   -5.293956E-23    4.235165E-22
    6.310887E-30   -1.615587E-27    0.000000E+00    0.000000E+00   -1.058791E-22    0.000000E+00
    0.000000E+00   -1.615587E-27   -2.584939E-26   -1.323489E-23    5.293956E-23   -4.235165E-22
    0.000000E+00   -1.615587E-27   -5.169879E-26   -2.646978E-23   -1.058791E-22    0.000000E+00
    0.000000E+00   -1.615587E-27    0.000000E+00    1.323489E-23   -5.293956E-23   -4.235165E-22
    0.000000E+00   -1.615587E-27    0.000000E+00   -1.323489E-23    0.000000E+00    0.000000E+00
    6.310887E-30   -1.615587E-27    0.000000E+00    1.323489E-23    1.058791E-22    0.000000E+00
    6.310887E-30   -3.231174E-27    5.169879E-26   -1.323489E-23   -1.058791E-22    0.000000E+00
    1.893266E-29   -3.231174E-27    0.000000E+00    0.000000E+00    0.000000E+00    8.470329E-22
    1.262177E-29   -3.231174E-27    0.000000E+00    0.000000E+00    1.058791E-22    0.000000E+00
    1.262177E-29   -3.231174E-27   -5.169879E-26    2.646978E-23   -1.058791E-22   -8.470329E-22
    1.262177E-29   -3.231174E-27   -5.169879E-26   -2.646978E-23   -1.058791E-22    0.000000E+00
    1.262177E-29    0.000000E+00   -1.033976E-25    0.000000E+00    0.000000E+00    0.000000E+00
    0.000000E+00   -3.231174E-27    0.000000E+00   -5.293956E-23   -2.117582E-22    8.470329E-22
    0.000000E+00   -3.231174E-27   -1.033976E-25    2.646978E-23   -2.117582E-22    1.694066E-21
    2.524355E-29    0.000000E+00   -1.033976E-25    2.646978E-23    0.000000E+00   -1.694066E-21
    0.000000E+00   -3.231174E-27   -1.033976E-25    0.000000E+00   -2.117582E-22    1.694066E-21
    2.524355E-29   -6.462349E-27    0.000000E+00    0.000000E+00    0.000000E+00    0.000000E+00
    0.000000E+00    0.000000E+00    0.000000E+00    0.000000E+00    0.000000E+00    1.694066E-21
    2.524355E-29    0.000000E+00    0.000000E+00    5.293956E-23    2.117582E-22    0.000000E+00
    2.524355E-29   -6.462349E-27   -1.033976E-25    0.000000E+00   -2.117582E-22    0.000000E+00
    2.524355E-29    0.000000E+00    0.000000E+00    5.293956E-23   -2.117582E-22    1.694066E-21
    0.000000E+00   -6.462349E-27    0.000000E+00    0.000000E+00   -2.117582E-22   -1.694066E-21
    0.000000E+00   -6.462349E-27    2.067952E-25    5.293956E-23   -2.117582E-22    1.694066E-21
    5.048710E-29   -6.462349E-27    2.067952E-25   -5.293956E-23    0.000000E+00    0.000000E+00
    2.524355E-29   -6.462349E-27   -2.067952E-25   -5.293956E-23    0.000000E+00    0.000000E+00
    5.048710E-29   -1.938705E-26   -2.067952E-25   -5.293956E-23    0.000000E+00    0.000000E+00
    2.524355E-29   -1.292470E-26    0.000000E+00    1.058791E-22    4.235165E-22    3.388132E-21
    5.048710E-29   -1.292470E-26    0.000000E+00    1.058791E-22    0.000000E+00    3.388132E-21
    5.048710E-29    0.000000E+00    2.067952E-25    1.058791E-22    0.000000E+00    0.000000E+00
    5.048710E-29    0.000000E+00    0.000000E+00    0.000000E+00   -4.235165E-22    3.388132E-21
    5.048710E-29   -2.584939E-26    0.000000E+00   -1.058791E-22   -4.235165E-22    6.776264E-21
    5.048710E-29    1.292470E-26   -4.135903E-25    0.000000E+00    0.000000E+00    6.776264E-21
    5.048710E-29    0.000000E+00    0.000000E+00    1.058791E-22    0.000000E+00    0.000000E+00
    5.048710E-29    0.000000E+00   -4.135903E-25    0.000000E+00    0.000000E+00    0.000000E+00
   -5.048710E-29    0.000000E+00    4.135903E-25   -1.058791E-22    0.000000E+00    6.776264E-21
    1.009742E-28   -2.584939E-26    0.000000E+00   -1.058791E-22   -8.470329E-22    6.776264E-21
    5.048710E-29   -2.584939E-26   -4.135903E-25    0.000000E+00   -8.470329E-22    6.776264E-21
    2.019484E-28    2.584939E-26    0.000000E+00    0.000000E+00    0.000000E+00    1.355253E-20
    2.019484E-28   -2.584939E-26   -4.135903E-25   -2.117582E-22   -8.470329E-22    2.032879E-20
    2.019484E-28   -5.169879E-26    0.000000E+00    0.000000E+00   -8.470329E-22    1.355253E-20
    0.000000E+00    0.000000E+00   -8.271806E-25    0.000000E+00   -8.470329E-22    2.032879E-20
    0.000000E+00   -2.584939E-26    0.000000E+00    0.000000E+00    0.000000E+00    2.710505E-20
    0.000000E+00   -2.584939E-26    0.000000E+00    4.235165E-22    0.000000E+00    2.710505E-20
    2.019484E-28   -5.169879E-26    8.271806E-25    2.117582E-22    1.694066E-21    2.710505E-20
    0.000000E+00   -2.584939E-26   -8.271806E-25   -2.117582E-22    0.000000E+00    5.421011E-20
    1.009742E-28   -5.169879E-26    0.000000E+00    0.000000E+00   -1.694066E-21    4.065758E-20
    0.000000E+00    0.000000E+00    8.271806E-25    0.000000E+00    3.388132E-21    8.131516E-20
    2.019484E-28   -5.169879E-26   -8.271806E-25   -4.235165E-22    1.694066E-21    8.131516E-20
    2.019484E-28    0.000000E+00   -8.271806E-25    0.000000E+00    1.694066E-21    9.486769E-20
    4.038968E-28    5.169879E-26   -1.654361E-24    0.000000E+00    1.694066E-21    1.219727E-19
    0.000000E+00    0.000000E+00    1.654361E-24   -4.235165E-22   -1.694066E-21    1.490778E-19
    2.019484E-28   -5.169879E-26    1.654361E-24    0.000000E+00    3.388132E-21    2.168404E-19
    0.000000E+00   -5.169879E-26    1.654361E-24    0.000000E+00    0.000000E+00    2.168404E-19
    2.019484E-28    0.000000E+00   -1.654361E-24   -4.235165E-22    3.388132E-21    2.981556E-19
    2.019484E-28    0.000000E+00    0.000000E+00    0.000000E+00    3.388132E-21    3.523657E-19
   -2.019484E-28   -1.033976E-25    0.000000E+00    0.000000E+00    3.388132E-21    4.336809E-19
    4.038968E-28   -1.033976E-25    0.000000E+00   -8.470329E-22    6.776264E-21    5.421011E-19
    0.000000E+00   -2.067952E-25    0.000000E+00    0.000000E+00    1.016440E-20    7.318365E-19
    8.077936E-28    0.000000E+00    0.000000E+00    8.470329E-22    1.355253E-20    9.215718E-19
    4.038968E-28    1.033976E-25    0.000000E+00    0.000000E+00    2.032879E-20    1.138412E-18
    4.038968E-28   -2.067952E-25    0.000000E+00    8.470329E-22    2.032879E-20    1.301043E-18
    4.038968E-28   -1.033976E-25    0.000000E+00   -8.470329E-22    2.032879E-20    1.788934E-18
    0.000000E+00   -1.033976E-25    0.000000E+00   -8.470329E-22    2.710505E-20    2.059984E-18
    0.000000E+00   -1.033976E-25    0.000000E+00    1.694066E-21    3.388132E-20    2.710505E-18
    4.038968E-28    0.000000E+00    0.000000E+00    1.694066E-21    4.743385E-20    3.306817E-18
    4.038968E-28    2.067952E-25   -3.308722E-24    1.694066E-21    6.098637E-20    4.174178E-18
    8.077936E-28    0.000000E+00    3.308722E-24    1.694066E-21    8.131516E-20    5.149960E-18
    8.077936E-28    0.000000E+00   -3.308722E-24    6.776264E-21    1.016440E-19    6.451003E-18
    8.077936E-28   -2.067952E-25   -6.617445E-24    1.694066E-21    1.219727E-19    7.914676E-18
    8.077936E-28   -2.067952E-25    6.617445E-24    8.470329E-21    1.490778E-19    1.008308E-17
    8.077936E-28    0.000000E+00   -6.617445E-24    5.082198E-21    2.032879E-19    1.246832E-17
    0.000000E+00    0.000000E+00   -6.617445E-24    8.470329E-21    2.439455E-19    1.561251E-17
   -8.077936E-28   -6.203855E-25    0.000000E+00    1.016440E-20    2.981556E-19    1.929880E-17
    8.077936E-28    4.135903E-25    0.000000E+00    1.355253E-20    3.930233E-19    2.428613E-17
    8.077936E-28    0.000000E+00    6.617445E-24    1.694066E-20    4.878910E-19    3.035766E-17
    0.000000E+00   -4.135903E-25    6.617445E-24    1.694066E-20    5.827587E-19    3.773024E-17
    1.615587E-27    0.000000E+00   -1.323489E-23    3.049319E-20    7.589415E-19    4.727121E-17
    1.615587E-27    0.000000E+00   -1.323489E-23    3.388132E-20    8.944668E-19    5.876376E-17
    0.000000E+00   -4.135903E-25    0.000000E+00    4.743385E-20    1.165517E-18    7.318365E-17
    1.615587E-27    4.135903E-25   -1.323489E-23    5.759824E-20    1.463673E-18    9.172350E-17
    0.000000E+00   -4.135903E-25   -1.323489E-23    6.437450E-20    1.816039E-18    1.140581E-16
    3.231174E-27    0.000000E+00    0.000000E+00    8.131516E-20    2.276825E-18    1.424642E-16
    3.231174E-27    0.000000E+00   -1.323489E-23    1.016440E-19    2.818926E-18    1.771586E-16
    0.000000E+00   -8.271806E-25   -1.323489E-23    1.287490E-19    3.523657E-18    2.213941E-16
    1.615587E-27   -8.271806E-25   -1.323489E-23    1.626303E-19    4.363914E-18    2.760379E-16
    3.231174E-27   -8.271806E-25   -3.970467E-23    2.032879E-19    5.502326E-18    3.439089E-16
    0.000000E+00   -8.271806E-25    0.000000E+00    2.439455E-19    6.857579E-18    4.293441E-16
    0.000000E+00   -8.271806E-25   -2.646978E-23    3.184844E-19    8.510987E-18    5.355959E-16
    6.462349E-27   -8.271806E-25    2.646978E-23    3.997996E-19    1.067939E-17    6.676517E-16
    3.231174E-27   -1.654361E-24    0.000000E+00    4.878910E-19    1.328148E-17    8.326673E-16
    6.462349E-27    0.000000E+00    2.646978E-23    6.098637E-19    1.664250E-17    1.038232E-15
    3.231174E-27   -8.271806E-25    2.646978E-23    7.657178E-19    2.070826E-17    1.295405E-15
    3.231174E-27   -1.654361E-24    0.000000E+00    9.486769E-19    2.580401E-17    1.614160E-15
   -6.462349E-27    0.000000E+00   -2.646978E-23    1.179070E-18    3.220080E-17    2.013580E-15
    0.000000E+00   -3.308722E-24    0.000000E+00    1.463673E-18    4.011548E-17    2.511012E-15
    0.000000E+00   -3.308722E-24    2.646978E-23    1.816039E-18    5.003593E-17    3.129875E-15
    0.000000E+00   -1.654361E-24    5.293956E-23    2.263272E-18    6.239584E-17    3.902694E-15
    0.000000E+00   -3.308722E-24   -5.293956E-23    2.859583E-18    7.784572E-17    4.865899E-15
    6.462349E-27   -4.963084E-24    0.000000E+00    3.537210E-18    9.703609E-17    6.067195E-15
    6.462349E-27    0.000000E+00    1.058791E-22    4.418124E-18    1.211054E-16    7.565129E-15
    1.292470E-26    1.654361E-24    0.000000E+00    5.502326E-18    1.510294E-16    9.430824E-15
    6.462349E-27   -3.308722E-24    5.293956E-23    6.884684E-18    1.884343E-16    1.175449E-14
    6.462349E-27   -6.617445E-24    0.000000E+00    8.565197E-18    2.350550E-16    1.465234E-14
    0.000000E+00   -3.308722E-24    5.293956E-23    1.070650E-17    2.929514E-16    1.826490E-14
    1.292470E-26    0.000000E+00    0.000000E+00    1.338990E-17    3.653761E-16    2.276564E-14
    1.292470E-26    0.000000E+00    1.058791E-22    1.666961E-17    4.559070E-16    2.837314E-14
    1.292470E-26   -3.308722E-24    1.058791E-22    2.073537E-17    5.683388E-16    3.535713E-14
    1.292470E-26   -3.308722E-24    2.117582E-22    2.591243E-17    7.086345E-16    4.406024E-14
    1.292470E-26   -3.308722E-24    3.176374E-22    3.233633E-17    8.840585E-16    5.490226E-14
    0.000000E+00   -3.308722E-24    2.117582E-22    4.030522E-17    1.102417E-15    6.840188E-14
    0.000000E+00    0.000000E+00    4.235165E-22    5.025277E-17    1.374768E-15    8.521829E-14
    0.000000E+00   -6.617445E-24    5.293956E-22    6.266689E-17    1.714124E-15    1.061599E-13
    2.584939E-26    0.000000E+00    5.293956E-22    7.817098E-17    2.137613E-15    1.322345E-13
    2.584939E-26   -6.617445E-24    7.411538E-22    9.746978E-17    2.665186E-15    1.646894E-13
    0.000000E+00    0.000000E+00    9.529121E-22    1.215391E-16    3.322863E-15    2.050859E-13
    0.000000E+00    0.000000E+00    1.058791E-21    1.516257E-16    4.143170E-15    2.553634E-13
    2.584939E-26   -1.323489E-23    1.482308E-21    1.889764E-16    5.165573E-15    3.179245E-13
    2.584939E-26   -6.617445E-24    1.905824E-21    2.357056E-16    6.440595E-15    3.957529E-13
    2.584939E-26    6.617445E-24    2.329341E-21    2.938188E-16    8.029601E-15    4.925609E-13
    5.169879E-26    6.617445E-24    3.176374E-21    3.664061E-16    1.000935E-14    6.129541E-13
    2.584939E-26    1.323489E-23    3.599890E-21    4.569912E-16    1.247743E-14    7.626330E-13
    2.584939E-26    0.000000E+00    4.870439E-21    5.698567E-16    1.555527E-14    9.486821E-13
    5.169879E-26    1.323489E-23    5.929231E-21    7.103693E-16    1.938944E-14    1.179879E-12
    0.000000E+00    0.000000E+00    7.623297E-21    8.857932E-16    2.416860E-14    1.467097E-12
    0.000000E+00    0.000000E+00    8.893846E-21    1.104151E-15    3.012261E-14    1.823795E-12
    5.169879E-26    2.646978E-23    1.143494E-20    1.376828E-15    3.754289E-14    2.266649E-12
    0.000000E+00    1.323489E-23    1.397604E-20    1.716292E-15    4.678896E-14    2.816272E-12
    5.169879E-26    2.646978E-23    1.736418E-20    2.139673E-15    5.830839E-14    3.498146E-12
    5.169879E-26    3.970467E-23    2.202286E-20    2.667463E-15    7.265889E-14    4.343720E-12
    5.169879E-26    2.646978E-23    2.837560E-20    3.324923E-15    9.053609E-14    5.391854E-12
   -5.169879E-26    0.000000E+00    3.515187E-20    4.144688E-15    1.128047E-13    6.690454E-12
    1.033976E-25    5.293956E-23    4.362220E-20    5.166440E-15    1.405421E-13    8.298542E-12
    0.000000E+00    5.293956E-23    5.421011E-20    6.439727E-15    1.750830E-13    1.028870E-11
    1.033976E-25    1.323489E-22    6.691560E-20    8.026566E-15    2.180990E-13    1.275029E-11
    1.033976E-25    1.323489E-22    8.470329E-20    1.000393E-14    2.716612E-13    1.579295E-11
    1.033976E-25    2.117582E-22    1.050321E-19    1.246811E-14    3.383457E-13    1.955113E-11
    2.067952E-25    2.382280E-22    1.312901E-19    1.553835E-14    4.213609E-13    2.418959E-11
    0.000000E+00    2.911676E-22    1.634774E-19    1.936385E-14    5.246897E-13    2.990963E-11
    2.067952E-25    3.441071E-22    2.032879E-19    2.412979E-14    6.532882E-13    3.695703E-11
    1.033976E-25    4.235165E-22    2.541099E-19    3.006709E-14    8.133112E-13    4.563122E-11
    1.033976E-25    5.823352E-22    3.167903E-19    3.746396E-14    1.012414E-12    5.629613E-11
    2.067952E-25    7.411538E-22    3.930233E-19    4.667751E-14    1.260096E-12    6.939313E-11
    2.067952E-25    8.999725E-22    4.912791E-19    5.815400E-14    1.568155E-12    8.545602E-11
    0.000000E+00    1.111731E-21    6.098637E-19    7.244769E-14    1.951243E-12    1.051286E-10
    2.067952E-25    1.376429E-21    7.606356E-19    9.024899E-14    2.427546E-12    1.291845E-10
    2.067952E-25    1.747005E-21    9.503710E-19    1.124162E-13    3.019616E-12    1.585502E-10
    0.000000E+00    2.170522E-21    1.184152E-18    1.400199E-13    3.755427E-12    1.943300E-10
    2.067952E-25    2.646978E-21    1.475531E-18    1.743874E-13    4.669667E-12    2.378340E-10
    0.000000E+00    3.494011E-21    1.836367E-18    2.171739E-13    5.805322E-12    2.906074E-10
    2.067952E-25    4.235165E-21    2.290377E-18    2.704391E-13    7.215624E-12    3.544604E-10
    0.000000E+00    5.188077E-21    2.852807E-18    3.367367E-13    8.966501E-12    4.314970E-10
    4.135903E-25    6.564505E-21    3.555844E-18    4.192506E-13    1.113954E-11    5.241392E-10
    0.000000E+00    7.940934E-21    4.424900E-18    5.219367E-13    1.383563E-11    6.351425E-10
    4.135903E-25    1.016440E-20    5.515879E-18    6.497121E-13    1.717951E-11    7.675968E-10
    0.000000E+00    1.249374E-20    6.864355E-18    8.086821E-13    2.132529E-11    9.249011E-10
    4.135903E-25    1.567011E-20    8.544868E-18    1.006444E-12    2.646316E-11    1.110703E-09
    8.271806E-25    1.958764E-20    1.064890E-17    1.252424E-12    3.282784E-11    1.328779E-09
    0.000000E+00    2.435220E-20    1.326115E-17    1.558342E-12    4.070862E-11    1.582837E-09
    8.271806E-25    3.049319E-20    1.651037E-17    1.938736E-12    5.046179E-11    1.876202E-09
    1.240771E-24    3.790472E-20    2.056257E-17    2.411675E-12    6.252585E-11    2.211338E-09
    1.654361E-24    4.701033E-20    2.560072E-17    2.999564E-12    7.743978E-11    2.589154E-09
    8.271806E-25    5.844527E-20    3.186199E-17    3.730224E-12    9.586554E-11    3.007997E-09
    2.481542E-24    7.305659E-20    3.965808E-17    4.638151E-12    1.186151E-10    3.462246E-09
    8.271806E-25    9.084428E-20    4.937186E-17    5.766139E-12    1.466831E-10    3.940343E-09
    2.481542E-24    1.126554E-19    6.143361E-17    7.167236E-12    1.812866E-10    4.422112E-09
    2.481542E-24    1.406075E-19    7.645658E-17    8.907191E-12    2.239121E-10    4.875113E-09
    2.481542E-24    1.751241E-19    9.514552E-17    1.106746E-11    2.763728E-10    5.249751E-09
    3.308722E-24    2.172640E-19    1.183881E-16    1.374893E-11    3.408759E-10    5.472788E-09
    4.135903E-24    2.710505E-19    1.472889E-16    1.707650E-11    4.201036E-10    5.438803E-09
    4.963084E-24    3.375426E-19    1.832234E-16    2.120473E-11    5.173076E-10    4.999057E-09
    6.617445E-24    4.197048E-19    2.279128E-16    2.632483E-11    6.364215E-10    3.947120E-09
    4.963084E-24    5.213488E-19    2.834714E-16    3.267319E-11    7.821902E-10    2.000500E-09
    8.271806E-24    6.484037E-19    3.525148E-16    4.054196E-11    9.603216E-10   -1.222600E-09
    8.271806E-24    8.063754E-19    4.383700E-16    5.029198E-11    1.177659E-09   -6.232357E-09
    1.158053E-23    1.002463E-18    5.450420E-16    6.236872E-11    1.442377E-09   -1.370323E-08
    1.654361E-23    1.246409E-18    6.775857E-16    7.732179E-11    1.764198E-09   -2.451766E-08
    1.819797E-23    1.550917E-18    8.423167E-16    9.582888E-11    2.154636E-09   -3.981843E-08
    2.481542E-23    1.926576E-18    1.046906E-15    1.187250E-10    2.627246E-09   -6.107003E-08
    2.977850E-23    2.393715E-18    1.301043E-15    1.470384E-10    3.197891E-09   -9.012897E-08
    3.308722E-23    2.975627E-18    1.616667E-15    1.820341E-10    3.884994E-09   -1.293215E-07
    3.970467E-23    3.697299E-18    2.008579E-15    2.252674E-10    4.709771E-09   -1.815261E-07
    5.293956E-23    4.592613E-18    2.495210E-15    2.786491E-10    5.696393E-09   -2.502545E-07
    6.286573E-23    5.704767E-18    3.099273E-15    3.445236E-10    6.872047E-09   -3.397228E-07
    8.271806E-23    7.084584E-18    3.849026E-15    4.257659E-10    8.266816E-09   -4.548980E-07
    1.025704E-22    8.797284E-18    4.779353E-15    5.258969E-10    9.913290E-09   -6.014985E-07
    1.224227E-22    1.092164E-17    5.933649E-15    6.492240E-10    1.184578E-08   -7.859203E-07
    1.522012E-22    1.355930E-17    7.365744E-15    8.010109E-10    1.409893E-08   -1.015045E-06
    1.852885E-22    1.683054E-17    9.141857E-15    9.876809E-10    1.670558E-08   -1.295879E-06
    2.283018E-22    2.088444E-17    1.134439E-14    1.217062E-09    1.969335E-08   -1.634952E-06
    2.944763E-22    2.591413E-17    1.407519E-14    1.498679E-09    2.307985E-08   -2.037385E-06
    3.573420E-22    3.214490E-17    1.746026E-14    1.844105E-09    2.686561E-08   -2.505535E-06
    4.433688E-22    3.986815E-17    2.165556E-14    2.267374E-09    3.102430E-08   -3.037093E-06
    5.492479E-22    4.944131E-17    2.685406E-14    2.785473E-09    3.548907E-08   -3.622525E-06
    6.882143E-22    6.129808E-17    3.329411E-14    3.418922E-09    4.013410E-08   -4.241750E-06
    8.602678E-22    7.598563E-17    4.127070E-14    4.192453E-09    4.474954E-08   -4.860006E-06
    1.052174E-21    9.417821E-17    5.114827E-14    5.135801E-09    4.900828E-08   -5.422918E-06
    1.310254E-21    1.167025E-16    6.337709E-14    6.284619E-09    5.242201E-08   -5.850953E-06
    1.614657E-21    1.445767E-16    7.851342E-14    7.681532E-09    5.428377E-08   -6.033670E-06
    1.991851E-21    1.790729E-16    9.724415E-14    9.377329E-09    5.359362E-08   -5.824490E-06
    2.468307E-21    2.217532E-16    1.204173E-13    1.143231E-08    4.896313E-08   -5.037212E-06
    3.063877E-21    2.745539E-16    1.490799E-13    1.391779E-08    3.849412E-08   -3.446042E-06
    3.771944E-21    3.398364E-16    1.845232E-13    1.691768E-08    1.962584E-08   -7.916462E-07
    4.671916E-21    4.205552E-16    2.283405E-13    2.053026E-08   -1.105538E-08    3.203536E-06
    5.796882E-21    5.203290E-16    2.824960E-13    2.486994E-08   -5.805078E-08    8.806789E-06
    7.160075E-21    6.436095E-16    3.494119E-13    3.006899E-08   -1.272348E-07    1.622914E-05
    8.840906E-21    7.959230E-16    4.320730E-13    3.627911E-08   -2.261983E-07    2.555784E-05
    1.095849E-20    9.840287E-16    5.341557E-13    4.367270E-08   -3.646537E-07    3.666469E-05
    1.351282E-20    1.216278E-15    6.601891E-13    5.244342E-08   -5.549058E-07    4.909079E-05
    1.671567E-20    1.502979E-15    8.157489E-13    6.280587E-08   -8.123845E-07    6.191372E-05
    2.063319E-20    1.856764E-15    1.007698E-12    7.499363E-08   -1.156232E-06    7.361239E-05
    2.550363E-20    2.293230E-15    1.244479E-12    8.925524E-08   -1.609924E-06    8.195648E-05
    3.147257E-20    2.831536E-15    1.536479E-12    1.058469E-07   -2.201889E-06    8.396353E-05
    3.883117E-20    3.495244E-15    1.896467E-12    1.250211E-07   -2.966069E-06    7.598304E-05
    4.791030E-20    4.313336E-15    2.340141E-12    1.470088E-07   -3.942345E-06    5.398244E-05
    5.913349E-20    5.321420E-15    2.886786E-12    1.719939E-07   -5.176684E-06    1.411530E-05
    7.295071E-20    6.563252E-15    3.560093E-12    2.000770E-07   -6.720865E-06   -4.635913E-05
    8.989137E-20    8.092546E-15    4.389149E-12    2.312245E-07   -8.631527E-06   -1.277792E-04
    1.107760E-19    9.975270E-15    5.409661E-12    2.651999E-07   -1.096826E-05   -2.264678E-04
    1.365311E-19    1.229240E-14    6.665438E-12    3.014701E-07   -1.379033E-05   -3.330067E-04
    1.681625E-19    1.514325E-14    8.210217E-12    3.390817E-07   -1.715158E-05   -4.307978E-04
    2.071260E-19    1.864963E-14    1.010989E-11    3.764974E-07   -2.109296E-05   -4.955457E-04
    2.549834E-19    2.296089E-14    1.244521E-11    4.113830E-07   -2.563201E-05   -4.965071E-04
    3.138257E-19    2.826011E-14    1.531513E-11    4.403328E-07   -3.074857E-05   -4.004517E-04
    3.861411E-19    3.477156E-14    1.884086E-11    4.585174E-07   -3.636613E-05   -1.791122E-04
    4.749737E-19    4.276992E-14    2.317077E-11    4.592373E-07   -4.232813E-05    1.796955E-04
    5.841351E-19    5.259150E-14    2.848650E-11    4.333615E-07   -4.836889E-05    6.582910E-04
    7.179663E-19    6.464791E-14    3.501025E-11    3.686271E-07   -5.407925E-05    1.195500E-03
    8.823436E-19    7.944277E-14    4.301378E-11    2.487738E-07   -5.886774E-05    1.678205E-03
    1.083937E-18    9.759206E-14    5.282937E-11    5.248487E-08   -6.191920E-05    1.945099E-03
    1.331112E-18    1.198489E-13    6.486307E-11   -2.478980E-07   -6.215425E-05    1.810333E-03
    1.634138E-18    1.471336E-13    7.961100E-11   -6.879152E-07   -5.819528E-05    1.112509E-03
    2.005562E-18    1.805710E-13    9.767902E-11   -1.312815E-06   -4.834695E-05   -2.121366E-04
    2.460472E-18    2.215347E-13    1.198068E-10   -2.179693E-06   -3.060269E-05   -2.045318E-03
    3.017555E-18    2.717018E-13    1.468969E-10   -3.359951E-06   -2.692160E-06   -4.019550E-03
    3.699840E-18    3.331196E-13    1.800507E-10   -4.942088E-06    3.781186E-05   -5.511141E-03
    4.534909E-18    4.082859E-13    2.206109E-10   -7.034787E-06    9.330524E-05   -5.740703E-03
    5.556324E-18    5.002476E-13    2.702147E-10   -9.770247E-06    1.658595E-04   -4.011386E-03
    6.805804E-18    6.127200E-13    3.308570E-10   -1.330764E-05    2.568016E-04   -6.695595E-05
    8.333216E-18    7.502317E-13    4.049684E-10   -1.783655E-05    3.661482E-04    5.526691E-03
    1.020008E-17    9.183015E-13    4.955083E-10   -2.358005E-05    4.918901E-04    1.116070E-02
    1.248135E-17    1.123652E-12    6.060799E-10   -3.079714E-05    6.291407E-04    1.435739E-02
    1.526777E-17    1.374471E-12    7.410680E-10   -3.978395E-05    7.691950E-04    1.252028E-02
    1.866998E-17    1.680726E-12    9.058069E-10   -5.087304E-05    8.985911E-04    4.228733E-03
    2.282277E-17    2.054550E-12    1.106785E-09   -6.442982E-05    9.983223E-04    4.489937E-01
    2.789036E-17    2.510710E-12    1.351893E-09   -8.084513E-05    1.043420E-03    3.059820E-01
    3.407296E-17    3.067188E-12    1.650730E-09   -1.005226E-04    1.003196E-03   -2.234805E-03
    4.161378E-17    3.745920E-12    2.015001E-09   -1.238600E-04    8.425077E-04   -3.634577E-01
    5.081245E-17    4.573857E-12    2.459069E-09   -1.512270E-04    5.244214E-04   -6.070056E-01
    6.204601E-17    5.584905E-12    3.000997E-09   -1.829531E-04    1.453593E-05   -5.800199E-01
    7.582724E-17    6.825157E-12    3.665338E-09   -2.193951E-04   -7.134760E-04   -2.415369E-01
   -1.515336E-08   -4.543810E-06   -1.040268E-04    1.205446E-02    1.130355E-01    2.792767E-01
   -1.547355E-08   -4.639803E-06   -1.062175E-04    1.204716E-02    1.136292E-01    3.485025E-01
   -1.582409E-08   -4.744901E-06   -1.086169E-04    1.206145E-02    1.141242E-01    4.155654E-01
   -1.621007E-08   -4.860628E-06   -1.112603E-04    1.210215E-02    1.145396E-01    4.797826E-01
   -1.663631E-08   -4.988427E-06   -1.141808E-04    1.217358E-02    1.148894E-01    5.404935E-01
   -1.711783E-08   -5.132806E-06   -1.174822E-04    1.229159E-02    1.152038E-01    5.970263E-01
   -1.763768E-08   -5.288679E-06   -1.210471E-04    1.243517E-02    1.154592E-01    6.488898E-01
   -1.800812E-08   -5.399738E-06   -1.235796E-04    1.239120E-02    1.153031E-01    6.960191E-01
   -1.873110E-08   -5.616528E-06   -1.285445E-04    1.272546E-02    1.156675E-01    7.364274E-01
   -1.945570E-08   -5.833803E-06   -1.335191E-04    1.303805E-02    1.159168E-01    7.708183E-01
   -2.024854E-08   -6.071543E-06   -1.389632E-04    1.340155E-02    1.161801E-01    7.986357E-01
   -2.111840E-08   -6.332380E-06   -1.449372E-04    1.382300E-02    1.164778E-01    8.195413E-01
   -2.207753E-08   -6.619985E-06   -1.515253E-04    1.431282E-02    1.168378E-01    8.332621E-01
   -2.313200E-08   -6.936183E-06   -1.587693E-04    1.487416E-02    1.172748E-01    8.395913E-01
   -2.428685E-08   -7.282482E-06   -1.667036E-04    1.550868E-02    1.177999E-01    8.383733E-01
   -2.554574E-08   -7.659980E-06   -1.753532E-04    1.621619E-02    1.184192E-01    8.294967E-01
   -2.691158E-08   -8.069547E-06   -1.847379E-04    1.699542E-02    1.191345E-01    8.128873E-01
   -2.838674E-08   -8.511898E-06   -1.948738E-04    1.784424E-02    1.199438E-01    7.885051E-01
   -2.997335E-08   -8.987668E-06   -2.057754E-04    1.876001E-02    1.208414E-01    7.563421E-01
   -3.167349E-08   -9.497481E-06   -2.174565E-04    1.973979E-02    1.218185E-01    7.164227E-01
   -3.348938E-08   -1.004200E-05   -2.299323E-04    2.078054E-02    1.228633E-01    6.688060E-01
   -3.542354E-08   -1.062199E-05   -2.432197E-04    2.187928E-02    1.239614E-01    6.135894E-01
   -3.747885E-08   -1.123830E-05   -2.573383E-04    2.303312E-02    1.250963E-01    5.509132E-01
   -3.965863E-08   -1.189193E-05   -2.723108E-04    2.423936E-02    1.262491E-01    4.809669E-01
   -4.196671E-08   -1.258403E-05   -2.881630E-04    2.549545E-02    1.273991E-01    4.039953E-01
   -4.440736E-08   -1.331589E-05   -3.049241E-04    2.679905E-02    1.285232E-01    3.203049E-01
   -4.698540E-08   -1.408893E-05   -3.226269E-04    2.814791E-02    1.295967E-01    2.302718E-01
   -4.970613E-08   -1.490476E-05   -3.413076E-04    2.953996E-02    1.305924E-01    1.343479E-01
   -5.257539E-08   -1.576512E-05   -3.610059E-04    3.097317E-02    1.314814E-01    3.306828E-02
   -5.559952E-08   -1.667192E-05   -3.817652E-04    3.244562E-02    1.322325E-01   -7.294257E-02
   -5.878538E-08   -1.762721E-05   -4.036322E-04    3.395540E-02    1.328124E-01   -1.829651E-01
   -6.214040E-08   -1.863321E-05   -4.266577E-04    3.550062E-02    1.331854E-01   -2.961795E-01
   -6.567252E-08   -1.969232E-05   -4.508959E-04    3.707940E-02    1.333138E-01   -4.116627E-01
   -6.939029E-08   -2.080709E-05   -4.764051E-04    3.868980E-02    1.331575E-01   -5.283854E-01
   -7.330280E-08   -2.198024E-05   -5.032474E-04    4.032984E-02    1.326740E-01   -6.452126E-01
   -7.741978E-08   -2.321469E-05   -5.314891E-04    4.199746E-02    1.318185E-01   -7.609046E-01
   -8.175152E-08   -2.451354E-05   -5.612008E-04    4.369045E-02    1.305436E-01   -8.741215E-01
   -8.630899E-08   -2.588006E-05   -5.924570E-04    4.540651E-02    1.287996E-01   -9.834295E-01
   -9.110377E-08   -2.731773E-05   -6.253369E-04    4.714313E-02    1.265340E-01   -1.087311E+00
   -9.614808E-08   -2.883022E-05   -6.599240E-04    4.889758E-02    1.236920E-01   -1.184176E+00
   -1.014548E-07   -3.042138E-05   -6.963062E-04    5.066692E-02    1.202159E-01   -1.272378E+00
   -1.070375E-07   -3.209527E-05   -7.345760E-04    5.244787E-02    1.160454E-01   -1.350236E+00
   -1.129104E-07   -3.385616E-05   -7.748303E-04    5.423686E-02    1.111177E-01   -1.416051E+00
   -1.190883E-07   -3.570850E-05   -8.171704E-04    5.602991E-02    1.053670E-01   -1.468136E+00
   -1.255867E-07   -3.765694E-05   -8.617022E-04    5.782261E-02    9.872518E-02   -1.504844E+00
   -1.324218E-07   -3.970632E-05   -9.085358E-04    5.961008E-02    9.112131E-02   -1.524601E+00
   -1.396104E-07   -4.186166E-05   -9.577854E-04    6.138692E-02    8.248204E-02   -1.525937E+00
   -1.471697E-07   -4.412816E-05   -1.009569E-03    6.314712E-02    7.273165E-02   -1.507529E+00
   -1.551178E-07   -4.651120E-05   -1.064010E-03    6.488403E-02    6.179225E-02   -1.468237E+00
   -1.634730E-07   -4.901630E-05   -1.121232E-03    6.659033E-02    4.958402E-02   -1.407146E+00
   -1.722543E-07   -5.164914E-05   -1.181366E-03    6.825791E-02    3.602549E-02   -1.323608E+00
   -1.814811E-07   -5.441552E-05   -1.244542E-03    6.987788E-02    2.103400E-02   -1.217283E+00
   -1.911731E-07   -5.732136E-05   -1.310896E-03    7.144049E-02    4.526055E-03   -1.088181E+00
   -2.013503E-07   -6.037268E-05   -1.380564E-03    7.293505E-02   -1.358205E-02   -9.367002E-01
   -2.120331E-07   -6.357556E-05   -1.453683E-03    7.434993E-02   -3.337364E-02   -7.636624E-01
   -2.232419E-07   -6.693613E-05   -1.530394E-03    7.567249E-02   -5.493088E-02   -5.703421E-01
   -2.349972E-07   -7.046054E-05   -1.610834E-03    7.688901E-02   -7.833400E-02   -3.584918E-01
   -2.473195E-07   -7.415493E-05   -1.695144E-03    7.798470E-02   -1.036603E-01   -1.303573E-01
   -2.602292E-07   -7.802539E-05   -1.783462E-03    7.894364E-02   -1.309830E-01    1.113153E-01
   -2.737464E-07   -8.207795E-05   -1.875923E-03    7.974875E-02   -1.603702E-01    3.632845E-01
   -2.878906E-07   -8.631851E-05   -1.972661E-03    8.038179E-02   -1.918837E-01    6.218308E-01
   -3.026813E-07   -9.075282E-05   -2.073805E-03    8.082333E-02   -2.255772E-01    8.827877E-01
   -3.181368E-07   -9.538644E-05   -2.179482E-03    8.105275E-02   -2.614951E-01    1.141589E+00
   -3.342749E-07   -1.002247E-04   -2.289811E-03    8.104829E-02   -2.996708E-01    1.393332E+00
   -3.511123E-07   -1.052725E-04   -2.404904E-03    8.078700E-02   -3.401249E-01    1.632855E+00
   -3.686649E-07   -1.105348E-04   -2.524867E-03    8.024484E-02   -3.828636E-01    1.854841E+00
   -3.869469E-07   -1.160157E-04   -2.649798E-03    7.939669E-02   -4.278765E-01    2.053920E+00
   -4.059714E-07   -1.217191E-04   -2.779781E-03    7.821642E-02   -4.751351E-01    2.224808E+00
   -4.257498E-07   -1.276485E-04   -2.914895E-03    7.667697E-02   -5.245906E-01    2.362442E+00
   -4.462918E-07   -1.338068E-04   -3.055202E-03    7.475044E-02   -5.761718E-01    2.462135E+00
   -4.676052E-07   -1.401963E-04   -3.200753E-03    7.240819E-02   -6.297834E-01    2.519733E+00
   -4.896957E-07   -1.468187E-04   -3.351585E-03    6.962096E-02   -6.853043E-01    2.531780E+00
   -5.125669E-07   -1.536751E-04   -3.507719E-03    6.635903E-02   -7.425854E-01    2.495674E+00
   -5.362200E-07   -1.607659E-04   -3.669163E-03    6.259234E-02   -8.014480E-01    2.409820E+00
   -5.606541E-07   -1.680907E-04   -3.835905E-03    5.829068E-02   -8.616828E-01    2.273767E+00
   -5.858653E-07   -1.756485E-04   -4.007917E-03    5.342386E-02   -9.230481E-01    2.088319E+00
   -6.118474E-07   -1.834372E-04   -4.185153E-03    4.796192E-02   -9.852688E-01    1.855624E+00
   -6.385914E-07   -1.914543E-04   -4.367548E-03    4.187534E-02   -1.048036E+00    1.579223E+00
   -6.660857E-07   -1.996962E-04   -4.555020E-03    3.513522E-02   -1.111007E+00    1.264060E+00
   -6.943157E-07   -2.081586E-04   -4.747465E-03    2.771356E-02   -1.173803E+00    9.164462E-01
   -7.232643E-07   -2.168363E-04   -4.944764E-03    1.958347E-02   -1.236012E+00    5.439665E-01
   -7.529114E-07   -2.257234E-04   -5.146774E-03    1.071941E-02   -1.297191E+00    1.553417E-01
   -7.832344E-07   -2.348129E-04   -5.353339E-03    1.097461E-03   -1.356862E+00   -2.397687E-01
   -8.142079E-07   -2.440973E-04   -5.564280E-03   -9.304478E-03   -1.414519E+00   -6.310143E-01
   -8.458039E-07   -2.535682E-04   -5.779402E-03   -2.050639E-02   -1.469628E+00   -1.007648E+00
   -8.779922E-07   -2.632165E-04   -5.998496E-03   -3.252594E-02   -1.521630E+00   -1.358862E+00
   -9.107398E-07   -2.730324E-04   -6.221332E-03   -4.537821E-02   -1.569946E+00   -1.674153E+00
   -9.440119E-07   -2.830053E-04   -6.447668E-03   -5.907546E-02   -1.613979E+00   -1.943705E+00
   -9.777717E-07   -2.931243E-04   -6.677248E-03   -7.362698E-02   -1.653122E+00   -2.158777E+00
   -1.011980E-06   -3.033777E-04   -6.909805E-03   -8.903878E-02   -1.686759E+00   -2.312077E+00
   -1.046598E-06   -3.137534E-04   -7.145057E-03   -1.053135E-01   -1.714273E+00   -2.398104E+00
   -1.081581E-06   -3.242388E-04   -7.382717E-03   -1.224502E-01   -1.735052E+00   -2.413445E+00
   -1.116889E-06   -3.348212E-04   -7.622487E-03   -1.404441E-01   -1.748496E+00   -2.357007E+00
   -1.152478E-06   -3.454874E-04   -7.864065E-03   -1.592867E-01   -1.754024E+00   -2.230162E+00
   -1.188301E-06   -3.562240E-04   -8.107143E-03   -1.789655E-01   -1.751079E+00   -2.036807E+00
   -1.224316E-06   -3.670177E-04   -8.351411E-03   -1.994637E-01   -1.739140E+00   -1.783315E+00
   -1.260477E-06   -3.778549E-04   -8.596559E-03   -2.207607E-01   -1.717724E+00   -1.478379E+00
   -1.296738E-06   -3.887221E-04   -8.842276E-03   -2.428315E-01   -1.686400E+00   -1.132750E+00
   -1.333056E-06   -3.996061E-04   -9.088256E-03   -2.656471E-01   -1.644789E+00   -7.588665E-01
   -1.369387E-06   -4.104936E-04   -9.334194E-03   -2.891742E-01   -1.592579E+00   -3.703980E-01
   -1.405688E-06   -4.213717E-04   -9.579794E-03   -3.133753E-01   -1.529529E+00    1.828903E-02
   -1.441915E-06   -4.322279E-04   -9.824766E-03   -3.382091E-01   -1.455473E+00    3.927186E-01
   -1.478030E-06   -4.430499E-04   -1.006883E-02   -3.636301E-01   -1.370332E+00    7.389197E-01
   -1.513993E-06   -4.538260E-04   -1.031171E-02   -3.895891E-01   -1.274116E+00    1.044039E+00
   -1.549766E-06   -4.645450E-04   -1.055316E-02   -4.160331E-01   -1.166927E+00    1.296919E+00
   -1.585313E-06   -4.751960E-04   -1.079292E-02   -4.429055E-01   -1.048971E+00    1.488617E+00
   -1.620600E-06   -4.857690E-04   -1.103076E-02   -4.701464E-01   -9.205534E-01    1.612831E+00
   -1.655597E-06   -4.962545E-04   -1.126646E-02   -4.976926E-01   -7.820848E-01    1.666203E+00
   -1.690274E-06   -5.066437E-04   -1.149982E-02   -5.254781E-01   -6.340829E-01    1.648494E+00
   -1.724603E-06   -5.169284E-04   -1.173066E-02   -5.534338E-01   -4.771716E-01    1.562602E+00
   -1.758559E-06   -5.271012E-04   -1.195880E-02   -5.814886E-01   -3.120805E-01    1.414426E+00
   -1.792121E-06   -5.371554E-04   -1.218409E-02   -6.095686E-01   -1.396427E-01    1.212585E+00
   -1.825269E-06   -5.470851E-04   -1.240639E-02   -6.375983E-01    3.920829E-02    9.679806E-01
   -1.857985E-06   -5.568851E-04   -1.262558E-02   -6.655003E-01    2.234432E-01    6.932592E-01
   -1.890254E-06   -5.665509E-04   -1.284156E-02   -6.931956E-01    4.119427E-01    4.021669E-01
   -1.922064E-06   -5.760787E-04   -1.305424E-02   -7.206043E-01    6.035045E-01    1.088546E-01
   -1.953405E-06   -5.854656E-04   -1.326356E-02   -7.476454E-01    7.968514E-01   -1.728393E-01
   -1.984270E-06   -5.947092E-04   -1.346945E-02   -7.742372E-01    9.906403E-01   -4.300874E-01
   -2.014652E-06   -6.038079E-04   -1.367188E-02   -8.002978E-01    1.183473E+00   -6.517105E-01
   -2.044548E-06   -6.127609E-04   -1.387083E-02   -8.257452E-01    1.373906E+00   -8.287216E-01
   -2.073958E-06   -6.215677E-04   -1.406629E-02   -8.504975E-01    1.560466E+00   -9.547426E-01
   -2.102884E-06   -6.302288E-04   -1.425827E-02   -8.744733E-01    1.741658E+00   -1.026271E+00
   -2.131326E-06   -6.387449E-04   -1.444679E-02   -8.975919E-01    1.915983E+00   -1.042783E+00
   -2.159292E-06   -6.471176E-04   -1.463187E-02   -9.197735E-01    2.081948E+00   -1.006670E+00
   -2.186786E-06   -6.553488E-04   -1.481357E-02   -9.409396E-01    2.238085E+00   -9.230067E-01
   -2.213818E-06   -6.634410E-04   -1.499194E-02   -9.610131E-01    2.382963E+00   -7.991808E-01
   -2.240397E-06   -6.713970E-04   -1.516704E-02   -9.799185E-01    2.515202E+00   -6.443961E-01
   -2.266533E-06   -6.792201E-04   -1.533894E-02   -9.975821E-01    2.633488E+00   -4.690875E-01
   -2.292239E-06   -6.869139E-04   -1.550773E-02   -1.013932E+00    2.736589E+00   -2.842860E-01
   -2.317528E-06   -6.944823E-04   -1.567350E-02   -1.028900E+00    2.823368E+00   -1.009711E-01
   -2.342414E-06   -7.019296E-04   -1.583634E-02   -1.042418E+00    2.892796E+00    7.054906E-02
   -2.366912E-06   -7.092602E-04   -1.599635E-02   -1.054423E+00    2.943965E+00    2.211912E-01
   -2.391038E-06   -7.164788E-04   -1.615364E-02   -1.064852E+00    2.976100E+00    3.435554E-01
   -2.414806E-06   -7.235901E-04   -1.630831E-02   -1.073647E+00    2.988569E+00    4.322627E-01
   -2.438235E-06   -7.305991E-04   -1.646049E-02   -1.080752E+00    2.980894E+00    4.841577E-01
   -2.461340E-06   -7.375108E-04   -1.661027E-02   -1.086116E+00    2.952758E+00    4.983700E-01
   -2.484139E-06   -7.443302E-04   -1.675777E-02   -1.089688E+00    2.904016E+00    4.762395E-01
   -2.506647E-06   -7.510625E-04   -1.690311E-02   -1.091424E+00    2.834693E+00    4.211182E-01
   -2.528884E-06   -7.577126E-04   -1.704640E-02   -1.091280E+00    2.744994E+00    3.380684E-01
   -2.550864E-06   -7.642856E-04   -1.718775E-02   -1.089219E+00    2.635308E+00    2.334843E-01
   -2.572604E-06   -7.707865E-04   -1.732729E-02   -1.085206E+00    2.506200E+00    1.146650E-01
   -2.594122E-06   -7.772201E-04   -1.746510E-02   -1.079209E+00    2.358418E+00   -1.063053E-02
   -2.615432E-06   -7.835912E-04   -1.760131E-02   -1.071202E+00    2.192888E+00   -1.346192E-01
   -2.636550E-06   -7.899045E-04   -1.773601E-02   -1.061160E+00    2.010706E+00   -2.498949E-01
   -2.657492E-06   -7.961644E-04   -1.786931E-02   -1.049066E+00    1.813134E+00   -3.497774E-01
   -2.678272E-06   -8.023754E-04   -1.800131E-02   -1.034903E+00    1.601594E+00   -4.285946E-01
   -2.698903E-06   -8.085416E-04   -1.813209E-02   -1.018662E+00    1.377652E+00   -4.818940E-01
   -2.719401E-06   -8.146671E-04   -1.826176E-02   -1.000335E+00    1.143010E+00   -5.065810E-01
   -2.739776E-06   -8.207558E-04   -1.839038E-02   -9.799200E-01    8.994925E-01   -5.009918E-01
   -2.760043E-06   -8.268115E-04   -1.851806E-02   -9.574198E-01    6.490304E-01   -4.649073E-01
   -2.780212E-06   -8.328375E-04   -1.864486E-02   -9.328405E-01    3.936450E-01   -3.995189E-01
   -2.800296E-06   -8.388375E-04   -1.877087E-02   -9.061934E-01    1.354301E-01   -3.073574E-01
   -2.820304E-06   -8.448145E-04   -1.889614E-02   -8.774939E-01   -1.234662E-01   -1.921924E-01
   -2.840247E-06   -8.507715E-04   -1.902076E-02   -8.467624E-01   -3.808617E-01   -5.890696E-02
   -2.860135E-06   -8.567116E-04   -1.914478E-02   -8.140237E-01   -6.345606E-01    8.664950E-02
   -2.879977E-06   -8.626374E-04   -1.926825E-02   -7.793073E-01   -8.823742E-01    2.378331E-01
   -2.899781E-06   -8.685516E-04   -1.939125E-02   -7.426475E-01   -1.122143E+00    3.874076E-01
   -2.919556E-06   -8.744565E-04   -1.951382E-02   -7.040831E-01   -1.351757E+00    5.277818E-01
   -2.939309E-06   -8.803544E-04   -1.963601E-02   -6.636577E-01   -1.569180E+00    6.512898E-01
   -2.959048E-06   -8.862476E-04   -1.975787E-02   -6.214198E-01   -1.772468E+00    7.505151E-01
   -2.978779E-06   -8.921381E-04   -1.987944E-02   -5.774225E-01   -1.959790E+00    8.186580E-01
   -2.998510E-06   -8.980278E-04   -2.000076E-02   -5.317234E-01   -2.129450E+00    8.499360E-01
   -3.018245E-06   -9.039185E-04   -2.012188E-02   -4.843851E-01   -2.279906E+00    8.399999E-01
   -3.037991E-06   -9.098120E-04   -2.024282E-02   -4.354747E-01   -2.409784E+00    7.863410E-01
   -3.057752E-06   -9.157098E-04   -2.036362E-02   -3.850640E-01   -2.517899E+00    6.886547E-01
   -3.077536E-06   -9.216136E-04   -2.048431E-02   -3.332291E-01   -2.603267E+00    5.491239E-01
   -3.097345E-06   -9.275246E-04   -2.060493E-02   -2.800508E-01   -2.665117E+00    3.725811E-01
   -3.117185E-06   -9.334443E-04   -2.072550E-02   -2.256143E-01   -2.702905E+00    1.665129E-01
   -3.137059E-06   -9.393739E-04   -2.084604E-02   -1.700092E-01   -2.716319E+00   -5.912455E-02
   -3.156972E-06   -9.453147E-04   -2.096658E-02   -1.133290E-01   -2.705286E+00   -2.922962E-01
   -3.176928E-06   -9.512678E-04   -2.108715E-02   -5.567152E-02   -2.669977E+00   -5.194870E-01
   -3.196931E-06   -9.572341E-04   -2.120776E-02    2.861394E-03   -2.610807E+00   -7.264918E-01
   -3.216983E-06   -9.632149E-04   -2.132843E-02    6.216418E-02   -2.528431E+00   -8.993562E-01
   -3.237087E-06   -9.692110E-04   -2.144918E-02    1.221276E-01   -2.423746E+00   -1.025411E+00
   -3.257248E-06   -9.752233E-04   -2.157003E-02    1.826387E-01   -2.297876E+00   -1.094321E+00
   -3.277468E-06   -9.812527E-04   -2.169100E-02    2.435816E-01   -2.152167E+00   -1.099066E+00
   -3.297749E-06   -9.873000E-04   -2.181210E-02    3.048369E-01   -1.988174E+00   -1.036744E+00
   -3.318094E-06   -9.933660E-04   -2.193334E-02    3.662824E-01   -1.807646E+00   -9.091295E-01
   -3.338506E-06   -9.994514E-04   -2.205474E-02    4.277932E-01   -1.612506E+00   -7.228897E-01
   -3.358987E-06   -1.005557E-03   -2.217631E-02    4.892418E-01   -1.404834E+00   -4.894111E-01
   -3.379539E-06   -1.011683E-03   -2.229807E-02    5.504988E-01   -1.186846E+00   -2.242153E-01
   -3.400165E-06   -1.017831E-03   -2.242001E-02    6.114323E-01   -9.608660E-01    5.402832E-02
   -3.420867E-06   -1.024001E-03   -2.254216E-02    6.719091E-01   -7.293061E-01    3.248386E-01
   -3.441646E-06   -1.030193E-03   -2.266452E-02    7.317945E-01   -4.946357E-01    5.675176E-01
   -3.462504E-06   -1.036409E-03   -2.278710E-02    7.909524E-01   -2.593554E-01    7.628808E-01
   -3.483444E-06   -1.042648E-03   -2.290991E-02    8.492462E-01   -2.596873E-02    8.949738E-01
   -3.504467E-06   -1.048912E-03   -2.303295E-02    9.065385E-01    2.030471E-01    9.526157E-01
   -3.525574E-06   -1.055201E-03   -2.315625E-02    9.626919E-01    4.252701E-01    9.306113E-01
   -3.546768E-06   -1.061514E-03   -2.327979E-02    1.017569E+00    6.383615E-01    8.304942E-01
   -3.568050E-06   -1.067854E-03   -2.340359E-02    1.071033E+00    8.400943E-01    6.606965E-01
   -3.589421E-06   -1.074219E-03   -2.352766E-02    1.122948E+00    1.028380E+00    4.360899E-01
   -3.610883E-06   -1.080611E-03   -2.365199E-02    1.173179E+00    1.201293E+00    1.768998E-01
   -3.632437E-06   -1.087030E-03   -2.377661E-02    1.221592E+00    1.357095E+00   -9.294270E-02
   -3.654085E-06   -1.093477E-03   -2.390150E-02    1.268057E+00    1.494259E+00   -3.478877E-01
   -3.675828E-06   -1.099951E-03   -2.402667E-02    1.312445E+00    1.611482E+00   -5.631139E-01
   -3.697668E-06   -1.106454E-03   -2.415214E-02    1.354628E+00    1.707708E+00   -7.169219E-01
   -3.719605E-06   -1.112985E-03   -2.427790E-02    1.394483E+00    1.782139E+00   -7.929412E-01
   -3.741641E-06   -1.119545E-03   -2.440395E-02    1.431892E+00    1.834245E+00   -7.819190E-01
   -3.763777E-06   -1.126134E-03   -2.453031E-02    1.466737E+00    1.863770E+00   -6.828929E-01
   -3.786015E-06   -1.132753E-03   -2.465696E-02    1.498907E+00    1.870739E+00   -5.035952E-01
   -3.808354E-06   -1.139402E-03   -2.478393E-02    1.528295E+00    1.855452E+00   -2.600113E-01
   -3.907665E-06   -1.168952E-03   -2.534500E-02    1.621931E+00    1.545161E+00    9.136888E-01
   -4.009063E-06   -1.199112E-03   -2.591224E-02    1.652852E+00    9.290373E-01    7.368369E-01
   -4.112632E-06   -1.229907E-03   -2.648577E-02    1.616348E+00    1.801008E-01   -7.538949E-01
   -4.218454E-06   -1.261360E-03   -2.706568E-02    1.510785E+00   -5.043969E-01   -1.278485E+00
   -4.326605E-06   -1.293493E-03   -2.765201E-02    1.337989E+00   -9.544044E-01    6.993056E-03
   -4.437162E-06   -1.326328E-03   -2.824477E-02    1.103471E+00   -1.071116E+00    1.077589E+00
   -4.550197E-06   -1.359885E-03   -2.884391E-02    8.164484E-01   -8.508084E-01    4.406176E-01
   -4.665784E-06   -1.394185E-03   -2.944938E-02    4.896346E-01   -3.812161E-01   -5.412871E-01
   -4.783995E-06   -1.429249E-03   -3.006108E-02    1.387883E-01    1.884546E-01   -2.899360E-01
   -4.904900E-06   -1.465096E-03   -3.067889E-02   -2.179931E-01    6.942052E-01    4.265182E-01
   -5.028572E-06   -1.501748E-03   -3.130265E-02   -5.612124E-01    1.005268E+00    2.432283E-01
   -5.155084E-06   -1.539224E-03   -3.193219E-02   -8.711082E-01    1.057688E+00   -5.167349E-01
   -5.284507E-06   -1.577544E-03   -3.256730E-02   -1.128933E+00    8.631512E-01   -6.355695E-01
   -5.416914E-06   -1.616729E-03   -3.320776E-02   -1.318291E+00    4.923876E-01    2.050513E-01
   -5.552380E-06   -1.656800E-03   -3.385330E-02   -1.426448E+00    4.256727E-02    9.208928E-01
   -5.690978E-06   -1.697776E-03   -3.450364E-02   -1.445497E+00   -3.957967E-01    2.865782E-01
   -5.832785E-06   -1.739680E-03   -3.515845E-02   -1.373281E+00   -7.580270E-01   -8.092885E-01
   -5.977878E-06   -1.782531E-03   -3.581741E-02   -1.213949E+00   -1.004498E+00   -3.465930E-01
   -6.126332E-06   -1.826352E-03   -3.648013E-02   -9.780780E-01   -1.105853E+00    6.794027E-01
   -6.278229E-06   -1.871164E-03   -3.714621E-02   -6.822703E-01   -1.029554E+00   -1.032166E-01
   -6.433647E-06   -1.916988E-03   -3.781521E-02   -3.482208E-01   -7.437275E-01   -8.781486E-01
   -6.592669E-06   -1.963848E-03   -3.848668E-02   -1.262717E-03   -2.439798E-01    5.566574E-01
   -6.755376E-06   -2.011765E-03   -3.916010E-02    3.315322E-01    4.085684E-01    1.095493E+00
   -6.921853E-06   -2.060762E-03   -3.983494E-02    6.235730E-01    1.064715E+00   -6.937958E-01
   -7.092187E-06   -2.110862E-03   -4.051064E-02    8.511129E-01    1.508330E+00   -8.720689E-01
   -7.266464E-06   -2.162089E-03   -4.118659E-02    9.955410E-01    1.531698E+00    6.007657E-01
   -7.444772E-06   -2.214467E-03   -4.186213E-02    1.045368E+00    1.043202E+00    2.262855E-01
   -7.627204E-06   -2.268020E-03   -4.253660E-02    9.976650E-01    1.545981E-01   -5.306978E-01
   -7.813850E-06   -2.322771E-03   -4.320926E-02    8.587563E-01   -8.131516E-01    3.185549E-01
   -8.004805E-06   -2.378747E-03   -4.387935E-02    6.440036E-01   -1.438405E+00    5.866887E-01
   -8.200165E-06   -2.435972E-03   -4.454607E-02    3.766235E-01   -1.395250E+00   -4.514333E-01
   -8.400026E-06   -2.494473E-03   -4.520857E-02    8.556906E-02   -6.483141E-01   -7.151749E-01
   -8.604490E-06   -2.554274E-03   -4.586594E-02   -1.973697E-01    4.701380E-01    4.219695E-01
   -8.813657E-06   -2.615403E-03   -4.651725E-02   -4.409814E-01    1.377834E+00    5.759654E-01
   -9.027631E-06   -2.677887E-03   -4.716152E-02   -6.182000E-01    1.531646E+00   -5.663465E-01
   -9.246517E-06   -2.741752E-03   -4.779769E-02   -7.093986E-01    7.512978E-01    1.728529E-01
   -9.470424E-06   -2.807027E-03   -4.842468E-02   -7.049689E-01   -6.150584E-01    4.970523E-01
   -9.699461E-06   -2.873740E-03   -4.904136E-02   -6.067924E-01   -1.819719E+00   -1.100073E+00
   -9.933740E-06   -2.941919E-03   -4.964653E-02   -4.283166E-01   -2.114431E+00    2.223505E-01
   -1.017338E-05   -3.011594E-03   -5.023894E-02   -1.931132E-01   -1.212891E+00    1.000343E+00
   -1.041848E-05   -3.082794E-03   -5.081729E-02    6.799815E-02    4.728126E-01   -7.913994E-01
   -1.066919E-05   -3.155549E-03   -5.138023E-02    3.209562E-01    2.013101E+00    1.079684E-01
   -1.092560E-05   -3.229889E-03   -5.192633E-02    5.330872E-01    2.499573E+00    2.638937E-01
   -1.118786E-05   -3.305846E-03   -5.245413E-02    6.777034E-01    1.625919E+00   -7.123420E-01
   -1.145607E-05   -3.383452E-03   -5.296208E-02    7.379548E-01   -7.981988E-02    4.581623E-01
   -1.173039E-05   -3.462737E-03   -5.344859E-02    7.092778E-01   -1.567310E+00    5.270155E-01
   -1.201093E-05   -3.543734E-03   -5.391202E-02    5.999548E-01   -1.948294E+00   -6.549684E-01
   -1.229783E-05   -3.626477E-03   -5.435062E-02    4.295922E-01   -1.092765E+00   -6.779766E-02
   -1.259123E-05   -3.710998E-03   -5.476263E-02    2.256733E-01    2.978149E-01    3.977467E-01
   -1.289127E-05   -3.797332E-03   -5.514620E-02    1.872235E-02    1.212345E+00   -5.848375E-01
   -1.319809E-05   -3.885513E-03   -5.549941E-02   -1.630780E-01    1.068341E+00    8.412926E-01
   -1.351184E-05   -3.975576E-03   -5.582028E-02   -2.987882E-01    1.065820E-01   -3.088942E-01
   -1.383267E-05   -4.067557E-03   -5.610678E-02   -3.781193E-01   -8.553940E-01   -6.920179E-01
   -1.416073E-05   -4.161491E-03   -5.635680E-02   -4.025664E-01   -1.091627E+00    9.178410E-01
   -1.449618E-05   -4.257415E-03   -5.656816E-02   -3.839213E-01   -4.996006E-01   -6.451807E-01
   -1.483918E-05   -4.355365E-03   -5.673862E-02   -3.403981E-01    4.184243E-01    6.003592E-01
   -1.518989E-05   -4.455381E-03   -5.686588E-02   -2.911975E-01    1.035337E+00   -2.976572E-01
   -1.554847E-05   -4.557499E-03   -5.694757E-02   -2.508167E-01    1.061743E+00   -4.593977E-01
   -1.591510E-05   -4.661758E-03   -5.698126E-02   -2.246234E-01    6.105494E-01    7.132631E-01
   -1.628995E-05   -4.768197E-03   -5.696445E-02   -2.070623E-01   -5.615091E-02   -2.902525E-01
   -1.667319E-05   -4.876857E-03   -5.689459E-02   -1.833093E-01   -7.151613E-01    4.053923E-02
   -1.706501E-05   -4.987777E-03   -5.676906E-02   -1.343155E-01   -1.124431E+00   -1.914464E-02
   -1.746560E-05   -5.100997E-03   -5.658518E-02   -4.416622E-02   -9.739986E-01   -4.283014E-01
   -1.787513E-05   -5.216560E-03   -5.634023E-02    9.221640E-02   -1.504999E-01    1.017019E+00
   -1.829381E-05   -5.334507E-03   -5.603142E-02    2.634835E-01    8.872759E-01   -1.026109E+00
   -1.872183E-05   -5.454879E-03   -5.565592E-02    4.406701E-01    1.244929E+00    7.093506E-01
   -1.915939E-05   -5.577721E-03   -5.521085E-02    5.817762E-01    4.419883E-01   -7.308799E-01
   -1.960669E-05   -5.703075E-03   -5.469328E-02    6.419315E-01   -8.336382E-01    8.332375E-01
   -2.006395E-05   -5.830984E-03   -5.410026E-02    5.870928E-01   -1.172072E+00   -4.649574E-01
   -2.053138E-05   -5.961494E-03   -5.342878E-02    4.075958E-01    1.385918E-02   -9.760504E-02
   -2.100921E-05   -6.094649E-03   -5.267583E-02    1.270598E-01    1.527646E+00    2.501325E-01
   -2.149764E-05   -6.230495E-03   -5.183835E-02   -1.973713E-01    1.485563E+00   -1.737204E-01
   -2.199692E-05   -6.369076E-03   -5.091328E-02   -4.855321E-01   -4.133514E-01    4.056761E-01
   -2.250727E-05   -6.510439E-03   -4.989754E-02   -6.544430E-01   -2.182986E+00   -8.471774E-01
   -2.302894E-05   -6.654631E-03   -4.878806E-02   -6.436567E-01   -1.699145E+00    9.328536E-01
   -2.356216E-05   -6.801699E-03   -4.758176E-02   -4.383793E-01    6.247971E-01   -6.246137E-01
   -2.410719E-05   -6.951690E-03   -4.627559E-02   -8.208886E-02    2.126352E+00    4.194506E-01
   -2.466428E-05   -7.104653E-03   -4.486652E-02    3.278352E-01    1.135341E+00   -5.419553E-01
   -2.523369E-05   -7.260634E-03   -4.335154E-02    6.634303E-01   -9.043236E-01    6.385384E-01
   -2.581569E-05   -7.419684E-03   -4.172770E-02    8.040807E-01   -1.362518E+00   -4.492594E-01
   -2.641054E-05   -7.581850E-03   -3.999211E-02    6.785579E-01    9.707637E-02    2.225301E-01
   -2.701853E-05   -7.747183E-03   -3.814194E-02    2.969739E-01    1.251847E+00   -3.243001E-01
   -2.763993E-05   -7.915732E-03   -3.617445E-02   -2.407513E-01    5.392672E-01    6.252819E-01
   -2.827503E-05   -8.087546E-03   -3.408700E-02   -7.672598E-01   -9.250815E-01   -6.510896E-01
   -2.892414E-05   -8.262676E-03   -3.187706E-02   -1.098124E+00   -1.215571E+00    1.797204E-01
   -2.958755E-05   -8.441173E-03   -2.954223E-02   -1.096125E+00   -2.019264E-01    4.472442E-01
   -3.026556E-05   -8.623086E-03   -2.708026E-02   -7.273143E-01    8.037987E-01   -7.378045E-01
   -3.095851E-05   -8.808466E-03   -2.448907E-02   -8.596273E-02    9.992938E-01    5.712962E-01
   -3.166669E-05   -8.997365E-03   -2.176675E-02    6.261663E-01    4.705166E-01   -3.163297E-01
   -3.239046E-05   -9.189833E-03   -1.891161E-02    1.164756E+00   -4.486559E-01    3.668234E-01
   -3.313013E-05   -9.385921E-03   -1.592219E-02    1.332230E+00   -9.805239E-01   -6.806008E-01
   -3.388606E-05   -9.585680E-03   -1.279726E-02    1.058223E+00   -2.620709E-01    7.517063E-01
   -3.465859E-05   -9.789161E-03   -9.535881E-03    4.367277E-01    8.821287E-01   -2.079150E-01
   -3.544808E-05   -9.996415E-03   -6.137401E-03   -3.009381E-01    4.284348E-01   -6.543686E-01
   -3.625489E-05   -1.020749E-02   -2.601495E-03   -8.729528E-01   -1.161035E+00    1.066418E+00
   -3.707941E-05   -1.042244E-02    1.071817E-03   -1.061940E+00   -8.261727E-01   -7.150020E-01
   -3.792201E-05   -1.064132E-02    4.882137E-03   -8.096092E-01    1.492962E+00    8.367619E-02
   -3.878308E-05   -1.086417E-02    8.828664E-03   -2.463137E-01    1.702448E+00    3.245508E-01
   -3.966302E-05   -1.109104E-02    1.291016E-02    3.635152E-01   -1.059541E+00   -6.257754E-01
   -4.056224E-05   -1.132199E-02    1.712494E-02    7.405430E-01   -2.019554E+00    7.865536E-01
   -4.148115E-05   -1.155706E-02    2.147080E-02    7.211283E-01    4.687813E-01   -2.473930E-01
   -4.242017E-05   -1.179630E-02    2.594504E-02    3.356083E-01    1.572166E+00   -7.619904E-01
   -4.337975E-05   -1.203976E-02    3.054439E-02   -2.078982E-01   -5.097876E-01    9.469500E-01
   -4.436031E-05   -1.228748E-02    3.526499E-02   -6.299650E-01   -1.189329E+00   -1.638233E-01
   -4.536233E-05   -1.253951E-02    4.010236E-02   -7.237116E-01    8.277285E-01   -4.695651E-01
   -4.638625E-05   -1.279589E-02    4.505137E-02   -4.595137E-01    1.274698E+00    7.467036E-01
   -4.743256E-05   -1.305668E-02    5.010622E-02    7.740743E-03   -5.596209E-01   -5.854786E-01
   -4.850172E-05   -1.332191E-02    5.526038E-02    4.332871E-01   -1.193396E+00   -4.754592E-01
   -4.959425E-05   -1.359162E-02    6.050657E-02    6.231377E-01   -1.408574E-01    8.538972E-01
   -5.071063E-05   -1.386585E-02    6.583672E-02    5.355491E-01    7.006466E-01    1.773215E-01
   -5.185139E-05   -1.414465E-02    7.124198E-02    2.818510E-01    5.875546E-01   -4.040218E-01
   -5.301705E-05   -1.442804E-02    7.671264E-02    3.109392E-02   -3.854374E-01   -1.777583E-01
   -5.420815E-05   -1.471607E-02    8.223813E-02   -1.108905E-01   -4.923092E-01    5.568176E-01
   -5.542523E-05   -1.500877E-02    8.780699E-02   -1.588234E-01    8.750292E-01   -3.576026E-01
   -5.666886E-05   -1.530618E-02    9.340683E-02   -2.003213E-01    1.734314E-01   -8.990904E-01
   -5.793961E-05   -1.560831E-02    9.902435E-02   -2.861209E-01   -1.761682E+00    3.909427E-01
   -5.923806E-05   -1.591520E-02    1.046453E-01   -3.576531E-01    2.607801E-01    5.404815E-01
   -6.056482E-05   -1.622688E-02    1.102544E-01   -2.881090E-01    2.068729E+00    3.033002E-01
   -6.192048E-05   -1.654336E-02    1.158354E-01   -1.653571E-02   -8.541632E-01   -6.479443E-01
   -6.330568E-05   -1.686467E-02    1.213711E-01    3.420760E-01   -1.190292E+00    5.381447E-02
   -6.472105E-05   -1.719082E-02    1.268434E-01    5.339582E-01    1.407817E+00    6.986972E-01
   -6.616725E-05   -1.752183E-02    1.322331E-01    3.614254E-01   -2.932112E-01    7.190551E-01
   -6.764493E-05   -1.785771E-02    1.375199E-01   -1.089691E-01   -1.375715E+00    1.349439E-01
   -6.915477E-05   -1.819846E-02    1.426827E-01   -5.268721E-01    1.168347E+00   -6.166915E-01
   -7.069748E-05   -1.854408E-02    1.476995E-01   -5.042060E-01    8.249878E-01   -1.846733E-01
   -7.227375E-05   -1.889459E-02    1.525474E-01    3.392859E-02   -8.588185E-01    1.093708E-01
   -7.388431E-05   -1.924996E-02    1.572023E-01    7.027273E-01   -4.191793E-01    9.776079E-01
   -7.552990E-05   -1.961019E-02    1.616397E-01    9.099316E-01    3.866784E-01    6.125761E-01
   -7.721128E-05   -1.997528E-02    1.658341E-01    3.627170E-01    1.633111E-01    6.135347E-01
   -7.892921E-05   -2.034519E-02    1.697593E-01   -5.996791E-01   -6.602724E-01   -3.166807E-01
   -8.068449E-05   -2.071990E-02    1.733886E-01   -1.205911E+00    9.146903E-01   -2.972948E-01
   -8.247791E-05   -2.109939E-02    1.766947E-01   -8.974976E-01    5.093612E-01   -8.414410E-01
   -8.431031E-05   -2.148361E-02    1.796497E-01    1.269190E-01   -1.973706E+00   -3.806484E-01
   -8.618251E-05   -2.187253E-02    1.822255E-01    1.015608E+00    1.048807E+00   -5.402732E-01
   -8.809538E-05   -2.226610E-02    1.843940E-01    1.006547E+00    6.448092E-01    9.284351E-02
   -9.004979E-05   -2.266426E-02    1.861268E-01    1.513261E-01   -1.356688E+00    1.492627E-01
   -9.204663E-05   -2.306695E-02    1.873956E-01   -7.078865E-01    1.569022E+00    6.953350E-01
   -9.408683E-05   -2.347410E-02    1.881724E-01   -7.502175E-01   -6.967893E-01    7.673373E-01
   -9.617130E-05   -2.388563E-02    1.884298E-01    4.583527E-03   -1.003005E+00    7.442419E-01
   -9.830102E-05   -2.430146E-02    1.881407E-01    7.266104E-01    1.276961E+00    6.751756E-01
   -1.004769E-04   -2.472149E-02    1.872794E-01    6.558462E-01   -1.688213E-01    3.195093E-01
   -1.027001E-04   -2.514562E-02    1.858207E-01   -1.007797E-01   -3.147806E-01    8.345016E-01
   -1.049714E-04   -2.557374E-02    1.837410E-01   -7.295299E-01    3.365330E-01    6.303849E-01
   -1.072920E-04   -2.600572E-02    1.810185E-01   -6.315133E-01   -3.475894E-01    9.103589E-01
   -1.096629E-04   -2.644142E-02    1.776329E-01   -3.180615E-02   -5.392091E-01    3.411477E-01
   -1.120852E-04   -2.688072E-02    1.735661E-01    4.017082E-01    1.713690E+00    3.766231E-01
   -1.145599E-04   -2.732344E-02    1.688028E-01    3.775097E-01   -1.479346E+00    6.264836E-01
   -1.170884E-04   -2.776942E-02    1.633299E-01    1.801657E-01    4.546493E-01   -1.553558E-01
   -1.196715E-04   -2.821849E-02    1.571377E-01    9.929586E-02    1.371444E-01   -2.886825E-01
   -1.223107E-04   -2.867045E-02    1.502199E-01    1.863576E-02   -8.091621E-01   -5.264035E-01
   -1.250069E-04   -2.912509E-02    1.425738E-01   -2.190472E-01    1.711346E+00   -6.628960E-01
   -1.277616E-04   -2.958220E-02    1.342007E-01   -3.484369E-01   -1.594228E+00   -4.434903E-01
   -1.305758E-04   -3.004154E-02    1.251064E-01   -4.029774E-02    5.726758E-01   -1.975995E-02
   -1.334510E-04   -3.050285E-02    1.153013E-01    3.845495E-01   -2.152839E-03    5.553366E-01
   -1.363883E-04   -3.096589E-02    1.048009E-01    2.196035E-01   -1.207041E-01    6.572718E-01
   -1.393892E-04   -3.143036E-02    9.362588E-02   -4.656508E-01    6.460142E-01    1.401806E-01
   -1.424550E-04   -3.189596E-02    8.180267E-02   -6.208494E-01   -1.008997E+00   -6.165248E-01
   -1.455870E-04   -3.236238E-02    6.936356E-02    2.667725E-01    4.362197E-01   -2.979960E-01
   -1.487867E-04   -3.282929E-02    5.634696E-02    1.079576E+00    3.494810E-01   -1.779334E-01
   -1.520556E-04   -3.329633E-02    4.279764E-02    5.000855E-01   -4.784323E-01    7.303185E-01
   -1.553950E-04   -3.376313E-02    2.876692E-02   -8.313760E-01    5.435227E-01    2.744930E-01
   -1.588066E-04   -3.422929E-02    1.431279E-02   -1.003910E+00   -1.101402E+00   -7.560506E-01
   -1.622917E-04   -3.469440E-02   -5.000232E-04    2.311659E-01    1.475409E+00   -2.825296E-01
   -1.658521E-04   -3.515802E-02   -1.559996E-02    9.311420E-01   -1.062413E+00    9.194971E-01
   -1.694893E-04   -3.561969E-02   -3.090873E-02    4.548505E-02    5.446719E-01   -1.527538E-01
   -1.732049E-04   -3.607893E-02   -4.634136E-02   -8.417480E-01   -5.612332E-01   -6.474759E-01
   -1.770006E-04   -3.653524E-02   -6.180639E-02   -2.020863E-01    6.560519E-01    2.709615E-01
   -1.808781E-04   -3.698808E-02   -7.720616E-02    8.375506E-01   -2.452080E-01    5.741649E-01
   -1.848391E-04   -3.743688E-02   -9.243711E-02    5.366161E-01   -1.948104E-01   -6.854825E-01
   -1.888853E-04   -3.788108E-02   -1.073903E-01   -4.756644E-01   -1.175648E-02    2.048985E-01
   -1.930186E-04   -3.832005E-02   -1.219519E-01   -5.802044E-01    6.260079E-01    1.011055E-01
   -1.972408E-04   -3.875316E-02   -1.360038E-01    5.486201E-03   -8.715461E-01   -3.467347E-01
   -2.015538E-04   -3.917974E-02   -1.494246E-01    1.820351E-01    6.690989E-01    6.811562E-01
   -2.059594E-04   -3.959908E-02   -1.620903E-01    1.031120E-01   -5.390717E-01   -5.466259E-01
   -2.104596E-04   -4.001047E-02   -1.738754E-01    1.743383E-01    6.733574E-01    2.581351E-01
   -2.150564E-04   -4.041313E-02   -1.846540E-01   -2.220858E-02   -6.269113E-01   -4.990974E-01
   -2.197517E-04   -4.080627E-02   -1.943011E-01   -2.356562E-01    1.970902E-01    2.878514E-01
   -2.245477E-04   -4.118907E-02   -2.026938E-01    2.259769E-01    1.222644E-01    3.668782E-01
   -2.294463E-04   -4.156067E-02   -2.097131E-01    3.770442E-01    3.059504E-01    7.236701E-02
   -2.344498E-04   -4.192017E-02   -2.152452E-01   -5.759281E-01   -1.314830E+00   -2.667052E-01
   -2.395603E-04   -4.226665E-02   -2.191834E-01   -7.022599E-01    2.032864E+00   -3.031345E-01
   -2.447800E-04   -4.259913E-02   -2.214297E-01    7.276533E-01   -1.765217E+00   -4.332818E-01
   -2.501111E-04   -4.291662E-02   -2.218966E-01    8.453525E-01    7.923761E-01    5.178634E-01
   -2.555559E-04   -4.321807E-02   -2.205094E-01   -7.128032E-01   -3.970571E-02   -2.844621E-01
   -2.611166E-04   -4.350240E-02   -2.172075E-01   -5.383129E-01    1.186767E-01    1.027256E+00
   -2.667957E-04   -4.376851E-02   -2.119468E-01    8.258659E-01   -5.642350E-01   -8.996675E-02
   -2.725956E-04   -4.401522E-02   -2.047014E-01    6.764171E-02    3.400623E-01    2.339812E-01
   -2.785185E-04   -4.424136E-02   -1.954654E-01   -9.720622E-01    8.855244E-01    6.495626E-01
   -2.845671E-04   -4.444567E-02   -1.842547E-01    2.107408E-01   -1.991361E+00   -5.520399E-01
   -2.907437E-04   -4.462689E-02   -1.711085E-01    8.278906E-01    1.624330E+00    9.824325E-02
   -2.970510E-04   -4.478369E-02   -1.560909E-01   -2.008147E-01   -3.620759E-02    5.687084E-01
   -3.034914E-04   -4.491472E-02   -1.392921E-01   -3.335953E-01   -1.058185E+00   -4.261694E-01
   -3.100676E-04   -4.501859E-02   -1.208290E-01    5.713162E-02    9.748935E-01   -4.473202E-01
   -3.167822E-04   -4.509385E-02   -1.008461E-01   -4.416306E-02   -7.801875E-01    3.784704E-01
   -3.236378E-04   -4.513902E-02   -7.951572E-02    8.774128E-02    8.026549E-01    2.208918E-01
   -3.306372E-04   -4.515258E-02   -5.703772E-02   -1.212087E-01    2.288933E-01   -6.856305E-01
   -3.377829E-04   -4.513297E-02   -3.363896E-02   -2.428295E-02   -1.772018E+00   -9.501123E-01
   -3.450779E-04   -4.507859E-02   -9.572100E-03    6.687733E-01    1.277812E+00   -2.791738E-01
   -3.525247E-04   -4.498780E-02    1.488609E-02   -3.820567E-01    7.415765E-01    4.464519E-01
   -3.601262E-04   -4.485892E-02    3.943696E-02   -7.941036E-01   -1.252550E+00    5.241826E-01
   -3.678852E-04   -4.469023E-02    6.376292E-02    8.692637E-01    7.305739E-01    3.303945E-01
   -3.758045E-04   -4.447999E-02    8.753090E-02    3.190723E-02   -4.188431E-01    3.834366E-01
   -3.838869E-04   -4.422641E-02    1.103965E-01   -7.204533E-01   -1.106953E+00    1.419905E-01
   -3.921351E-04   -4.392767E-02    1.320087E-01    9.173448E-01    1.712206E+00   -3.127575E-01
   -4.005521E-04   -4.358193E-02    1.520154E-01   -1.408442E-01    6.554538E-01   -1.691352E-01
   -4.091407E-04   -4.318730E-02    1.700690E-01   -8.559438E-01   -1.121389E+00   -4.992430E-01
   -4.179035E-04   -4.274189E-02    1.858333E-01    6.327538E-01   -3.735820E-01   -6.822338E-01
   -4.268435E-04   -4.224376E-02    1.989901E-01    7.685349E-02    3.734567E-01   -4.513231E-01
   -4.359634E-04   -4.169097E-02    2.092461E-01   -1.554519E-01   -4.106639E-01   -4.337845E-01
   -4.452659E-04   -4.108156E-02    2.163409E-01    1.140403E-01   -1.208201E+00    3.527890E-01
   -4.547537E-04   -4.041354E-02    2.200542E-01   -4.095590E-02    1.241758E+00    4.709150E-01
   -4.644294E-04   -3.968493E-02    2.202132E-01   -1.091246E-01    1.507926E+00    7.517324E-01
   -4.742956E-04   -3.889375E-02    2.166995E-01   -3.042561E-01   -3.234897E-02    2.737944E-01
   -4.843549E-04   -3.803801E-02    2.094562E-01    8.113916E-01   -5.888515E-01   -2.979349E-01
   -4.946097E-04   -3.711571E-02    1.984934E-01   -3.776761E-01    9.605498E-02   -2.784008E-01
   -5.050623E-04   -3.612489E-02    1.838935E-01   -3.814461E-01    1.391063E+00   -3.391339E-01
   -5.157149E-04   -3.506361E-02    1.658151E-01    7.440270E-01   -2.188401E-01    2.669574E-01
   -5.265697E-04   -3.392992E-02    1.444950E-01   -9.473221E-01   -1.034502E+00    4.851000E-01
   -5.376285E-04   -3.272195E-02    1.202498E-01    7.550377E-01   -1.613453E+00   -3.462390E-01
   -5.488934E-04   -3.143783E-02    9.347417E-02    8.905213E-02   -3.846075E-02   -3.348984E-01
   -5.603658E-04   -3.007577E-02    6.463843E-02   -6.424411E-01    5.149571E-01    3.616814E-01
   -5.720471E-04   -2.863403E-02    3.428295E-02    4.777352E-01    4.302067E-01   -1.779079E-01
   -5.839388E-04   -2.711092E-02    3.010880E-03   -2.799843E-01   -7.160415E-01    1.901540E-01
   -5.960416E-04   -2.550486E-02   -2.852180E-02    1.915316E-01   -1.448426E+00    3.594144E-01
   -6.083563E-04   -2.381434E-02   -5.961844E-02    1.062348E-01   -1.274751E+00   -3.816630E-01
   -6.208833E-04   -2.203796E-02   -8.955617E-02   -1.078480E-01   -4.860854E-01    5.212279E-01
   -6.336228E-04   -2.017443E-02   -1.176024E-01   -4.367945E-01    7.025933E-01   -7.300264E-01
   -6.465743E-04   -1.822259E-02   -1.430335E-01    8.276606E-01    1.310997E+00    6.793169E-01
   -6.597373E-04   -1.618142E-02   -1.651540E-01   -7.650710E-01    1.620851E+00   -8.384988E-01
   -6.731106E-04   -1.405006E-02   -1.833184E-01    7.522267E-01    1.187828E+00    8.470842E-01
   -6.866926E-04   -1.182780E-02   -1.969518E-01   -7.098254E-01    5.457995E-01   -6.216376E-01
   -7.004813E-04   -9.514149E-03   -2.055713E-01    2.485877E-01   -3.038524E-01    6.685426E-01
   -7.144741E-04   -7.108790E-03   -2.088066E-01    2.745177E-01   -1.205746E+00    7.640163E-02
   -7.286676E-04   -4.611633E-03   -2.064184E-01   -3.197148E-01   -1.513735E+00   -4.835032E-01
   -7.430581E-04   -2.022820E-03   -1.983149E-01    2.101151E-01   -1.800114E+00    2.717219E-01
   -7.576409E-04    6.572538E-04   -1.845641E-01   -2.667258E-01   -8.827023E-01    1.884764E-01
   -7.724106E-04    3.427927E-03   -1.654031E-01    1.555420E-01   -7.828316E-01   -5.943264E-01
   -7.873612E-04    6.288253E-03   -1.412418E-01    3.267290E-01   -4.556674E-02    2.213649E-01
   -8.024856E-04    9.236982E-03   -1.126610E-01   -6.803881E-01   -1.068450E+00    3.253891E-01
   -8.177758E-04    1.227254E-02   -8.040464E-02    6.974772E-01   -9.990568E-01    4.356796E-01
   -8.332230E-04    1.539303E-02   -4.536564E-02   -7.544391E-01   -1.173477E+00   -7.660624E-01
   -8.488172E-04    1.859619E-02   -8.564940E-03    1.016589E+00   -3.437196E-01   -4.922996E-01
   -8.645472E-04    2.187938E-02    2.887568E-02   -1.057165E+00   -2.769736E-01   -6.088787E-02
   -8.804008E-04    2.523961E-02    6.576682E-02    7.694727E-01   -1.457401E+00    7.221774E-02
   -8.963645E-04    2.867346E-02    1.008899E-01   -5.284144E-01   -1.252511E+00    5.512695E-01
   -9.124235E-04    3.217711E-02    1.330399E-01    5.172333E-01   -1.098794E+00    7.586215E-01
   -9.285614E-04    3.574634E-02    1.610703E-01   -3.606901E-01   -4.800714E-01    2.792212E-01
   -9.447608E-04    3.937647E-02    1.839400E-01   -7.683168E-02   -1.277570E+00    8.450074E-01
   -9.610025E-04    4.306242E-02    2.007588E-01    4.794320E-01   -9.577419E-01    6.209003E-01
   -9.772658E-04    4.679866E-02    2.108300E-01   -5.756074E-01    8.341787E-01    4.168354E-01
   -9.935285E-04    5.057920E-02    2.136882E-01    6.297362E-01    2.311836E-01    5.767935E-01
   -1.009767E-03    5.439766E-02    2.091295E-01   -8.335022E-01    6.398093E-01    3.703684E-01
   -1.025955E-03    5.824719E-02    1.972328E-01    9.942452E-01    1.681020E+00   -1.261096E-01
   -1.042065E-03    6.212056E-02    1.783703E-01   -7.866642E-01    3.905818E-01   -5.285161E-01
   -1.058070E-03    6.601011E-02    1.532044E-01    3.919846E-01   -2.321418E-01   -5.367915E-01
   -1.073937E-03    6.990781E-02    1.226731E-01   -1.532074E-01   -3.460810E-01   -6.899749E-02
   -1.089635E-03    7.380526E-02    8.796053E-02    1.807954E-01   -1.467969E+00    4.638421E-01
   -1.105129E-03    7.769376E-02    5.045505E-02   -2.065700E-01   -5.439167E-01    3.479974E-01
   -1.120385E-03    8.156428E-02    1.169564E-02    1.980590E-01    6.026752E-01   -4.370159E-01
   -1.135363E-03    8.540756E-02   -2.669184E-02   -3.190505E-01    4.304375E-01   -6.747884E-01
   -1.150027E-03    8.921411E-02   -6.306550E-02    6.984080E-01    1.411042E+00    2.889714E-01
   -1.164336E-03    9.297431E-02   -9.584209E-02   -1.003409E+00   -2.841675E-01    8.201471E-01
   -1.178247E-03    9.667839E-02   -1.235719E-01    9.433963E-01   -1.264780E+00   -1.653470E-02
   -1.191720E-03    1.003166E-01   -1.450101E-01   -5.151881E-01   -1.177682E-01   -1.070775E-01
   -1.204711E-03    1.038791E-01   -1.591796E-01    1.398038E-01   -5.589830E-01    6.234368E-01
   -1.217175E-03    1.073563E-01   -1.654230E-01   -1.224966E-02    1.401778E+00   -1.333677E-01
   -1.229068E-03    1.107386E-01   -1.634391E-01    1.092663E-01    6.509395E-01   -4.074562E-01
   -1.240346E-03    1.140168E-01   -1.533021E-01   -1.957877E-01   -6.866456E-01    6.137383E-01
   -1.250964E-03    1.171818E-01   -1.354613E-01    3.140787E-01   -8.314222E-01   -2.129741E-02
   -1.260877E-03    1.202250E-01   -1.107215E-01   -4.466516E-01   -3.433771E-01   -1.866844E-02
   -1.270042E-03    1.231384E-01   -8.020409E-02    5.473563E-01    1.074840E+00    7.753951E-01
   -1.278417E-03    1.259141E-01   -4.529067E-02   -3.351724E-01    2.540334E-01   -2.509636E-01
   -1.285960E-03    1.285452E-01   -7.553374E-03   -1.134399E-01    4.204053E-01    6.860137E-02
   -1.292633E-03    1.310254E-01    3.132579E-02    5.447189E-01   -1.481470E+00    2.419121E-01
   -1.298397E-03    1.333488E-01    6.964075E-02   -5.449601E-01   -2.320814E-01   -7.588069E-01
   -1.303218E-03    1.355107E-01    1.057477E-01    2.329903E-01    9.156376E-01    2.803579E-02
   -1.307064E-03    1.375070E-01    1.381470E-01    1.062971E-01    5.651492E-01   -1.856815E-01
   -1.309906E-03    1.393342E-01    1.655553E-01   -9.800810E-02    6.172086E-02   -6.375527E-01
   -1.311719E-03    1.409902E-01    1.869643E-01   -1.052731E-01   -1.047739E+00    3.650767E-01
   -1.312482E-03    1.424734E-01    2.016833E-01    3.603651E-01   -2.114812E-01   -1.652369E-02
   -1.312176E-03    1.437832E-01    2.093624E-01   -4.762323E-01   -9.927680E-02   -3.790338E-01
   -1.310788E-03    1.449198E-01    2.099963E-01    6.234041E-01    1.356460E+00    3.487336E-01
   -1.308310E-03    1.458845E-01    2.039096E-01   -6.927863E-01    2.697346E-01   -4.745573E-02
   -1.304738E-03    1.466792E-01    1.917246E-01    6.403891E-01   -8.127209E-01   -7.392826E-01
   -1.300072E-03    1.473067E-01    1.743149E-01   -3.042411E-01   -2.292414E-01   -2.118731E-01
   -1.294317E-03    1.477706E-01    1.527476E-01    2.318884E-02   -9.761819E-01    3.834768E-01
   -1.287484E-03    1.480751E-01    1.282197E-01    4.316611E-02    4.476455E-01    1.566812E-01
   -1.279587E-03    1.482251E-01    1.019907E-01    2.048297E-01    1.083263E+00   -2.330975E-01
   -1.270645E-03    1.482262E-01    7.531755E-02   -3.714670E-01    1.592183E-01   -2.437166E-01
   -1.260682E-03    1.480842E-01    4.939410E-02    4.496456E-01    6.478001E-01   -5.478181E-03
   -1.249727E-03    1.478057E-01    2.529917E-02   -4.545027E-01   -2.172343E-01    2.867411E-01
   -1.237811E-03    1.473974E-01    3.954562E-03    6.233168E-01   -1.167687E+00    5.136928E-01
   -1.224970E-03    1.468663E-01   -1.390495E-02   -6.513417E-01   -2.583883E-01    4.008766E-01
   -1.211243E-03    1.462197E-01   -2.774947E-02    5.071047E-01   -5.944464E-01    4.719674E-02
   -1.196672E-03    1.454650E-01   -3.725979E-02   -1.953086E-01   -7.659324E-01    2.406444E-01
   -1.181302E-03    1.446097E-01   -4.232224E-02    1.003825E-01    9.109556E-02    3.505478E-01
   -1.165181E-03    1.436611E-01   -4.301409E-02   -8.467798E-03    2.601843E-01    7.575130E-02
   -1.148356E-03    1.426267E-01   -3.958127E-02   -1.522905E-01    3.459664E-01    5.515339E-01
   -1.130879E-03    1.415136E-01   -3.241074E-02    4.604095E-01   -9.844613E-02    2.202182E-01
   -1.112802E-03    1.403291E-01   -2.199936E-02   -5.053407E-01    3.924933E-01   -3.829642E-03
