   442.531211716117     
   438.071191061261     
   433.626487496948     
   429.197660721731     
   424.785238155950     
   420.389742312304     
   416.011694652588     
   411.651593313519     
   407.309913567263     
   402.987129727199     
   398.683711342889     
   394.400098093985     
   390.136718108603     
   385.893999433958     
   381.672357698875     
   377.472180545399     
   373.293851785056     
   369.137754110648     
   365.004248817378     
   360.893677964663     
   356.806382927088     
   352.742700381426     
   348.702940417481     
   344.687403782332     
   340.696391134381     
   336.730191397945     
   332.789069388129     
   328.873286956496     
   324.983104783192     
   321.118764077515     
   317.280489999781     
   313.468507231284     
   309.683035872715     
   305.924272595434     
   302.192406599668     
   298.487626980177     
   294.810111891354     
   291.160018969004     
   287.537503590166     
   283.942719931916     
   280.375804714092     
   276.836881467999     
   273.326073399815     
   269.843499331790     
   266.389257801402     
   262.963441483222     
   259.566142926433     
   256.197444696514     
   252.857412247962     
   249.546109353978     
   246.263598594467     
   243.009927260547     
   239.785132062441     
   236.589249498818     
   233.422311986223     
   230.284334844954     
   227.175328920366     
   224.095304915026     
   221.044264696851     
   218.022196283248     
   215.029086481677     
   212.064920957703     
   209.129672424517     
   206.223305389370     
   203.345784229326     
   200.497069659966     
   197.677108514295     
   194.885844335656     
   192.123220514881     
   189.389172941709     
   186.683626739847     
   184.006506200661     
   181.357734575296     
   178.737224621147     
   176.144883014652     
   173.580616357451     
   171.044328127470     
   168.535911076339     
   166.055255655170     
   163.602252164217     
   161.176784876853     
   158.778730141940     
   156.407963769038     
   154.064360679229     
   151.747787791424     
   149.458107787308     
   147.195183308732     
   144.958874510603     
   142.749033806854     
   140.565512109598     
   138.408160195305     
   136.276824359052     
   134.171345495011     
   132.091564175803     
   130.037320281591     
   128.008448105770     
   126.004779241649     
   124.026145262919     
   122.072375959736     
   120.143296084067     
   118.238729504551     
   116.358499983617     
   114.502428338672     
   112.670332132759     
   110.862028760639     
   109.077335154333     
   107.316064892242     
   105.578030075253     
   103.863042795430     
   102.170914091162     
   100.501452295976     
   98.8544653154061     
   97.2297609915181     
   95.6271456710365     
   94.0464241852727     
   92.4874012980593     
   90.9498815604050     
   89.4336681346108     
   87.9385636259778     
   86.4643706370303     
   85.0108914313651     
   83.5779274808380     
   82.1652801444437     
   80.7727507714501     
   79.4001405144035     
   78.0472503430123     
   76.7138812200460     
   75.3998341509709     
   74.1049103925774     
   72.8289112933028     
   71.5716382035880     
   70.3328927973276     
   69.1124774369457     
   67.9101945730970     
   66.7258467081010     
   65.5592372498363     
   64.4101703779429     
   63.2784502967527     
   62.1638815005133     
   61.0662700249787     
   59.9854224162401     
   58.9211452281905     
   57.8732459188022     
   56.8415337019407     
   55.8258179932185     
   54.8259083250376     
   53.8416160168331     
   52.8727537841832     
   51.9191343797806     
   50.9805710731441     
   50.0568796189444     
   49.1478765178956     
   48.2533782863861     
   47.3732028241132     
   46.5071704849026     
   45.6551018745970     
   44.8168177806952     
   43.9921414330185     
   43.1808978097219     
   42.3829119269388     
   41.5980095149481     
   40.8260194116693     
   40.0667713001194     
   39.3200948890648     
   38.5858216385275     
   37.8637858494851     
   37.1538220827084     
   36.4557651415176     
   35.7694527107480     
   35.0947243640762     
   34.4314197080244     
   33.7793792246842     
   33.1384468452919     
   32.5084673502853     
   31.8892855575609     
   31.2807482917649     
   30.6827053569613     
   30.0950067987798     
   29.5175029591992     
   28.9500473060949     
   28.3924951821651     
   27.8447019556076     
   27.3065239921669     
   26.7778212157502     
   26.2584543432696     
   25.7482841415655     
   25.2471735332267     
   24.7549883722741     
   24.2715947224025     
   23.7968589880043     
   23.3306507774365     
   22.8728414556807     
   22.4233024060688     
   21.9819060907574     
   21.5485284586983     
   21.1230461619763     
   20.7053359149663     
   20.2952766418639     
   19.8927500206728     
   19.4976379021395     
   19.1098225112100     
   18.7291892212654     
   18.3556249819289     
   17.9890167555242     
   17.6292526253207     
   17.2762239609552     
   16.9298227312112     
   16.5899409786547     
   16.2564729308013     
   15.9293153114526     
   15.6083649808061     
   15.2935191956256     
   14.9846782068397     
   14.6817436325390     
   14.3846170998388     
   14.0932013643049     
   13.8074021864128     
   13.5271258213306     
   13.2522786080785     
   12.9827689861956     
   12.7185075959446     
   12.4594051814938     
   12.2053728957761     
   11.9563246681175     
   11.7121755825628     
   11.4728407304275     
   11.2382363117081     
   11.0082812115415     
   10.7828947136017     
   10.5619961938606     
   10.3455070060588     
   10.1333504043102     
   9.92544971954047     
   9.72172869559179     
   9.52211360447798     
   9.32653167465864     
   9.13491014170497     
   8.94717731194661     
   8.76326385359278     
   8.58310075026905     
   8.40661908487829     
   8.23375177734909     
   8.06443336632520     
   7.89859844584642     
   7.73618202174478     
   7.57712137632561     
   7.42135457420250     
   7.26881968812600     
   7.11945581434185     
   6.97320410795006     
   6.83000597083087     
   6.68980291001780     
   6.55253812638842     
   6.41815618922879     
   6.28660170696095     
   6.15781969580596     
   6.03175720998201     
   5.90836193906244     
   5.78758158258511     
   5.66936481286153     
   5.55366208890054     
   5.44042406136461     
   5.32960149109275     
   5.22114669465019     
   5.11501314042863     
   5.01115432392098     
   4.90952414255202     
   4.81007831113702     
   4.71277305791456     
   4.61756462338937     
   4.52441016795225     
   4.43326839633836     
   4.34409816101786     
   4.25685842865227     
   4.17150958773721     
   4.08801299097092     
   4.00633000936622     
   3.92642240729854     
   3.84825355915870     
   3.77178725119389     
   3.69698728437501     
   3.62381832186163     
   3.55224635113946     
   3.48223747221621     
   3.41375790168105     
   3.34677514269703     
   3.28125749698159     
   3.21717327822133     
   3.15449118017990     
   3.09318130501702     
   3.03321408104458     
   2.97455995358278     
   2.91719016387019     
   2.86107707255657     
   2.80619312436709     
   2.75251088057724     
   2.70000404746700     
   2.64864698121555     
   2.59841404552315     
   2.54927996418705     
   2.50122066968573     
   2.45421234781212     
   2.40823120319797     
   2.36325415977828     
   2.31925906840308     
   2.27622384112230     
   2.23412650352818     
   2.19294607791856     
   2.15266210340026     
   2.11325412365859     
   2.07470201521688     
   2.03698666754186     
   2.00008916209774     
   1.96399060035650     
   1.92867271783234     
   1.89411799900321     
   1.86030897153926     
   1.82722827064814     
   1.79485937772295     
   1.76318617451710     
   1.73219254558451     
   1.70186267499427     
   1.67218157431164     
   1.64313439680641     
   1.61470631616449     
   1.58688305072478     
   1.55965090877569     
   1.53299622809918     
   1.50690544553866     
   1.48136569853389     
   1.45636442660723     
   1.43188907114387     
   1.40792733611978     
   1.38446758500087     
   1.36149828313762     
   1.33900791597348     
   1.31698542560637     
   1.29542020776330     
   1.27430167765913     
   1.25361933948450     
   1.23336326425882     
   1.21352374543379     
   1.19409107793348     
   1.17505578155750     
   1.15640889020847     
   1.13814150930995     
   1.12024476345120     
   1.10271015206291     
   1.08552951606234     
   1.06869470884335     
   1.05219766200830     
   1.03603075675795     
   1.02018653463984     
   1.00465753859193     
  0.989436500337541     
  0.974516545001373     
  0.959890846879312     
  0.945552598078848     
  0.931495293070222     
  0.917712678898488     
  0.904198510361562     
  0.890946609808170     
  0.877951150491670     
  0.865206419253458     
  0.852706704381722     
  0.840446450139938     
  0.828420397429233     
  0.816623320370843     
  0.805050009295817     
  0.793695495135102     
  0.782554993043028     
  0.771623722855882     
  0.760896961973936     
  0.750370258272456     
  0.740039238996785     
  0.729899532928264     
  0.719946896150477     
  0.710177305956101     
  0.700586761761581     
  0.691171277496468     
  0.681927056630988     
  0.672850435595109     
  0.663937753567834     
  0.655185398302110     
  0.646589964118289     
  0.638148100237840     
  0.629856457485589     
  0.621711789671587     
  0.613711014277587     
  0.605851063348209     
  0.598128881762776     
  0.590541562688175     
  0.583086294527521     
  0.575760267251919     
  0.568560711547827     
  0.561485014850960     
  0.554530602313260     
  0.547694900714600     
  0.540975419652925     
  0.534369789209518     
  0.527875648960099     
  0.521490649729670     
  0.515212557857695     
  0.509039207550376     
  0.502968433883151     
  0.496998105911648     
  0.491126211158522     
  0.485350762947661     
  0.479669776213777     
  0.474081332253862     
  0.468583600801345     
  0.463174757729741     
  0.457852988711538     
  0.452616569206109     
  0.447463822882715     
  0.442393073883200     
  0.437402674629893     
  0.432491066904405     
  0.427656710094948     
  0.422898065151920     
  0.418213646112451     
  0.413602031853075     
  0.409061805192543     
  0.404591557452337     
  0.400189949710087     
  0.395855677235647     
  0.391587435558077     
  0.387383943703669     
  0.383243988066040     
  0.379166367036214     
  0.375149880498256     
  0.371193370828256     
  0.367295727987117     
  0.363455844451429     
  0.359672620038862     
  0.355945008645110     
  0.352271988334639     
  0.348652537325133     
  0.345085653564797     
  0.341570386397201     
  0.338105793428292     
  0.334690933614763     
  0.331324898521354     
  0.328006813200621     
  0.324735804231862     
  0.321511005555903     
  0.318331599922514     
  0.315196789944634     
  0.312105778316422     
  0.309057774364239     
  0.306052003132318     
  0.303087691942015     
  0.300164072370032     
  0.297280464070318     
  0.294436269653123     
  0.291630894958696     
  0.288863705303407     
  0.286133823701953     
  0.283440283503501     
  0.280782120268983     
  0.278158801869151     
  0.275570729580810     
  0.273018426288219     
  0.270502276335786     
  0.268020182968360     
  0.265567906522204     
  0.263141136887551     
  0.260737551594972     
  0.258365562177416     
  0.256037187266875     
  0.253764316818161     
  0.251542111671369     
  0.249332783250289     
  0.247094692447267     
  0.244792131414504     
  0.242482019787566     
  0.240294619108501     
  0.238362199046309     
  0.236742433242548     
  0.235128735325233     
  0.233103503305762     
  0.230255138870115     
  0.226733496672664     
  0.223698384688399     
  0.222415153867421     
  0.223952118034820     
  0.226676343381277     
  0.226994979175865     
  0.221271203801864     
  0.207848970097854     
  0.193824702340671     
  0.188711540338394     
  0.201872608864194     
  0.232046668693983     
  0.260499680221154     
  0.266870636769687     
  0.232669135881803     
  0.162046640620901     
  7.419934263680689E-002
 -1.140543226430474E-002
