    0.000000E+00    0.000000E+00    0.000000E+00    0.000000E+00    0.000000E+00    0.000000E+00
   -9.999997E-01   -9.999997E-01   -9.999997E-01   -9.999997E-01   -9.999997E-01   -1.000000E+00
   -9.999994E-01   -9.999994E-01   -9.999994E-01   -9.999994E-01   -9.999994E-01   -9.999998E-01
   -9.999991E-01   -9.999991E-01   -9.999991E-01   -9.999991E-01   -9.999992E-01   -9.999996E-01
   -9.999989E-01   -9.999989E-01   -9.999989E-01   -9.999989E-01   -9.999990E-01   -9.999994E-01
   -9.999987E-01   -9.999987E-01   -9.999987E-01   -9.999987E-01   -9.999987E-01   -9.999992E-01
   -9.999984E-01   -9.999984E-01   -9.999984E-01   -9.999985E-01   -9.999985E-01   -9.999990E-01
   -9.999982E-01   -9.999982E-01   -9.999982E-01   -9.999982E-01   -9.999983E-01   -9.999988E-01
   -9.999980E-01   -9.999980E-01   -9.999980E-01   -9.999980E-01   -9.999981E-01   -9.999987E-01
   -9.999978E-01   -9.999978E-01   -9.999978E-01   -9.999979E-01   -9.999979E-01   -9.999985E-01
   -9.999976E-01   -9.999976E-01   -9.999976E-01   -9.999977E-01   -9.999977E-01   -9.999984E-01
   -9.999975E-01   -9.999975E-01   -9.999975E-01   -9.999975E-01   -9.999976E-01   -9.999982E-01
   -9.999973E-01   -9.999973E-01   -9.999973E-01   -9.999973E-01   -9.999974E-01   -9.999981E-01
   -9.999971E-01   -9.999971E-01   -9.999971E-01   -9.999971E-01   -9.999972E-01   -9.999980E-01
   -9.999969E-01   -9.999969E-01   -9.999969E-01   -9.999969E-01   -9.999970E-01   -9.999979E-01
   -9.999967E-01   -9.999967E-01   -9.999967E-01   -9.999968E-01   -9.999969E-01   -9.999978E-01
   -9.999966E-01   -9.999966E-01   -9.999966E-01   -9.999966E-01   -9.999967E-01   -9.999977E-01
   -9.999964E-01   -9.999964E-01   -9.999964E-01   -9.999964E-01   -9.999965E-01   -9.999976E-01
   -9.999962E-01   -9.999962E-01   -9.999962E-01   -9.999962E-01   -9.999964E-01   -9.999975E-01
   -9.999960E-01   -9.999960E-01   -9.999960E-01   -9.999961E-01   -9.999962E-01   -9.999974E-01
   -9.999958E-01   -9.999958E-01   -9.999958E-01   -9.999959E-01   -9.999960E-01   -9.999974E-01
   -9.999957E-01   -9.999957E-01   -9.999957E-01   -9.999957E-01   -9.999959E-01   -9.999973E-01
   -9.999955E-01   -9.999955E-01   -9.999955E-01   -9.999955E-01   -9.999957E-01   -9.999972E-01
   -9.999953E-01   -9.999953E-01   -9.999953E-01   -9.999953E-01   -9.999955E-01   -9.999972E-01
   -9.999951E-01   -9.999951E-01   -9.999951E-01   -9.999951E-01   -9.999953E-01   -9.999971E-01
   -9.999949E-01   -9.999949E-01   -9.999949E-01   -9.999949E-01   -9.999951E-01   -9.999971E-01
   -9.999946E-01   -9.999946E-01   -9.999946E-01   -9.999947E-01   -9.999949E-01   -9.999970E-01
   -9.999944E-01   -9.999944E-01   -9.999944E-01   -9.999945E-01   -9.999948E-01   -9.999970E-01
   -9.999942E-01   -9.999942E-01   -9.999942E-01   -9.999943E-01   -9.999946E-01   -9.999970E-01
   -9.999940E-01   -9.999940E-01   -9.999940E-01   -9.999940E-01   -9.999943E-01   -9.999970E-01
   -9.999937E-01   -9.999937E-01   -9.999937E-01   -9.999938E-01   -9.999941E-01   -9.999970E-01
   -9.999935E-01   -9.999935E-01   -9.999935E-01   -9.999936E-01   -9.999939E-01   -9.999970E-01
   -9.999932E-01   -9.999932E-01   -9.999932E-01   -9.999933E-01   -9.999937E-01   -9.999970E-01
   -9.999930E-01   -9.999930E-01   -9.999930E-01   -9.999931E-01   -9.999935E-01   -9.999970E-01
   -9.999927E-01   -9.999927E-01   -9.999927E-01   -9.999928E-01   -9.999932E-01   -9.999970E-01
   -9.999924E-01   -9.999924E-01   -9.999924E-01   -9.999925E-01   -9.999930E-01   -9.999971E-01
   -9.999921E-01   -9.999921E-01   -9.999921E-01   -9.999923E-01   -9.999928E-01   -9.999972E-01
   -9.999918E-01   -9.999918E-01   -9.999918E-01   -9.999920E-01   -9.999925E-01   -9.999973E-01
   -9.999915E-01   -9.999915E-01   -9.999915E-01   -9.999917E-01   -9.999923E-01   -9.999974E-01
   -9.999912E-01   -9.999912E-01   -9.999912E-01   -9.999913E-01   -9.999920E-01   -9.999975E-01
   -9.999909E-01   -9.999909E-01   -9.999909E-01   -9.999910E-01   -9.999917E-01   -9.999977E-01
   -9.999905E-01   -9.999905E-01   -9.999905E-01   -9.999907E-01   -9.999914E-01   -9.999978E-01
   -9.999902E-01   -9.999902E-01   -9.999902E-01   -9.999903E-01   -9.999911E-01   -9.999980E-01
   -9.999898E-01   -9.999898E-01   -9.999898E-01   -9.999900E-01   -9.999909E-01   -9.999983E-01
   -9.999894E-01   -9.999894E-01   -9.999894E-01   -9.999896E-01   -9.999905E-01   -9.999985E-01
   -9.999890E-01   -9.999890E-01   -9.999890E-01   -9.999892E-01   -9.999902E-01   -9.999989E-01
   -9.999886E-01   -9.999886E-01   -9.999886E-01   -9.999888E-01   -9.999899E-01   -9.999992E-01
   -9.999881E-01   -9.999881E-01   -9.999881E-01   -9.999884E-01   -9.999896E-01   -9.999996E-01
   -9.999877E-01   -9.999877E-01   -9.999877E-01   -9.999880E-01   -9.999893E-01   -1.000000E+00
   -9.999872E-01   -9.999872E-01   -9.999872E-01   -9.999876E-01   -9.999889E-01   -1.000001E+00
   -9.999868E-01   -9.999868E-01   -9.999868E-01   -9.999871E-01   -9.999886E-01   -1.000001E+00
   -9.999863E-01   -9.999863E-01   -9.999863E-01   -9.999866E-01   -9.999882E-01   -1.000002E+00
   -9.999857E-01   -9.999857E-01   -9.999857E-01   -9.999861E-01   -9.999878E-01   -1.000002E+00
   -9.999852E-01   -9.999852E-01   -9.999852E-01   -9.999856E-01   -9.999875E-01   -1.000003E+00
   -9.999846E-01   -9.999846E-01   -9.999846E-01   -9.999851E-01   -9.999871E-01   -1.000004E+00
   -9.999841E-01   -9.999841E-01   -9.999841E-01   -9.999846E-01   -9.999867E-01   -1.000005E+00
   -9.999835E-01   -9.999835E-01   -9.999835E-01   -9.999840E-01   -9.999863E-01   -1.000006E+00
   -9.999829E-01   -9.999829E-01   -9.999829E-01   -9.999834E-01   -9.999859E-01   -1.000007E+00
   -9.999822E-01   -9.999822E-01   -9.999822E-01   -9.999828E-01   -9.999855E-01   -1.000008E+00
   -9.999815E-01   -9.999815E-01   -9.999815E-01   -9.999822E-01   -9.999850E-01   -1.000009E+00
   -9.999808E-01   -9.999808E-01   -9.999808E-01   -9.999816E-01   -9.999846E-01   -1.000011E+00
   -9.999801E-01   -9.999801E-01   -9.999801E-01   -9.999809E-01   -9.999842E-01   -1.000012E+00
   -9.999794E-01   -9.999794E-01   -9.999794E-01   -9.999802E-01   -9.999838E-01   -1.000014E+00
   -9.999786E-01   -9.999786E-01   -9.999786E-01   -9.999795E-01   -9.999833E-01   -1.000016E+00
   -9.999778E-01   -9.999778E-01   -9.999778E-01   -9.999788E-01   -9.999829E-01   -1.000018E+00
   -9.999770E-01   -9.999770E-01   -9.999770E-01   -9.999780E-01   -9.999824E-01   -1.000020E+00
   -9.999761E-01   -9.999761E-01   -9.999761E-01   -9.999772E-01   -9.999820E-01   -1.000023E+00
   -9.999752E-01   -9.999752E-01   -9.999752E-01   -9.999764E-01   -9.999815E-01   -1.000025E+00
   -9.999743E-01   -9.999743E-01   -9.999743E-01   -9.999756E-01   -9.999811E-01   -1.000028E+00
   -9.999733E-01   -9.999733E-01   -9.999733E-01   -9.999747E-01   -9.999807E-01   -1.000032E+00
   -9.999723E-01   -9.999723E-01   -9.999723E-01   -9.999738E-01   -9.999802E-01   -1.000035E+00
   -9.999713E-01   -9.999713E-01   -9.999713E-01   -9.999729E-01   -9.999798E-01   -1.000039E+00
   -9.999702E-01   -9.999702E-01   -9.999702E-01   -9.999719E-01   -9.999794E-01   -1.000043E+00
   -9.999691E-01   -9.999691E-01   -9.999691E-01   -9.999709E-01   -9.999789E-01   -1.000047E+00
   -9.999679E-01   -9.999679E-01   -9.999679E-01   -9.999699E-01   -9.999785E-01   -1.000052E+00
   -9.999667E-01   -9.999667E-01   -9.999667E-01   -9.999689E-01   -9.999781E-01   -1.000057E+00
   -9.999654E-01   -9.999654E-01   -9.999655E-01   -9.999678E-01   -9.999778E-01   -1.000063E+00
   -9.999641E-01   -9.999641E-01   -9.999642E-01   -9.999667E-01   -9.999774E-01   -1.000069E+00
   -9.999628E-01   -9.999628E-01   -9.999628E-01   -9.999655E-01   -9.999771E-01   -1.000076E+00
   -9.999614E-01   -9.999614E-01   -9.999614E-01   -9.999643E-01   -9.999768E-01   -1.000083E+00
   -9.999600E-01   -9.999600E-01   -9.999600E-01   -9.999631E-01   -9.999765E-01   -1.000091E+00
   -9.999585E-01   -9.999585E-01   -9.999585E-01   -9.999619E-01   -9.999763E-01   -1.000100E+00
   -9.999569E-01   -9.999569E-01   -9.999569E-01   -9.999606E-01   -9.999761E-01   -1.000109E+00
   -9.999553E-01   -9.999553E-01   -9.999553E-01   -9.999592E-01   -9.999759E-01   -1.000119E+00
   -9.999536E-01   -9.999536E-01   -9.999536E-01   -9.999578E-01   -9.999758E-01   -1.000130E+00
   -9.999519E-01   -9.999519E-01   -9.999519E-01   -9.999564E-01   -9.999758E-01   -1.000141E+00
   -9.999500E-01   -9.999501E-01   -9.999501E-01   -9.999550E-01   -9.999758E-01   -1.000154E+00
   -9.999482E-01   -9.999482E-01   -9.999482E-01   -9.999535E-01   -9.999759E-01   -1.000168E+00
   -9.999462E-01   -9.999462E-01   -9.999462E-01   -9.999519E-01   -9.999761E-01   -1.000183E+00
   -9.999442E-01   -9.999442E-01   -9.999442E-01   -9.999503E-01   -9.999763E-01   -1.000199E+00
   -9.999421E-01   -9.999421E-01   -9.999421E-01   -9.999487E-01   -9.999767E-01   -1.000216E+00
   -9.999399E-01   -9.999399E-01   -9.999400E-01   -9.999471E-01   -9.999772E-01   -1.000235E+00
   -9.999377E-01   -9.999377E-01   -9.999377E-01   -9.999453E-01   -9.999778E-01   -1.000255E+00
   -9.999354E-01   -9.999354E-01   -9.999354E-01   -9.999436E-01   -9.999785E-01   -1.000277E+00
   -9.999329E-01   -9.999329E-01   -9.999330E-01   -9.999418E-01   -9.999794E-01   -1.000301E+00
   -9.999304E-01   -9.999304E-01   -9.999304E-01   -9.999400E-01   -9.999804E-01   -1.000327E+00
   -9.999278E-01   -9.999278E-01   -9.999278E-01   -9.999381E-01   -9.999816E-01   -1.000354E+00
   -9.999251E-01   -9.999251E-01   -9.999251E-01   -9.999362E-01   -9.999830E-01   -1.000384E+00
   -9.999223E-01   -9.999223E-01   -9.999223E-01   -9.999342E-01   -9.999846E-01   -1.000416E+00
   -9.999194E-01   -9.999194E-01   -9.999194E-01   -9.999322E-01   -9.999865E-01   -1.000451E+00
   -9.999163E-01   -9.999163E-01   -9.999164E-01   -9.999301E-01   -9.999886E-01   -1.000489E+00
   -9.999132E-01   -9.999132E-01   -9.999132E-01   -9.999281E-01   -9.999910E-01   -1.000530E+00
   -9.999099E-01   -9.999099E-01   -9.999100E-01   -9.999259E-01   -9.999937E-01   -1.000574E+00
   -9.999066E-01   -9.999066E-01   -9.999066E-01   -9.999238E-01   -9.999967E-01   -1.000621E+00
   -9.999031E-01   -9.999031E-01   -9.999031E-01   -9.999216E-01   -1.000000E+00   -1.000672E+00
   -9.998994E-01   -9.998994E-01   -9.998995E-01   -9.999194E-01   -1.000004E+00   -1.000727E+00
   -9.998956E-01   -9.998956E-01   -9.998957E-01   -9.999171E-01   -1.000008E+00   -1.000787E+00
   -9.998917E-01   -9.998917E-01   -9.998918E-01   -9.999149E-01   -1.000013E+00   -1.000851E+00
   -9.998877E-01   -9.998877E-01   -9.998877E-01   -9.999126E-01   -1.000018E+00   -1.000920E+00
   -9.998835E-01   -9.998835E-01   -9.998835E-01   -9.999103E-01   -1.000024E+00   -1.000995E+00
   -9.998791E-01   -9.998791E-01   -9.998792E-01   -9.999079E-01   -1.000030E+00   -1.001075E+00
   -9.998746E-01   -9.998746E-01   -9.998746E-01   -9.999056E-01   -1.000037E+00   -1.001162E+00
   -9.998698E-01   -9.998698E-01   -9.998699E-01   -9.999033E-01   -1.000045E+00   -1.001256E+00
   -9.998650E-01   -9.998650E-01   -9.998651E-01   -9.999009E-01   -1.000053E+00   -1.001357E+00
   -9.998599E-01   -9.998599E-01   -9.998600E-01   -9.998986E-01   -1.000063E+00   -1.001466E+00
   -9.998546E-01   -9.998547E-01   -9.998548E-01   -9.998963E-01   -1.000073E+00   -1.001584E+00
   -9.998492E-01   -9.998492E-01   -9.998493E-01   -9.998941E-01   -1.000084E+00   -1.001710E+00
   -9.998435E-01   -9.998436E-01   -9.998437E-01   -9.998919E-01   -1.000096E+00   -1.001847E+00
   -9.998377E-01   -9.998377E-01   -9.998378E-01   -9.998897E-01   -1.000110E+00   -1.001994E+00
   -9.998316E-01   -9.998316E-01   -9.998318E-01   -9.998876E-01   -1.000125E+00   -1.002153E+00
   -9.998253E-01   -9.998253E-01   -9.998255E-01   -9.998855E-01   -1.000141E+00   -1.002324E+00
   -9.998187E-01   -9.998187E-01   -9.998189E-01   -9.998836E-01   -1.000158E+00   -1.002508E+00
   -9.998119E-01   -9.998119E-01   -9.998121E-01   -9.998818E-01   -1.000177E+00   -1.002707E+00
   -9.998049E-01   -9.998049E-01   -9.998051E-01   -9.998800E-01   -1.000198E+00   -1.002921E+00
   -9.997976E-01   -9.997976E-01   -9.997978E-01   -9.998785E-01   -1.000221E+00   -1.003151E+00
   -9.997900E-01   -9.997900E-01   -9.997902E-01   -9.998771E-01   -1.000246E+00   -1.003400E+00
   -9.997821E-01   -9.997821E-01   -9.997824E-01   -9.998758E-01   -1.000273E+00   -1.003667E+00
   -9.997740E-01   -9.997740E-01   -9.997743E-01   -9.998748E-01   -1.000302E+00   -1.003956E+00
   -9.997655E-01   -9.997655E-01   -9.997658E-01   -9.998741E-01   -1.000334E+00   -1.004267E+00
   -9.997567E-01   -9.997567E-01   -9.997571E-01   -9.998736E-01   -1.000368E+00   -1.004601E+00
   -9.997476E-01   -9.997476E-01   -9.997480E-01   -9.998734E-01   -1.000406E+00   -1.004962E+00
   -9.997382E-01   -9.997382E-01   -9.997385E-01   -9.998735E-01   -1.000447E+00   -1.005350E+00
   -9.997283E-01   -9.997284E-01   -9.997288E-01   -9.998741E-01   -1.000491E+00   -1.005769E+00
   -9.997182E-01   -9.997182E-01   -9.997186E-01   -9.998750E-01   -1.000539E+00   -1.006219E+00
   -9.997076E-01   -9.997076E-01   -9.997081E-01   -9.998765E-01   -1.000591E+00   -1.006704E+00
   -9.996967E-01   -9.996967E-01   -9.996972E-01   -9.998784E-01   -1.000648E+00   -1.007227E+00
   -9.996853E-01   -9.996854E-01   -9.996859E-01   -9.998809E-01   -1.000709E+00   -1.007790E+00
   -9.996736E-01   -9.996736E-01   -9.996742E-01   -9.998841E-01   -1.000775E+00   -1.008396E+00
   -9.996613E-01   -9.996614E-01   -9.996620E-01   -9.998879E-01   -1.000847E+00   -1.009048E+00
   -9.996487E-01   -9.996487E-01   -9.996494E-01   -9.998925E-01   -1.000925E+00   -1.009751E+00
   -9.996355E-01   -9.996356E-01   -9.996363E-01   -9.998980E-01   -1.001009E+00   -1.010508E+00
   -9.996219E-01   -9.996219E-01   -9.996227E-01   -9.999044E-01   -1.001100E+00   -1.011322E+00
   -9.996078E-01   -9.996078E-01   -9.996086E-01   -9.999118E-01   -1.001199E+00   -1.012199E+00
   -9.995931E-01   -9.995932E-01   -9.995941E-01   -9.999204E-01   -1.001306E+00   -1.013143E+00
   -9.995779E-01   -9.995780E-01   -9.995790E-01   -9.999301E-01   -1.001421E+00   -1.014159E+00
   -9.995621E-01   -9.995622E-01   -9.995632E-01   -9.999411E-01   -1.001546E+00   -1.015253E+00
   -9.995457E-01   -9.995458E-01   -9.995469E-01   -9.999536E-01   -1.001680E+00   -1.016430E+00
   -9.995288E-01   -9.995288E-01   -9.995300E-01   -9.999678E-01   -1.001826E+00   -1.017697E+00
   -9.995112E-01   -9.995112E-01   -9.995125E-01   -9.999836E-01   -1.001983E+00   -1.019061E+00
   -9.994929E-01   -9.994930E-01   -9.994944E-01   -1.000001E+00   -1.002153E+00   -1.020528E+00
   -9.994740E-01   -9.994740E-01   -9.994756E-01   -1.000021E+00   -1.002337E+00   -1.022107E+00
   -9.994543E-01   -9.994544E-01   -9.994561E-01   -1.000043E+00   -1.002535E+00   -1.023806E+00
   -9.994340E-01   -9.994341E-01   -9.994358E-01   -1.000068E+00   -1.002750E+00   -1.025635E+00
   -9.994129E-01   -9.994129E-01   -9.994148E-01   -1.000095E+00   -1.002981E+00   -1.027601E+00
   -9.993910E-01   -9.993910E-01   -9.993931E-01   -1.000125E+00   -1.003231E+00   -1.029717E+00
   -9.993682E-01   -9.993683E-01   -9.993705E-01   -1.000158E+00   -1.003500E+00   -1.031994E+00
   -9.993447E-01   -9.993448E-01   -9.993472E-01   -1.000194E+00   -1.003791E+00   -1.034442E+00
   -9.993203E-01   -9.993204E-01   -9.993229E-01   -1.000235E+00   -1.004104E+00   -1.037075E+00
   -9.992949E-01   -9.992950E-01   -9.992978E-01   -1.000279E+00   -1.004443E+00   -1.039907E+00
   -9.992687E-01   -9.992688E-01   -9.992717E-01   -1.000328E+00   -1.004808E+00   -1.042953E+00
   -9.992414E-01   -9.992416E-01   -9.992447E-01   -1.000381E+00   -1.005201E+00   -1.046228E+00
   -9.992132E-01   -9.992133E-01   -9.992167E-01   -1.000439E+00   -1.005626E+00   -1.049749E+00
   -9.991839E-01   -9.991841E-01   -9.991877E-01   -1.000503E+00   -1.006083E+00   -1.053534E+00
   -9.991535E-01   -9.991537E-01   -9.991576E-01   -1.000573E+00   -1.006577E+00   -1.057602E+00
   -9.991220E-01   -9.991222E-01   -9.991265E-01   -1.000649E+00   -1.007108E+00   -1.061976E+00
   -9.990894E-01   -9.990896E-01   -9.990942E-01   -1.000732E+00   -1.007682E+00   -1.066675E+00
   -9.990556E-01   -9.990558E-01   -9.990607E-01   -1.000823E+00   -1.008299E+00   -1.071725E+00
   -9.990205E-01   -9.990207E-01   -9.990260E-01   -1.000922E+00   -1.008965E+00   -1.077151E+00
   -9.989841E-01   -9.989844E-01   -9.989900E-01   -1.001030E+00   -1.009682E+00   -1.082980E+00
   -9.989464E-01   -9.989466E-01   -9.989528E-01   -1.001148E+00   -1.010454E+00   -1.089240E+00
   -9.989073E-01   -9.989076E-01   -9.989142E-01   -1.001275E+00   -1.011287E+00   -1.095963E+00
   -9.988667E-01   -9.988670E-01   -9.988741E-01   -1.001414E+00   -1.012183E+00   -1.103182E+00
   -9.988249E-01   -9.988252E-01   -9.988328E-01   -1.001565E+00   -1.013148E+00   -1.110931E+00
   -9.987817E-01   -9.987820E-01   -9.987902E-01   -1.001730E+00   -1.014187E+00   -1.119249E+00
   -9.987362E-01   -9.987366E-01   -9.987454E-01   -1.001907E+00   -1.015306E+00   -1.128174E+00
   -9.986892E-01   -9.986896E-01   -9.986991E-01   -1.002100E+00   -1.016510E+00   -1.137750E+00
   -9.986408E-01   -9.986413E-01   -9.986515E-01   -1.002310E+00   -1.017807E+00   -1.148021E+00
   -9.985905E-01   -9.985910E-01   -9.986020E-01   -1.002537E+00   -1.019202E+00   -1.159035E+00
   -9.985384E-01   -9.985390E-01   -9.985508E-01   -1.002783E+00   -1.020704E+00   -1.170843E+00
   -9.984845E-01   -9.984850E-01   -9.984977E-01   -1.003049E+00   -1.022319E+00   -1.183497E+00
   -9.984285E-01   -9.984291E-01   -9.984428E-01   -1.003338E+00   -1.024057E+00   -1.197056E+00
   -9.983706E-01   -9.983712E-01   -9.983859E-01   -1.003650E+00   -1.025927E+00   -1.211577E+00
   -9.983105E-01   -9.983112E-01   -9.983270E-01   -1.003988E+00   -1.027938E+00   -1.227126E+00
   -9.982483E-01   -9.982490E-01   -9.982660E-01   -1.004354E+00   -1.030101E+00   -1.243767E+00
   -9.981838E-01   -9.981846E-01   -9.982029E-01   -1.004749E+00   -1.032427E+00   -1.261570E+00
   -9.981170E-01   -9.981179E-01   -9.981375E-01   -1.005176E+00   -1.034927E+00   -1.280609E+00
   -9.980478E-01   -9.980487E-01   -9.980698E-01   -1.005638E+00   -1.037615E+00   -1.300959E+00
   -9.979761E-01   -9.979771E-01   -9.979998E-01   -1.006137E+00   -1.040504E+00   -1.322701E+00
   -9.979018E-01   -9.979029E-01   -9.979273E-01   -1.006675E+00   -1.043609E+00   -1.345917E+00
   -9.978249E-01   -9.978261E-01   -9.978523E-01   -1.007257E+00   -1.046945E+00   -1.370692E+00
   -9.977452E-01   -9.977465E-01   -9.977747E-01   -1.007884E+00   -1.050529E+00   -1.397116E+00
   -9.976627E-01   -9.976641E-01   -9.976944E-01   -1.008561E+00   -1.054378E+00   -1.425280E+00
   -9.975773E-01   -9.975787E-01   -9.976113E-01   -1.009292E+00   -1.058513E+00   -1.455275E+00
   -9.974888E-01   -9.974904E-01   -9.975254E-01   -1.010080E+00   -1.062952E+00   -1.487198E+00
   -9.973972E-01   -9.973989E-01   -9.974365E-01   -1.010929E+00   -1.067718E+00   -1.521144E+00
   -9.973023E-01   -9.973041E-01   -9.973446E-01   -1.011845E+00   -1.072833E+00   -1.557208E+00
   -9.972041E-01   -9.972060E-01   -9.972495E-01   -1.012831E+00   -1.078322E+00   -1.595487E+00
   -9.971024E-01   -9.971045E-01   -9.971512E-01   -1.013894E+00   -1.084211E+00   -1.636073E+00
   -9.969972E-01   -9.969994E-01   -9.970496E-01   -1.015039E+00   -1.090528E+00   -1.679057E+00
   -9.968882E-01   -9.968907E-01   -9.969446E-01   -1.016272E+00   -1.097303E+00   -1.724525E+00
   -9.967755E-01   -9.967781E-01   -9.968361E-01   -1.017599E+00   -1.104566E+00   -1.772556E+00
   -9.966588E-01   -9.966616E-01   -9.967239E-01   -1.019027E+00   -1.112350E+00   -1.823223E+00
   -9.965381E-01   -9.965411E-01   -9.966080E-01   -1.020564E+00   -1.120692E+00   -1.876585E+00
   -9.964132E-01   -9.964164E-01   -9.964883E-01   -1.022217E+00   -1.129629E+00   -1.932690E+00
   -9.962839E-01   -9.962874E-01   -9.963646E-01   -1.023995E+00   -1.139199E+00   -1.991568E+00
   -9.961503E-01   -9.961540E-01   -9.962369E-01   -1.025906E+00   -1.149445E+00   -2.053231E+00
   -9.960120E-01   -9.960160E-01   -9.961050E-01   -1.027961E+00   -1.160410E+00   -2.117664E+00
   -9.958690E-01   -9.958732E-01   -9.959689E-01   -1.030169E+00   -1.172142E+00   -2.184826E+00
   -9.957211E-01   -9.957257E-01   -9.958284E-01   -1.032542E+00   -1.184688E+00   -2.254642E+00
   -9.955681E-01   -9.955731E-01   -9.956834E-01   -1.035090E+00   -1.198102E+00   -2.326998E+00
   -9.954100E-01   -9.954153E-01   -9.955337E-01   -1.037826E+00   -1.212435E+00   -2.401735E+00
   -9.952466E-01   -9.952523E-01   -9.953794E-01   -1.040763E+00   -1.227745E+00   -2.478644E+00
   -9.950777E-01   -9.950838E-01   -9.952202E-01   -1.043916E+00   -1.244092E+00   -2.557458E+00
   -9.949031E-01   -9.949096E-01   -9.950561E-01   -1.047298E+00   -1.261536E+00   -2.637841E+00
   -9.947227E-01   -9.947297E-01   -9.948869E-01   -1.050926E+00   -1.280141E+00   -2.719386E+00
   -9.945363E-01   -9.945438E-01   -9.947125E-01   -1.054817E+00   -1.299975E+00   -2.801605E+00
   -9.943437E-01   -9.943518E-01   -9.945328E-01   -1.058987E+00   -1.321106E+00   -2.883918E+00
   -9.941448E-01   -9.941535E-01   -9.943477E-01   -1.063456E+00   -1.343604E+00   -2.965647E+00
   -9.939395E-01   -9.939488E-01   -9.941570E-01   -1.068244E+00   -1.367544E+00   -3.046008E+00
   -9.937274E-01   -9.937374E-01   -9.939608E-01   -1.073372E+00   -1.393000E+00   -3.124103E+00
   -9.935085E-01   -9.935192E-01   -9.937587E-01   -1.078862E+00   -1.420047E+00   -3.198910E+00
   -9.932825E-01   -9.932939E-01   -9.935509E-01   -1.084738E+00   -1.448763E+00   -3.269287E+00
   -9.930492E-01   -9.930616E-01   -9.933370E-01   -1.091024E+00   -1.479226E+00   -3.333958E+00
   -9.928086E-01   -9.928218E-01   -9.931171E-01   -1.097748E+00   -1.511512E+00   -3.391520E+00
   -9.925604E-01   -9.925745E-01   -9.928910E-01   -1.104936E+00   -1.545700E+00   -3.440444E+00
   -9.923043E-01   -9.923195E-01   -9.926587E-01   -1.112618E+00   -1.581864E+00   -3.479080E+00
   -9.920403E-01   -9.920565E-01   -9.924200E-01   -1.120825E+00   -1.620078E+00   -3.505675E+00
   -9.917680E-01   -9.917854E-01   -9.921749E-01   -1.129588E+00   -1.660412E+00   -3.518388E+00
   -9.914874E-01   -9.915060E-01   -9.919233E-01   -1.138942E+00   -1.702930E+00   -3.515320E+00
   -9.911982E-01   -9.912182E-01   -9.916651E-01   -1.148921E+00   -1.747692E+00   -3.494550E+00
   -9.909002E-01   -9.909216E-01   -9.914003E-01   -1.159564E+00   -1.794752E+00   -3.454181E+00
   -9.905933E-01   -9.906162E-01   -9.911287E-01   -1.170909E+00   -1.844151E+00   -3.392400E+00
   -9.902772E-01   -9.903017E-01   -9.908504E-01   -1.182995E+00   -1.895922E+00   -3.307549E+00
   -9.899518E-01   -9.899780E-01   -9.905652E-01   -1.195865E+00   -1.950085E+00   -3.198211E+00
   -9.896168E-01   -9.896448E-01   -9.902733E-01   -1.209563E+00   -2.006643E+00   -3.063307E+00
   -9.892720E-01   -9.893021E-01   -9.899745E-01   -1.224134E+00   -2.065585E+00   -2.902209E+00
   -9.889173E-01   -9.889495E-01   -9.896688E-01   -1.239623E+00   -2.126875E+00   -2.714866E+00
   -9.885526E-01   -9.885869E-01   -9.893563E-01   -1.256081E+00   -2.190457E+00   -2.501936E+00
   -9.881775E-01   -9.882142E-01   -9.890369E-01   -1.273555E+00   -2.256248E+00   -2.264931E+00
   -9.877919E-01   -9.878312E-01   -9.887108E-01   -1.292098E+00   -2.324134E+00   -2.006355E+00
   -9.873957E-01   -9.874377E-01   -9.883779E-01   -1.311761E+00   -2.393971E+00   -1.729840E+00
   -9.869886E-01   -9.870335E-01   -9.880383E-01   -1.332597E+00   -2.465576E+00   -1.440265E+00
   -9.865706E-01   -9.866186E-01   -9.876921E-01   -1.354659E+00   -2.538726E+00   -1.143847E+00
   -9.861414E-01   -9.861927E-01   -9.873393E-01   -1.378003E+00   -2.613155E+00   -8.481810E-01
   -9.857009E-01   -9.857556E-01   -9.869802E-01   -1.402683E+00   -2.688552E+00   -5.622324E-01
   -9.852490E-01   -9.853074E-01   -9.866149E-01   -1.428754E+00   -2.764551E+00   -2.962393E-01
   -9.847854E-01   -9.848478E-01   -9.862435E-01   -1.456271E+00   -2.840737E+00   -6.152280E-02
   -9.843102E-01   -9.843767E-01   -9.858662E-01   -1.485287E+00   -2.916637E+00    1.298220E-01
   -9.838231E-01   -9.838941E-01   -9.854832E-01   -1.515854E+00   -2.991722E+00    2.653657E-01
   -9.833240E-01   -9.833997E-01   -9.850948E-01   -1.548025E+00   -3.065402E+00    3.329278E-01
   -9.828129E-01   -9.828936E-01   -9.847012E-01   -1.581849E+00   -3.137030E+00    3.213030E-01
   -9.822896E-01   -9.823757E-01   -9.843027E-01   -1.617371E+00   -3.205904E+00    2.211202E-01
   -9.817541E-01   -9.818458E-01   -9.838997E-01   -1.654635E+00   -3.271264E+00    2.580619E-02
   -9.812063E-01   -9.813040E-01   -9.834924E-01   -1.693681E+00   -3.332304E+00   -2.673957E-01
   -9.806461E-01   -9.807503E-01   -9.830813E-01   -1.734543E+00   -3.388175E+00   -6.564235E-01
   -9.800735E-01   -9.801845E-01   -9.826669E-01   -1.777250E+00   -3.437995E+00   -1.133510E+00
   -9.794885E-01   -9.796066E-01   -9.822495E-01   -1.821826E+00   -3.480865E+00   -1.684534E+00
   -9.788911E-01   -9.790168E-01   -9.818296E-01   -1.868285E+00   -3.515881E+00   -2.288752E+00
   -9.782813E-01   -9.784150E-01   -9.814078E-01   -1.916637E+00   -3.542155E+00   -2.919058E+00
   -9.776590E-01   -9.778013E-01   -9.809847E-01   -1.966880E+00   -3.558840E+00   -3.542920E+00
   -9.770244E-01   -9.771756E-01   -9.805607E-01   -2.019002E+00   -3.565153E+00   -4.124099E+00
   -9.763774E-01   -9.765382E-01   -9.801367E-01   -2.072982E+00   -3.560412E+00   -4.625207E+00
   -9.757182E-01   -9.758891E-01   -9.797132E-01   -2.128786E+00   -3.544067E+00   -5.011064E+00
   -9.750468E-01   -9.752284E-01   -9.792910E-01   -2.186368E+00   -3.515742E+00   -5.252675E+00
   -9.743634E-01   -9.745562E-01   -9.788709E-01   -2.245667E+00   -3.475274E+00   -5.331525E+00
   -9.736680E-01   -9.738728E-01   -9.784537E-01   -2.306608E+00   -3.422763E+00   -5.243686E+00
   -9.729608E-01   -9.731782E-01   -9.780402E-01   -2.369101E+00   -3.358611E+00   -5.003114E+00
   -9.722421E-01   -9.724727E-01   -9.776314E-01   -2.433040E+00   -3.283578E+00   -4.643378E+00
   -9.715119E-01   -9.717565E-01   -9.772281E-01   -2.498301E+00   -3.198819E+00   -4.217105E+00
   -9.707704E-01   -9.710298E-01   -9.768315E-01   -2.564746E+00   -3.105927E+00   -3.792486E+00
   -9.700179E-01   -9.702929E-01   -9.764426E-01   -2.632216E+00   -3.006971E+00   -3.446581E+00
   -9.692547E-01   -9.695461E-01   -9.760624E-01   -2.700540E+00   -2.904516E+00   -3.255575E+00
   -9.684810E-01   -9.687896E-01   -9.756921E-01   -2.769525E+00   -2.801638E+00   -3.282869E+00
   -9.676970E-01   -9.680238E-01   -9.753330E-01   -2.838968E+00   -2.701917E+00   -3.566583E+00
   -9.669031E-01   -9.672491E-01   -9.749862E-01   -2.908647E+00   -2.609416E+00   -4.108771E+00
   -9.660996E-01   -9.664658E-01   -9.746532E-01   -2.978329E+00   -2.528628E+00   -4.869016E+00
   -9.652868E-01   -9.656742E-01   -9.743352E-01   -3.047772E+00   -2.464399E+00   -5.765046E+00
   -9.644651E-01   -9.648748E-01   -9.740336E-01   -3.116721E+00   -2.421828E+00   -6.682183E+00
   -9.636349E-01   -9.640680E-01   -9.737500E-01   -3.184922E+00   -2.406120E+00   -7.491904E+00
   -9.627965E-01   -9.632542E-01   -9.734858E-01   -3.252115E+00   -2.422419E+00   -8.077537E+00
   -9.619504E-01   -9.624340E-01   -9.732426E-01   -3.318047E+00   -2.475606E+00   -8.362548E+00
   -9.610969E-01   -9.616076E-01   -9.730221E-01   -3.382472E+00   -2.570067E+00   -8.334729E+00
   -9.602366E-01   -9.607758E-01   -9.728260E-01   -3.445158E+00   -2.709442E+00   -8.058613E+00
   -9.593698E-01   -9.599389E-01   -9.726559E-01   -3.505895E+00   -2.896369E+00   -7.669591E+00
   -9.584971E-01   -9.590975E-01   -9.725138E-01   -3.564500E+00   -3.132213E+00   -7.346869E+00
   -9.576188E-01   -9.582521E-01   -9.724014E-01   -3.620828E+00   -3.416831E+00   -7.268399E+00
   -9.567356E-01   -9.574033E-01   -9.723206E-01   -3.674776E+00   -3.748364E+00   -7.557881E+00
   -9.558478E-01   -9.565516E-01   -9.722734E-01   -3.726295E+00   -4.123083E+00   -8.239682E+00
   -9.549560E-01   -9.556976E-01   -9.722620E-01   -3.775398E+00   -4.535327E+00   -9.219151E+00
   -9.540607E-01   -9.548418E-01   -9.722882E-01   -3.822168E+00   -4.977533E+00   -1.030116E+01
   -9.531624E-01   -9.539850E-01   -9.723544E-01   -3.866770E+00   -5.440394E+00   -1.124826E+01
   -9.522616E-01   -9.531276E-01   -9.724627E-01   -3.909458E+00   -5.913157E+00   -1.186403E+01
   -9.513590E-01   -9.522702E-01   -9.726153E-01   -3.950584E+00   -6.384066E+00   -1.207270E+01
   -9.504548E-01   -9.514135E-01   -9.728146E-01   -3.990604E+00   -6.840944E+00   -1.196193E+01
   -9.495499E-01   -9.505581E-01   -9.730631E-01   -4.030087E+00   -7.271914E+00   -1.176106E+01
   -9.486445E-01   -9.497046E-01   -9.733631E-01   -4.069719E+00   -7.666215E+00   -1.175179E+01
   -9.477393E-01   -9.488535E-01   -9.737171E-01   -4.110305E+00   -8.015066E+00   -1.214434E+01
   -9.468345E-01   -9.480053E-01   -9.741275E-01   -4.152773E+00   -8.312527E+00   -1.297389E+01
   -9.459302E-01   -9.471601E-01   -9.745966E-01   -4.198168E+00   -8.556271E+00   -1.407329E+01
   -9.447902E-01   -9.460819E-01   -9.748933E-01   -4.247755E+00   -8.748166E+00   -1.514821E+01
   -9.446927E-01   -9.459929E-01   -9.749936E-01   -4.258421E+00   -8.793424E+00   -1.527789E+01
   -9.445837E-01   -9.458925E-01   -9.750838E-01   -4.268961E+00   -8.831501E+00   -1.539599E+01
   -9.444705E-01   -9.457879E-01   -9.751708E-01   -4.279387E+00   -8.864115E+00   -1.550742E+01
   -9.443555E-01   -9.456815E-01   -9.752572E-01   -4.289713E+00   -8.892542E+00   -1.561232E+01
   -9.442395E-01   -9.455743E-01   -9.753436E-01   -4.299953E+00   -8.917734E+00   -1.571045E+01
   -9.441230E-01   -9.454665E-01   -9.754307E-01   -4.310119E+00   -8.940398E+00   -1.580162E+01
   -9.440061E-01   -9.453584E-01   -9.755184E-01   -4.320224E+00   -8.961063E+00   -1.588572E+01
   -9.438887E-01   -9.452498E-01   -9.756067E-01   -4.330283E+00   -8.980125E+00   -1.596270E+01
   -9.437705E-01   -9.451405E-01   -9.756954E-01   -4.340306E+00   -8.997882E+00   -1.603259E+01
   -9.436516E-01   -9.450306E-01   -9.757845E-01   -4.350307E+00   -9.014563E+00   -1.609550E+01
   -9.435320E-01   -9.449200E-01   -9.758740E-01   -4.360295E+00   -9.030343E+00   -1.615163E+01
   -9.434115E-01   -9.448086E-01   -9.759638E-01   -4.370284E+00   -9.045360E+00   -1.620122E+01
   -9.432901E-01   -9.446962E-01   -9.760538E-01   -4.380283E+00   -9.059724E+00   -1.624461E+01
   -9.431676E-01   -9.445829E-01   -9.761439E-01   -4.390302E+00   -9.073525E+00   -1.628220E+01
   -9.430440E-01   -9.444685E-01   -9.762340E-01   -4.400353E+00   -9.086841E+00   -1.631445E+01
   -9.429192E-01   -9.443530E-01   -9.763241E-01   -4.410444E+00   -9.099739E+00   -1.634190E+01
   -9.427931E-01   -9.442362E-01   -9.764141E-01   -4.420586E+00   -9.112277E+00   -1.636511E+01
   -9.426657E-01   -9.441181E-01   -9.765039E-01   -4.430787E+00   -9.124512E+00   -1.638473E+01
   -9.425367E-01   -9.439985E-01   -9.765934E-01   -4.441056E+00   -9.136495E+00   -1.640141E+01
   -9.424062E-01   -9.438775E-01   -9.766825E-01   -4.451402E+00   -9.148275E+00   -1.641586E+01
   -9.422741E-01   -9.437548E-01   -9.767712E-01   -4.461833E+00   -9.159902E+00   -1.642882E+01
   -9.421402E-01   -9.436306E-01   -9.768595E-01   -4.472357E+00   -9.171423E+00   -1.644104E+01
   -9.420046E-01   -9.435046E-01   -9.769472E-01   -4.482983E+00   -9.182885E+00   -1.645328E+01
   -9.418671E-01   -9.433767E-01   -9.770343E-01   -4.493717E+00   -9.194336E+00   -1.646631E+01
   -9.417277E-01   -9.432471E-01   -9.771207E-01   -4.504568E+00   -9.205823E+00   -1.648087E+01
   -9.415863E-01   -9.431154E-01   -9.772063E-01   -4.515542E+00   -9.217394E+00   -1.649772E+01
   -9.414428E-01   -9.429817E-01   -9.772911E-01   -4.526647E+00   -9.229097E+00   -1.651757E+01
   -9.412971E-01   -9.428459E-01   -9.773750E-01   -4.537889E+00   -9.240980E+00   -1.654110E+01
   -9.411492E-01   -9.427080E-01   -9.774579E-01   -4.549276E+00   -9.253092E+00   -1.656895E+01
   -9.409989E-01   -9.425677E-01   -9.775398E-01   -4.560813E+00   -9.265480E+00   -1.660172E+01
   -9.408463E-01   -9.424251E-01   -9.776206E-01   -4.572506E+00   -9.278195E+00   -1.663994E+01
   -9.406911E-01   -9.422800E-01   -9.777002E-01   -4.584363E+00   -9.291284E+00   -1.668408E+01
   -9.405333E-01   -9.421324E-01   -9.777785E-01   -4.596390E+00   -9.304798E+00   -1.673455E+01
   -9.403728E-01   -9.419821E-01   -9.778554E-01   -4.608591E+00   -9.318785E+00   -1.679167E+01
   -9.402096E-01   -9.418292E-01   -9.779309E-01   -4.620973E+00   -9.333296E+00   -1.685568E+01
   -9.400434E-01   -9.416733E-01   -9.780048E-01   -4.633542E+00   -9.348377E+00   -1.692675E+01
   -9.398742E-01   -9.415146E-01   -9.780771E-01   -4.646302E+00   -9.364080E+00   -1.700496E+01
   -9.397020E-01   -9.413528E-01   -9.781476E-01   -4.659261E+00   -9.380451E+00   -1.709030E+01
   -9.395265E-01   -9.411878E-01   -9.782163E-01   -4.672422E+00   -9.397540E+00   -1.718267E+01
   -9.393476E-01   -9.410195E-01   -9.782830E-01   -4.685791E+00   -9.415394E+00   -1.728190E+01
   -9.391653E-01   -9.408478E-01   -9.783476E-01   -4.699373E+00   -9.434060E+00   -1.738772E+01
   -9.389793E-01   -9.406725E-01   -9.784100E-01   -4.713173E+00   -9.453586E+00   -1.749978E+01
   -9.387896E-01   -9.404936E-01   -9.784701E-01   -4.727196E+00   -9.474017E+00   -1.761767E+01
   -9.385960E-01   -9.403108E-01   -9.785277E-01   -4.741447E+00   -9.495398E+00   -1.774090E+01
   -9.383984E-01   -9.401241E-01   -9.785827E-01   -4.755930E+00   -9.517773E+00   -1.786891E+01
   -9.381965E-01   -9.399332E-01   -9.786350E-01   -4.770651E+00   -9.541186E+00   -1.800111E+01
   -9.379903E-01   -9.397380E-01   -9.786844E-01   -4.785613E+00   -9.565680E+00   -1.813683E+01
   -9.377796E-01   -9.395383E-01   -9.787307E-01   -4.800822E+00   -9.591294E+00   -1.827540E+01
   -9.375642E-01   -9.393340E-01   -9.787738E-01   -4.816281E+00   -9.618069E+00   -1.841608E+01
   -9.373439E-01   -9.391249E-01   -9.788136E-01   -4.831995E+00   -9.646044E+00   -1.855817E+01
   -9.371185E-01   -9.389108E-01   -9.788498E-01   -4.847969E+00   -9.675255E+00   -1.870091E+01
   -9.368878E-01   -9.386915E-01   -9.788823E-01   -4.864206E+00   -9.705738E+00   -1.884359E+01
   -9.366518E-01   -9.384669E-01   -9.789108E-01   -4.880710E+00   -9.737526E+00   -1.898548E+01
   -9.364100E-01   -9.382366E-01   -9.789353E-01   -4.897486E+00   -9.770652E+00   -1.912593E+01
   -9.361625E-01   -9.380006E-01   -9.789555E-01   -4.914538E+00   -9.805145E+00   -1.926427E+01
   -9.359088E-01   -9.377585E-01   -9.789712E-01   -4.931869E+00   -9.841034E+00   -1.939993E+01
   -9.356489E-01   -9.375103E-01   -9.789823E-01   -4.949483E+00   -9.878346E+00   -1.953237E+01
   -9.353825E-01   -9.372557E-01   -9.789885E-01   -4.967385E+00   -9.917104E+00   -1.966113E+01
   -9.351094E-01   -9.369944E-01   -9.789897E-01   -4.985578E+00   -9.957330E+00   -1.978584E+01
   -9.348294E-01   -9.367263E-01   -9.789855E-01   -5.004065E+00   -9.999045E+00   -1.990617E+01
   -9.345423E-01   -9.364512E-01   -9.789760E-01   -5.022851E+00   -1.004226E+01   -2.002193E+01
   -9.342479E-01   -9.361687E-01   -9.789607E-01   -5.041938E+00   -1.008700E+01   -2.013298E+01
   -9.339458E-01   -9.358788E-01   -9.789396E-01   -5.061330E+00   -1.013327E+01   -2.023928E+01
   -9.336360E-01   -9.355812E-01   -9.789124E-01   -5.081031E+00   -1.018109E+01   -2.034090E+01
   -9.333183E-01   -9.352757E-01   -9.788790E-01   -5.101045E+00   -1.023045E+01   -2.043797E+01
   -9.329923E-01   -9.349621E-01   -9.788392E-01   -5.121373E+00   -1.028136E+01   -2.053073E+01
   -9.326580E-01   -9.346402E-01   -9.787927E-01   -5.142020E+00   -1.033383E+01   -2.061949E+01
   -9.323151E-01   -9.343098E-01   -9.787395E-01   -5.162989E+00   -1.038785E+01   -2.070462E+01
   -9.319635E-01   -9.339707E-01   -9.786793E-01   -5.184282E+00   -1.044342E+01   -2.078658E+01
   -9.316029E-01   -9.336228E-01   -9.786120E-01   -5.205904E+00   -1.050053E+01   -2.086587E+01
   -9.312333E-01   -9.332659E-01   -9.785374E-01   -5.227856E+00   -1.055917E+01   -2.094303E+01
   -9.308544E-01   -9.328999E-01   -9.784554E-01   -5.250142E+00   -1.061932E+01   -2.101863E+01
   -9.304662E-01   -9.325245E-01   -9.783660E-01   -5.272764E+00   -1.068097E+01   -2.109326E+01
   -9.300685E-01   -9.321398E-01   -9.782689E-01   -5.295726E+00   -1.074410E+01   -2.116753E+01
   -9.296612E-01   -9.317456E-01   -9.781642E-01   -5.319030E+00   -1.080869E+01   -2.124200E+01
   -9.292442E-01   -9.313417E-01   -9.780517E-01   -5.342678E+00   -1.087470E+01   -2.131726E+01
   -9.288175E-01   -9.309282E-01   -9.779314E-01   -5.366673E+00   -1.094212E+01   -2.139382E+01
   -9.283810E-01   -9.305050E-01   -9.778032E-01   -5.391018E+00   -1.101090E+01   -2.147218E+01
   -9.279347E-01   -9.300721E-01   -9.776672E-01   -5.415714E+00   -1.108102E+01   -2.155275E+01
   -9.274786E-01   -9.296295E-01   -9.775233E-01   -5.440765E+00   -1.115242E+01   -2.163589E+01
   -9.270126E-01   -9.291771E-01   -9.773716E-01   -5.466172E+00   -1.122508E+01   -2.172190E+01
   -9.265370E-01   -9.287151E-01   -9.772122E-01   -5.491937E+00   -1.129894E+01   -2.181099E+01
   -9.260516E-01   -9.282434E-01   -9.770451E-01   -5.518063E+00   -1.137397E+01   -2.190328E+01
   -9.255566E-01   -9.277623E-01   -9.768704E-01   -5.544551E+00   -1.145010E+01   -2.199883E+01
   -9.250521E-01   -9.272717E-01   -9.766882E-01   -5.571404E+00   -1.152728E+01   -2.209762E+01
   -9.245383E-01   -9.267719E-01   -9.764988E-01   -5.598622E+00   -1.160546E+01   -2.219953E+01
   -9.240153E-01   -9.262629E-01   -9.763023E-01   -5.626207E+00   -1.168459E+01   -2.230441E+01
   -9.234833E-01   -9.257451E-01   -9.760988E-01   -5.654162E+00   -1.176460E+01   -2.241202E+01
   -9.229425E-01   -9.252186E-01   -9.758886E-01   -5.682487E+00   -1.184542E+01   -2.252209E+01
   -9.223931E-01   -9.246836E-01   -9.756721E-01   -5.711183E+00   -1.192700E+01   -2.263432E+01
   -9.218355E-01   -9.241405E-01   -9.754493E-01   -5.740252E+00   -1.200928E+01   -2.274836E+01
   -9.212699E-01   -9.235894E-01   -9.752207E-01   -5.769695E+00   -1.209217E+01   -2.286386E+01
   -9.206966E-01   -9.230308E-01   -9.749865E-01   -5.799513E+00   -1.217562E+01   -2.298049E+01
   -9.201160E-01   -9.224649E-01   -9.747471E-01   -5.829706E+00   -1.225955E+01   -2.309791E+01
   -9.195283E-01   -9.218920E-01   -9.745028E-01   -5.860275E+00   -1.234390E+01   -2.321581E+01
   -9.189340E-01   -9.213126E-01   -9.742541E-01   -5.891221E+00   -1.242859E+01   -2.333394E+01
   -9.183334E-01   -9.207271E-01   -9.740013E-01   -5.922544E+00   -1.251356E+01   -2.345206E+01
   -9.177270E-01   -9.201358E-01   -9.737447E-01   -5.954244E+00   -1.259873E+01   -2.357001E+01
   -9.171152E-01   -9.195391E-01   -9.734850E-01   -5.986321E+00   -1.268404E+01   -2.368768E+01
   -9.164983E-01   -9.189376E-01   -9.732224E-01   -6.018775E+00   -1.276941E+01   -2.380501E+01
   -9.158768E-01   -9.183315E-01   -9.729574E-01   -6.051606E+00   -1.285478E+01   -2.392199E+01
   -9.152513E-01   -9.177214E-01   -9.726905E-01   -6.084814E+00   -1.294009E+01   -2.403870E+01
   -9.146220E-01   -9.171078E-01   -9.724221E-01   -6.118397E+00   -1.302527E+01   -2.415521E+01
   -9.139896E-01   -9.164911E-01   -9.721527E-01   -6.152356E+00   -1.311026E+01   -2.427169E+01
   -9.133544E-01   -9.158717E-01   -9.718828E-01   -6.186688E+00   -1.319499E+01   -2.438828E+01
   -9.127170E-01   -9.152501E-01   -9.716128E-01   -6.221394E+00   -1.327942E+01   -2.450519E+01
   -9.120778E-01   -9.146269E-01   -9.713433E-01   -6.256471E+00   -1.336350E+01   -2.462261E+01
   -9.114372E-01   -9.140024E-01   -9.710746E-01   -6.291919E+00   -1.344716E+01   -2.474074E+01
   -9.107958E-01   -9.133771E-01   -9.708074E-01   -6.327735E+00   -1.353037E+01   -2.485974E+01
   -9.101540E-01   -9.127516E-01   -9.705419E-01   -6.363918E+00   -1.361309E+01   -2.497976E+01
   -9.095123E-01   -9.121263E-01   -9.702788E-01   -6.400466E+00   -1.369528E+01   -2.510094E+01
   -9.088711E-01   -9.115015E-01   -9.700184E-01   -6.437376E+00   -1.377690E+01   -2.522334E+01
   -9.082309E-01   -9.108778E-01   -9.697612E-01   -6.474646E+00   -1.385794E+01   -2.534700E+01
   -9.075920E-01   -9.102557E-01   -9.695077E-01   -6.512274E+00   -1.393836E+01   -2.547191E+01
   -9.069550E-01   -9.096354E-01   -9.692582E-01   -6.550256E+00   -1.401816E+01   -2.559802E+01
   -9.063202E-01   -9.090175E-01   -9.690132E-01   -6.588589E+00   -1.409732E+01   -2.572522E+01
   -9.056881E-01   -9.084023E-01   -9.687730E-01   -6.627271E+00   -1.417584E+01   -2.585338E+01
   -9.050590E-01   -9.077903E-01   -9.685382E-01   -6.666298E+00   -1.425372E+01   -2.598236E+01
   -9.044333E-01   -9.071817E-01   -9.683090E-01   -6.705665E+00   -1.433096E+01   -2.611196E+01
   -9.038114E-01   -9.065770E-01   -9.680858E-01   -6.745370E+00   -1.440757E+01   -2.624201E+01
   -9.031936E-01   -9.059765E-01   -9.678689E-01   -6.785409E+00   -1.448358E+01   -2.637232E+01
   -9.025802E-01   -9.053806E-01   -9.676588E-01   -6.825776E+00   -1.455901E+01   -2.650273E+01
   -9.019715E-01   -9.047895E-01   -9.674556E-01   -6.866468E+00   -1.463388E+01   -2.663309E+01
   -9.013679E-01   -9.042035E-01   -9.672597E-01   -6.907480E+00   -1.470823E+01   -2.676330E+01
   -9.007696E-01   -9.036229E-01   -9.670715E-01   -6.948807E+00   -1.478210E+01   -2.689326E+01
   -9.001768E-01   -9.030480E-01   -9.668910E-01   -6.990444E+00   -1.485553E+01   -2.702297E+01
   -8.995899E-01   -9.024791E-01   -9.667187E-01   -7.032386E+00   -1.492858E+01   -2.715242E+01
   -8.990091E-01   -9.019163E-01   -9.665546E-01   -7.074628E+00   -1.500128E+01   -2.728168E+01
   -8.984345E-01   -9.013598E-01   -9.663991E-01   -7.117164E+00   -1.507371E+01   -2.741085E+01
   -8.978664E-01   -9.008099E-01   -9.662524E-01   -7.159989E+00   -1.514591E+01   -2.754006E+01
   -8.973049E-01   -9.002668E-01   -9.661145E-01   -7.203096E+00   -1.521796E+01   -2.766949E+01
   -8.967502E-01   -8.997305E-01   -9.659858E-01   -7.246480E+00   -1.528992E+01   -2.779933E+01
   -8.962025E-01   -8.992013E-01   -9.658663E-01   -7.290135E+00   -1.536186E+01   -2.792978E+01
   -8.956618E-01   -8.986793E-01   -9.657562E-01   -7.334054E+00   -1.543384E+01   -2.806104E+01
   -8.951284E-01   -8.981646E-01   -9.656555E-01   -7.378231E+00   -1.550593E+01   -2.819331E+01
   -8.946022E-01   -8.976573E-01   -9.655645E-01   -7.422659E+00   -1.557822E+01   -2.832677E+01
   -8.940835E-01   -8.971575E-01   -9.654833E-01   -7.467332E+00   -1.565076E+01   -2.846157E+01
   -8.935723E-01   -8.966653E-01   -9.654118E-01   -7.512244E+00   -1.572363E+01   -2.859785E+01
   -8.930686E-01   -8.961808E-01   -9.653502E-01   -7.557386E+00   -1.579690E+01   -2.873568E+01
   -8.925725E-01   -8.957039E-01   -9.652985E-01   -7.602753E+00   -1.587064E+01   -2.887511E+01
   -8.920841E-01   -8.952349E-01   -9.652568E-01   -7.648338E+00   -1.594490E+01   -2.901615E+01
   -8.916033E-01   -8.947736E-01   -9.652251E-01   -7.694134E+00   -1.601976E+01   -2.915877E+01
   -8.911303E-01   -8.943201E-01   -9.652035E-01   -7.740133E+00   -1.609527E+01   -2.930291E+01
   -8.906649E-01   -8.938744E-01   -9.651919E-01   -7.786328E+00   -1.617149E+01   -2.944846E+01
   -8.902074E-01   -8.934366E-01   -9.651905E-01   -7.832713E+00   -1.624847E+01   -2.959531E+01
   -8.897575E-01   -8.930066E-01   -9.651991E-01   -7.879280E+00   -1.632626E+01   -2.974331E+01
   -8.893154E-01   -8.925844E-01   -9.652179E-01   -7.926022E+00   -1.640489E+01   -2.989233E+01
   -8.888809E-01   -8.921701E-01   -9.652467E-01   -7.972933E+00   -1.648441E+01   -3.004221E+01
   -8.884542E-01   -8.917635E-01   -9.652856E-01   -8.020005E+00   -1.656484E+01   -3.019281E+01
   -8.880351E-01   -8.913647E-01   -9.653346E-01   -8.067231E+00   -1.664621E+01   -3.034401E+01
   -8.876236E-01   -8.909736E-01   -9.653935E-01   -8.114604E+00   -1.672853E+01   -3.049569E+01
   -8.872197E-01   -8.905902E-01   -9.654625E-01   -8.162117E+00   -1.681183E+01   -3.064778E+01
   -8.868233E-01   -8.902144E-01   -9.655414E-01   -8.209764E+00   -1.689611E+01   -3.080021E+01
   -8.864344E-01   -8.898463E-01   -9.656302E-01   -8.257539E+00   -1.698137E+01   -3.095295E+01
   -8.860530E-01   -8.894856E-01   -9.657289E-01   -8.305433E+00   -1.706759E+01   -3.110601E+01
   -8.856789E-01   -8.891325E-01   -9.658374E-01   -8.353441E+00   -1.715478E+01   -3.125940E+01
   -8.853122E-01   -8.887868E-01   -9.659557E-01   -8.401557E+00   -1.724290E+01   -3.141318E+01
   -8.849527E-01   -8.884484E-01   -9.660837E-01   -8.449775E+00   -1.733195E+01   -3.156741E+01
   -8.846004E-01   -8.881174E-01   -9.662214E-01   -8.498088E+00   -1.742188E+01   -3.172218E+01
   -8.842552E-01   -8.877936E-01   -9.663687E-01   -8.546491E+00   -1.751267E+01   -3.187758E+01
   -8.839171E-01   -8.874769E-01   -9.665255E-01   -8.594978E+00   -1.760427E+01   -3.203372E+01
   -8.835860E-01   -8.871674E-01   -9.666918E-01   -8.643543E+00   -1.769664E+01   -3.219068E+01
   -8.832617E-01   -8.868649E-01   -9.668676E-01   -8.692182E+00   -1.778975E+01   -3.234854E+01
   -8.829444E-01   -8.865693E-01   -9.670527E-01   -8.740890E+00   -1.788352E+01   -3.250737E+01
   -8.826338E-01   -8.862806E-01   -9.672471E-01   -8.789662E+00   -1.797792E+01   -3.266723E+01
   -8.823299E-01   -8.859987E-01   -9.674507E-01   -8.838493E+00   -1.807289E+01   -3.282813E+01
   -8.820326E-01   -8.857236E-01   -9.676635E-01   -8.887380E+00   -1.816838E+01   -3.299008E+01
   -8.817418E-01   -8.854551E-01   -9.678853E-01   -8.936318E+00   -1.826432E+01   -3.315305E+01
   -8.814575E-01   -8.851932E-01   -9.681162E-01   -8.985304E+00   -1.836067E+01   -3.331699E+01
   -8.811796E-01   -8.849378E-01   -9.683561E-01   -9.034334E+00   -1.845735E+01   -3.348182E+01
   -8.809080E-01   -8.846887E-01   -9.686048E-01   -9.083406E+00   -1.855434E+01   -3.364747E+01
   -8.806427E-01   -8.844461E-01   -9.688624E-01   -9.132517E+00   -1.865156E+01   -3.381383E+01
   -8.803834E-01   -8.842097E-01   -9.691287E-01   -9.181664E+00   -1.874896E+01   -3.398080E+01
   -8.801303E-01   -8.839795E-01   -9.694037E-01   -9.230846E+00   -1.884652E+01   -3.414829E+01
   -8.798831E-01   -8.837553E-01   -9.696873E-01   -9.280061E+00   -1.894417E+01   -3.431622E+01
   -8.796419E-01   -8.835373E-01   -9.699794E-01   -9.329307E+00   -1.904188E+01   -3.448453E+01
   -8.794064E-01   -8.833251E-01   -9.702800E-01   -9.378584E+00   -1.913962E+01   -3.465320E+01
   -8.791768E-01   -8.831188E-01   -9.705890E-01   -9.427891E+00   -1.923737E+01   -3.482223E+01
   -8.789528E-01   -8.829184E-01   -9.709064E-01   -9.477228E+00   -1.933509E+01   -3.499168E+01
   -8.787343E-01   -8.827236E-01   -9.712320E-01   -9.526595E+00   -1.943277E+01   -3.516163E+01
   -8.785215E-01   -8.825345E-01   -9.715658E-01   -9.575993E+00   -1.953040E+01   -3.533220E+01
   -8.783140E-01   -8.823509E-01   -9.719078E-01   -9.625422E+00   -1.962798E+01   -3.550354E+01
   -8.781119E-01   -8.821728E-01   -9.722578E-01   -9.674884E+00   -1.972551E+01   -3.567584E+01
   -8.779152E-01   -8.820002E-01   -9.726159E-01   -9.724380E+00   -1.982300E+01   -3.584928E+01
   -8.777236E-01   -8.818328E-01   -9.729818E-01   -9.773913E+00   -1.992047E+01   -3.602405E+01
   -8.775371E-01   -8.816708E-01   -9.733557E-01   -9.823485E+00   -2.001793E+01   -3.620031E+01
   -8.773558E-01   -8.815139E-01   -9.737374E-01   -9.873099E+00   -2.011543E+01   -3.637823E+01
   -8.771794E-01   -8.813621E-01   -9.741268E-01   -9.922759E+00   -2.021298E+01   -3.655790E+01
   -8.770079E-01   -8.812153E-01   -9.745239E-01   -9.972467E+00   -2.031065E+01   -3.673938E+01
   -8.768413E-01   -8.810736E-01   -9.749286E-01   -1.002223E+01   -2.040846E+01   -3.692267E+01
   -8.766795E-01   -8.809367E-01   -9.753409E-01   -1.007205E+01   -2.050647E+01   -3.710771E+01
   -8.765223E-01   -8.808046E-01   -9.757607E-01   -1.012193E+01   -2.060474E+01   -3.729439E+01
   -8.763698E-01   -8.806773E-01   -9.761879E-01   -1.017187E+01   -2.070333E+01   -3.748254E+01
   -8.762218E-01   -8.805547E-01   -9.766226E-01   -1.022189E+01   -2.080229E+01   -3.767197E+01
   -8.760783E-01   -8.804367E-01   -9.770645E-01   -1.027199E+01   -2.090170E+01   -3.786245E+01
   -8.759393E-01   -8.803233E-01   -9.775137E-01   -1.032217E+01   -2.100161E+01   -3.805374E+01
   -8.758046E-01   -8.802143E-01   -9.779702E-01   -1.037244E+01   -2.110211E+01   -3.824564E+01
   -8.756742E-01   -8.801098E-01   -9.784338E-01   -1.042281E+01   -2.120324E+01   -3.843794E+01
   -8.755480E-01   -8.800096E-01   -9.789045E-01   -1.047329E+01   -2.130509E+01   -3.863050E+01
   -8.754260E-01   -8.799136E-01   -9.793822E-01   -1.052387E+01   -2.140772E+01   -3.882324E+01
   -8.748914E-01   -8.794942E-01   -9.814891E-01   -1.070629E+01   -2.182118E+01   -3.967549E+01
   -8.744331E-01   -8.791536E-01   -9.837305E-01   -1.091619E+01   -2.230517E+01   -4.054229E+01
   -8.740458E-01   -8.788867E-01   -9.861019E-01   -1.113988E+01   -2.281286E+01   -4.143626E+01
   -8.737245E-01   -8.786884E-01   -9.885997E-01   -1.137214E+01   -2.334385E+01   -4.235329E+01
   -8.734646E-01   -8.785543E-01   -9.912200E-01   -1.161134E+01   -2.389571E+01   -4.328223E+01
   -8.732616E-01   -8.784798E-01   -9.939596E-01   -1.185729E+01   -2.446416E+01   -4.422810E+01
   -8.731115E-01   -8.784611E-01   -9.968155E-01   -1.211032E+01   -2.504416E+01   -4.520733E+01
   -8.730103E-01   -8.784940E-01   -9.997848E-01   -1.237090E+01   -2.563110E+01   -4.622036E+01
   -8.729542E-01   -8.785751E-01   -1.002865E+00   -1.263946E+01   -2.622184E+01   -4.725017E+01
   -8.729398E-01   -8.787009E-01   -1.006054E+00   -1.291632E+01   -2.681537E+01   -4.828962E+01
   -8.729638E-01   -8.788681E-01   -1.009349E+00   -1.320163E+01   -2.741283E+01   -4.935038E+01
   -8.730232E-01   -8.790738E-01   -1.012750E+00   -1.349541E+01   -2.801704E+01   -5.044116E+01
   -8.731151E-01   -8.793152E-01   -1.016253E+00   -1.379749E+01   -2.863169E+01   -5.155664E+01
   -8.732367E-01   -8.795896E-01   -1.019859E+00   -1.410759E+01   -2.926031E+01   -5.269321E+01
   -8.733856E-01   -8.798944E-01   -1.023565E+00   -1.442530E+01   -2.990560E+01   -5.385832E+01
   -8.735594E-01   -8.802275E-01   -1.027371E+00   -1.475016E+01   -3.056894E+01   -5.505743E+01
   -8.737557E-01   -8.805867E-01   -1.031276E+00   -1.508167E+01   -3.125048E+01   -5.628315E+01
   -8.739727E-01   -8.809699E-01   -1.035279E+00   -1.541937E+01   -3.194938E+01   -5.752599E+01
   -8.742082E-01   -8.813753E-01   -1.039381E+00   -1.576284E+01   -3.266444E+01   -5.879022E+01
   -8.744605E-01   -8.818011E-01   -1.043580E+00   -1.611182E+01   -3.339452E+01   -6.008875E+01
   -8.747279E-01   -8.822458E-01   -1.047877E+00   -1.646617E+01   -3.413899E+01   -6.142140E+01
   -8.750088E-01   -8.827077E-01   -1.052272E+00   -1.682598E+01   -3.489799E+01   -6.277962E+01
   -8.753018E-01   -8.831855E-01   -1.056765E+00   -1.719149E+01   -3.567244E+01   -6.416856E+01
   -8.756054E-01   -8.836780E-01   -1.061356E+00   -1.756317E+01   -3.646401E+01   -6.559549E+01
   -8.759183E-01   -8.841838E-01   -1.066046E+00   -1.794165E+01   -3.727486E+01   -6.704805E+01
   -8.762395E-01   -8.847020E-01   -1.070836E+00   -1.832771E+01   -3.810714E+01   -6.852174E+01
   -8.765677E-01   -8.852314E-01   -1.075726E+00   -1.872223E+01   -3.896239E+01   -7.003387E+01
   -8.769019E-01   -8.857712E-01   -1.080717E+00   -1.912611E+01   -3.984084E+01   -7.158721E+01
   -8.772412E-01   -8.863204E-01   -1.085811E+00   -1.954025E+01   -4.074101E+01   -7.317011E+01
   -8.775848E-01   -8.868783E-01   -1.091007E+00   -1.996544E+01   -4.165992E+01   -7.478805E+01
   -8.779317E-01   -8.874442E-01   -1.096309E+00   -2.040233E+01   -4.259402E+01   -7.644569E+01
   -8.782812E-01   -8.880174E-01   -1.101716E+00   -2.085139E+01   -4.354065E+01   -7.813263E+01
   -8.786326E-01   -8.885973E-01   -1.107231E+00   -2.131287E+01   -4.449954E+01   -7.985227E+01
   -8.789853E-01   -8.891833E-01   -1.112855E+00   -2.178681E+01   -4.547350E+01   -8.161694E+01
   -8.793387E-01   -8.897750E-01   -1.118589E+00   -2.227306E+01   -4.646777E+01   -8.342365E+01
   -8.796922E-01   -8.903719E-01   -1.124436E+00   -2.277128E+01   -4.748808E+01   -8.526623E+01
   -8.800453E-01   -8.909736E-01   -1.130397E+00   -2.328106E+01   -4.853821E+01   -8.714899E+01
   -8.803976E-01   -8.915798E-01   -1.136475E+00   -2.380193E+01   -4.961834E+01   -8.907309E+01
   -8.807486E-01   -8.921902E-01   -1.142671E+00   -2.433347E+01   -5.072519E+01   -9.103383E+01
   -8.810980E-01   -8.928044E-01   -1.148988E+00   -2.487535E+01   -5.185412E+01   -9.304114E+01
   -8.814453E-01   -8.934223E-01   -1.155427E+00   -2.542740E+01   -5.300221E+01   -9.509937E+01
   -8.817903E-01   -8.940437E-01   -1.161992E+00   -2.598964E+01   -5.417037E+01   -9.719613E+01
   -8.821327E-01   -8.946684E-01   -1.168684E+00   -2.656231E+01   -5.536323E+01   -9.933780E+01
   -8.824722E-01   -8.952963E-01   -1.175507E+00   -2.714582E+01   -5.658650E+01   -1.015280E+02
   -8.828085E-01   -8.959272E-01   -1.182462E+00   -2.774076E+01   -5.784339E+01   -1.037611E+02
   -8.831415E-01   -8.965610E-01   -1.189553E+00   -2.834781E+01   -5.913245E+01   -1.060497E+02
   -8.834710E-01   -8.971978E-01   -1.196783E+00   -2.896772E+01   -6.044846E+01   -1.083898E+02
   -8.837967E-01   -8.978375E-01   -1.204153E+00   -2.960119E+01   -6.178596E+01   -1.107740E+02
   -8.841186E-01   -8.984801E-01   -1.211668E+00   -3.024886E+01   -6.314329E+01   -1.132124E+02
   -8.844365E-01   -8.991256E-01   -1.219331E+00   -3.091124E+01   -6.452417E+01   -1.157031E+02
   -8.847503E-01   -8.997740E-01   -1.227143E+00   -3.158874E+01   -6.593573E+01   -1.182490E+02
   -8.850599E-01   -9.004254E-01   -1.235110E+00   -3.228161E+01   -6.738413E+01   -1.208546E+02
   -8.853652E-01   -9.010798E-01   -1.243233E+00   -3.299003E+01   -6.887128E+01   -1.235118E+02
   -8.856660E-01   -9.017374E-01   -1.251518E+00   -3.371410E+01   -7.039441E+01   -1.262256E+02
   -8.859625E-01   -9.023982E-01   -1.259966E+00   -3.445394E+01   -7.194927E+01   -1.290014E+02
   -8.862544E-01   -9.030625E-01   -1.268582E+00   -3.520970E+01   -7.353393E+01   -1.318361E+02
   -8.865419E-01   -9.037302E-01   -1.277370E+00   -3.598161E+01   -7.515036E+01   -1.347366E+02
   -8.868247E-01   -9.044015E-01   -1.286332E+00   -3.676999E+01   -7.680278E+01   -1.376951E+02
   -8.871030E-01   -9.050766E-01   -1.295474E+00   -3.757525E+01   -7.849417E+01   -1.407174E+02
   -8.873767E-01   -9.057558E-01   -1.304799E+00   -3.839787E+01   -8.022468E+01   -1.438089E+02
   -8.876458E-01   -9.064391E-01   -1.314312E+00   -3.923839E+01   -8.199200E+01   -1.469662E+02
   -8.879103E-01   -9.071267E-01   -1.324015E+00   -4.009734E+01   -8.379401E+01   -1.501940E+02
   -8.881703E-01   -9.078189E-01   -1.333915E+00   -4.097524E+01   -8.563091E+01   -1.534872E+02
   -8.884256E-01   -9.085159E-01   -1.344015E+00   -4.187260E+01   -8.750537E+01   -1.568542E+02
   -8.886764E-01   -9.092179E-01   -1.354319E+00   -4.278987E+01   -8.942124E+01   -1.602963E+02
   -8.889227E-01   -9.099251E-01   -1.364833E+00   -4.372752E+01   -9.138192E+01   -1.638117E+02
   -8.891645E-01   -9.106379E-01   -1.375561E+00   -4.468598E+01   -9.338911E+01   -1.674031E+02
   -8.894018E-01   -9.113563E-01   -1.386508E+00   -4.566572E+01   -9.544235E+01   -1.710708E+02
   -8.896347E-01   -9.120808E-01   -1.397679E+00   -4.666718E+01   -9.753973E+01   -1.748219E+02
   -8.898632E-01   -9.128115E-01   -1.409078E+00   -4.769081E+01   -9.967973E+01   -1.786519E+02
   -8.900874E-01   -9.135487E-01   -1.420712E+00   -4.873702E+01   -1.018634E+02   -1.825652E+02
   -8.903073E-01   -9.142928E-01   -1.432585E+00   -4.980615E+01   -1.040944E+02   -1.865616E+02
   -8.905229E-01   -9.150441E-01   -1.444703E+00   -5.089847E+01   -1.063760E+02   -1.906489E+02
   -8.907344E-01   -9.158027E-01   -1.457071E+00   -5.201419E+01   -1.087083E+02   -1.948220E+02
   -8.909417E-01   -9.165691E-01   -1.469695E+00   -5.315349E+01   -1.110886E+02   -1.990859E+02
   -8.911449E-01   -9.173435E-01   -1.482580E+00   -5.431662E+01   -1.135161E+02   -2.034414E+02
   -8.913441E-01   -9.181263E-01   -1.495734E+00   -5.550396E+01   -1.159955E+02   -2.078941E+02
   -8.915393E-01   -9.189178E-01   -1.509161E+00   -5.671609E+01   -1.185332E+02   -2.124410E+02
   -8.917306E-01   -9.197184E-01   -1.522868E+00   -5.795381E+01   -1.211317E+02   -2.170866E+02
   -8.919180E-01   -9.205283E-01   -1.536861E+00   -5.921813E+01   -1.237871E+02   -2.218329E+02
   -8.921017E-01   -9.213479E-01   -1.551146E+00   -6.051015E+01   -1.264953E+02   -2.266841E+02
   -8.922816E-01   -9.221777E-01   -1.565731E+00   -6.183093E+01   -1.292581E+02   -2.316372E+02
   -8.924579E-01   -9.230178E-01   -1.580622E+00   -6.318138E+01   -1.320820E+02   -2.366997E+02
   -8.926305E-01   -9.238688E-01   -1.595826E+00   -6.456213E+01   -1.349704E+02   -2.418714E+02
   -8.927996E-01   -9.247311E-01   -1.611350E+00   -6.597352E+01   -1.379211E+02   -2.471559E+02
   -8.929652E-01   -9.256048E-01   -1.627201E+00   -6.741572E+01   -1.409319E+02   -2.525528E+02
   -8.931274E-01   -9.264906E-01   -1.643387E+00   -6.888883E+01   -1.440065E+02   -2.580688E+02
   -8.932862E-01   -9.273887E-01   -1.659914E+00   -7.039313E+01   -1.471511E+02   -2.637037E+02
   -8.934418E-01   -9.282997E-01   -1.676792E+00   -7.192923E+01   -1.503679E+02   -2.694596E+02
   -8.935940E-01   -9.292238E-01   -1.694027E+00   -7.349807E+01   -1.536547E+02   -2.753415E+02
   -8.937431E-01   -9.301615E-01   -1.711628E+00   -7.510091E+01   -1.570086E+02   -2.813501E+02
   -8.938891E-01   -9.311133E-01   -1.729602E+00   -7.673909E+01   -1.604334E+02   -2.874889E+02
   -8.940321E-01   -9.320795E-01   -1.747959E+00   -7.841378E+01   -1.639329E+02   -2.937604E+02
   -8.941720E-01   -9.330607E-01   -1.766707E+00   -8.012581E+01   -1.675090E+02   -3.001688E+02
   -8.943090E-01   -9.340572E-01   -1.785854E+00   -8.187559E+01   -1.711628E+02   -3.067149E+02
   -8.944431E-01   -9.350696E-01   -1.805411E+00   -8.366322E+01   -1.748949E+02   -3.134025E+02
   -8.945744E-01   -9.360982E-01   -1.825385E+00   -8.548877E+01   -1.787078E+02   -3.202365E+02
   -8.947029E-01   -9.371436E-01   -1.845786E+00   -8.735255E+01   -1.826050E+02   -3.272166E+02
   -8.948288E-01   -9.382063E-01   -1.866624E+00   -8.925535E+01   -1.865886E+02   -3.343503E+02
   -8.949519E-01   -9.392867E-01   -1.887908E+00   -9.119848E+01   -1.906571E+02   -3.416359E+02
   -8.950725E-01   -9.403854E-01   -1.909650E+00   -9.318357E+01   -1.948099E+02   -3.490792E+02
   -8.951906E-01   -9.415028E-01   -1.931858E+00   -9.521229E+01   -1.990518E+02   -3.566846E+02
   -8.953061E-01   -9.426395E-01   -1.954543E+00   -9.728598E+01   -2.033891E+02   -3.644603E+02
   -8.954193E-01   -9.437960E-01   -1.977716E+00   -9.940557E+01   -2.078210E+02   -3.723926E+02
   -8.955300E-01   -9.449728E-01   -2.001389E+00   -1.015716E+02   -2.123463E+02   -3.805030E+02
   -8.956384E-01   -9.461705E-01   -2.025571E+00   -1.037843E+02   -2.169702E+02   -3.887888E+02
   -8.957446E-01   -9.473896E-01   -2.050275E+00   -1.060444E+02   -2.216973E+02   -3.972531E+02
   -8.958485E-01   -9.486308E-01   -2.075512E+00   -1.083528E+02   -2.265255E+02   -4.059015E+02
   -8.959503E-01   -9.498945E-01   -2.101294E+00   -1.107108E+02   -2.314542E+02   -4.147367E+02
   -8.960499E-01   -9.511814E-01   -2.127634E+00   -1.131201E+02   -2.364902E+02   -4.237634E+02
   -8.961475E-01   -9.524920E-01   -2.154543E+00   -1.155821E+02   -2.416380E+02   -4.329852E+02
   -8.962430E-01   -9.538271E-01   -2.182035E+00   -1.180979E+02   -2.468970E+02   -4.424062E+02
   -8.963365E-01   -9.551871E-01   -2.210122E+00   -1.206685E+02   -2.522685E+02   -4.520320E+02
   -8.964281E-01   -9.565728E-01   -2.238818E+00   -1.232945E+02   -2.577583E+02   -4.618654E+02
   -8.965179E-01   -9.579847E-01   -2.268137E+00   -1.259768E+02   -2.633658E+02   -4.719116E+02
   -8.966057E-01   -9.594236E-01   -2.298092E+00   -1.287164E+02   -2.690937E+02   -4.821756E+02
   -8.966918E-01   -9.608900E-01   -2.328697E+00   -1.315149E+02   -2.749442E+02   -4.926613E+02
   -8.967761E-01   -9.623848E-01   -2.359967E+00   -1.343739E+02   -2.809225E+02   -5.033747E+02
   -8.968587E-01   -9.639085E-01   -2.391917E+00   -1.372948E+02   -2.870320E+02   -5.143184E+02
   -8.969395E-01   -9.654618E-01   -2.424562E+00   -1.402793E+02   -2.932744E+02   -5.255002E+02
   -8.970188E-01   -9.670456E-01   -2.457918E+00   -1.433286E+02   -2.996479E+02   -5.369231E+02
   -8.970965E-01   -9.686605E-01   -2.492000E+00   -1.464442E+02   -3.061620E+02   -5.485937E+02
   -8.971725E-01   -9.703073E-01   -2.526824E+00   -1.496274E+02   -3.128163E+02   -5.605166E+02
   -8.972471E-01   -9.719867E-01   -2.562407E+00   -1.528796E+02   -3.196126E+02   -5.726971E+02
   -8.973202E-01   -9.736996E-01   -2.598766E+00   -1.562020E+02   -3.265579E+02   -5.851415E+02
   -8.973918E-01   -9.754467E-01   -2.635917E+00   -1.595961E+02   -3.336551E+02   -5.978546E+02
   -8.974620E-01   -9.772287E-01   -2.673880E+00   -1.630634E+02   -3.409035E+02   -6.108434E+02
   -8.975309E-01   -9.790467E-01   -2.712670E+00   -1.666055E+02   -3.483090E+02   -6.241125E+02
   -8.975983E-01   -9.809013E-01   -2.752308E+00   -1.702245E+02   -3.558754E+02   -6.376689E+02
   -8.976645E-01   -9.827934E-01   -2.792811E+00   -1.739218E+02   -3.636036E+02   -6.515184E+02
   -8.977294E-01   -9.847240E-01   -2.834199E+00   -1.776993E+02   -3.714999E+02   -6.656676E+02
   -8.977930E-01   -9.866939E-01   -2.876492E+00   -1.815580E+02   -3.795698E+02   -6.801217E+02
   -8.978555E-01   -9.887040E-01   -2.919709E+00   -1.854997E+02   -3.878105E+02   -6.948900E+02
   -8.979167E-01   -9.907552E-01   -2.963870E+00   -1.895263E+02   -3.962300E+02   -7.099766E+02
   -8.979768E-01   -9.928485E-01   -3.008997E+00   -1.936402E+02   -4.048317E+02   -7.253899E+02
   -8.980357E-01   -9.949848E-01   -3.055111E+00   -1.978439E+02   -4.136208E+02   -7.411366E+02
   -8.980935E-01   -9.971652E-01   -3.102233E+00   -2.021390E+02   -4.225973E+02   -7.572230E+02
   -8.981503E-01   -9.993906E-01   -3.150386E+00   -2.065270E+02   -4.317705E+02   -7.736571E+02
   -8.982060E-01   -1.001662E+00   -3.199592E+00   -2.110093E+02   -4.411408E+02   -7.904466E+02
   -8.982607E-01   -1.003981E+00   -3.249874E+00   -2.155878E+02   -4.507124E+02   -8.075985E+02
   -8.983144E-01   -1.006347E+00   -3.301257E+00   -2.202652E+02   -4.604927E+02   -8.251207E+02
   -8.983672E-01   -1.008763E+00   -3.353763E+00   -2.250442E+02   -4.704832E+02   -8.430240E+02
   -8.984189E-01   -1.011230E+00   -3.407418E+00   -2.299267E+02   -4.806906E+02   -8.613128E+02
   -8.984698E-01   -1.013747E+00   -3.462246E+00   -2.349146E+02   -4.911186E+02   -8.799964E+02
   -8.985197E-01   -1.016318E+00   -3.518274E+00   -2.400098E+02   -5.017700E+02   -8.990814E+02
   -8.985688E-01   -1.018942E+00   -3.575526E+00   -2.452145E+02   -5.126529E+02   -9.185834E+02
   -8.986170E-01   -1.021621E+00   -3.634031E+00   -2.505319E+02   -5.237706E+02   -9.385039E+02
   -8.986643E-01   -1.024356E+00   -3.693814E+00   -2.559648E+02   -5.351286E+02   -9.588551E+02
   -8.987109E-01   -1.027149E+00   -3.754904E+00   -2.615154E+02   -5.467324E+02   -9.796451E+02
   -8.987566E-01   -1.030001E+00   -3.817329E+00   -2.671856E+02   -5.585848E+02   -1.000883E+03
   -8.988015E-01   -1.032912E+00   -3.881118E+00   -2.729778E+02   -5.706938E+02   -1.022582E+03
   -8.988457E-01   -1.035885E+00   -3.946300E+00   -2.788949E+02   -5.830651E+02   -1.044747E+03
   -8.988891E-01   -1.038921E+00   -4.012905E+00   -2.849396E+02   -5.957024E+02   -1.067391E+03
   -8.989318E-01   -1.042021E+00   -4.080963E+00   -2.911148E+02   -6.086130E+02   -1.090524E+03
   -8.989737E-01   -1.045186E+00   -4.150506E+00   -2.974232E+02   -6.218007E+02   -1.114155E+03
   -8.990149E-01   -1.048418E+00   -4.221566E+00   -3.038676E+02   -6.352742E+02   -1.138296E+03
   -8.990554E-01   -1.051718E+00   -4.294174E+00   -3.104509E+02   -6.490376E+02   -1.162957E+03
   -8.990953E-01   -1.055088E+00   -4.368364E+00   -3.171762E+02   -6.630976E+02   -1.188150E+03
   -8.991344E-01   -1.058530E+00   -4.444170E+00   -3.240461E+02   -6.774605E+02   -1.213886E+03
   -8.991728E-01   -1.062044E+00   -4.521625E+00   -3.310645E+02   -6.921322E+02   -1.240176E+03
   -8.992106E-01   -1.065633E+00   -4.600765E+00   -3.382341E+02   -7.071213E+02   -1.267032E+03
   -8.992478E-01   -1.069298E+00   -4.681625E+00   -3.455579E+02   -7.224323E+02   -1.294466E+03
   -8.992842E-01   -1.073040E+00   -4.764242E+00   -3.530391E+02   -7.380726E+02   -1.322491E+03
   -8.993200E-01   -1.076862E+00   -4.848652E+00   -3.606808E+02   -7.540476E+02   -1.351118E+03
   -8.993552E-01   -1.080765E+00   -4.934893E+00   -3.684871E+02   -7.703698E+02   -1.380361E+03
   -8.993897E-01   -1.084750E+00   -5.023003E+00   -3.764616E+02   -7.870412E+02   -1.410233E+03
   -8.994235E-01   -1.088820E+00   -5.113021E+00   -3.846072E+02   -8.040702E+02   -1.440746E+03
   -8.994567E-01   -1.092977E+00   -5.204987E+00   -3.929275E+02   -8.214652E+02   -1.471915E+03
   -8.994892E-01   -1.097221E+00   -5.298942E+00   -4.014266E+02   -8.392340E+02   -1.503752E+03
   -8.995210E-01   -1.101555E+00   -5.394926E+00   -4.101083E+02   -8.573835E+02   -1.536273E+03
   -8.995522E-01   -1.105982E+00   -5.492981E+00   -4.189758E+02   -8.759219E+02   -1.569491E+03
   -8.995827E-01   -1.110502E+00   -5.593151E+00   -4.280330E+02   -8.948578E+02   -1.603420E+03
   -8.996125E-01   -1.115117E+00   -5.695478E+00   -4.372846E+02   -9.142001E+02   -1.638076E+03
   -8.996415E-01   -1.119831E+00   -5.800006E+00   -4.467340E+02   -9.339544E+02   -1.673473E+03
   -8.996699E-01   -1.124644E+00   -5.906780E+00   -4.563856E+02   -9.541316E+02   -1.709628E+03
   -8.996975E-01   -1.129558E+00   -6.015846E+00   -4.662400E+02   -9.747400E+02   -1.746553E+03
   -8.997243E-01   -1.134577E+00   -6.127250E+00   -4.763111E+02   -9.957892E+02   -1.784269E+03
   -8.997503E-01   -1.139702E+00   -6.241040E+00   -4.865952E+02   -1.017286E+03   -1.822788E+03
   -8.997755E-01   -1.144934E+00   -6.357262E+00   -4.970961E+02   -1.039242E+03   -1.862128E+03
   -8.997998E-01   -1.150277E+00   -6.475966E+00   -5.078215E+02   -1.061664E+03   -1.902305E+03
   -8.998232E-01   -1.155732E+00   -6.597201E+00   -5.187746E+02   -1.084564E+03   -1.943337E+03
   -8.998457E-01   -1.161302E+00   -6.721017E+00   -5.299602E+02   -1.107949E+03   -1.985233E+03
   -8.998673E-01   -1.166989E+00   -6.847465E+00   -5.413836E+02   -1.131831E+03   -2.028030E+03
   -8.998878E-01   -1.172795E+00   -6.976596E+00   -5.530488E+02   -1.156218E+03   -2.071727E+03
   -8.999072E-01   -1.178723E+00   -7.108463E+00   -5.649605E+02   -1.181121E+03   -2.116349E+03
   -8.999256E-01   -1.184775E+00   -7.243118E+00   -5.771239E+02   -1.206550E+03   -2.161912E+03
   -8.999427E-01   -1.190952E+00   -7.380615E+00   -5.895486E+02   -1.232515E+03   -2.208436E+03
   -8.999586E-01   -1.197259E+00   -7.521008E+00   -6.022248E+02   -1.259025E+03   -2.255935E+03
   -8.999732E-01   -1.203697E+00   -7.664353E+00   -6.151721E+02   -1.286094E+03   -2.304441E+03
   -8.999864E-01   -1.210268E+00   -7.810703E+00   -6.283907E+02   -1.313730E+03   -2.353958E+03
   -8.999981E-01   -1.216975E+00   -7.960116E+00   -6.418862E+02   -1.341943E+03   -2.404512E+03
   -9.000082E-01   -1.223821E+00   -8.112648E+00   -6.556630E+02   -1.370745E+03   -2.456120E+03
   -9.000167E-01   -1.230807E+00   -8.268356E+00   -6.697270E+02   -1.400148E+03   -2.508803E+03
   -9.000234E-01   -1.237937E+00   -8.427296E+00   -6.840828E+02   -1.430160E+03   -2.562580E+03
   -9.000282E-01   -1.245213E+00   -8.589527E+00   -6.987359E+02   -1.460794E+03   -2.617470E+03
   -9.000311E-01   -1.252637E+00   -8.755106E+00   -7.136913E+02   -1.492060E+03   -2.673493E+03
   -9.000318E-01   -1.260212E+00   -8.924091E+00   -7.289544E+02   -1.523970E+03   -2.730668E+03
   -9.000303E-01   -1.267940E+00   -9.096540E+00   -7.445313E+02   -1.556534E+03   -2.789017E+03
   -9.000263E-01   -1.275824E+00   -9.272511E+00   -7.604254E+02   -1.589763E+03   -2.848558E+03
   -9.000198E-01   -1.283866E+00   -9.452062E+00   -7.766433E+02   -1.623668E+03   -2.909310E+03
   -9.000105E-01   -1.292069E+00   -9.635250E+00   -7.931899E+02   -1.658261E+03   -2.971294E+03
   -8.999983E-01   -1.300435E+00   -9.822133E+00   -8.100704E+02   -1.693552E+03   -3.034528E+03
   -8.999829E-01   -1.308967E+00   -1.001277E+01   -8.272895E+02   -1.729550E+03   -3.099031E+03
   -8.999643E-01   -1.317666E+00   -1.020721E+01   -8.448527E+02   -1.766268E+03   -3.164825E+03
   -8.999420E-01   -1.326534E+00   -1.040551E+01   -8.627648E+02   -1.803716E+03   -3.231920E+03
   -8.999160E-01   -1.335575E+00   -1.060772E+01   -8.810305E+02   -1.841903E+03   -3.300344E+03
   -8.998859E-01   -1.344790E+00   -1.081390E+01   -8.996555E+02   -1.880838E+03   -3.370110E+03
   -8.998514E-01   -1.354181E+00   -1.102410E+01   -9.186413E+02   -1.920532E+03   -3.441233E+03
   -8.998123E-01   -1.363749E+00   -1.123836E+01   -9.379950E+02   -1.960993E+03   -3.513729E+03
   -8.997683E-01   -1.373498E+00   -1.145674E+01   -9.577200E+02   -2.002231E+03   -3.587622E+03
   -8.997189E-01   -1.383427E+00   -1.167926E+01   -9.778183E+02   -2.044253E+03   -3.662923E+03
   -8.996639E-01   -1.393539E+00   -1.190599E+01   -9.982999E+02   -2.087064E+03   -3.739631E+03
   -8.996029E-01   -1.403835E+00   -1.213694E+01   -1.019160E+03   -2.130679E+03   -3.817778E+03
   -8.995354E-01   -1.414316E+00   -1.237216E+01   -1.040407E+03   -2.175097E+03   -3.897365E+03
   -8.994610E-01   -1.424983E+00   -1.261167E+01   -1.062040E+03   -2.220324E+03   -3.978403E+03
   -8.993792E-01   -1.435836E+00   -1.285551E+01   -1.084064E+03   -2.266367E+03   -4.060904E+03
   -8.992896E-01   -1.446876E+00   -1.310367E+01   -1.106473E+03   -2.313228E+03   -4.144870E+03
   -8.991916E-01   -1.458103E+00   -1.335619E+01   -1.129286E+03   -2.360911E+03   -4.230307E+03
   -8.990846E-01   -1.469516E+00   -1.361306E+01   -1.152487E+03   -2.409413E+03   -4.317216E+03
   -8.989680E-01   -1.481115E+00   -1.387429E+01   -1.176080E+03   -2.458739E+03   -4.405603E+03
   -8.988413E-01   -1.492899E+00   -1.413987E+01   -1.200066E+03   -2.508884E+03   -4.495449E+03
   -8.987036E-01   -1.504866E+00   -1.440977E+01   -1.224442E+03   -2.559845E+03   -4.586763E+03
   -8.985543E-01   -1.517014E+00   -1.468397E+01   -1.249207E+03   -2.611622E+03   -4.679530E+03
   -8.983926E-01   -1.529341E+00   -1.496243E+01   -1.274357E+03   -2.664208E+03   -4.773734E+03
   -8.982177E-01   -1.541845E+00   -1.524511E+01   -1.299880E+03   -2.717570E+03   -4.869374E+03
   -8.980286E-01   -1.554520E+00   -1.553194E+01   -1.325792E+03   -2.771726E+03   -4.966414E+03
   -8.978246E-01   -1.567364E+00   -1.582285E+01   -1.352064E+03   -2.826653E+03   -5.064831E+03
   -8.976044E-01   -1.580370E+00   -1.611775E+01   -1.378696E+03   -2.882333E+03   -5.164598E+03
   -8.973672E-01   -1.593534E+00   -1.641652E+01   -1.405681E+03   -2.938745E+03   -5.265679E+03
   -8.971118E-01   -1.606848E+00   -1.671906E+01   -1.433004E+03   -2.995868E+03   -5.368033E+03
   -8.968370E-01   -1.620306E+00   -1.702521E+01   -1.460657E+03   -3.053636E+03   -5.471610E+03
   -8.965416E-01   -1.633899E+00   -1.733482E+01   -1.488618E+03   -3.112134E+03   -5.576458E+03
   -8.962242E-01   -1.647616E+00   -1.764770E+01   -1.516877E+03   -3.171215E+03   -5.682219E+03
   -8.958834E-01   -1.661449E+00   -1.796365E+01   -1.545414E+03   -3.230874E+03   -5.789113E+03
   -8.955177E-01   -1.675385E+00   -1.828243E+01   -1.574209E+03   -3.291072E+03   -5.896982E+03
   -8.951256E-01   -1.689411E+00   -1.860380E+01   -1.603237E+03   -3.351760E+03   -6.005723E+03
   -8.947053E-01   -1.703512E+00   -1.892747E+01   -1.632475E+03   -3.412884E+03   -6.115240E+03
   -8.942552E-01   -1.717674E+00   -1.925312E+01   -1.661893E+03   -3.474387E+03   -6.225447E+03
   -8.937734E-01   -1.731878E+00   -1.958042E+01   -1.691462E+03   -3.536203E+03   -6.336211E+03
   -8.932578E-01   -1.746107E+00   -1.990898E+01   -1.721146E+03   -3.598262E+03   -6.447409E+03
   -8.927065E-01   -1.760339E+00   -2.023839E+01   -1.750909E+03   -3.660487E+03   -6.558893E+03
   -8.921173E-01   -1.774553E+00   -2.056821E+01   -1.780712E+03   -3.722791E+03   -6.670540E+03
   -8.914879E-01   -1.788724E+00   -2.089794E+01   -1.810509E+03   -3.785085E+03   -6.782157E+03
   -8.908158E-01   -1.802826E+00   -2.122707E+01   -1.840254E+03   -3.847272E+03   -6.893587E+03
   -8.900986E-01   -1.816833E+00   -2.155502E+01   -1.869897E+03   -3.909273E+03   -7.004631E+03
   -8.893337E-01   -1.830713E+00   -2.188119E+01   -1.899381E+03   -3.970882E+03   -7.115073E+03
   -8.885181E-01   -1.844435E+00   -2.220491E+01   -1.928649E+03   -4.032069E+03   -7.224712E+03
   -8.876492E-01   -1.857965E+00   -2.252550E+01   -1.957637E+03   -4.092673E+03   -7.333300E+03
   -8.867238E-01   -1.871266E+00   -2.284222E+01   -1.986270E+03   -4.152557E+03   -7.440593E+03
   -8.857388E-01   -1.884300E+00   -2.315426E+01   -2.014452E+03   -4.211567E+03   -7.546342E+03
   -8.846910E-01   -1.897027E+00   -2.346079E+01   -2.042237E+03   -4.269527E+03   -7.650211E+03
   -8.835769E-01   -1.909404E+00   -2.376094E+01   -2.069406E+03   -4.326323E+03   -7.751957E+03
   -8.823930E-01   -1.921386E+00   -2.405378E+01   -2.095905E+03   -4.381738E+03   -7.851233E+03
   -8.811356E-01   -1.932926E+00   -2.433833E+01   -2.121670E+03   -4.435599E+03   -7.947766E+03
   -8.798010E-01   -1.943974E+00   -2.461360E+01   -2.146603E+03   -4.487723E+03   -8.041179E+03
   -8.783853E-01   -1.954481E+00   -2.487851E+01   -2.170608E+03   -4.537914E+03   -8.131087E+03
   -8.768844E-01   -1.964393E+00   -2.513200E+01   -2.193589E+03   -4.585958E+03   -8.217173E+03
   -8.752943E-01   -1.973658E+00   -2.537295E+01   -2.215448E+03   -4.631651E+03   -8.299045E+03
   -8.736108E-01   -1.982218E+00   -2.560020E+01   -2.236073E+03   -4.674777E+03   -8.376321E+03
   -8.718296E-01   -1.990019E+00   -2.581259E+01   -2.255369E+03   -4.715108E+03   -8.448569E+03
   -8.699463E-01   -1.997003E+00   -2.600894E+01   -2.273227E+03   -4.752451E+03   -8.515494E+03
   -8.679565E-01   -2.003112E+00   -2.618807E+01   -2.289543E+03   -4.786552E+03   -8.576601E+03
   -8.658558E-01   -2.008289E+00   -2.634878E+01   -2.304200E+03   -4.817201E+03   -8.631517E+03
   -8.636396E-01   -2.012477E+00   -2.648990E+01   -2.317103E+03   -4.844177E+03   -8.679852E+03
   -8.613034E-01   -2.015620E+00   -2.661026E+01   -2.328145E+03   -4.867260E+03   -8.721214E+03
   -8.588428E-01   -2.017664E+00   -2.670874E+01   -2.337224E+03   -4.886240E+03   -8.755258E+03
   -8.562534E-01   -2.018554E+00   -2.678425E+01   -2.344240E+03   -4.900912E+03   -8.781510E+03
   -8.535306E-01   -2.018240E+00   -2.683576E+01   -2.349105E+03   -4.911082E+03   -8.799732E+03
   -8.506703E-01   -2.016676E+00   -2.686230E+01   -2.351730E+03   -4.916569E+03   -8.809565E+03
   -8.476682E-01   -2.013817E+00   -2.686296E+01   -2.352035E+03   -4.917206E+03   -8.810841E+03
   -8.445202E-01   -2.009623E+00   -2.683697E+01   -2.349947E+03   -4.912841E+03   -8.802886E+03
   -8.412224E-01   -2.004059E+00   -2.678360E+01   -2.345405E+03   -4.903345E+03   -8.785870E+03
   -8.377712E-01   -1.997096E+00   -2.670228E+01   -2.338410E+03   -4.888606E+03   -8.759462E+03
   -8.341631E-01   -1.988709E+00   -2.659254E+01   -2.328757E+03   -4.868540E+03   -8.723492E+03
   -8.303948E-01   -1.978881E+00   -2.645405E+01   -2.316580E+03   -4.843085E+03   -8.677895E+03
   -8.264634E-01   -1.967600E+00   -2.628664E+01   -2.301810E+03   -4.812204E+03   -8.622561E+03
   -8.223664E-01   -1.954863E+00   -2.609026E+01   -2.284442E+03   -4.775894E+03   -8.557501E+03
   -8.181013E-01   -1.940673E+00   -2.586505E+01   -2.264488E+03   -4.734167E+03   -8.482770E+03
   -8.136664E-01   -1.925041E+00   -2.561128E+01   -2.241976E+03   -4.687114E+03   -8.398421E+03
   -8.090602E-01   -1.907986E+00   -2.532942E+01   -2.216943E+03   -4.634779E+03   -8.304650E+03
   -8.042814E-01   -1.889535E+00   -2.502007E+01   -2.189447E+03   -4.577294E+03   -8.201651E+03
   -7.993296E-01   -1.869721E+00   -2.468402E+01   -2.159558E+03   -4.514808E+03   -8.089684E+03
   -7.942044E-01   -1.848586E+00   -2.432218E+01   -2.127364E+03   -4.447495E+03   -7.969068E+03
   -7.889062E-01   -1.826179E+00   -2.393566E+01   -2.092947E+03   -4.375552E+03   -7.840164E+03
   -7.834358E-01   -1.802556E+00   -2.352568E+01   -2.056435E+03   -4.299217E+03   -7.703388E+03
   -7.777943E-01   -1.777779E+00   -2.309360E+01   -2.017944E+03   -4.218741E+03   -7.559199E+03
   -7.719835E-01   -1.751916E+00   -2.264089E+01   -1.977606E+03   -4.134419E+03   -7.408097E+03
   -7.660057E-01   -1.725040E+00   -2.216915E+01   -1.935566E+03   -4.046527E+03   -7.250614E+03
   -7.598635E-01   -1.697229E+00   -2.168005E+01   -1.891973E+03   -3.955395E+03   -7.087309E+03
   -7.535601E-01   -1.668564E+00   -2.117534E+01   -1.846986E+03   -3.861339E+03   -6.918780E+03
   -7.470992E-01   -1.639130E+00   -2.065682E+01   -1.800766E+03   -3.764710E+03   -6.745652E+03
   -7.404849E-01   -1.609014E+00   -2.012636E+01   -1.753479E+03   -3.665854E+03   -6.568518E+03
   -7.337218E-01   -1.578303E+00   -1.958581E+01   -1.705295E+03   -3.565118E+03   -6.388021E+03
   -7.268147E-01   -1.547087E+00   -1.903705E+01   -1.656382E+03   -3.462852E+03   -6.204792E+03
   -7.197690E-01   -1.515454E+00   -1.848195E+01   -1.606906E+03   -3.359425E+03   -6.019456E+03
   -7.125904E-01   -1.483492E+00   -1.792235E+01   -1.557034E+03   -3.255162E+03   -5.832636E+03
   -7.052849E-01   -1.451288E+00   -1.736003E+01   -1.506927E+03   -3.150407E+03   -5.644929E+03
   -6.978588E-01   -1.418924E+00   -1.679674E+01   -1.456741E+03   -3.045487E+03   -5.456937E+03
   -6.903187E-01   -1.386483E+00   -1.623414E+01   -1.406626E+03   -2.940718E+03   -5.269206E+03
   -6.826713E-01   -1.354043E+00   -1.567384E+01   -1.356725E+03   -2.836391E+03   -5.082277E+03
