    0.000000E+00    0.000000E+00    0.000000E+00    0.000000E+00    0.000000E+00    0.000000E+00
    9.999996E-01    9.999996E-01    9.999996E-01    9.999996E-01    9.999996E-01    1.000000E+00
    9.999993E-01    9.999993E-01    9.999993E-01    9.999993E-01    9.999994E-01    9.999998E-01
    9.999991E-01    9.999991E-01    9.999991E-01    9.999991E-01    9.999991E-01    9.999995E-01
    9.999988E-01    9.999988E-01    9.999988E-01    9.999988E-01    9.999989E-01    9.999993E-01
    9.999986E-01    9.999986E-01    9.999986E-01    9.999986E-01    9.999986E-01    9.999991E-01
    9.999984E-01    9.999984E-01    9.999984E-01    9.999984E-01    9.999984E-01    9.999989E-01
    9.999981E-01    9.999981E-01    9.999981E-01    9.999982E-01    9.999982E-01    9.999987E-01
    9.999979E-01    9.999979E-01    9.999979E-01    9.999980E-01    9.999980E-01    9.999986E-01
    9.999977E-01    9.999977E-01    9.999977E-01    9.999978E-01    9.999978E-01    9.999984E-01
    9.999975E-01    9.999975E-01    9.999975E-01    9.999976E-01    9.999976E-01    9.999983E-01
    9.999974E-01    9.999974E-01    9.999974E-01    9.999974E-01    9.999975E-01    9.999981E-01
    9.999972E-01    9.999972E-01    9.999972E-01    9.999972E-01    9.999973E-01    9.999980E-01
    9.999970E-01    9.999970E-01    9.999970E-01    9.999970E-01    9.999971E-01    9.999979E-01
    9.999968E-01    9.999968E-01    9.999968E-01    9.999968E-01    9.999969E-01    9.999978E-01
    9.999966E-01    9.999966E-01    9.999966E-01    9.999966E-01    9.999967E-01    9.999977E-01
    9.999964E-01    9.999964E-01    9.999964E-01    9.999965E-01    9.999966E-01    9.999976E-01
    9.999963E-01    9.999963E-01    9.999963E-01    9.999963E-01    9.999964E-01    9.999975E-01
    9.999961E-01    9.999961E-01    9.999961E-01    9.999961E-01    9.999962E-01    9.999974E-01
    9.999959E-01    9.999959E-01    9.999959E-01    9.999959E-01    9.999961E-01    9.999973E-01
    9.999957E-01    9.999957E-01    9.999957E-01    9.999957E-01    9.999959E-01    9.999972E-01
    9.999955E-01    9.999955E-01    9.999955E-01    9.999955E-01    9.999957E-01    9.999971E-01
    9.999953E-01    9.999953E-01    9.999953E-01    9.999953E-01    9.999955E-01    9.999971E-01
    9.999951E-01    9.999951E-01    9.999951E-01    9.999951E-01    9.999953E-01    9.999970E-01
    9.999949E-01    9.999949E-01    9.999949E-01    9.999949E-01    9.999951E-01    9.999969E-01
    9.999947E-01    9.999947E-01    9.999947E-01    9.999947E-01    9.999950E-01    9.999969E-01
    9.999945E-01    9.999945E-01    9.999945E-01    9.999945E-01    9.999948E-01    9.999968E-01
    9.999942E-01    9.999942E-01    9.999942E-01    9.999943E-01    9.999946E-01    9.999968E-01
    9.999940E-01    9.999940E-01    9.999940E-01    9.999941E-01    9.999943E-01    9.999968E-01
    9.999938E-01    9.999938E-01    9.999938E-01    9.999938E-01    9.999941E-01    9.999967E-01
    9.999935E-01    9.999935E-01    9.999935E-01    9.999936E-01    9.999939E-01    9.999967E-01
    9.999933E-01    9.999933E-01    9.999933E-01    9.999933E-01    9.999937E-01    9.999967E-01
    9.999930E-01    9.999930E-01    9.999930E-01    9.999931E-01    9.999935E-01    9.999967E-01
    9.999927E-01    9.999927E-01    9.999927E-01    9.999928E-01    9.999932E-01    9.999968E-01
    9.999924E-01    9.999924E-01    9.999924E-01    9.999925E-01    9.999930E-01    9.999968E-01
    9.999922E-01    9.999922E-01    9.999922E-01    9.999923E-01    9.999927E-01    9.999968E-01
    9.999919E-01    9.999919E-01    9.999919E-01    9.999920E-01    9.999925E-01    9.999969E-01
    9.999915E-01    9.999915E-01    9.999915E-01    9.999917E-01    9.999922E-01    9.999970E-01
    9.999912E-01    9.999912E-01    9.999912E-01    9.999914E-01    9.999920E-01    9.999971E-01
    9.999909E-01    9.999909E-01    9.999909E-01    9.999910E-01    9.999917E-01    9.999972E-01
    9.999905E-01    9.999905E-01    9.999905E-01    9.999907E-01    9.999914E-01    9.999973E-01
    9.999902E-01    9.999902E-01    9.999902E-01    9.999904E-01    9.999911E-01    9.999975E-01
    9.999898E-01    9.999898E-01    9.999898E-01    9.999900E-01    9.999908E-01    9.999977E-01
    9.999894E-01    9.999894E-01    9.999894E-01    9.999896E-01    9.999905E-01    9.999979E-01
    9.999890E-01    9.999890E-01    9.999890E-01    9.999892E-01    9.999902E-01    9.999982E-01
    9.999886E-01    9.999886E-01    9.999886E-01    9.999888E-01    9.999898E-01    9.999985E-01
    9.999882E-01    9.999882E-01    9.999882E-01    9.999884E-01    9.999895E-01    9.999988E-01
    9.999877E-01    9.999877E-01    9.999877E-01    9.999880E-01    9.999892E-01    9.999992E-01
    9.999873E-01    9.999873E-01    9.999873E-01    9.999876E-01    9.999888E-01    9.999996E-01
    9.999868E-01    9.999868E-01    9.999868E-01    9.999871E-01    9.999885E-01    1.000000E+00
    9.999863E-01    9.999863E-01    9.999863E-01    9.999866E-01    9.999881E-01    1.000001E+00
    9.999858E-01    9.999858E-01    9.999858E-01    9.999861E-01    9.999877E-01    1.000001E+00
    9.999852E-01    9.999852E-01    9.999852E-01    9.999856E-01    9.999873E-01    1.000002E+00
    9.999847E-01    9.999847E-01    9.999847E-01    9.999851E-01    9.999869E-01    1.000003E+00
    9.999841E-01    9.999841E-01    9.999841E-01    9.999846E-01    9.999865E-01    1.000003E+00
    9.999835E-01    9.999835E-01    9.999835E-01    9.999840E-01    9.999861E-01    1.000004E+00
    9.999829E-01    9.999829E-01    9.999829E-01    9.999834E-01    9.999857E-01    1.000005E+00
    9.999822E-01    9.999822E-01    9.999822E-01    9.999828E-01    9.999853E-01    1.000006E+00
    9.999816E-01    9.999816E-01    9.999816E-01    9.999822E-01    9.999848E-01    1.000007E+00
    9.999809E-01    9.999809E-01    9.999809E-01    9.999816E-01    9.999844E-01    1.000009E+00
    9.999802E-01    9.999802E-01    9.999802E-01    9.999809E-01    9.999839E-01    1.000010E+00
    9.999794E-01    9.999794E-01    9.999794E-01    9.999802E-01    9.999835E-01    1.000012E+00
    9.999786E-01    9.999786E-01    9.999787E-01    9.999795E-01    9.999830E-01    1.000013E+00
    9.999778E-01    9.999778E-01    9.999778E-01    9.999787E-01    9.999826E-01    1.000015E+00
    9.999770E-01    9.999770E-01    9.999770E-01    9.999780E-01    9.999821E-01    1.000017E+00
    9.999762E-01    9.999762E-01    9.999762E-01    9.999772E-01    9.999816E-01    1.000019E+00
    9.999753E-01    9.999753E-01    9.999753E-01    9.999764E-01    9.999811E-01    1.000022E+00
    9.999743E-01    9.999743E-01    9.999743E-01    9.999755E-01    9.999807E-01    1.000025E+00
    9.999734E-01    9.999734E-01    9.999734E-01    9.999747E-01    9.999802E-01    1.000027E+00
    9.999724E-01    9.999724E-01    9.999724E-01    9.999738E-01    9.999797E-01    1.000031E+00
    9.999713E-01    9.999713E-01    9.999713E-01    9.999728E-01    9.999792E-01    1.000034E+00
    9.999702E-01    9.999702E-01    9.999703E-01    9.999719E-01    9.999788E-01    1.000038E+00
    9.999691E-01    9.999691E-01    9.999691E-01    9.999709E-01    9.999783E-01    1.000042E+00
    9.999680E-01    9.999680E-01    9.999680E-01    9.999699E-01    9.999778E-01    1.000046E+00
    9.999668E-01    9.999668E-01    9.999668E-01    9.999688E-01    9.999774E-01    1.000051E+00
    9.999655E-01    9.999655E-01    9.999655E-01    9.999677E-01    9.999770E-01    1.000056E+00
    9.999642E-01    9.999642E-01    9.999642E-01    9.999666E-01    9.999765E-01    1.000062E+00
    9.999629E-01    9.999629E-01    9.999629E-01    9.999654E-01    9.999761E-01    1.000068E+00
    9.999615E-01    9.999615E-01    9.999615E-01    9.999642E-01    9.999758E-01    1.000075E+00
    9.999600E-01    9.999600E-01    9.999601E-01    9.999630E-01    9.999754E-01    1.000082E+00
    9.999585E-01    9.999585E-01    9.999586E-01    9.999617E-01    9.999751E-01    1.000090E+00
    9.999570E-01    9.999570E-01    9.999570E-01    9.999604E-01    9.999748E-01    1.000098E+00
    9.999554E-01    9.999554E-01    9.999554E-01    9.999590E-01    9.999745E-01    1.000107E+00
    9.999537E-01    9.999537E-01    9.999537E-01    9.999576E-01    9.999743E-01    1.000117E+00
    9.999520E-01    9.999520E-01    9.999520E-01    9.999562E-01    9.999742E-01    1.000128E+00
    9.999502E-01    9.999502E-01    9.999502E-01    9.999547E-01    9.999741E-01    1.000140E+00
    9.999483E-01    9.999483E-01    9.999483E-01    9.999532E-01    9.999740E-01    1.000152E+00
    9.999463E-01    9.999463E-01    9.999464E-01    9.999516E-01    9.999741E-01    1.000166E+00
    9.999443E-01    9.999443E-01    9.999443E-01    9.999500E-01    9.999742E-01    1.000181E+00
    9.999422E-01    9.999422E-01    9.999423E-01    9.999484E-01    9.999744E-01    1.000197E+00
    9.999401E-01    9.999401E-01    9.999401E-01    9.999467E-01    9.999747E-01    1.000214E+00
    9.999378E-01    9.999378E-01    9.999378E-01    9.999449E-01    9.999750E-01    1.000233E+00
    9.999355E-01    9.999355E-01    9.999355E-01    9.999431E-01    9.999756E-01    1.000253E+00
    9.999331E-01    9.999331E-01    9.999331E-01    9.999413E-01    9.999762E-01    1.000275E+00
    9.999306E-01    9.999306E-01    9.999306E-01    9.999394E-01    9.999770E-01    1.000299E+00
    9.999279E-01    9.999280E-01    9.999280E-01    9.999375E-01    9.999779E-01    1.000324E+00
    9.999252E-01    9.999252E-01    9.999253E-01    9.999355E-01    9.999791E-01    1.000352E+00
    9.999224E-01    9.999224E-01    9.999225E-01    9.999335E-01    9.999804E-01    1.000381E+00
    9.999195E-01    9.999195E-01    9.999196E-01    9.999314E-01    9.999819E-01    1.000414E+00
    9.999165E-01    9.999165E-01    9.999165E-01    9.999293E-01    9.999836E-01    1.000448E+00
    9.999134E-01    9.999134E-01    9.999134E-01    9.999272E-01    9.999856E-01    1.000486E+00
    9.999101E-01    9.999101E-01    9.999102E-01    9.999250E-01    9.999879E-01    1.000527E+00
    9.999068E-01    9.999068E-01    9.999068E-01    9.999228E-01    9.999905E-01    1.000570E+00
    9.999033E-01    9.999033E-01    9.999033E-01    9.999205E-01    9.999934E-01    1.000618E+00
    9.998996E-01    9.998996E-01    9.998997E-01    9.999182E-01    9.999967E-01    1.000669E+00
    9.998959E-01    9.998959E-01    9.998959E-01    9.999158E-01    1.000000E+00    1.000724E+00
    9.998920E-01    9.998920E-01    9.998920E-01    9.999134E-01    1.000004E+00    1.000783E+00
    9.998879E-01    9.998879E-01    9.998880E-01    9.999110E-01    1.000009E+00    1.000847E+00
    9.998837E-01    9.998837E-01    9.998838E-01    9.999086E-01    1.000014E+00    1.000916E+00
    9.998793E-01    9.998793E-01    9.998794E-01    9.999061E-01    1.000020E+00    1.000991E+00
    9.998748E-01    9.998748E-01    9.998749E-01    9.999037E-01    1.000026E+00    1.001071E+00
    9.998701E-01    9.998701E-01    9.998702E-01    9.999012E-01    1.000033E+00    1.001158E+00
    9.998652E-01    9.998652E-01    9.998653E-01    9.998987E-01    1.000040E+00    1.001251E+00
    9.998602E-01    9.998602E-01    9.998603E-01    9.998962E-01    1.000049E+00    1.001352E+00
    9.998549E-01    9.998550E-01    9.998551E-01    9.998937E-01    1.000058E+00    1.001461E+00
    9.998495E-01    9.998495E-01    9.998496E-01    9.998912E-01    1.000068E+00    1.001578E+00
    9.998439E-01    9.998439E-01    9.998440E-01    9.998887E-01    1.000079E+00    1.001705E+00
    9.998380E-01    9.998380E-01    9.998382E-01    9.998863E-01    1.000091E+00    1.001841E+00
    9.998319E-01    9.998319E-01    9.998321E-01    9.998839E-01    1.000104E+00    1.001988E+00
    9.998256E-01    9.998256E-01    9.998258E-01    9.998816E-01    1.000119E+00    1.002147E+00
    9.998191E-01    9.998191E-01    9.998193E-01    9.998794E-01    1.000134E+00    1.002317E+00
    9.998123E-01    9.998123E-01    9.998125E-01    9.998772E-01    1.000152E+00    1.002502E+00
    9.998053E-01    9.998053E-01    9.998055E-01    9.998751E-01    1.000171E+00    1.002700E+00
    9.997980E-01    9.997980E-01    9.997982E-01    9.998731E-01    1.000191E+00    1.002914E+00
    9.997904E-01    9.997904E-01    9.997907E-01    9.998713E-01    1.000214E+00    1.003144E+00
    9.997826E-01    9.997826E-01    9.997828E-01    9.998696E-01    1.000238E+00    1.003392E+00
    9.997744E-01    9.997744E-01    9.997747E-01    9.998681E-01    1.000265E+00    1.003660E+00
    9.997660E-01    9.997660E-01    9.997663E-01    9.998668E-01    1.000294E+00    1.003948E+00
    9.997572E-01    9.997572E-01    9.997575E-01    9.998658E-01    1.000325E+00    1.004258E+00
    9.997481E-01    9.997481E-01    9.997484E-01    9.998650E-01    1.000360E+00    1.004593E+00
    9.997387E-01    9.997387E-01    9.997390E-01    9.998645E-01    1.000397E+00    1.004953E+00
    9.997289E-01    9.997289E-01    9.997293E-01    9.998643E-01    1.000438E+00    1.005341E+00
    9.997187E-01    9.997188E-01    9.997192E-01    9.998645E-01    1.000481E+00    1.005759E+00
    9.997082E-01    9.997082E-01    9.997087E-01    9.998651E-01    1.000529E+00    1.006209E+00
    9.996973E-01    9.996973E-01    9.996978E-01    9.998661E-01    1.000581E+00    1.006694E+00
    9.996859E-01    9.996860E-01    9.996865E-01    9.998677E-01    1.000637E+00    1.007216E+00
    9.996742E-01    9.996742E-01    9.996748E-01    9.998698E-01    1.000698E+00    1.007779E+00
    9.996620E-01    9.996620E-01    9.996626E-01    9.998725E-01    1.000764E+00    1.008384E+00
    9.996494E-01    9.996494E-01    9.996500E-01    9.998759E-01    1.000835E+00    1.009037E+00
    9.996362E-01    9.996363E-01    9.996369E-01    9.998801E-01    1.000912E+00    1.009739E+00
    9.996226E-01    9.996227E-01    9.996234E-01    9.998851E-01    1.000996E+00    1.010495E+00
    9.996085E-01    9.996085E-01    9.996093E-01    9.998910E-01    1.001087E+00    1.011309E+00
    9.995939E-01    9.995939E-01    9.995948E-01    9.998979E-01    1.001185E+00    1.012185E+00
    9.995788E-01    9.995789E-01    9.995798E-01    9.999061E-01    1.001291E+00    1.013129E+00
    9.995631E-01    9.995631E-01    9.995641E-01    9.999153E-01    1.001406E+00    1.014144E+00
    9.995466E-01    9.995467E-01    9.995477E-01    9.999256E-01    1.001530E+00    1.015237E+00
    9.995296E-01    9.995297E-01    9.995308E-01    9.999375E-01    1.001664E+00    1.016414E+00
    9.995121E-01    9.995121E-01    9.995134E-01    9.999511E-01    1.001809E+00    1.017680E+00
    9.994938E-01    9.994939E-01    9.994952E-01    9.999663E-01    1.001966E+00    1.019043E+00
    9.994749E-01    9.994750E-01    9.994764E-01    9.999834E-01    1.002135E+00    1.020510E+00
    9.994553E-01    9.994554E-01    9.994569E-01    1.000003E+00    1.002318E+00    1.022089E+00
    9.994350E-01    9.994351E-01    9.994367E-01    1.000024E+00    1.002516E+00    1.023787E+00
    9.994139E-01    9.994140E-01    9.994158E-01    1.000048E+00    1.002730E+00    1.025615E+00
    9.993920E-01    9.993921E-01    9.993940E-01    1.000074E+00    1.002960E+00    1.027581E+00
    9.993694E-01    9.993695E-01    9.993715E-01    1.000103E+00    1.003209E+00    1.029696E+00
    9.993458E-01    9.993459E-01    9.993481E-01    1.000136E+00    1.003478E+00    1.031971E+00
    9.993214E-01    9.993216E-01    9.993239E-01    1.000171E+00    1.003767E+00    1.034419E+00
    9.992961E-01    9.992963E-01    9.992988E-01    1.000211E+00    1.004080E+00    1.037052E+00
    9.992699E-01    9.992700E-01    9.992728E-01    1.000254E+00    1.004418E+00    1.039883E+00
    9.992427E-01    9.992428E-01    9.992458E-01    1.000302E+00    1.004782E+00    1.042927E+00
    9.992145E-01    9.992146E-01    9.992178E-01    1.000354E+00    1.005174E+00    1.046201E+00
    9.991853E-01    9.991854E-01    9.991888E-01    1.000411E+00    1.005598E+00    1.049721E+00
    9.991549E-01    9.991551E-01    9.991588E-01    1.000474E+00    1.006054E+00    1.053505E+00
    9.991235E-01    9.991237E-01    9.991276E-01    1.000543E+00    1.006547E+00    1.057573E+00
    9.990909E-01    9.990911E-01    9.990953E-01    1.000618E+00    1.007077E+00    1.061945E+00
    9.990571E-01    9.990573E-01    9.990618E-01    1.000700E+00    1.007649E+00    1.066644E+00
    9.990220E-01    9.990222E-01    9.990271E-01    1.000790E+00    1.008266E+00    1.071693E+00
    9.989857E-01    9.989859E-01    9.989912E-01    1.000888E+00    1.008930E+00    1.077117E+00
    9.989480E-01    9.989483E-01    9.989539E-01    1.000994E+00    1.009646E+00    1.082945E+00
    9.989089E-01    9.989092E-01    9.989153E-01    1.001110E+00    1.010417E+00    1.089204E+00
    9.988685E-01    9.988688E-01    9.988754E-01    1.001237E+00    1.011248E+00    1.095926E+00
    9.988263E-01    9.988266E-01    9.988337E-01    1.001374E+00    1.012142E+00    1.103143E+00
    9.987833E-01    9.987837E-01    9.987913E-01    1.001524E+00    1.013107E+00    1.110891E+00
    9.987393E-01    9.987397E-01    9.987479E-01    1.001687E+00    1.014145E+00    1.119209E+00
    9.986915E-01    9.986919E-01    9.987007E-01    1.001863E+00    1.015262E+00    1.128132E+00
    9.986424E-01    9.986428E-01    9.986523E-01    1.002053E+00    1.016464E+00    1.137706E+00
    9.985925E-01    9.985930E-01    9.986031E-01    1.002261E+00    1.017759E+00    1.147976E+00
    9.985403E-01    9.985408E-01    9.985518E-01    1.002487E+00    1.019152E+00    1.158988E+00
    9.984864E-01    9.984869E-01    9.984987E-01    1.002731E+00    1.020652E+00    1.170794E+00
    9.984305E-01    9.984310E-01    9.984437E-01    1.002995E+00    1.022266E+00    1.183447E+00
    9.983725E-01    9.983731E-01    9.983868E-01    1.003282E+00    1.024002E+00    1.197004E+00
    9.983125E-01    9.983131E-01    9.983278E-01    1.003592E+00    1.025870E+00    1.211524E+00
    9.982503E-01    9.982510E-01    9.982667E-01    1.003928E+00    1.027879E+00    1.227070E+00
    9.981858E-01    9.981866E-01    9.982035E-01    1.004291E+00    1.030039E+00    1.243710E+00
    9.981190E-01    9.981198E-01    9.981381E-01    1.004684E+00    1.032363E+00    1.261511E+00
    9.980498E-01    9.980507E-01    9.980703E-01    1.005109E+00    1.034861E+00    1.280548E+00
    9.979781E-01    9.979790E-01    9.980001E-01    1.005568E+00    1.037546E+00    1.300897E+00
    9.979038E-01    9.979048E-01    9.979275E-01    1.006064E+00    1.040433E+00    1.322637E+00
    9.978269E-01    9.978280E-01    9.978524E-01    1.006600E+00    1.043535E+00    1.345851E+00
    9.977472E-01    9.977483E-01    9.977746E-01    1.007179E+00    1.046869E+00    1.370625E+00
    9.976646E-01    9.976659E-01    9.976941E-01    1.007804E+00    1.050450E+00    1.397047E+00
    9.975791E-01    9.975805E-01    9.976108E-01    1.008478E+00    1.054297E+00    1.425209E+00
    9.974906E-01    9.974920E-01    9.975246E-01    1.009206E+00    1.058428E+00    1.455203E+00
    9.973989E-01    9.974005E-01    9.974355E-01    1.009990E+00    1.062864E+00    1.487124E+00
    9.973039E-01    9.973056E-01    9.973433E-01    1.010836E+00    1.067627E+00    1.521068E+00
    9.972056E-01    9.972074E-01    9.972479E-01    1.011748E+00    1.072739E+00    1.557131E+00
    9.971039E-01    9.971058E-01    9.971493E-01    1.012732E+00    1.078225E+00    1.595408E+00
    9.969985E-01    9.970006E-01    9.970473E-01    1.013791E+00    1.084110E+00    1.635993E+00
    9.968894E-01    9.968916E-01    9.969419E-01    1.014932E+00    1.090424E+00    1.678976E+00
    9.967765E-01    9.967789E-01    9.968329E-01    1.016161E+00    1.097195E+00    1.724443E+00
    9.966596E-01    9.966622E-01    9.967202E-01    1.017484E+00    1.104454E+00    1.772474E+00
    9.965387E-01    9.965415E-01    9.966038E-01    1.018908E+00    1.112235E+00    1.823140E+00
    9.964135E-01    9.964165E-01    9.964834E-01    1.020440E+00    1.120573E+00    1.876502E+00
    9.962840E-01    9.962873E-01    9.963591E-01    1.022089E+00    1.129506E+00    1.932606E+00
    9.961501E-01    9.961535E-01    9.962307E-01    1.023862E+00    1.139072E+00    1.991485E+00
    9.960115E-01    9.960152E-01    9.960981E-01    1.025769E+00    1.149313E+00    2.053148E+00
    9.958681E-01    9.958721E-01    9.959611E-01    1.027819E+00    1.160275E+00    2.117582E+00
    9.957198E-01    9.957241E-01    9.958197E-01    1.030022E+00    1.172002E+00    2.184745E+00
    9.955664E-01    9.955710E-01    9.956738E-01    1.032389E+00    1.184544E+00    2.254563E+00
    9.954079E-01    9.954128E-01    9.955231E-01    1.034932E+00    1.197953E+00    2.326921E+00
    9.952439E-01    9.952492E-01    9.953676E-01    1.037663E+00    1.212282E+00    2.401661E+00
    9.950744E-01    9.950801E-01    9.952072E-01    1.040594E+00    1.227588E+00    2.478574E+00
    9.948992E-01    9.949053E-01    9.950417E-01    1.043741E+00    1.243929E+00    2.557391E+00
    9.947181E-01    9.947246E-01    9.948711E-01    1.047117E+00    1.261369E+00    2.637779E+00
    9.945309E-01    9.945380E-01    9.946952E-01    1.050738E+00    1.279969E+00    2.719330E+00
    9.943376E-01    9.943451E-01    9.945138E-01    1.054622E+00    1.299798E+00    2.801556E+00
    9.941378E-01    9.941459E-01    9.943269E-01    1.058786E+00    1.320924E+00    2.883876E+00
    9.939315E-01    9.939401E-01    9.941343E-01    1.063248E+00    1.343418E+00    2.965614E+00
    9.937184E-01    9.937277E-01    9.939360E-01    1.068029E+00    1.367353E+00    3.045984E+00
    9.934983E-01    9.935083E-01    9.937317E-01    1.073149E+00    1.392804E+00    3.124089E+00
    9.932711E-01    9.932818E-01    9.935214E-01    1.078632E+00    1.419847E+00    3.198908E+00
    9.930365E-01    9.930480E-01    9.933049E-01    1.084500E+00    1.448559E+00    3.269298E+00
    9.927944E-01    9.928068E-01    9.930822E-01    1.090779E+00    1.479017E+00    3.333983E+00
    9.925446E-01    9.925578E-01    9.928532E-01    1.097494E+00    1.511299E+00    3.391560E+00
    9.922869E-01    9.923011E-01    9.926176E-01    1.104674E+00    1.545483E+00    3.440500E+00
    9.920210E-01    9.920362E-01    9.923755E-01    1.112347E+00    1.581644E+00    3.479153E+00
    9.917469E-01    9.917631E-01    9.921267E-01    1.120545E+00    1.619854E+00    3.505767E+00
    9.914641E-01    9.914815E-01    9.918711E-01    1.129299E+00    1.660185E+00    3.518499E+00
    9.911727E-01    9.911913E-01    9.916086E-01    1.138644E+00    1.702700E+00    3.515452E+00
    9.908723E-01    9.908922E-01    9.913392E-01    1.148614E+00    1.747461E+00    3.494702E+00
    9.905627E-01    9.905841E-01    9.910628E-01    1.159248E+00    1.794518E+00    3.454354E+00
    9.902438E-01    9.902667E-01    9.907792E-01    1.170582E+00    1.843916E+00    3.392595E+00
    9.899153E-01    9.899398E-01    9.904885E-01    1.182659E+00    1.895687E+00    3.307765E+00
    9.895771E-01    9.896033E-01    9.901906E-01    1.195519E+00    1.949850E+00    3.198448E+00
    9.892288E-01    9.892569E-01    9.898854E-01    1.209207E+00    2.006410E+00    3.063564E+00
    9.888704E-01    9.889005E-01    9.895730E-01    1.223767E+00    2.065354E+00    2.902484E+00
    9.885016E-01    9.885338E-01    9.892532E-01    1.239247E+00    2.126647E+00    2.715157E+00
    9.881223E-01    9.881567E-01    9.889261E-01    1.255694E+00    2.190234E+00    2.502241E+00
    9.877321E-01    9.877689E-01    9.885918E-01    1.273158E+00    2.256030E+00    2.265246E+00
    9.873310E-01    9.873703E-01    9.882501E-01    1.291690E+00    2.323924E+00    2.006676E+00
    9.869188E-01    9.869608E-01    9.879011E-01    1.311343E+00    2.393769E+00    1.730162E+00
    9.864952E-01    9.865401E-01    9.875450E-01    1.332168E+00    2.465384E+00    1.440583E+00
    9.860600E-01    9.861080E-01    9.871817E-01    1.354220E+00    2.538546E+00    1.144155E+00
    9.856132E-01    9.856645E-01    9.868114E-01    1.377554E+00    2.612990E+00    8.484718E-01
    9.851545E-01    9.852092E-01    9.864341E-01    1.402225E+00    2.688402E+00    5.624992E-01
    9.846838E-01    9.847422E-01    9.860500E-01    1.428286E+00    2.764419E+00    2.964750E-01
    9.842009E-01    9.842633E-01    9.856593E-01    1.455793E+00    2.840625E+00    6.172009E-02
    9.837057E-01    9.837722E-01    9.852620E-01    1.484800E+00    2.916548E+00   -1.296698E-01
    9.831980E-01    9.832690E-01    9.848585E-01    1.515359E+00    2.991658E+00   -2.652648E-01
    9.826777E-01    9.827534E-01    9.844489E-01    1.547522E+00    3.065365E+00   -3.328831E-01
    9.821447E-01    9.822254E-01    9.840334E-01    1.581338E+00    3.137024E+00   -3.213178E-01
    9.815988E-01    9.816850E-01    9.836125E-01    1.616854E+00    3.205931E+00   -2.211959E-01
    9.810401E-01    9.811319E-01    9.831863E-01    1.654113E+00    3.271327E+00   -2.594153E-02
    9.804683E-01    9.805662E-01    9.827551E-01    1.693154E+00    3.332405E+00    2.672048E-01
    9.798835E-01    9.799877E-01    9.823195E-01    1.734012E+00    3.388316E+00    6.561841E-01
    9.792856E-01    9.793966E-01    9.818797E-01    1.776716E+00    3.438180E+00    1.133233E+00
    9.786745E-01    9.787926E-01    9.814363E-01    1.821290E+00    3.481095E+00    1.684232E+00
    9.780502E-01    9.781759E-01    9.809896E-01    1.867750E+00    3.516158E+00    2.288442E+00
    9.774126E-01    9.775464E-01    9.805402E-01    1.916103E+00    3.542481E+00    2.918759E+00
    9.767619E-01    9.769042E-01    9.800887E-01    1.966349E+00    3.559216E+00    3.542651E+00
    9.760979E-01    9.762493E-01    9.796356E-01    2.018477E+00    3.565580E+00    4.123880E+00
    9.754209E-01    9.755818E-01    9.791816E-01    2.072464E+00    3.560890E+00    4.625055E+00
    9.747307E-01    9.749017E-01    9.787273E-01    2.128278E+00    3.544596E+00    5.010993E+00
    9.740274E-01    9.742091E-01    9.782734E-01    2.185872E+00    3.516320E+00    5.252692E+00
    9.733113E-01    9.735042E-01    9.778207E-01    2.245186E+00    3.475899E+00    5.331631E+00
    9.725823E-01    9.727871E-01    9.773700E-01    2.306144E+00    3.423430E+00    5.243875E+00
    9.718405E-01    9.720580E-01    9.769222E-01    2.368658E+00    3.359318E+00    5.003367E+00
    9.710863E-01    9.713170E-01    9.764781E-01    2.432620E+00    3.284318E+00    4.643672E+00
    9.703196E-01    9.705643E-01    9.760386E-01    2.497908E+00    3.199586E+00    4.217406E+00
    9.695407E-01    9.698002E-01    9.756049E-01    2.564383E+00    3.106713E+00    3.792760E+00
    9.687498E-01    9.690249E-01    9.751778E-01    2.631887E+00    3.007767E+00    3.446793E+00
    9.679472E-01    9.682387E-01    9.747585E-01    2.700248E+00    2.905311E+00    3.255696E+00
    9.671330E-01    9.674418E-01    9.743481E-01    2.769276E+00    2.802420E+00    3.282880E+00
    9.663075E-01    9.666346E-01    9.739479E-01    2.838764E+00    2.702675E+00    3.566481E+00
    9.654711E-01    9.658173E-01    9.735590E-01    2.908493E+00    2.610135E+00    4.108570E+00
    9.646239E-01    9.649903E-01    9.731827E-01    2.978229E+00    2.529294E+00    4.868748E+00
    9.637665E-01    9.641541E-01    9.728205E-01    3.047729E+00    2.464999E+00    5.764756E+00
    9.628989E-01    9.633088E-01    9.724736E-01    3.116741E+00    2.422347E+00    6.681924E+00
    9.620217E-01    9.624551E-01    9.721436E-01    3.185007E+00    2.406546E+00    7.491728E+00
    9.611352E-01    9.615933E-01    9.718319E-01    3.252271E+00    2.422739E+00    8.077480E+00
    9.602398E-01    9.607237E-01    9.715402E-01    3.318276E+00    2.475811E+00    8.362623E+00
    9.593359E-01    9.598470E-01    9.712699E-01    3.382777E+00    2.570148E+00    8.334920E+00
    9.584239E-01    9.589635E-01    9.710229E-01    3.445542E+00    2.709396E+00    8.058876E+00
    9.575043E-01    9.580738E-01    9.708009E-01    3.506361E+00    2.896194E+00    7.669861E+00
    9.565774E-01    9.571783E-01    9.706055E-01    3.565050E+00    3.131913E+00    7.347075E+00
    9.556439E-01    9.562776E-01    9.704387E-01    3.621463E+00    3.416414E+00    7.268485E+00
    9.547040E-01    9.553723E-01    9.703024E-01    3.675496E+00    3.747843E+00    7.557822E+00
    9.537583E-01    9.544627E-01    9.701986E-01    3.727100E+00    4.122476E+00    8.239497E+00
    9.528073E-01    9.535496E-01    9.701292E-01    3.776287E+00    4.534657E+00    9.218900E+00
    9.518515E-01    9.526334E-01    9.700963E-01    3.823138E+00    4.976826E+00    1.030093E+01
    9.508914E-01    9.517147E-01    9.701020E-01    3.867819E+00    5.439681E+00    1.124812E+01
    9.499274E-01    9.507942E-01    9.701487E-01    3.910581E+00    5.912471E+00    1.186404E+01
    9.489602E-01    9.498724E-01    9.702384E-01    3.951774E+00    6.383439E+00    1.207457E+01
    9.479901E-01    9.489498E-01    9.703736E-01    3.991854E+00    6.840410E+00    1.196639E+01
    9.470178E-01    9.480271E-01    9.705567E-01    4.031389E+00    7.271502E+00    1.176645E+01
    9.460436E-01    9.471048E-01    9.707899E-01    4.071063E+00    7.665948E+00    1.175596E+01
    9.450679E-01    9.461834E-01    9.710757E-01    4.111681E+00    8.014961E+00    1.214575E+01
    9.440908E-01    9.452629E-01    9.714162E-01    4.154167E+00    8.312592E+00    1.297223E+01
    9.431111E-01    9.443425E-01    9.718125E-01    4.199568E+00    8.556503E+00    1.406961E+01
    8.928565E-01    8.941760E-01    9.236076E-01    4.273483E+00    8.752913E+00    1.514438E+01
    8.965674E-01    8.978935E-01    9.274709E-01    4.282223E+00    8.798031E+00    1.527426E+01
    8.979465E-01    8.992804E-01    9.290335E-01    4.291958E+00    8.836243E+00    1.539253E+01
    8.984891E-01    8.998314E-01    9.297715E-01    4.301979E+00    8.869084E+00    1.550415E+01
    8.987312E-01    9.000821E-01    9.302139E-01    4.312041E+00    8.897765E+00    1.560926E+01
    8.988755E-01    9.002352E-01    9.305608E-01    4.322060E+00    8.923213E+00    1.570761E+01
    8.989740E-01    9.003425E-01    9.308636E-01    4.332026E+00    8.946128E+00    1.579904E+01
    8.990469E-01    9.004242E-01    9.311422E-01    4.341942E+00    8.967038E+00    1.588340E+01
    8.991492E-01    9.005354E-01    9.314509E-01    4.351794E+00    8.986329E+00    1.596066E+01
    8.992661E-01    9.006612E-01    9.317750E-01    4.361602E+00    9.004302E+00    1.603084E+01
    8.993813E-01    9.007853E-01    9.320985E-01    4.371386E+00    9.021188E+00    1.609406E+01
    8.995094E-01    9.009225E-01    9.324359E-01    4.381151E+00    9.037160E+00    1.615050E+01
    8.996478E-01    9.010699E-01    9.327845E-01    4.390909E+00    9.052355E+00    1.620041E+01
    8.997988E-01    9.012300E-01    9.331465E-01    4.400671E+00    9.066883E+00    1.624412E+01
    8.999624E-01    9.014028E-01    9.335222E-01    4.410447E+00    9.080836E+00    1.628202E+01
    9.001393E-01    9.015887E-01    9.339119E-01    4.420247E+00    9.094289E+00    1.631459E+01
    9.003294E-01    9.017881E-01    9.343159E-01    4.430081E+00    9.107310E+00    1.634233E+01
    9.005330E-01    9.020009E-01    9.347342E-01    4.439960E+00    9.119958E+00    1.636584E+01
    9.007501E-01    9.022274E-01    9.351670E-01    4.449892E+00    9.132289E+00    1.638573E+01
    9.009809E-01    9.024675E-01    9.356143E-01    4.459887E+00    9.144354E+00    1.640268E+01
    9.012255E-01    9.027214E-01    9.360763E-01    4.469953E+00    9.156203E+00    1.641738E+01
    9.014840E-01    9.029893E-01    9.365531E-01    4.480100E+00    9.167885E+00    1.643058E+01
    9.017567E-01    9.032714E-01    9.370450E-01    4.490335E+00    9.179449E+00    1.644301E+01
    9.020439E-01    9.035681E-01    9.375523E-01    4.500667E+00    9.190942E+00    1.645544E+01
    9.023460E-01    9.038797E-01    9.380753E-01    4.511104E+00    9.202411E+00    1.646864E+01
    9.026634E-01    9.042066E-01    9.386146E-01    4.521654E+00    9.213905E+00    1.648335E+01
    9.029966E-01    9.045495E-01    9.391706E-01    4.532323E+00    9.225471E+00    1.650033E+01
    9.033462E-01    9.049087E-01    9.397438E-01    4.543120E+00    9.237158E+00    1.652028E+01
    9.037129E-01    9.052850E-01    9.403349E-01    4.554050E+00    9.249015E+00    1.654389E+01
    9.040972E-01    9.056791E-01    9.409445E-01    4.565122E+00    9.261091E+00    1.657180E+01
    9.045000E-01    9.060916E-01    9.415734E-01    4.576342E+00    9.273435E+00    1.660460E+01
    9.049219E-01    9.065233E-01    9.422223E-01    4.587716E+00    9.286096E+00    1.664284E+01
    9.053639E-01    9.069751E-01    9.428920E-01    4.599251E+00    9.299124E+00    1.668697E+01
    9.058268E-01    9.074478E-01    9.435834E-01    4.610953E+00    9.312569E+00    1.673741E+01
    9.063114E-01    9.079423E-01    9.442974E-01    4.622828E+00    9.326481E+00    1.679447E+01
    9.068188E-01    9.084596E-01    9.450348E-01    4.634883E+00    9.340910E+00    1.685841E+01
    9.073498E-01    9.090006E-01    9.457967E-01    4.647123E+00    9.355906E+00    1.692939E+01
    9.079056E-01    9.095663E-01    9.465840E-01    4.659554E+00    9.371518E+00    1.700749E+01
    9.084872E-01    9.101579E-01    9.473978E-01    4.672181E+00    9.387795E+00    1.709271E+01
    9.090957E-01    9.107765E-01    9.482392E-01    4.685011E+00    9.404788E+00    1.718493E+01
    9.097322E-01    9.114230E-01    9.491093E-01    4.698049E+00    9.422544E+00    1.728400E+01
    9.103979E-01    9.120988E-01    9.500092E-01    4.711300E+00    9.441112E+00    1.738964E+01
    9.110939E-01    9.128050E-01    9.509400E-01    4.724770E+00    9.460539E+00    1.750151E+01
    9.118215E-01    9.135427E-01    9.519030E-01    4.738464E+00    9.480873E+00    1.761919E+01
    9.125819E-01    9.143133E-01    9.528994E-01    4.752387E+00    9.502159E+00    1.774220E+01
    9.133763E-01    9.151179E-01    9.539303E-01    4.766545E+00    9.524443E+00    1.786998E+01
    9.142060E-01    9.159578E-01    9.549969E-01    4.780942E+00    9.547769E+00    1.800193E+01
    9.150722E-01    9.168342E-01    9.561005E-01    4.795583E+00    9.572179E+00    1.813740E+01
    9.159761E-01    9.177483E-01    9.572423E-01    4.810474E+00    9.597718E+00    1.827570E+01
    9.169188E-01    9.187014E-01    9.584234E-01    4.825620E+00    9.624424E+00    1.841611E+01
    9.179017E-01    9.196945E-01    9.596450E-01    4.841025E+00    9.652338E+00    1.855792E+01
    9.189258E-01    9.207289E-01    9.609082E-01    4.856695E+00    9.681497E+00    1.870038E+01
    9.199922E-01    9.218057E-01    9.622140E-01    4.872633E+00    9.711938E+00    1.884277E+01
    9.211019E-01    9.229257E-01    9.635634E-01    4.888846E+00    9.743696E+00    1.898439E+01
    9.222559E-01    9.240900E-01    9.649574E-01    4.905338E+00    9.776803E+00    1.912455E+01
    9.234550E-01    9.252995E-01    9.663967E-01    4.922113E+00    9.811291E+00    1.926262E+01
    9.246999E-01    9.265548E-01    9.678821E-01    4.939177E+00    9.847188E+00    1.939801E+01
    9.259913E-01    9.278565E-01    9.694142E-01    4.956534E+00    9.884521E+00    1.953020E+01
    9.273297E-01    9.292053E-01    9.709934E-01    4.974189E+00    9.923316E+00    1.965873E+01
    9.287154E-01    9.306014E-01    9.726202E-01    4.992146E+00    9.963594E+00    1.978322E+01
    9.301486E-01    9.320450E-01    9.742946E-01    5.010410E+00    1.000538E+01    1.990337E+01
    9.316293E-01    9.335362E-01    9.760166E-01    5.028986E+00    1.004868E+01    2.001896E+01
    9.331574E-01    9.350746E-01    9.777861E-01    5.047879E+00    1.009352E+01    2.012987E+01
    9.347323E-01    9.366600E-01    9.796026E-01    5.067092E+00    1.013990E+01    2.023608E+01
    9.363536E-01    9.382917E-01    9.814656E-01    5.086630E+00    1.018784E+01    2.033764E+01
    9.380203E-01    9.399689E-01    9.833742E-01    5.106498E+00    1.023735E+01    2.043470E+01
    9.397314E-01    9.416904E-01    9.853272E-01    5.126699E+00    1.028843E+01    2.052748E+01
    9.414855E-01    9.434549E-01    9.873234E-01    5.147239E+00    1.034107E+01    2.061632E+01
    9.432810E-01    9.452608E-01    9.893612E-01    5.168122E+00    1.039527E+01    2.070158E+01
    9.451159E-01    9.471062E-01    9.914386E-01    5.189351E+00    1.045104E+01    2.078371E+01
    9.469881E-01    9.489889E-01    9.935535E-01    5.210930E+00    1.050836E+01    2.086322E+01
    9.488952E-01    9.509065E-01    9.957035E-01    5.232864E+00    1.056721E+01    2.094064E+01
    9.508343E-01    9.528561E-01    9.978859E-01    5.255156E+00    1.062759E+01    2.101655E+01
    9.528025E-01    9.548349E-01    1.000098E+00    5.277810E+00    1.068946E+01    2.109153E+01
    9.547965E-01    9.568393E-01    1.002336E+00    5.300830E+00    1.075282E+01    2.116618E+01
    9.568126E-01    9.588660E-01    1.004596E+00    5.324218E+00    1.081764E+01    2.124106E+01
    9.588471E-01    9.609111E-01    1.006876E+00    5.347978E+00    1.088387E+01    2.131675E+01
    9.608957E-01    9.629703E-01    1.009170E+00    5.372114E+00    1.095150E+01    2.139375E+01
    9.629543E-01    9.650395E-01    1.011475E+00    5.396627E+00    1.102049E+01    2.147255E+01
    9.650182E-01    9.671141E-01    1.013786E+00    5.421521E+00    1.109079E+01    2.155355E+01
    9.670827E-01    9.691893E-01    1.016099E+00    5.446798E+00    1.116237E+01    2.163711E+01
    9.691428E-01    9.712601E-01    1.018408E+00    5.472461E+00    1.123518E+01    2.172351E+01
    9.711934E-01    9.733216E-01    1.020709E+00    5.498510E+00    1.130917E+01    2.181295E+01
    9.732294E-01    9.753685E-01    1.022996E+00    5.524949E+00    1.138428E+01    2.190554E+01
    9.752455E-01    9.773954E-01    1.025264E+00    5.551779E+00    1.146047E+01    2.200134E+01
    9.772362E-01    9.793971E-01    1.027509E+00    5.579001E+00    1.153768E+01    2.210031E+01
    9.791961E-01    9.813681E-01    1.029725E+00    5.606616E+00    1.161584E+01    2.220234E+01
    9.811199E-01    9.833030E-01    1.031906E+00    5.634625E+00    1.169491E+01    2.230726E+01
    9.830021E-01    9.851964E-01    1.034047E+00    5.663028E+00    1.177480E+01    2.241484E+01
    9.848375E-01    9.870430E-01    1.036143E+00    5.691826E+00    1.185546E+01    2.252482E+01
    9.866208E-01    9.888377E-01    1.038189E+00    5.721018E+00    1.193682E+01    2.263687E+01
    9.883469E-01    9.905753E-01    1.040180E+00    5.750605E+00    1.201881E+01    2.275067E+01
    9.900110E-01    9.922508E-01    1.042112E+00    5.780586E+00    1.210136E+01    2.286588E+01
    9.916082E-01    9.938597E-01    1.043979E+00    5.810959E+00    1.218440E+01    2.298217E+01
    9.931340E-01    9.953973E-01    1.045777E+00    5.841725E+00    1.226786E+01    2.309921E+01
    9.945842E-01    9.968593E-01    1.047502E+00    5.872881E+00    1.235168E+01    2.321672E+01
    9.959547E-01    9.982419E-01    1.049150E+00    5.904426E+00    1.243577E+01    2.333444E+01
    9.972419E-01    9.995412E-01    1.050718E+00    5.936358E+00    1.252007E+01    2.345216E+01
    9.984424E-01    1.000754E+00    1.052202E+00    5.968674E+00    1.260451E+01    2.356972E+01
    9.995530E-01    1.001877E+00    1.053599E+00    6.001373E+00    1.268902E+01    2.368704E+01
    1.000571E+00    1.002908E+00    1.054907E+00    6.034452E+00    1.277353E+01    2.380406E+01
    1.001494E+00    1.003843E+00    1.056123E+00    6.067908E+00    1.285799E+01    2.392079E+01
    1.002321E+00    1.004683E+00    1.057245E+00    6.101738E+00    1.294232E+01    2.403730E+01
    1.003048E+00    1.005423E+00    1.058273E+00    6.135939E+00    1.302647E+01    2.415368E+01
    1.003676E+00    1.006064E+00    1.059204E+00    6.170507E+00    1.311038E+01    2.427009E+01
    1.004204E+00    1.006605E+00    1.060038E+00    6.205439E+00    1.319400E+01    2.438670E+01
    1.004630E+00    1.007044E+00    1.060774E+00    6.240730E+00    1.327728E+01    2.450368E+01
    1.004954E+00    1.007382E+00    1.061412E+00    6.276377E+00    1.336017E+01    2.462122E+01
    1.005178E+00    1.007619E+00    1.061953E+00    6.312376E+00    1.344263E+01    2.473952E+01
    1.005300E+00    1.007756E+00    1.062397E+00    6.348722E+00    1.352462E+01    2.485874E+01
    1.005323E+00    1.007793E+00    1.062744E+00    6.385411E+00    1.360611E+01    2.497901E+01
    1.005247E+00    1.007731E+00    1.062997E+00    6.422438E+00    1.368707E+01    2.510044E+01
    1.005074E+00    1.007572E+00    1.063156E+00    6.459799E+00    1.376748E+01    2.522310E+01
    1.004805E+00    1.007318E+00    1.063224E+00    6.497489E+00    1.384732E+01    2.534701E+01
    1.004443E+00    1.006970E+00    1.063202E+00    6.535503E+00    1.392658E+01    2.547214E+01
    1.003989E+00    1.006531E+00    1.063092E+00    6.573836E+00    1.400525E+01    2.559844E+01
    1.003446E+00    1.006004E+00    1.062897E+00    6.612482E+00    1.408332E+01    2.572580E+01
    1.002818E+00    1.005390E+00    1.062620E+00    6.651438E+00    1.416081E+01    2.585408E+01
    1.002106E+00    1.004694E+00    1.062263E+00    6.690697E+00    1.423772E+01    2.598312E+01
    1.001313E+00    1.003917E+00    1.061829E+00    6.730254E+00    1.431406E+01    2.611275E+01
    1.000444E+00    1.003063E+00    1.061322E+00    6.770104E+00    1.438986E+01    2.624277E+01
    9.995003E-01    1.002135E+00    1.060745E+00    6.810242E+00    1.446514E+01    2.637303E+01
    9.984861E-01    1.001137E+00    1.060101E+00    6.850662E+00    1.453993E+01    2.650335E+01
    9.974047E-01    1.000072E+00    1.059393E+00    6.891358E+00    1.461426E+01    2.663360E+01
    9.962596E-01    9.989430E-01    1.058625E+00    6.932326E+00    1.468818E+01    2.676367E+01
    9.950542E-01    9.977541E-01    1.057801E+00    6.973559E+00    1.476173E+01    2.689350E+01
    9.937922E-01    9.965087E-01    1.056923E+00    7.015052E+00    1.483496E+01    2.702308E+01
    9.924770E-01    9.952103E-01    1.055995E+00    7.056800E+00    1.490791E+01    2.715241E+01
    9.911122E-01    9.938623E-01    1.055022E+00    7.098797E+00    1.498064E+01    2.728157E+01
    9.897012E-01    9.924684E-01    1.054005E+00    7.141036E+00    1.505322E+01    2.741067E+01
    9.882475E-01    9.910319E-01    1.052949E+00    7.183514E+00    1.512570E+01    2.753983E+01
    9.867544E-01    9.895562E-01    1.051858E+00    7.226223E+00    1.519814E+01    2.766925E+01
    9.852253E-01    9.880446E-01    1.050733E+00    7.269158E+00    1.527060E+01    2.779909E+01
    9.836635E-01    9.865003E-01    1.049579E+00    7.312314E+00    1.534316E+01    2.792957E+01
    9.820720E-01    9.849266E-01    1.048398E+00    7.355686E+00    1.541588E+01    2.806089E+01
    9.804539E-01    9.833264E-01    1.047194E+00    7.399266E+00    1.548881E+01    2.819323E+01
    9.788121E-01    9.817026E-01    1.045969E+00    7.443050E+00    1.556204E+01    2.832677E+01
    9.771495E-01    9.800582E-01    1.044726E+00    7.487033E+00    1.563561E+01    2.846165E+01
    9.754688E-01    9.783958E-01    1.043468E+00    7.531208E+00    1.570961E+01    2.859801E+01
    9.737725E-01    9.767179E-01    1.042198E+00    7.575570E+00    1.578407E+01    2.873591E+01
    9.720632E-01    9.750272E-01    1.040918E+00    7.620114E+00    1.585907E+01    2.887540E+01
    9.703432E-01    9.733258E-01    1.039629E+00    7.664833E+00    1.593466E+01    2.901649E+01
    9.686147E-01    9.716161E-01    1.038335E+00    7.709723E+00    1.601090E+01    2.915913E+01
    9.668798E-01    9.699001E-01    1.037038E+00    7.754779E+00    1.608782E+01    2.930326E+01
    9.651404E-01    9.681799E-01    1.035739E+00    7.799994E+00    1.616548E+01    2.944880E+01
    9.633986E-01    9.664572E-01    1.034440E+00    7.845364E+00    1.624391E+01    2.959560E+01
    9.616559E-01    9.647337E-01    1.033143E+00    7.890883E+00    1.632315E+01    2.974355E+01
    9.599140E-01    9.630112E-01    1.031850E+00    7.936547E+00    1.640324E+01    2.989250E+01
    9.581744E-01    9.612912E-01    1.030561E+00    7.982350E+00    1.648419E+01    3.004230E+01
    9.564385E-01    9.595749E-01    1.029279E+00    8.028287E+00    1.656602E+01    3.019282E+01
    9.547076E-01    9.578638E-01    1.028005E+00    8.074354E+00    1.664875E+01    3.034393E+01
    9.529829E-01    9.561590E-01    1.026739E+00    8.120546E+00    1.673239E+01    3.049554E+01
    9.512656E-01    9.544616E-01    1.025484E+00    8.166858E+00    1.681694E+01    3.064755E+01
    9.495566E-01    9.527727E-01    1.024239E+00    8.213285E+00    1.690240E+01    3.079991E+01
    9.478568E-01    9.510932E-01    1.023006E+00    8.259824E+00    1.698876E+01    3.095260E+01
    9.461672E-01    9.494239E-01    1.021786E+00    8.306471E+00    1.707599E+01    3.110561E+01
    9.444885E-01    9.477657E-01    1.020580E+00    8.353221E+00    1.716410E+01    3.125898E+01
    9.428215E-01    9.461192E-01    1.019388E+00    8.400070E+00    1.725304E+01    3.141275E+01
    9.411666E-01    9.444850E-01    1.018210E+00    8.447015E+00    1.734279E+01    3.156698E+01
    9.395247E-01    9.428638E-01    1.017048E+00    8.494052E+00    1.743332E+01    3.172178E+01
    9.378961E-01    9.412561E-01    1.015902E+00    8.541178E+00    1.752459E+01    3.187722E+01
    9.362813E-01    9.396624E-01    1.014772E+00    8.588390E+00    1.761656E+01    3.203341E+01
    9.346808E-01    9.380830E-01    1.013660E+00    8.635685E+00    1.770918E+01    3.219042E+01
    9.330950E-01    9.365184E-01    1.012564E+00    8.683061E+00    1.780241E+01    3.234836E+01
    9.315241E-01    9.349689E-01    1.011486E+00    8.730514E+00    1.789620E+01    3.250727E+01
    9.299685E-01    9.334347E-01    1.010426E+00    8.778042E+00    1.799050E+01    3.266721E+01
    9.284285E-01    9.319163E-01    1.009384E+00    8.825644E+00    1.808526E+01    3.282820E+01
    9.269042E-01    9.304136E-01    1.008360E+00    8.873319E+00    1.818042E+01    3.299023E+01
    9.253958E-01    9.289271E-01    1.007355E+00    8.921063E+00    1.827594E+01    3.315328E+01
    9.239036E-01    9.274568E-01    1.006369E+00    8.968877E+00    1.837177E+01    3.331728E+01
    9.224276E-01    9.260028E-01    1.005401E+00    9.016758E+00    1.846785E+01    3.348217E+01
    9.209680E-01    9.245654E-01    1.004453E+00    9.064707E+00    1.856414E+01    3.364786E+01
    9.195248E-01    9.231445E-01    1.003523E+00    9.112724E+00    1.866060E+01    3.381423E+01
    9.180982E-01    9.217402E-01    1.002613E+00    9.160807E+00    1.875719E+01    3.398120E+01
    9.166882E-01    9.203527E-01    1.001722E+00    9.208956E+00    1.885386E+01    3.414867E+01
    9.152948E-01    9.189819E-01    1.000850E+00    9.257174E+00    1.895059E+01    3.431656E+01
    9.139181E-01    9.176279E-01    9.999972E-01    9.305459E+00    1.904735E+01    3.448481E+01
    9.125580E-01    9.162906E-01    9.991639E-01    9.353814E+00    1.914412E+01    3.465341E+01
    9.112145E-01    9.149701E-01    9.983500E-01    9.402238E+00    1.924088E+01    3.482236E+01
    9.098876E-01    9.136664E-01    9.975554E-01    9.450735E+00    1.933761E+01    3.499173E+01
    9.085774E-01    9.123793E-01    9.967800E-01    9.499306E+00    1.943432E+01    3.516159E+01
    9.072837E-01    9.111089E-01    9.960239E-01    9.547952E+00    1.953099E+01    3.533209E+01
    9.060065E-01    9.098551E-01    9.952870E-01    9.596676E+00    1.962764E+01    3.550337E+01
    9.047457E-01    9.086179E-01    9.945693E-01    9.645482E+00    1.972429E+01    3.567563E+01
    9.035013E-01    9.073972E-01    9.938706E-01    9.694372E+00    1.982094E+01    3.584905E+01
    9.022732E-01    9.061928E-01    9.931910E-01    9.743348E+00    1.991762E+01    3.602382E+01
    9.010613E-01    9.050049E-01    9.925304E-01    9.792416E+00    2.001436E+01    3.620012E+01
    8.998655E-01    9.038331E-01    9.918887E-01    9.841579E+00    2.011120E+01    3.637808E+01
    8.986857E-01    9.026775E-01    9.912657E-01    9.890840E+00    2.020817E+01    3.655781E+01
    8.975219E-01    9.015380E-01    9.906615E-01    9.940205E+00    2.030533E+01    3.673936E+01
    8.963740E-01    9.004144E-01    9.900760E-01    9.989677E+00    2.040272E+01    3.692272E+01
    8.952417E-01    8.993067E-01    9.895089E-01    1.003926E+01    2.050040E+01    3.710782E+01
    8.941251E-01    8.982147E-01    9.889603E-01    1.008897E+01    2.059842E+01    3.729455E+01
    8.930239E-01    8.971384E-01    9.884301E-01    1.013879E+01    2.069684E+01    3.748274E+01
    8.919382E-01    8.960775E-01    9.879181E-01    1.018875E+01    2.079573E+01    3.767218E+01
    8.908677E-01    8.950321E-01    9.874242E-01    1.023884E+01    2.089514E+01    3.786264E+01
    8.898124E-01    8.940019E-01    9.869484E-01    1.028907E+01    2.099514E+01    3.805389E+01
    8.887721E-01    8.929869E-01    9.864905E-01    1.033944E+01    2.109580E+01    3.824572E+01
    8.877467E-01    8.919870E-01    9.860504E-01    1.038997E+01    2.119717E+01    3.843794E+01
    8.867361E-01    8.910019E-01    9.856280E-01    1.044066E+01    2.129931E+01    3.863041E+01
    8.857401E-01    8.900316E-01    9.852231E-01    1.049152E+01    2.140230E+01    3.882306E+01
    8.814674E-01    8.858721E-01    9.835534E-01    1.067575E+01    2.181788E+01    3.967512E+01
    8.774674E-01    8.819877E-01    9.822153E-01    1.088842E+01    2.230434E+01    4.054227E+01
    8.737285E-01    8.783673E-01    9.811984E-01    1.111571E+01    2.281417E+01    4.143667E+01
    8.702394E-01    8.749993E-01    9.804925E-01    1.135223E+01    2.334643E+01    4.235355E+01
    8.669888E-01    8.718725E-01    9.800875E-01    1.159615E+01    2.389845E+01    4.328205E+01
    8.639656E-01    8.689760E-01    9.799737E-01    1.184706E+01    2.446603E+01    4.422790E+01
    8.611590E-01    8.662990E-01    9.801415E-01    1.210506E+01    2.504449E+01    4.520742E+01
    8.585586E-01    8.638311E-01    9.805817E-01    1.237039E+01    2.562974E+01    4.622047E+01
    8.561542E-01    8.615623E-01    9.812854E-01    1.264326E+01    2.621915E+01    4.725001E+01
    8.539361E-01    8.594827E-01    9.822444E-01    1.292381E+01    2.681208E+01    4.828947E+01
    8.518948E-01    8.575830E-01    9.834504E-01    1.321204E+01    2.740976E+01    4.935051E+01
    8.500213E-01    8.558544E-01    9.848958E-01    1.350784E+01    2.801489E+01    5.044136E+01
    8.483069E-01    8.542880E-01    9.865733E-01    1.381101E+01    2.863080E+01    5.155665E+01
    8.467433E-01    8.528758E-01    9.884761E-01    1.412126E+01    2.926068E+01    5.269310E+01
    8.453224E-01    8.516096E-01    9.905977E-01    1.443824E+01    2.990690E+01    5.385826E+01
    8.440367E-01    8.504821E-01    9.929318E-01    1.476159E+01    3.057071E+01    5.505745E+01
    8.428789E-01    8.494860E-01    9.954728E-01    1.509098E+01    3.125224E+01    5.628317E+01
    8.418419E-01    8.486143E-01    9.982153E-01    1.542610E+01    3.195084E+01    5.752595E+01
    8.409192E-01    8.478606E-01    1.001154E+00    1.576679E+01    3.266544E+01    5.879022E+01
    8.401044E-01    8.472184E-01    1.004284E+00    1.611296E+01    3.339505E+01    6.008888E+01
    8.393915E-01    8.466820E-01    1.007602E+00    1.646472E+01    3.413909E+01    6.142143E+01
    8.387746E-01    8.462454E-01    1.011103E+00    1.682229E+01    3.489768E+01    6.277947E+01
    8.382483E-01    8.459035E-01    1.014783E+00    1.718610E+01    3.567174E+01    6.416852E+01
    8.378073E-01    8.456509E-01    1.018640E+00    1.755669E+01    3.646300E+01    6.559560E+01
    8.374467E-01    8.454828E-01    1.022669E+00    1.793473E+01    3.727370E+01    6.704802E+01
    8.371618E-01    8.453946E-01    1.026868E+00    1.832099E+01    3.810609E+01    6.852170E+01
    8.369480E-01    8.453818E-01    1.031234E+00    1.871628E+01    3.896173E+01    7.003399E+01
    8.368010E-01    8.454403E-01    1.035766E+00    1.912138E+01    3.984073E+01    7.158722E+01
    8.367167E-01    8.455659E-01    1.040460E+00    1.953702E+01    4.074141E+01    7.316999E+01
    8.366914E-01    8.457551E-01    1.045315E+00    1.996384E+01    4.166053E+01    7.478807E+01
    8.367213E-01    8.460042E-01    1.050330E+00    2.040230E+01    4.259443E+01    7.644575E+01
    8.368029E-01    8.463097E-01    1.055503E+00    2.085271E+01    4.354055E+01    7.813261E+01
    8.369329E-01    8.466685E-01    1.060832E+00    2.131520E+01    4.449891E+01    7.985229E+01
    8.371082E-01    8.470776E-01    1.066318E+00    2.178972E+01    4.547266E+01    8.161697E+01
    8.373258E-01    8.475340E-01    1.071959E+00    2.227608E+01    4.646722E+01    8.342362E+01
    8.375828E-01    8.480350E-01    1.077754E+00    2.277398E+01    4.748823E+01    8.526619E+01
    8.378765E-01    8.485780E-01    1.083704E+00    2.328306E+01    4.853912E+01    8.714902E+01
    8.382045E-01    8.491607E-01    1.089808E+00    2.380296E+01    4.961962E+01    8.907313E+01
    8.385642E-01    8.497807E-01    1.096067E+00    2.433341E+01    5.072618E+01    9.103380E+01
    8.389534E-01    8.504357E-01    1.102480E+00    2.487421E+01    5.185428E+01    9.304116E+01
    8.393699E-01    8.511239E-01    1.109049E+00    2.542533E+01    5.300143E+01    9.509937E+01
    8.398117E-01    8.518432E-01    1.115773E+00    2.598691E+01    5.416907E+01    9.719608E+01
    8.402769E-01    8.525919E-01    1.122653E+00    2.655923E+01    5.536212E+01    9.933785E+01
    8.407635E-01    8.533681E-01    1.129691E+00    2.714275E+01    5.658612E+01    1.015281E+02
    8.412698E-01    8.541703E-01    1.136887E+00    2.773803E+01    5.784381E+01    1.037611E+02
    8.417943E-01    8.549971E-01    1.144243E+00    2.834567E+01    5.913323E+01    1.060497E+02
    8.423352E-01    8.558468E-01    1.151760E+00    2.896632E+01    6.044898E+01    1.083898E+02
    8.428913E-01    8.567183E-01    1.159440E+00    2.960059E+01    6.178588E+01    1.107740E+02
    8.434609E-01    8.576103E-01    1.167284E+00    3.024898E+01    6.314274E+01    1.132125E+02
    8.440429E-01    8.585216E-01    1.175294E+00    3.091195E+01    6.452363E+01    1.157031E+02
    8.446360E-01    8.594510E-01    1.183473E+00    3.158982E+01    6.593566E+01    1.182490E+02
    8.452390E-01    8.603977E-01    1.191822E+00    3.228284E+01    6.738460E+01    1.208546E+02
    8.458509E-01    8.613605E-01    1.200344E+00    3.299119E+01    6.887192E+01    1.235118E+02
    8.464704E-01    8.623387E-01    1.209041E+00    3.371504E+01    7.039476E+01    1.262256E+02
    8.470968E-01    8.633314E-01    1.217916E+00    3.445457E+01    7.194911E+01    1.290014E+02
    8.477290E-01    8.643379E-01    1.226972E+00    3.521001E+01    7.353342E+01    1.318361E+02
    8.483661E-01    8.653574E-01    1.236210E+00    3.598165E+01    7.514988E+01    1.347366E+02
    8.490074E-01    8.663893E-01    1.245635E+00    3.676985E+01    7.680260E+01    1.376950E+02
    8.496521E-01    8.674330E-01    1.255249E+00    3.757504E+01    7.849427E+01    1.407175E+02
    8.502993E-01    8.684879E-01    1.265056E+00    3.839768E+01    8.022486E+01    1.438089E+02
    8.509485E-01    8.695536E-01    1.275060E+00    3.923827E+01    8.199209E+01    1.469662E+02
    8.515990E-01    8.706296E-01    1.285262E+00    4.009729E+01    8.379401E+01    1.501940E+02
    8.522502E-01    8.717154E-01    1.295668E+00    4.097524E+01    8.563089E+01    1.534872E+02
    8.529015E-01    8.728107E-01    1.306281E+00    4.187258E+01    8.750538E+01    1.568542E+02
    8.535524E-01    8.739152E-01    1.317104E+00    4.278977E+01    8.942127E+01    1.602963E+02
    8.542023E-01    8.750286E-01    1.328143E+00    4.372730E+01    9.138195E+01    1.638117E+02
    8.548509E-01    8.761506E-01    1.339401E+00    4.468564E+01    9.338915E+01    1.674031E+02
    8.554976E-01    8.772810E-01    1.350882E+00    4.566529E+01    9.544239E+01    1.710708E+02
    8.561420E-01    8.784196E-01    1.362592E+00    4.666674E+01    9.753970E+01    1.748219E+02
    8.567839E-01    8.795663E-01    1.374533E+00    4.769044E+01    9.967957E+01    1.786519E+02
    8.574227E-01    8.807209E-01    1.386712E+00    4.873679E+01    1.018632E+02    1.825652E+02
    8.580582E-01    8.818833E-01    1.399133E+00    4.980609E+01    1.040943E+02    1.865616E+02
    8.586901E-01    8.830535E-01    1.411801E+00    5.089856E+01    1.063762E+02    1.906489E+02
    8.593181E-01    8.842314E-01    1.424722E+00    5.201436E+01    1.087085E+02    1.948220E+02
    8.599419E-01    8.854170E-01    1.437900E+00    5.315365E+01    1.110886E+02    1.990859E+02
    8.605613E-01    8.866104E-01    1.451341E+00    5.431669E+01    1.135160E+02    2.034414E+02
    8.611760E-01    8.878115E-01    1.465050E+00    5.550388E+01    1.159953E+02    2.078941E+02
    8.617859E-01    8.890205E-01    1.479034E+00    5.671586E+01    1.185333E+02    2.124410E+02
    8.623906E-01    8.902373E-01    1.493298E+00    5.795349E+01    1.211319E+02    2.170866E+02
    8.629902E-01    8.914622E-01    1.507848E+00    5.921783E+01    1.237871E+02    2.218329E+02
    8.635843E-01    8.926952E-01    1.522691E+00    6.050997E+01    1.264951E+02    2.266841E+02
    8.641729E-01    8.939365E-01    1.537832E+00    6.183096E+01    1.292579E+02    2.316372E+02
    8.647558E-01    8.951862E-01    1.553279E+00    6.318163E+01    1.320821E+02    2.366997E+02
    8.653329E-01    8.964445E-01    1.569037E+00    6.456255E+01    1.349706E+02    2.418714E+02
    8.659040E-01    8.977118E-01    1.585114E+00    6.597398E+01    1.379211E+02    2.471559E+02
    8.664692E-01    8.989880E-01    1.601517E+00    6.741607E+01    1.409319E+02    2.525528E+02
    8.670282E-01    9.002736E-01    1.618252E+00    6.888896E+01    1.440065E+02    2.580688E+02
    8.675810E-01    9.015687E-01    1.635328E+00    7.039300E+01    1.471512E+02    2.637037E+02
    8.681276E-01    9.028737E-01    1.652751E+00    7.192887E+01    1.503679E+02    2.694596E+02
    8.686679E-01    9.041888E-01    1.670530E+00    7.349760E+01    1.536546E+02    2.753415E+02
    8.692018E-01    9.055143E-01    1.688672E+00    7.510049E+01    1.570085E+02    2.813501E+02
    8.697293E-01    9.068506E-01    1.707185E+00    7.673884E+01    1.604334E+02    2.874889E+02
    8.702504E-01    9.081980E-01    1.726078E+00    7.841377E+01    1.639329E+02    2.937604E+02
    8.707650E-01    9.095569E-01    1.745359E+00    8.012600E+01    1.675091E+02    3.001688E+02
    8.712731E-01    9.109275E-01    1.765036E+00    8.187586E+01    1.711628E+02    3.067149E+02
    8.717748E-01    9.123104E-01    1.785118E+00    8.366344E+01    1.748949E+02    3.134025E+02
    8.722699E-01    9.137059E-01    1.805615E+00    8.548884E+01    1.787077E+02    3.202365E+02
    8.727585E-01    9.151144E-01    1.826536E+00    8.735244E+01    1.826050E+02    3.272166E+02
    8.732406E-01    9.165364E-01    1.847889E+00    8.925512E+01    1.865886E+02    3.343503E+02
    8.737161E-01    9.179722E-01    1.869686E+00    9.119825E+01    1.906571E+02    3.416359E+02
    8.741852E-01    9.194224E-01    1.891934E+00    9.318345E+01    1.948098E+02    3.490792E+02
    8.746479E-01    9.208875E-01    1.914646E+00    9.521233E+01    1.990518E+02    3.566846E+02
    8.751041E-01    9.223678E-01    1.937831E+00    9.728617E+01    2.033892E+02    3.644603E+02
    8.755538E-01    9.238639E-01    1.961499E+00    9.940580E+01    2.078210E+02    3.723926E+02
    8.759972E-01    9.253764E-01    1.985661E+00    1.015717E+02    2.123462E+02    3.805030E+02
    8.764342E-01    9.269057E-01    2.010329E+00    1.037844E+02    2.169702E+02    3.887888E+02
    8.768648E-01    9.284523E-01    2.035514E+00    1.060443E+02    2.216973E+02    3.972531E+02
    8.772892E-01    9.300170E-01    2.061227E+00    1.083526E+02    2.265255E+02    4.059015E+02
    8.777074E-01    9.316001E-01    2.087480E+00    1.107107E+02    2.314541E+02    4.147367E+02
    8.781193E-01    9.332023E-01    2.114285E+00    1.131200E+02    2.364903E+02    4.237634E+02
    8.785251E-01    9.348242E-01    2.141655E+00    1.155821E+02    2.416380E+02    4.329852E+02
    8.789247E-01    9.364663E-01    2.169602E+00    1.180980E+02    2.468969E+02    4.424062E+02
    8.793183E-01    9.381294E-01    2.198138E+00    1.206686E+02    2.522685E+02    4.520320E+02
    8.797059E-01    9.398141E-01    2.227278E+00    1.232945E+02    2.577583E+02    4.618654E+02
    8.800876E-01    9.415209E-01    2.257035E+00    1.259767E+02    2.633658E+02    4.719116E+02
    8.804633E-01    9.432507E-01    2.287422E+00    1.287164E+02    2.690937E+02    4.821756E+02
    8.808332E-01    9.450040E-01    2.318453E+00    1.315149E+02    2.749442E+02    4.926613E+02
    8.811974E-01    9.467815E-01    2.350143E+00    1.343739E+02    2.809225E+02    5.033747E+02
    8.815558E-01    9.485840E-01    2.382506E+00    1.372949E+02    2.870320E+02    5.143184E+02
    8.819085E-01    9.504122E-01    2.415559E+00    1.402793E+02    2.932744E+02    5.255002E+02
    8.822556E-01    9.522668E-01    2.449315E+00    1.433286E+02    2.996479E+02    5.369231E+02
    8.825973E-01    9.541486E-01    2.483790E+00    1.464442E+02    3.061620E+02    5.485937E+02
    8.829334E-01    9.560584E-01    2.519001E+00    1.496274E+02    3.128163E+02    5.605166E+02
    8.832641E-01    9.579969E-01    2.554964E+00    1.528796E+02    3.196125E+02    5.726971E+02
    8.835895E-01    9.599650E-01    2.591696E+00    1.562020E+02    3.265579E+02    5.851415E+02
    8.839096E-01    9.619635E-01    2.629213E+00    1.595961E+02    3.336551E+02    5.978546E+02
    8.842244E-01    9.639931E-01    2.667534E+00    1.630633E+02    3.409035E+02    6.108434E+02
    8.845342E-01    9.660549E-01    2.706676E+00    1.666055E+02    3.483090E+02    6.241125E+02
    8.848388E-01    9.681496E-01    2.746657E+00    1.702244E+02    3.558754E+02    6.376689E+02
    8.851384E-01    9.702781E-01    2.787496E+00    1.739219E+02    3.636035E+02    6.515184E+02
    8.854331E-01    9.724413E-01    2.829212E+00    1.776994E+02    3.714999E+02    6.656676E+02
    8.857229E-01    9.746402E-01    2.871825E+00    1.815581E+02    3.795698E+02    6.801217E+02
    8.860079E-01    9.768758E-01    2.915353E+00    1.854997E+02    3.878105E+02    6.948900E+02
    8.862881E-01    9.791489E-01    2.959818E+00    1.895263E+02    3.962300E+02    7.099766E+02
    8.865636E-01    9.814605E-01    3.005241E+00    1.936402E+02    4.048317E+02    7.253899E+02
    8.868345E-01    9.838117E-01    3.051642E+00    1.978439E+02    4.136208E+02    7.411366E+02
    8.871009E-01    9.862034E-01    3.099042E+00    2.021390E+02    4.225973E+02    7.572230E+02
    8.873627E-01    9.886368E-01    3.147465E+00    2.065270E+02    4.317705E+02    7.736571E+02
    8.876202E-01    9.911128E-01    3.196932E+00    2.110092E+02    4.411408E+02    7.904466E+02
    8.878732E-01    9.936326E-01    3.247467E+00    2.155878E+02    4.507124E+02    8.075985E+02
    8.881220E-01    9.961972E-01    3.299093E+00    2.202652E+02    4.604927E+02    8.251207E+02
    8.883665E-01    9.988078E-01    3.351834E+00    2.250442E+02    4.704832E+02    8.430240E+02
    8.886069E-01    1.001466E+00    3.405714E+00    2.299268E+02    4.806906E+02    8.613128E+02
    8.888431E-01    1.004172E+00    3.460759E+00    2.349146E+02    4.911185E+02    8.799964E+02
    8.890754E-01    1.006927E+00    3.516994E+00    2.400097E+02    5.017700E+02    8.990814E+02
    8.893036E-01    1.009733E+00    3.574444E+00    2.452144E+02    5.126529E+02    9.185834E+02
    8.895279E-01    1.012591E+00    3.633138E+00    2.505319E+02    5.237706E+02    9.385039E+02
    8.897483E-01    1.015503E+00    3.693101E+00    2.559648E+02    5.351286E+02    9.588551E+02
    8.899649E-01    1.018468E+00    3.754361E+00    2.615154E+02    5.467324E+02    9.796451E+02
    8.901778E-01    1.021490E+00    3.816947E+00    2.671856E+02    5.585848E+02    1.000883E+03
    8.903869E-01    1.024569E+00    3.880887E+00    2.729778E+02    5.706938E+02    1.022582E+03
    8.905925E-01    1.027706E+00    3.946211E+00    2.788949E+02    5.830651E+02    1.044747E+03
    8.907944E-01    1.030903E+00    4.012948E+00    2.849396E+02    5.957024E+02    1.067391E+03
    8.909929E-01    1.034161E+00    4.081131E+00    2.911149E+02    6.086130E+02    1.090524E+03
    8.911878E-01    1.037482E+00    4.150788E+00    2.974232E+02    6.218007E+02    1.114155E+03
    8.913793E-01    1.040867E+00    4.221953E+00    3.038676E+02    6.352743E+02    1.138296E+03
    8.915675E-01    1.044318E+00    4.294658E+00    3.104509E+02    6.490376E+02    1.162957E+03
    8.917523E-01    1.047836E+00    4.368935E+00    3.171762E+02    6.630976E+02    1.188150E+03
    8.919338E-01    1.051422E+00    4.444820E+00    3.240461E+02    6.774605E+02    1.213886E+03
    8.921121E-01    1.055079E+00    4.522345E+00    3.310645E+02    6.921322E+02    1.240176E+03
    8.922873E-01    1.058808E+00    4.601546E+00    3.382341E+02    7.071213E+02    1.267032E+03
    8.924592E-01    1.062611E+00    4.682460E+00    3.455580E+02    7.224323E+02    1.294466E+03
    8.926281E-01    1.066489E+00    4.765121E+00    3.530391E+02    7.380726E+02    1.322491E+03
    8.927939E-01    1.070443E+00    4.849568E+00    3.606808E+02    7.540476E+02    1.351118E+03
    8.929567E-01    1.074477E+00    4.935839E+00    3.684872E+02    7.703698E+02    1.380361E+03
    8.931165E-01    1.078590E+00    5.023970E+00    3.764616E+02    7.870412E+02    1.410233E+03
    8.932734E-01    1.082786E+00    5.114003E+00    3.846072E+02    8.040702E+02    1.440746E+03
    8.934273E-01    1.087066E+00    5.205978E+00    3.929275E+02    8.214652E+02    1.471915E+03
    8.935784E-01    1.091432E+00    5.299933E+00    4.014266E+02    8.392340E+02    1.503752E+03
    8.937266E-01    1.095886E+00    5.395912E+00    4.101083E+02    8.573835E+02    1.536273E+03
    8.938720E-01    1.100429E+00    5.493956E+00    4.189758E+02    8.759219E+02    1.569491E+03
    8.940145E-01    1.105064E+00    5.594109E+00    4.280330E+02    8.948578E+02    1.603420E+03
    8.941543E-01    1.109793E+00    5.696413E+00    4.372846E+02    9.142001E+02    1.638076E+03
    8.942913E-01    1.114617E+00    5.800914E+00    4.467340E+02    9.339544E+02    1.673473E+03
    8.944256E-01    1.119539E+00    5.907657E+00    4.563856E+02    9.541316E+02    1.709628E+03
    8.945571E-01    1.124560E+00    6.016688E+00    4.662400E+02    9.747400E+02    1.746553E+03
    8.946859E-01    1.129684E+00    6.128052E+00    4.763111E+02    9.957892E+02    1.784269E+03
    8.948120E-01    1.134911E+00    6.241799E+00    4.865952E+02    1.017286E+03    1.822788E+03
    8.949354E-01    1.140245E+00    6.357976E+00    4.970961E+02    1.039242E+03    1.862128E+03
    8.950560E-01    1.145687E+00    6.476632E+00    5.078215E+02    1.061664E+03    1.902305E+03
    8.951740E-01    1.151240E+00    6.597817E+00    5.187746E+02    1.084564E+03    1.943337E+03
    8.952892E-01    1.156906E+00    6.721581E+00    5.299602E+02    1.107949E+03    1.985233E+03
    8.954017E-01    1.162687E+00    6.847976E+00    5.413836E+02    1.131831E+03    2.028030E+03
    8.955114E-01    1.168585E+00    6.977054E+00    5.530488E+02    1.156218E+03    2.071727E+03
    8.956184E-01    1.174603E+00    7.108867E+00    5.649605E+02    1.181121E+03    2.116349E+03
    8.957225E-01    1.180744E+00    7.243468E+00    5.771239E+02    1.206550E+03    2.161912E+03
    8.958239E-01    1.187009E+00    7.380912E+00    5.895486E+02    1.232515E+03    2.208436E+03
    8.959223E-01    1.193401E+00    7.521254E+00    6.022248E+02    1.259025E+03    2.255935E+03
    8.960179E-01    1.199923E+00    7.664547E+00    6.151721E+02    1.286094E+03    2.304441E+03
    8.961105E-01    1.206577E+00    7.810849E+00    6.283907E+02    1.313730E+03    2.353958E+03
    8.962001E-01    1.213365E+00    7.960215E+00    6.418862E+02    1.341943E+03    2.404512E+03
    8.962866E-01    1.220290E+00    8.112702E+00    6.556630E+02    1.370745E+03    2.456120E+03
    8.963700E-01    1.227354E+00    8.268367E+00    6.697270E+02    1.400148E+03    2.508803E+03
    8.964502E-01    1.234561E+00    8.427268E+00    6.840828E+02    1.430160E+03    2.562580E+03
    8.965270E-01    1.241912E+00    8.589463E+00    6.987360E+02    1.460794E+03    2.617470E+03
    8.966005E-01    1.249410E+00    8.755009E+00    7.136913E+02    1.492060E+03    2.673493E+03
    8.966704E-01    1.257057E+00    8.923965E+00    7.289544E+02    1.523970E+03    2.730668E+03
    8.967367E-01    1.264857E+00    9.096388E+00    7.445313E+02    1.556534E+03    2.789017E+03
    8.967993E-01    1.272811E+00    9.272337E+00    7.604254E+02    1.589763E+03    2.848558E+03
    8.968580E-01    1.280922E+00    9.451870E+00    7.766433E+02    1.623668E+03    2.909310E+03
    8.969127E-01    1.289192E+00    9.635044E+00    7.931899E+02    1.658261E+03    2.971294E+03
    8.969632E-01    1.297624E+00    9.821916E+00    8.100704E+02    1.693552E+03    3.034528E+03
    8.970093E-01    1.306220E+00    1.001254E+01    8.272895E+02    1.729550E+03    3.099031E+03
    8.970509E-01    1.314983E+00    1.020698E+01    8.448527E+02    1.766268E+03    3.164825E+03
    8.970877E-01    1.323914E+00    1.040528E+01    8.627648E+02    1.803716E+03    3.231920E+03
    8.971195E-01    1.333016E+00    1.060750E+01    8.810305E+02    1.841903E+03    3.300344E+03
    8.971461E-01    1.342291E+00    1.081368E+01    8.996555E+02    1.880838E+03    3.370110E+03
    8.971672E-01    1.351741E+00    1.102389E+01    9.186413E+02    1.920532E+03    3.441233E+03
    8.971826E-01    1.361367E+00    1.123817E+01    9.379950E+02    1.960993E+03    3.513729E+03
    8.971919E-01    1.371173E+00    1.145655E+01    9.577200E+02    2.002231E+03    3.587622E+03
    8.971949E-01    1.381158E+00    1.167910E+01    9.778183E+02    2.044253E+03    3.662923E+03
    8.971912E-01    1.391325E+00    1.190584E+01    9.982999E+02    2.087064E+03    3.739631E+03
    8.971804E-01    1.401675E+00    1.213681E+01    1.019160E+03    2.130679E+03    3.817778E+03
    8.971621E-01    1.412209E+00    1.237205E+01    1.040407E+03    2.175097E+03    3.897365E+03
    8.971359E-01    1.422927E+00    1.261158E+01    1.062040E+03    2.220324E+03    3.978403E+03
    8.971014E-01    1.433832E+00    1.285544E+01    1.084064E+03    2.266367E+03    4.060904E+03
    8.970581E-01    1.444922E+00    1.310362E+01    1.106473E+03    2.313228E+03    4.144870E+03
    8.970054E-01    1.456197E+00    1.335616E+01    1.129286E+03    2.360911E+03    4.230307E+03
    8.969429E-01    1.467659E+00    1.361305E+01    1.152487E+03    2.409413E+03    4.317216E+03
    8.968699E-01    1.479305E+00    1.387430E+01    1.176080E+03    2.458739E+03    4.405603E+03
    8.967857E-01    1.491135E+00    1.413989E+01    1.200066E+03    2.508884E+03    4.495449E+03
    8.966898E-01    1.503148E+00    1.440981E+01    1.224442E+03    2.559845E+03    4.586763E+03
    8.965814E-01    1.515341E+00    1.468402E+01    1.249207E+03    2.611622E+03    4.679530E+03
    8.964598E-01    1.527713E+00    1.496250E+01    1.274357E+03    2.664208E+03    4.773734E+03
    8.963241E-01    1.540259E+00    1.524519E+01    1.299880E+03    2.717570E+03    4.869374E+03
    8.961735E-01    1.552977E+00    1.553202E+01    1.325792E+03    2.771726E+03    4.966414E+03
    8.960071E-01    1.565862E+00    1.582294E+01    1.352064E+03    2.826653E+03    5.064831E+03
    8.958238E-01    1.578910E+00    1.611783E+01    1.378696E+03    2.882333E+03    5.164598E+03
    8.956227E-01    1.592114E+00    1.641661E+01    1.405681E+03    2.938745E+03    5.265679E+03
    8.954026E-01    1.605468E+00    1.671914E+01    1.433004E+03    2.995868E+03    5.368033E+03
    8.951624E-01    1.618964E+00    1.702529E+01    1.460657E+03    3.053636E+03    5.471610E+03
    8.949008E-01    1.632595E+00    1.733489E+01    1.488618E+03    3.112134E+03    5.576458E+03
    8.946165E-01    1.646350E+00    1.764777E+01    1.516877E+03    3.171215E+03    5.682219E+03
    8.943082E-01    1.660219E+00    1.796371E+01    1.545414E+03    3.230874E+03    5.789113E+03
    8.939743E-01    1.674191E+00    1.828249E+01    1.574209E+03    3.291072E+03    5.896982E+03
    8.936133E-01    1.688252E+00    1.860385E+01    1.603237E+03    3.351760E+03    6.005723E+03
    8.932235E-01    1.702388E+00    1.892750E+01    1.632475E+03    3.412884E+03    6.115240E+03
    8.928031E-01    1.716584E+00    1.925315E+01    1.661893E+03    3.474387E+03    6.225447E+03
    8.923504E-01    1.730822E+00    1.958043E+01    1.691462E+03    3.536203E+03    6.336211E+03
    8.918634E-01    1.745083E+00    1.990898E+01    1.721146E+03    3.598262E+03    6.447409E+03
    8.913400E-01    1.759347E+00    2.023839E+01    1.750909E+03    3.660487E+03    6.558893E+03
    8.907781E-01    1.773593E+00    2.056819E+01    1.780712E+03    3.722791E+03    6.670540E+03
    8.901754E-01    1.787795E+00    2.089792E+01    1.810509E+03    3.785085E+03    6.782157E+03
    8.895295E-01    1.801928E+00    2.122704E+01    1.840254E+03    3.847272E+03    6.893587E+03
    8.888379E-01    1.815964E+00    2.155499E+01    1.869897E+03    3.909273E+03    7.004631E+03
    8.880979E-01    1.829873E+00    2.188115E+01    1.899381E+03    3.970882E+03    7.115073E+03
    8.873069E-01    1.843624E+00    2.220488E+01    1.928649E+03    4.032069E+03    7.224712E+03
    8.864619E-01    1.857182E+00    2.252547E+01    1.957637E+03    4.092673E+03    7.333300E+03
    8.855599E-01    1.870511E+00    2.284218E+01    1.986270E+03    4.152557E+03    7.440593E+03
    8.845979E-01    1.883572E+00    2.315422E+01    2.014452E+03    4.211567E+03    7.546342E+03
    8.835724E-01    1.896326E+00    2.346076E+01    2.042237E+03    4.269527E+03    7.650211E+03
    8.824802E-01    1.908729E+00    2.376092E+01    2.069406E+03    4.326323E+03    7.751957E+03
    8.813177E-01    1.920736E+00    2.405376E+01    2.095905E+03    4.381738E+03    7.851233E+03
    8.800813E-01    1.932301E+00    2.433832E+01    2.121670E+03    4.435599E+03    7.947766E+03
    8.787672E-01    1.943374E+00    2.461358E+01    2.146603E+03    4.487723E+03    8.041179E+03
    8.773716E-01    1.953904E+00    2.487851E+01    2.170608E+03    4.537914E+03    8.131087E+03
    8.758904E-01    1.963840E+00    2.513200E+01    2.193589E+03    4.585958E+03    8.217173E+03
    8.743195E-01    1.973127E+00    2.537295E+01    2.215448E+03    4.631651E+03    8.299045E+03
    8.726548E-01    1.981710E+00    2.560020E+01    2.236073E+03    4.674777E+03    8.376321E+03
    8.708920E-01    1.989533E+00    2.581260E+01    2.255369E+03    4.715108E+03    8.448569E+03
    8.690267E-01    1.996538E+00    2.600896E+01    2.273227E+03    4.752451E+03    8.515494E+03
    8.670545E-01    2.002668E+00    2.618809E+01    2.289543E+03    4.786552E+03    8.576601E+03
    8.649710E-01    2.007865E+00    2.634880E+01    2.304200E+03    4.817201E+03    8.631517E+03
    8.627717E-01    2.012073E+00    2.648991E+01    2.317103E+03    4.844177E+03    8.679852E+03
    8.604521E-01    2.015236E+00    2.661028E+01    2.328145E+03    4.867260E+03    8.721214E+03
    8.580077E-01    2.017297E+00    2.670876E+01    2.337224E+03    4.886240E+03    8.755258E+03
    8.554342E-01    2.018206E+00    2.678427E+01    2.344240E+03    4.900912E+03    8.781510E+03
    8.527270E-01    2.017910E+00    2.683577E+01    2.349105E+03    4.911082E+03    8.799732E+03
    8.498820E-01    2.016363E+00    2.686231E+01    2.351730E+03    4.916569E+03    8.809565E+03
    8.468949E-01    2.013521E+00    2.686297E+01    2.352035E+03    4.917206E+03    8.810841E+03
    8.437616E-01    2.009343E+00    2.683697E+01    2.349947E+03    4.912841E+03    8.802886E+03
    8.404783E-01    2.003795E+00    2.678360E+01    2.345405E+03    4.903345E+03    8.785870E+03
    8.370414E-01    1.996847E+00    2.670228E+01    2.338410E+03    4.888606E+03    8.759462E+03
    8.334472E-01    1.988474E+00    2.659253E+01    2.328757E+03    4.868540E+03    8.723492E+03
    8.296927E-01    1.978660E+00    2.645405E+01    2.316580E+03    4.843085E+03    8.677895E+03
    8.257749E-01    1.967393E+00    2.628663E+01    2.301810E+03    4.812204E+03    8.622561E+03
    8.216911E-01    1.954669E+00    2.609025E+01    2.284442E+03    4.775894E+03    8.557501E+03
    8.174393E-01    1.940492E+00    2.586504E+01    2.264488E+03    4.734167E+03    8.482770E+03
    8.130173E-01    1.924872E+00    2.561127E+01    2.241976E+03    4.687114E+03    8.398421E+03
    8.084239E-01    1.907829E+00    2.532941E+01    2.216943E+03    4.634779E+03    8.304650E+03
    8.036578E-01    1.889388E+00    2.502006E+01    2.189447E+03    4.577294E+03    8.201651E+03
    7.987184E-01    1.869585E+00    2.468401E+01    2.159558E+03    4.514808E+03    8.089684E+03
    7.936056E-01    1.848460E+00    2.432218E+01    2.127364E+03    4.447495E+03    7.969068E+03
    7.883196E-01    1.826063E+00    2.393566E+01    2.092947E+03    4.375552E+03    7.840164E+03
    7.828612E-01    1.802450E+00    2.352568E+01    2.056435E+03    4.299217E+03    7.703388E+03
    7.772317E-01    1.777681E+00    2.309359E+01    2.017944E+03    4.218741E+03    7.559199E+03
    7.714327E-01    1.751827E+00    2.264089E+01    1.977606E+03    4.134419E+03    7.408097E+03
    7.654666E-01    1.724959E+00    2.216915E+01    1.935566E+03    4.046527E+03    7.250614E+03
    7.593360E-01    1.697155E+00    2.168005E+01    1.891973E+03    3.955395E+03    7.087309E+03
    7.530441E-01    1.668497E+00    2.117534E+01    1.846986E+03    3.861339E+03    6.918780E+03
    7.465947E-01    1.639070E+00    2.065683E+01    1.800766E+03    3.764710E+03    6.745652E+03
    7.399917E-01    1.608960E+00    2.012636E+01    1.753479E+03    3.665854E+03    6.568518E+03
    7.332397E-01    1.578255E+00    1.958581E+01    1.705295E+03    3.565118E+03    6.388021E+03
    7.263437E-01    1.547044E+00    1.903706E+01    1.656382E+03    3.462852E+03    6.204792E+03
    7.193091E-01    1.515417E+00    1.848196E+01    1.606906E+03    3.359425E+03    6.019456E+03
    7.121414E-01    1.483460E+00    1.792235E+01    1.557034E+03    3.255162E+03    5.832636E+03
    7.048467E-01    1.451259E+00    1.736003E+01    1.506927E+03    3.150407E+03    5.644929E+03
    6.974312E-01    1.418900E+00    1.679674E+01    1.456741E+03    3.045487E+03    5.456937E+03
    6.899017E-01    1.386463E+00    1.623415E+01    1.406626E+03    2.940718E+03    5.269206E+03
    6.822648E-01    1.354026E+00    1.567384E+01    1.356725E+03    2.836391E+03    5.082277E+03
