 -2.177254080222733E-187 -1.137001188709391E-006  0.000000000000000E+000
  4.354508160445466E-187 -1.137001188709391E-006  3.543337826926056E-185
 -1.524077856155913E-186 -1.137001188709391E-006 -1.417335130770422E-184
  5.660860608578857E-186 -1.137001188709391E-006  5.315006740389322E-184
 -2.111936457816044E-185 -1.137001188709391E-006 -1.984269183078598E-183
  7.881659770406296E-185 -1.137001188709391E-006  7.405576058275461E-183
 -2.941470262380913E-184 -1.137001188709391E-006 -2.763803505002325E-182
  1.097771507248254E-183 -1.137001188709391E-006  1.031465641418221E-181
 -4.096939002755104E-183 -1.137001188709391E-006 -3.849482215172481E-181
  1.528998450377217E-182 -1.137001188709391E-006  1.436646321927170E-180
 -5.706299901233359E-182 -1.137001188709391E-006 -5.361637066191433E-180
  2.129620115455526E-181 -1.137001188709391E-006  2.000990194283946E-179
 -7.947850471699121E-181 -1.137001188709391E-006 -7.467797070516306E-179
  2.966178177134097E-180 -1.137001188709391E-006  2.787019808778128E-178
 -1.106992766136647E-179 -1.137001188709391E-006 -1.040129952806088E-177
  4.131353246832997E-179 -1.137001188709391E-006  3.881817830346713E-177
 -1.541842022119603E-178 -1.137001188709391E-006 -1.448714136858012E-176
  5.754232763795112E-178 -1.137001188709391E-006  5.406674764397376E-176
 -2.147508903306085E-177 -1.137001188709391E-006 -2.017798492073149E-175
  8.014612336844827E-177 -1.137001188709391E-006  7.530526491852860E-175
 -2.991094044407189E-176 -1.137001188709391E-006 -2.810430747533955E-174
  1.116291494394477E-175 -1.137001188709391E-006  1.048867034095007E-173
 -4.166056573137191E-175 -1.137001188709391E-006 -3.914425061626631E-173
  1.554793479815429E-174 -1.137001188709391E-006  1.460883321241152E-172
 -5.802568261947737E-174 -1.137001188709391E-006 -5.452090778802189E-172
  2.165547956797649E-173 -1.137001188709391E-006  2.034747979396669E-171
 -8.081935000995823E-173 -1.137001188709391E-006 -7.593782839706460E-171
  3.016219204718564E-172 -1.137001188709391E-006  2.834038337942917E-170
 -1.125668331877417E-171 -1.137001188709391E-006 -1.057677506780150E-169
  4.201051407038002E-171 -1.137001188709391E-006  3.947306193326131E-169
 -1.567853729627459E-170 -1.137001188709391E-006 -1.473154726652438E-168
  5.851309777806035E-170 -1.137001188709391E-006  5.497888287277137E-168
 -2.183738538159571E-169 -1.137001188709391E-006 -2.051839842245703E-167
  8.149823174858045E-169 -1.137001188709391E-006  7.657570540254757E-167
 -3.041555416127261E-168 -1.137001188709391E-006 -2.857844231877333E-166
  1.135123934702324E-167 -1.137001188709391E-006  1.066561987348386E-165
 -4.236340197196381E-167 -1.137001188709391E-006 -3.980463526205987E-165
  1.581023685408391E-166 -1.137001188709391E-006  1.485529211747490E-164
 -5.900460721913925E-166 -1.137001188709391E-006 -5.544070494369362E-164
  2.202081920224731E-165 -1.137001188709391E-006  2.069075276572996E-163
 -8.218281608707165E-165 -1.137001188709391E-006 -7.721894056855393E-163
  3.067104451460531E-164 -1.137001188709391E-006  2.881850095084729E-162
 -1.144658964497141E-163 -1.137001188709391E-006 -1.075521097465338E-161
  4.271925412842509E-163 -1.137001188709391E-006  4.013899380352879E-161
 -1.594304268687290E-162 -1.137001188709391E-006 -1.498007642394618E-160
  5.950024533464643E-162 -1.137001188709391E-006  5.590640631543433E-160
 -2.220579386517228E-161 -1.137001188709391E-006 -2.086455488377818E-159
  8.287315092722445E-161 -1.137001188709391E-006  7.786757890356931E-159
 -3.092868098437256E-160 -1.137001188709391E-006 -2.906057607304991E-158
  1.154274088447627E-159 -1.137001188709391E-006  1.084555464018475E-157
 -4.307809543946972E-159 -1.137001188709391E-006 -4.047616095343222E-157
  1.607696408734027E-158 -1.137001188709391E-006  1.510590891735441E-156
 -6.000004680541411E-158 -1.137001188709391E-006 -5.637601957407443E-156
  2.239232231343061E-157 -1.137001188709391E-006  2.103981693789528E-155
 -8.356928457318482E-157 -1.137001188709391E-006 -7.852166579417015E-155
  3.118848159793086E-156 -1.137001188709391E-006  2.930468462387854E-154
 -1.163969979344049E-155 -1.137001188709391E-006 -1.093665719160971E-153
  4.343995101396698E-155 -1.137001188709391E-006  4.081616030405283E-153
 -1.621201042624346E-154 -1.137001188709391E-006 -1.523279840245948E-152
  6.050404660357715E-154 -1.137001188709391E-006  5.684957757943265E-152
 -2.258041759880651E-153 -1.137001188709391E-006 -2.121655119152711E-151
  8.427126573486835E-153 -1.137001188709391E-006  7.918124700816518E-151
 -3.145046453406529E-152 -1.137001188709391E-006 -2.955084368411469E-150
  1.173747315627796E-151 -1.137001188709391E-006  1.102852500356373E-149
 -4.380484617170531E-151 -1.137001188709391E-006 -4.115901564584346E-149
  1.634819115305433E-150 -1.137001188709391E-006  1.536075375798101E-148
 -6.101227999504542E-150 -1.137001188709391E-006 -5.732711346734098E-148
  2.277009288271272E-149 -1.137001188709391E-006  2.139477001113830E-147
 -8.497914353134829E-149 -1.137001188709391E-006 -7.984636869781729E-147
  3.171464812426733E-148 -1.137001188709391E-006  2.979907047801375E-146
 -1.183606781439371E-147 -1.137001188709391E-006 -1.112116450422708E-145
  4.417280644514712E-147 -1.137001188709391E-006  4.150475096910787E-145
 -1.648551579661985E-146 -1.137001188709391E-006 -1.548978393722009E-144
  6.152478254196330E-146 -1.137001188709391E-006  5.780866065197087E-144
 -2.296136143712384E-145 -1.137001188709391E-006 -2.157448586706586E-143
  8.569296749429713E-145 -1.137001188709391E-006  8.051707740306812E-143
 -3.198105085400717E-144 -1.137001188709391E-006 -3.004938237451999E-142
  1.193549066665990E-143 -1.137001188709391E-006  1.121458217577731E-141
 -4.454385758123790E-143 -1.137001188709391E-006 -4.185339046565819E-141
  1.662399396582916E-142 -1.137001188709391E-006  1.561989796868555E-140
 -6.204159010519426E-142 -1.137001188709391E-006 -5.829425282817506E-140
  2.315423664549478E-141 -1.137001188709391E-006  2.175571133440147E-139
 -8.641278757145779E-141 -1.137001188709391E-006 -8.119342005479017E-139
  3.224969136403363E-140 -1.137001188709391E-006  3.030179688847593E-138
 -1.203574866989914E-139 -1.137001188709391E-006 -1.130878455484222E-137
  4.491802554319321E-139 -1.137001188709391E-006  4.220495853052127E-137
 -1.676363535028700E-138 -1.137001188709391E-006 -1.575110495672464E-136
  6.256273884683006E-138 -1.137001188709391E-006  5.878392397384512E-136
 -2.334873200370280E-137 -1.137001188709391E-006 -2.193845909386607E-135
  8.713865413013013E-137 -1.137001188709391E-006  8.187544397807794E-135
 -3.252058845168105E-136 -1.137001188709391E-006 -3.055633168184525E-134
  1.213684883937139E-135 -1.137001188709391E-006  1.140377823295706E-133
 -4.529533651231643E-135 -1.137001188709391E-006 -4.255947976364468E-133
  1.690444972098980E-134 -1.137001188709391E-006  1.588341408216181E-132
 -6.308826523272761E-134 -1.137001188709391E-006 -5.927770835228276E-132
  2.354486112099153E-133 -1.137001188709391E-006  2.212274193269742E-131
 -8.787061796069336E-133 -1.137001188709391E-006 -8.256319689556141E-131
  3.279376107217892E-132 -1.137001188709391E-006  3.081300456495413E-130
 -1.223879824926436E-131 -1.137001188709391E-006 -1.149956985702629E-129
  4.567581688984058E-131 -1.137001188709391E-006  4.291697897160880E-129
 -1.704644693100941E-130 -1.137001188709391E-006 -1.601683460294125E-128
  6.361820603505498E-130 -1.137001188709391E-006  5.977564051460277E-128
 -2.374263772092107E-129 -1.137001188709391E-006 -2.230857274554698E-127
  8.860873028017676E-129 -1.137001188709391E-006  8.325672693072951E-127
 -3.306922833997859E-128 -1.137001188709391E-006 -3.107183349773711E-126
  1.234160403318995E-127 -1.137001188709391E-006  1.159616612978729E-125
 -4.605949329876194E-127 -1.137001188709391E-006 -4.327748116937545E-125
  1.718963691618539E-126 -1.137001188709391E-006  1.615137585477181E-124
 -6.415259833486680E-126 -1.137001188709391E-006 -6.027775530214836E-124
  2.394207564232765E-125 -1.137001188709391E-006  2.249596453538266E-123
 -8.935304273582591E-125 -1.137001188709391E-006 -8.395608261131393E-123
  3.334700953009686E-124 -1.137001188709391E-006  3.133283659098800E-122
 -1.244527338468076E-123 -1.137001188709391E-006 -1.169357381028180E-121
  4.644639258571230E-123 -1.137001188709391E-006  4.364101158202938E-121
 -1.733402969581723E-122 -1.137001188709391E-006 -1.628704725178321E-120
  6.469147952469772E-122 -1.137001188709391E-006  6.078408784892988E-120
 -2.414318884029682E-121 -1.137001188709391E-006 -2.268493041439414E-119
  9.010360740871750E-121 -1.137001188709391E-006  8.466131287268357E-119
 -3.362712407945807E-120 -1.137001188709391E-006 -3.159603210763330E-118
  1.254981355769605E-119 -1.137001188709391E-006  1.179179971432649E-117
 -4.683654182283737E-119 -1.137001188709391E-006 -4.400759564654359E-117
  1.747963537336533E-118 -1.137001188709391E-006  1.642385828718479E-116
 -6.523488731117909E-118 -1.137001188709391E-006 -6.129467358408343E-116
  2.434599138713509E-117 -1.137001188709391E-006  2.287548360491489E-115
 -9.086047681742044E-117 -1.137001188709391E-006 -8.537246706125313E-115
  3.390959158825541E-116 -1.137001188709391E-006  3.186143846400905E-114
 -1.265523186712768E-115 -1.137001188709391E-006 -1.189085071499135E-113
  4.722996830968623E-115 -1.137001188709391E-006  4.437725901356352E-113
 -1.762646413716133E-114 -1.137001188709391E-006 -1.656181853392664E-112
  6.578285971767670E-114 -1.137001188709391E-006  6.180954823435020E-112
 -2.455049747335509E-113 -1.137001188709391E-006 -2.306763744034690E-111
  9.162370392165269E-113 -1.137001188709391E-006  8.608959493795257E-111
 -3.419443182132558E-112 -1.137001188709391E-006 -3.212907423114634E-110
  1.276153568931313E-111 -1.137001188709391E-006  1.199073374307955E-109
 -4.762669957512212E-111 -1.137001188709391E-006 -4.475002754920156E-109
  1.777452626111754E-110 -1.137001188709391E-006  1.670093764537267E-108
 -6.633543508695791E-110 -1.137001188709391E-006 -6.232874782657053E-108
  2.475672140867086E-109 -1.137001188709391E-006  2.326140536609147E-107
 -9.239334212598766E-109 -1.137001188709391E-006 -8.681274668170882E-107
  3.448166470952874E-108 -1.137001188709391E-006  3.239895813607365E-106
 -1.286873246255162E-107 -1.137001188709391E-006 -1.209145578761237E-105
  4.802676337925253E-107 -1.137001188709391E-006  4.512592733684313E-105
 -1.792383210544585E-106 -1.137001188709391E-006 -1.684122535597602E-104
  6.689265208385964E-106 -1.137001188709391E-006  6.285230869021834E-104
 -2.496467762299926E-105 -1.137001188709391E-006 -2.345680094048973E-103
  9.316944528361114E-105 -1.137001188709391E-006  8.754197289293710E-103
 -3.477131035114296E-104 -1.137001188709391E-006 -3.267110906312733E-102
  1.297682968762166E-103 -1.137001188709391E-006  1.219302389632102E-101
 -4.843018771537235E-103 -1.137001188709391E-006 -4.550498467897134E-101
  1.807439211738677E-102 -1.137001188709391E-006  1.698269148195644E-100
 -6.745454969800836E-102 -1.137001188709391E-006 -6.338026745993003E-100
  2.517438066746466E-101 -1.137001188709391E-006  2.365383783577637E-099
 -9.395206770005991E-101 -1.137001188709391E-006 -8.827732459711049E-099
  3.506338901327671E-100 -1.137001188709391E-006  3.294554605526729E-098
 -1.308583492831037E-099 -1.137001188709391E-006 -1.229544517613554E-097
  4.883700081191274E-099 -1.137001188709391E-006  4.588722609901644E-097
 -1.822621683193446E-098 -1.137001188709391E-006 -1.712534592199264E-096
  6.802116724654655E-098 -1.137001188709391E-006  6.391266107806890E-096
 -2.538584521542462E-097 -1.137001188709391E-006 -2.385252983902883E-095
  9.474126413704379E-097 -1.137001188709391E-006  8.901885324830843E-095
 -3.535792113327585E-096 -1.137001188709391E-006 -3.322228831541974E-094
  1.319575581193990E-095 -1.137001188709391E-006  1.239872679368481E-093
 -4.924723113443093E-095 -1.137001188709391E-006 -4.627267834319831E-093
  1.837931687257838E-094 -1.137001188709391E-006  1.726919865791085E-092
 -6.859254437687197E-094 -1.137001188709391E-006 -6.444952679732211E-092
  2.559908606349094E-093 -1.137001188709391E-006  2.405289085313776E-091
 -9.553708981627447E-093 -1.137001188709391E-006 -8.976661073282083E-091
  3.565492732016148E-092 -1.137001188709391E-006  3.350135520781381E-090
 -1.330660002990155E-091 -1.137001188709391E-006 -1.250287597579759E-089
  4.966090738759115E-091 -1.137001188709391E-006  4.666136838240795E-089
 -1.853370295204631E-090 -1.137001188709391E-006 -1.741425975538342E-088
  6.916872106942304E-090 -1.137001188709391E-006  6.499090218329579E-088
 -2.581411813256574E-089 -1.137001188709391E-006 -2.425493489777889E-087
  9.633960042332070E-089 -1.137001188709391E-006  9.052064937278600E-087
 -3.595442835607170E-088 -1.137001188709391E-006 -3.378276625933652E-086
  1.341837533819518E-087 -1.137001188709391E-006  1.260790001000703E-085
 -5.007805851717353E-087 -1.137001188709391E-006 -4.705332341409447E-085
  1.868938587305031E-086 -1.137001188709391E-006  1.756053936463669E-084
 -6.974973764048390E-086 -1.137001188709391E-006 -6.553682511713732E-084
  2.603095646888794E-085 -1.137001188709391E-006  2.445867611039181E-083
 -9.714885211150335E-085 -1.137001188709391E-006 -9.128102192985350E-083
  3.625644519771336E-084 -1.137001188709391E-006  3.406654116090145E-082
 -1.353108955797031E-083 -1.137001188709391E-006 -1.271380624506205E-081
  5.049871371210878E-083 -1.137001188709391E-006  4.744857086415909E-081
 -1.884637652904648E-082 -1.137001188709391E-006 -1.770804772115743E-080
  7.033563474497660E-082 -1.137001188709391E-006  6.608733379821235E-080
 -2.624961624508600E-081 -1.137001188709391E-006 -2.466412874716920E-079
  9.796490150584417E-081 -1.137001188709391E-006  9.204778160885760E-079
 -3.656099897782987E-080 -1.137001188709391E-006 -3.435269976882536E-078
  1.364475057607320E-079 -1.137001188709391E-006  1.282060209144185E-077
 -5.092290240651095E-079 -1.137001188709391E-006 -4.784713838888380E-077
  1.900468590499664E-078 -1.137001188709391E-006  1.785679514640973E-076
 -7.092645337933702E-078 -1.137001188709391E-006 -6.664246674674906E-076
  2.647011276123456E-077 -1.137001188709391E-006  2.487130718405920E-075
 -9.878780570700671E-077 -1.137001188709391E-006 -9.282098206155984E-075
  3.686811100667841E-076 -1.137001188709391E-006  3.464126210621878E-074
 -1.375936634560129E-075 -1.137001188709391E-006 -1.292829502187192E-073
  5.135065428173966E-075 -1.137001188709391E-006  4.824905387686362E-073
 -1.916432507813488E-074 -1.137001188709391E-006 -1.800679204855907E-072
  7.152223488436715E-074 -1.137001188709391E-006  6.720226280654841E-072
 -2.669246144593218E-073 -1.137001188709391E-006 -2.508022591776458E-071
  9.961762229529868E-073 -1.137001188709391E-006  9.360067739039720E-071
 -3.717780277352459E-072 -1.137001188709391E-006 -3.493224836438399E-070
  1.387494488645716E-071 -1.137001188709391E-006  1.303689257184933E-069
 -5.178199926847502E-071 -1.137001188709391E-006 -4.865434545096001E-069
  1.932530521874428E-070 -1.137001188709391E-006  1.815804892319907E-068
 -7.212302094813127E-070 -1.137001188709391E-006 -6.776676114769876E-068
  2.691667785737807E-069 -1.137001188709391E-006  2.529089956675960E-067
 -1.004544093346969E-068 -1.137001188709391E-006 -9.438692215227062E-067
  3.749009594814096E-068 -1.137001188709391E-006  3.522567890423229E-066
 -1.399149428590973E-067 -1.137001188709391E-006 -1.314640234016991E-065
  5.221696754882482E-067 -1.137001188709391E-006  4.906304147025642E-065
 -1.948763759093896E-066 -1.137001188709391E-006 -1.831057635408558E-064
  7.272885360887010E-066 -1.137001188709391E-006  6.833600126931973E-064
 -2.714277768445537E-065 -1.137001188709391E-006 -2.550334287231820E-063
  1.012982253769344E-064 -1.137001188709391E-006  9.517977136234084E-063
 -3.780501238232825E-064 -1.137001188709391E-006 -3.552157425770452E-062
  1.410902269916164E-063 -1.137001188709391E-006  1.325683198945869E-061
 -5.265558955841371E-063 -1.137001188709391E-006 -4.947517053206433E-061
  1.965133355344976E-062 -1.137001188709391E-006  1.846438501387945E-060
 -7.333977525795765E-062 -1.137001188709391E-006 -6.891002300231136E-060
  2.737077674783748E-061 -1.137001188709391E-006  2.571757069953717E-059
 -1.021491294655541E-060 -1.137001188709391E-006 -9.597928049791755E-059
  3.812257411143961E-060 -1.137001188709391E-006  3.581995512921169E-058
 -1.422753834991967E-059 -1.137001188709391E-006 -1.336818924670610E-057
  5.309789598853471E-059 -1.137001188709391E-006  4.989076147390324E-057
 -1.981640456042192E-058 -1.137001188709391E-006 -1.861948566489069E-056
  7.395582864283587E-058 -1.137001188709391E-006  6.948886651217087E-056
 -2.760069100109216E-057 -1.137001188709391E-006 -2.593359803837928E-055
  1.030071811400828E-056 -1.137001188709391E-006  9.678550550230220E-055
 -3.844280335592472E-056 -1.137001188709391E-006 -3.612084239708214E-054
  1.434704953096874E-055 -1.137001188709391E-006  1.348048190381014E-053
 -5.354391778828368E-055 -1.137001188709391E-006 -5.030984337553120E-053
  1.998286216221661E-054 -1.137001188709391E-006  1.877588915983146E-052
 -7.457705687003639E-054 -1.137001188709391E-006 -7.007257230177430E-052
  2.783253653179289E-053 -1.137001188709391E-006  2.615144000472658E-051
 -1.038724404401702E-052 -1.137001188709391E-006 -9.759850278872669E-051
  3.876572252288882E-052 -1.137001188709391E-006  3.642425711501802E-050
 -1.446756460475350E-051 -1.137001188709391E-006 -1.359371781812024E-049
  5.399368616672511E-051 -1.137001188709391E-006  5.073244556097918E-049
 -2.015071800621515E-050 -1.137001188709391E-006 -1.893360644257922E-048
  7.520350340818808E-050 -1.137001188709391E-006  7.066118121421898E-048
 -2.806632956265309E-049 -1.137001188709391E-006 -2.637111184143026E-047
  1.047449679097959E-048 -1.137001188709391E-006  9.841832924429694E-047
 -3.909135420765218E-048 -1.137001188709391E-006 -3.673022051357657E-046
  1.458909200396323E-047 -1.137001188709391E-006  1.370790491298735E-045
 -5.444723259508651E-047 -1.137001188709391E-006 -5.115859760059289E-045
  2.031998383763872E-046 -1.137001188709391E-006  1.909264854893799E-044
 -7.583521209104457E-046 -1.137001188709391E-006 -7.125473443569427E-044
  2.830208645265394E-045 -1.137001188709391E-006  2.659262891938391E-043
 -1.056248246015161E-044 -1.137001188709391E-006 -9.924504223396175E-043
  3.941972119533929E-044 -1.137001188709391E-006  3.703875400164797E-042
 -1.471164023212055E-043 -1.137001188709391E-006 -1.382305117831957E-041
  5.490458880894950E-043 -1.137001188709391E-006  5.158832931311234E-041
 -2.049067150036774E-042 -1.137001188709391E-006 -1.925302660741298E-040
  7.647222712057436E-042 -1.137001188709391E-006  7.185327349834228E-040
 -2.853982369819294E-041 -1.137001188709391E-006 -2.681600673859562E-039
  1.065120720807168E-040 -1.137001188709391E-006  1.000786996045460E-038
 -3.975084646246652E-040 -1.137001188709391E-006 -3.734987916795967E-038
  1.483521786417977E-039 -1.137001188709391E-006  1.393916467113809E-037
 -5.536578681047243E-039 -1.137001188709391E-006 -5.202167076775641E-037
  2.066279293777054E-038 -1.137001188709391E-006  1.941475183998919E-036
 -7.711459307003486E-038 -1.137001188709391E-006 -7.245684028318112E-036
  2.877955793423755E-037 -1.137001188709391E-006  2.704126092927292E-035
 -1.074067724299467E-036 -1.137001188709391E-006 -1.009193596887736E-034
  4.008475317855403E-036 -1.137001188709391E-006  3.766361778258298E-034
 -1.495983354712214E-035 -1.137001188709391E-006 -1.405625351614546E-033
  5.583085887063443E-035 -1.137001188709391E-006  5.245865228632235E-033
 -2.083636019354155E-034 -1.137001188709391E-006 -1.957783556291440E-032
  7.776235488710103E-034 -1.137001188709391E-006  7.306547702302698E-032
 -2.902130593548690E-033 -1.137001188709391E-006 -2.726840725291874E-031
  1.083089882532351E-032 -1.137001188709391E-006  1.017670813093745E-030
 -4.042146470774623E-032 -1.137001188709391E-006 -3.797999179845709E-030
  1.508549600056581E-031 -1.137001188709391E-006  1.417432590628941E-029
 -5.629983753148984E-031 -1.137001188709391E-006 -5.289930444531073E-029
  2.101138541253889E-030 -1.137001188709391E-006  1.974228918749579E-028
 -7.841555789700832E-030 -1.137001188709391E-006 -7.367922630545045E-028
  2.926508461754945E-029 -1.137001188709391E-006  2.749746160343060E-027
 -1.092187826804945E-028 -1.137001188709391E-006 -1.026219237831796E-026
  4.076100461044287E-028 -1.137001188709391E-006  3.829902335292880E-026
 -1.521221401737254E-027 -1.137001188709391E-006 -1.429339010333940E-025
  5.677275560844586E-027 -1.137001188709391E-006  5.334365807806473E-025
 -2.118788084164062E-026 -1.137001188709391E-006 -1.990812422089240E-024
  7.907424780571790E-026 -1.137001188709391E-006  7.429813107576312E-024
 -2.951091103812375E-025 -1.137001188709391E-006 -2.772844000821539E-023
  1.101362193719232E-024 -1.137001188709391E-006  1.034839469252852E-022
 -4.110339664495600E-024 -1.137001188709391E-006 -3.862073476929342E-022
  1.533999646426351E-023 -1.137001188709391E-006  1.441345443846419E-021
 -5.724964619255715E-023 -1.137001188709391E-006 -5.379174427692863E-021
  2.136585883059651E-022 -1.137001188709391E-006  2.007535226692503E-020
 -7.973847070313392E-022 -1.137001188709391E-006 -7.492223464000391E-020
  2.975880239819258E-021 -1.137001188709391E-006  2.796135862931032E-019
 -1.110613625224569E-020 -1.137001188709391E-006 -1.043532110532409E-018
  4.144866476916445E-020 -1.137001188709391E-006  3.894514855836445E-018
 -1.546885228244121E-019 -1.137001188709391E-006 -1.453452731281337E-017
  5.773054265284738E-019 -1.137001188709391E-006  5.424359439541840E-017
 -2.154533183225464E-018 -1.137001188709391E-006 -2.024398502653877E-016
  8.040828241325997E-018 -1.137001188709391E-006  7.555158573782899E-016
 -3.000019387886904E-017 -1.137001188709391E-006 -2.819157914251882E-015
  1.620158933331350E-016 -1.137001188709391E-006  1.323560970976391E-014
  4.163798317839527E-016 -1.137001188709391E-006  9.109246071556475E-014
  1.266548262313917E-015 -1.137001188709391E-006  2.576064642732501E-013
  3.753994724745704E-015 -1.137001188709391E-006  7.626265581130904E-013
  1.105362513325630E-014 -1.137001188709391E-006  2.231336972944650E-012
  3.222236398352301E-014 -1.137001188709391E-006  6.451079611091054E-012
  9.315837799122568E-014 -1.137001188709391E-006  1.854199448405485E-011
  2.667621231301255E-013 -1.137001188709391E-006  5.266206006573714E-011
  7.562981490572633E-013 -1.137001188709391E-006  1.481224902117296E-010
  2.122519421371913E-012 -1.137001188709391E-006  4.122369301633588E-010
  5.893837803025709E-012 -1.137001188709391E-006  1.134579698458665E-009
  1.618575532795977E-011 -1.137001188709391E-006  3.086678640645902E-009
  4.393803712125432E-011 -1.137001188709391E-006  8.295996226822490E-009
  1.178395881506417E-010 -1.137001188709391E-006  2.201492861296452E-008
  3.120638173442716E-010 -1.137001188709391E-006  5.764667430537703E-008
  8.155437893971618E-010 -1.137001188709391E-006  1.488570239074606E-007
  2.102070017723186E-009 -1.137001188709391E-006  3.788152545227702E-007
  5.340534579250467E-009 -1.137001188709391E-006  9.494499111397616E-007
  1.336600930680171E-008 -1.137001188709391E-006  2.342220667921323E-006
  3.293388706399450E-008 -1.137001188709391E-006  5.683598326546669E-006
  7.984700383877477E-008 -1.137001188709391E-006  1.355794581905669E-005
  1.903735656543803E-007 -1.137001188709391E-006  3.177482813937733E-005
  4.461233261448040E-007 -1.137001188709391E-006  7.312164101505392E-005
  1.027029993392133E-006 -1.137001188709391E-006  1.651388296327558E-004
  2.321583280828338E-006 -1.137001188709391E-006  3.658257692153412E-004
  5.150699248097929E-006 -1.137001188709391E-006  7.945439422789378E-004
  1.121121597766685E-005 -1.137001188709391E-006  1.691193698155511E-003
  2.393230903596587E-005 -1.137001188709391E-006  3.526397681174355E-003
  5.008645164668764E-005 -1.137001188709391E-006  7.200795995821878E-003
  1.027392349851882E-004 -1.137001188709391E-006  1.439488821037225E-002
  2.065037410176988E-004 -1.137001188709391E-006  2.816440993126415E-002
  4.066388166088164E-004 -1.137001188709391E-006  5.392154292830671E-002
  7.843527533651867E-004 -1.137001188709391E-006  0.100998869275352     
  1.481789268162387E-003 -1.137001188709391E-006  0.185056639520864     
  2.741590830623117E-003 -1.137001188709391E-006  0.331654443547049     
  4.967595830016795E-003 -1.137001188709391E-006  0.581347642197659     
  8.814961422766865E-003 -1.137001188709391E-006  0.996659959654385     
  1.531949361955793E-002 -1.137001188709391E-006   1.67119184844241     
  2.607671471481417E-002 -1.137001188709391E-006   2.74091203248457     
  4.348054085125221E-002 -1.137001188709391E-006   4.39731522524268     
  7.102860473421993E-002 -1.137001188709391E-006   6.90159910344425     
  0.113695481705760      -1.137001188709391E-006   10.5983380835104     
  0.178365813026925      -1.137001188709391E-006   15.9263765501577     
  0.274306472042383      -1.137001188709391E-006   23.4239491735985     
  0.413641088906541      -1.137001188709391E-006   33.7245279628361     
  0.611772921374027      -1.137001188709391E-006   47.5397892082877     
  0.887685642825067      -1.137001188709391E-006   65.6265739566466     
   1.26403929089373      -1.137001188709391E-006   88.7359120925660     
   1.76697392813496      -1.137001188709391E-006   117.544115544235     
   2.42553981873238      -1.137001188709391E-006   152.568499602473     
   3.27069245619431      -1.137001188709391E-006   194.073184035057     
   4.33382422551297      -1.137001188709391E-006   241.973241320663     
   5.64485026196391      -1.137001188709391E-006   295.747700937588     
   7.22992018017014      -1.137001188709391E-006   354.373094733547     
   9.10888365343786      -1.137001188709391E-006   416.288952566046     
   11.2926887819326      -1.137001188709391E-006   479.404739819712     
   13.7809299592336      -1.137001188709391E-006   541.154237060582     
   16.5597796855330      -1.137001188709391E-006   598.598637157593     
   19.6005318647916      -1.137001188709391E-006   648.574249988916     
   22.8589510963630      -1.137001188709391E-006   687.875378590612     
   26.2755654382053      -1.137001188709391E-006   713.458410478824     
   29.7769645916790      -1.137001188709391E-006   722.650102762178     
   33.2780796120694      -1.137001188709391E-006   713.341872511827     
   36.6853337460379      -1.137001188709391E-006   684.152801499856     
   39.9004765915559      -1.137001188709391E-006   634.546898062920     
   42.8248539512561      -1.137001188709391E-006   564.894536093162     
   45.3638296096276      -1.137001188709391E-006   476.473328030969     
   47.4310658416188      -1.137001188709391E-006   371.409310170402     
   48.9523865241180      -1.137001188709391E-006   252.564560771896     
   49.8689870593521      -1.137001188709391E-006   123.381675059345     
   50.1398134019808      -1.137001188709391E-006  -12.3015041873037     
   49.7430013692604      -1.137001188709391E-006  -150.452044713526     
   48.6763397333636      -1.137001188709391E-006  -287.042165148120     
   46.9567894462751      -1.137001188709391E-006  -418.236124470557     
   44.6191510182030      -1.137001188709391E-006  -540.552719727234     
   41.7140184961131      -1.137001188709391E-006  -650.995391240992     
   38.3051894425485      -1.137001188709391E-006  -747.145240383801     
   34.4667153465685      -1.137001188709391E-006  -827.215489561246     
   30.2797770832805      -1.137001188709391E-006  -890.068779031246     
   25.8295576005940      -1.137001188709391E-006  -935.201007344755     
   21.2022618964747      -1.137001188709391E-006  -962.697079303729     
   16.4824058033003      -1.137001188709391E-006  -973.164906027667     
   11.7504633029011      -1.137001188709391E-006  -967.654352538835     
   7.08092989955147      -1.137001188709391E-006  -947.567642863143     
   2.54082929835314      -1.137001188709391E-006  -914.567131997958     
  -1.81133602287608      -1.137001188709391E-006  -870.485469802626     
  -5.92621172043699      -1.137001188709391E-006  -817.242138840352     
  -9.76383410059311      -1.137001188709391E-006  -756.769257512067     
  -13.2935379131714      -1.137001188709391E-006  -690.948489673306     
  -16.4935857656547      -1.137001188709391E-006  -621.559956891962     
  -19.3505779227210      -1.137001188709391E-006  -550.243250678866     
  -21.8587001875211      -1.137001188709391E-006  -478.470009035009     
  -24.0188638174453      -1.137001188709391E-006  -407.527057552114     
  -25.8377858069555      -1.137001188709391E-006  -338.508809699764     
  -27.3270511005899      -1.137001188709391E-006  -272.317455149592     
  -28.5021910048393      -1.137001188709391E-006  -209.669415461221     
  -29.3818047528071      -1.137001188709391E-006  -151.106587630962     
  -29.9867442228228      -1.137001188709391E-006  -97.0110033107204     
  -30.3393754886363      -1.137001188709391E-006  -47.6216822736586     
  -30.4629253494133      -1.137001188709391E-006  -3.05263364818243     
  -30.3809163325938      -1.137001188709391E-006   36.6888579273037     
  -30.1166898939392      -1.137001188709391E-006   71.6843441393424     
  -29.6930146193420      -1.137001188709391E-006   102.087237456877     
  -29.1317740905086      -1.137001188709391E-006   128.107112317247     
  -28.4537276183307      -1.137001188709391E-006   149.995517056436     
  -27.6783361713295      -1.137001188709391E-006   168.033422040135     
  -26.8236454274492      -1.137001188709391E-006   182.520342233579     
  -25.9062178558098      -1.137001188709391E-006   193.765104858776     
  -24.9411059996073      -1.137001188709391E-006   202.078182972989     
  -23.9418596014102      -1.137001188709391E-006   207.765481338366     
  -22.9205598191949      -1.137001188709391E-006   211.123439210906     
  -21.8878744689599      -1.137001188709391E-006   212.435303442225     
  -20.8531289523855      -1.137001188709391E-006   211.968422113133     
  -19.8243882511277      -1.137001188709391E-006   209.972411889804     
  -18.8085460671384      -1.137001188709391E-006   206.678059705048     
  -17.8114178431180      -1.137001188709391E-006   202.296829629711     
  -16.8378349971943      -1.137001188709391E-006   197.020857983698     
  -15.8917382448504      -1.137001188709391E-006   191.023332591699     
  -14.9762683565838      -1.137001188709391E-006   184.459165269570     
  -14.0938531121871      -1.137001188709391E-006   177.465879304269     
  -13.2462895646143      -1.137001188709391E-006   170.164645760165     
  -12.4348210221111      -1.137001188709391E-006   162.661413491088     
  -11.6602084015188      -1.137001188709391E-006   155.048087807280     
  -10.9227958036520      -1.137001188709391E-006   147.403721640712     
  -10.2225703188368      -1.137001188709391E-006   139.795690895235     
  -9.55921619223455      -1.137001188709391E-006   132.280832446017     
  -8.93216356943569      -1.137001188709391E-006   124.906529057255     
  -8.34063210760376      -1.137001188709391E-006   117.711730373148     
  -7.78366978028672      -1.137001188709391E-006   110.727903257631     
  -7.26018722870165      -1.137001188709391E-006   103.979908080798     
  -6.76898802222061      -1.137001188709391E-006   97.4868002848570     
  -6.30879518890791      -1.137001188709391E-006   91.2625586670687     
  -5.87827436603815      -1.137001188709391E-006   85.3167434206399     
  -5.47605390292484      -1.137001188709391E-006   79.6550881124218     
  -5.10074222623218      -1.137001188709391E-006   74.2800305050447     
  -4.75094275310076      -1.137001188709391E-006   69.1911875058924     
  -4.42526661146501      -1.137001188709391E-006   64.3857796041426     
  -4.12234340119095      -1.137001188709391E-006   59.8590099969932     
  -3.84083020514939      -1.137001188709391E-006   55.6044032570935     
  -3.57941903681736      -1.137001188709391E-006   51.6141079273650     
  -3.33684289092824      -1.137001188709391E-006   47.8791668896437     
  -3.11188054630025      -1.137001188709391E-006   44.3897587935063     
  -2.90336025524186      -1.137001188709391E-006   41.1354133010305     
  -2.71016244167181      -1.137001188709391E-006   38.1052024203402     
  -2.53122151997683      -1.137001188709391E-006   35.2879098040838     
  -2.36552693825237      -1.137001188709391E-006   32.6721795722790     
  -2.21212354250045      -1.137001188709391E-006   30.2466460008875     
  -2.07011135217238      -1.137001188709391E-006   28.0000452716135     
  -1.93864483177690      -1.137001188709391E-006   25.9213104123994     
  -1.81693173783222      -1.137001188709391E-006   23.9996505307349     
  -1.70423161500187      -1.137001188709391E-006   22.2246154685939     
  -1.59985400971264      -1.137001188709391E-006   20.5861470229857     
  -1.50315646383287      -1.137001188709391E-006   19.0746179342731     
  -1.41354234511524      -1.137001188709391E-006   17.6808598493202     
  -1.33045856513912      -1.137001188709391E-006   16.3961815007341     
  -1.25339322950288      -1.137001188709391E-006   15.2123783154699     
  -1.18187325912523      -1.137001188709391E-006   14.1217346559723     
  -1.11546201580455      -1.137001188709391E-006   13.1170198325413     
  -1.05375695977559      -1.137001188709391E-006   12.1914789672343     
 -0.996387361937950      -1.137001188709391E-006   11.3388197061179     
 -0.943012088795813      -1.137001188709391E-006   10.5531956843448     
 -0.893317473967417      -1.137001188709391E-006   9.82918755422095     
 -0.847015286421646      -1.137001188709391E-006   9.16178228428066     
 -0.803840802370979      -1.137001188709391E-006   8.54635134522818     
 -0.763550984991264      -1.137001188709391E-006   7.97862829856405     
 -0.725922773820644      -1.137001188709391E-006   7.45468622273368     
 -0.690751483775482      -1.137001188709391E-006   6.97091532726806     
 -0.657849312182702      -1.137001188709391E-006   6.52400103542051     
 -0.627043951015265      -1.137001188709391E-006   6.11090275215182     
 -0.598177300595986      -1.137001188709391E-006   5.72883347865117     
 -0.571104280360666      -1.137001188709391E-006   5.37524038865515     
 -0.545691731808657      -1.137001188709391E-006   5.04778644120219     
 -0.521817408481457      -1.137001188709391E-006   4.74433307309098     
 -0.499369047665429      -1.137001188709391E-006   4.46292398705484     
 -0.478243518486561      -1.137001188709391E-006   4.20177003116350     
 -0.458346041128393      -1.137001188709391E-006   3.95923514807765     
 -0.439589472034746      -1.137001188709391E-006   3.73382336193403     
 -0.421893650144645      -1.137001188709391E-006   3.52416675894781     
 -0.405184799427626      -1.137001188709391E-006   3.32901441503549     
 -0.389394983232062      -1.137001188709391E-006   3.14722221695994     
 -0.374461606222369      -1.137001188709391E-006   2.97774352246020     
 -0.360326959945858      -1.137001188709391E-006   2.81962060530940     
 -0.346937808339370      -1.137001188709391E-006   2.67197682884179     
 -0.334245009750170      -1.137001188709391E-006   2.53400949600179     
 -0.322203172300761      -1.137001188709391E-006   2.40498332319924     
 -0.310770339674564      -1.137001188709391E-006   2.28422448924207     
 -0.299907704632301      -1.137001188709391E-006   2.17111521258803     
 -0.289579347791133      -1.137001188709391E-006   2.06508881250213     
 -0.279751999407778      -1.137001188709391E-006   1.96562521275333     
 -0.270394822086475      -1.137001188709391E-006   1.87224685553072     
 -0.261479212567579      -1.137001188709391E-006   1.78451496156147     
 -0.252978620716347      -1.137001188709391E-006   1.70202621527972     
 -0.244868384733071      -1.137001188709391E-006   1.62440942643340     
 -0.237125578960193      -1.137001188709391E-006   1.55132370178462     
 -0.229728881188655      -1.137001188709391E-006   1.48245227575281     
 -0.222658427681256      -1.137001188709391E-006   1.41751371766409     
 -0.215895769049680      -1.137001188709391E-006   1.35620935909958     
 -0.209423499786668      -1.137001188709391E-006   1.29840971778571     
 -0.203226151249111      -1.137001188709391E-006   1.24344986582597     
 -0.197286410861038      -1.137001188709391E-006   1.19275102526394     
 -0.191598821624407      -1.137001188709391E-006   1.14002937609117     
 -0.169190189749059      -1.137001188709391E-006  0.953600211582339     
 -0.150352916763858      -1.137001188709391E-006  0.806358731573152     
 -0.134365222685875      -1.137001188709391E-006  0.687365184573642     
 -0.120687171344687      -1.137001188709391E-006  0.590569726800061     
 -0.108897167056999      -1.137001188709391E-006  0.510965697263744     
 -9.866583509340078E-002 -1.137001188709391E-006  0.444943589811607     
 -8.973213506873544E-002 -1.137001188709391E-006  0.389728459918244     
 -8.188738209687829E-002 -1.137001188709391E-006  0.343203698601333     
 -7.496312286176827E-002 -1.137001188709391E-006  0.303727095210119     
 -6.882222169104364E-002 -1.137001188709391E-006  0.270014865366757     
 -6.335213380180599E-002 -1.137001188709391E-006  0.241053276400569     
 -5.845980502751428E-002 -1.137001188709391E-006  0.216035060426968     
 -5.406775926150655E-002 -1.137001188709391E-006  0.194312033375129     
 -5.011107122661619E-002 -1.137001188709391E-006  0.175359760294396     
 -4.653500308953902E-002 -1.137001188709391E-006  0.158750867296284     
 -4.329314417900992E-002 -1.137001188709391E-006  0.144134724822943     
 -4.034593519996854E-002 -1.137001188709391E-006  0.131221841071023     
 -3.765948883949522E-002 -1.137001188709391E-006  0.119771776802279     
 -3.520464067421328E-002 -1.137001188709391E-006  0.109583713558301     
 -3.295618039545786E-002 -1.137001188709391E-006  0.100489038428380     
 -3.089222523673448E-002 -1.137001188709391E-006  9.234547337813021E-002
 -2.899370631310045E-002 -1.137001188709391E-006  8.503239660468119E-002
 -2.724394519670329E-002 -1.137001188709391E-006  7.844709045315530E-002
 -2.562830304982409E-002 -1.137001188709391E-006  7.250171448123967E-002
 -2.413388844025244E-002 -1.137001188709391E-006  6.712084972771809E-002
 -2.274931287954920E-002 -1.137001188709391E-006  6.223949571339973E-002
 -2.146448537535910E-002 -1.137001188709391E-006  5.780142837301351E-002
 -2.027043903743056E-002 -1.137001188709391E-006  5.375784735816110E-002
 -1.915918414390544E-002 -1.137001188709391E-006  5.006625656183615E-002
 -1.812358314944865E-002 -1.137001188709391E-006  4.668953357651796E-002
 -1.715724396694369E-002 -1.137001188709391E-006  4.359515294405195E-002
 -1.625442853051422E-002 -1.137001188709391E-006  4.075453517753478E-002
 -1.540997418799653E-002 -1.137001188709391E-006  3.814249908895007E-002
 -1.461922590502162E-002 -1.137001188709391E-006  3.573679933709590E-002
 -1.387797761313475E-002 -1.137001188709391E-006  3.351773455589153E-002
 -1.318242131839404E-002 -1.137001188709391E-006  3.146781416757580E-002
 -1.252910281809780E-002 -1.137001188709391E-006  2.957147417467193E-002
 -1.191488306236665E-002 -1.137001188709391E-006  2.781483397147586E-002
 -1.133690435250545E-002 -1.137001188709391E-006  2.618548763414355E-002
 -1.079256069597749E-002 -1.137001188709391E-006  2.467232427998125E-002
 -1.027947174360049E-002 -1.137001188709391E-006  2.326537302257713E-002
 -9.795459822401237E-003 -1.137001188709391E-006  2.195566879052074E-002
 -9.338529650697643E-003 -1.137001188709391E-006  2.073513590924193E-002
 -8.906850383094259E-003 -1.137001188709391E-006  1.959648683627283E-002
 -8.498739684336312E-003 -1.137001188709391E-006  1.853313387054492E-002
 -8.112649574029773E-003 -1.137001188709391E-006  1.753911199177967E-002
 -7.747153820600820E-003 -1.137001188709391E-006  1.660901127627555E-002
 -7.400936693596397E-003 -1.137001188709391E-006  1.573791757185316E-002
 -7.072782909498920E-003 -1.137001188709391E-006  1.492136031334848E-002
 -6.761568628407361E-003 -1.137001188709391E-006  1.415526652510699E-002
 -6.466253377842307E-003 -1.137001188709391E-006  1.343592019764769E-002
 -6.185872796090777E-003 -1.137001188709391E-006  1.275992634173324E-002
 -5.919532101364793E-003 -1.137001188709391E-006  1.212417912180765E-002
 -5.666400204932532E-003 -1.137001188709391E-006  1.152583355645371E-002
 -5.425704396632629E-003 -1.137001188709391E-006  1.096228034040733E-002
 -5.196725540007700E-003 -1.137001188709391E-006  1.043112340901921E-002
 -4.978793721946011E-003 -1.137001188709391E-006  9.930159909279448E-003
 -4.771284308314654E-003 -1.137001188709391E-006  9.457362297166452E-003
 -4.573614362903789E-003 -1.137001188709391E-006  9.010862296289354E-003
 -4.385239391729310E-003 -1.137001188709391E-006  8.588936541135133E-003
 -4.205650379665726E-003 -1.137001188709391E-006  8.189993621531302E-003
 -4.034371089498632E-003 -1.137001188709391E-006  7.812562520418179E-003
 -3.870955597147708E-003 -1.137001188709391E-006  7.455282110761745E-003
 -3.714986040049562E-003 -1.137001188709391E-006  7.116891743200107E-003
 -3.566070557555736E-003 -1.137001188709391E-006  6.796222718496656E-003
 -3.423841405041564E-003 -1.137001188709391E-006  6.492190585351184E-003
 -3.287953225115900E-003 -1.137001188709391E-006  6.203788164714575E-003
 -3.158081461166616E-003 -1.137001188709391E-006  5.930079227104462E-003
 -3.033920900002722E-003 -1.137001188709391E-006  5.670192753838740E-003
 -2.915184331727822E-003 -1.137001188709391E-006  5.423317722926019E-003
 -2.801601316190644E-003 -1.137001188709391E-006  5.188698365723215E-003
 -2.692917046438991E-003 -1.137001188709391E-006  4.965629847284189E-003
 -2.588891300558491E-003 -1.137001188709391E-006  4.753454328256633E-003
 -2.489297474130421E-003 -1.137001188709391E-006  4.551557370775686E-003
 -2.393921686303938E-003 -1.137001188709391E-006  4.359364654806019E-003
 -2.302561953152215E-003 -1.137001188709391E-006  4.176338975491091E-003
 -2.215027422593643E-003 -1.137001188709391E-006  4.001977493804470E-003
 -2.131137665695207E-003 -1.137001188709391E-006  3.835809218132832E-003
 -2.050722019662731E-003 -1.137001188709391E-006  3.677392693612747E-003
 -1.973618978262189E-003 -1.137001188709391E-006  3.526313881324225E-003
 -1.899675625799571E-003 -1.137001188709391E-006  3.382184209441069E-003
 -1.828747111145000E-003 -1.137001188709391E-006  3.244638780761643E-003
 -1.760696158599784E-003 -1.137001188709391E-006  3.113334722955775E-003
 -1.695392612691329E-003 -1.137001188709391E-006  2.987949668455383E-003
 -1.632713014236441E-003 -1.137001188709391E-006  2.868180353164128E-003
 -1.572540205248146E-003 -1.137001188709391E-006  2.753741322915976E-003
 -1.514762960469672E-003 -1.137001188709391E-006  2.644363739247014E-003
 -1.459275643506650E-003 -1.137001188709391E-006  2.539794275424036E-003
 -1.405977885705852E-003 -1.137001188709391E-006  2.439794095214553E-003
 -1.354774286080374E-003 -1.137001188709391E-006  2.344137907757089E-003
 -1.305574130723045E-003 -1.137001188709391E-006  2.252613091912474E-003
 -1.258291130280786E-003 -1.137001188709391E-006  2.165018884486549E-003
 -1.212843174176712E-003 -1.137001188709391E-006  2.081165627270846E-003
 -1.169152100374503E-003 -1.137001188709391E-006  2.000874067894868E-003
 -1.127143479576108E-003 -1.137001188709391E-006  1.923974710473997E-003
 -1.086746412831713E-003 -1.137001188709391E-006  1.850307211856498E-003
 -1.047893341621888E-003 -1.137001188709391E-006  1.779719820108851E-003
 -1.010519869545102E-003 -1.137001188709391E-006  1.712068851743360E-003
 -9.745645948107196E-004 -1.137001188709391E-006  1.647218204939684E-003
 -9.399689527995528E-004 -1.137001188709391E-006  1.585038905715166E-003
 -9.066770680098749E-004 -1.137001188709391E-006  1.525408684874434E-003
 -8.746356147584932E-004 -1.137001188709391E-006  1.468211583078983E-003
 -8.437936860533466E-004 -1.137001188709391E-006  1.413337582314095E-003
 -8.141026700981276E-004 -1.137001188709391E-006  1.360682261365707E-003
 -7.855161339285603E-004 -1.137001188709391E-006  1.310146474035352E-003
 -7.579897137163997E-004 -1.137001188709391E-006  1.261636047962862E-003
 -7.314810113119587E-004 -1.137001188709391E-006  1.215061502940445E-003
 -7.059494966251075E-004 -1.137001188709391E-006  1.170337787112420E-003
 -6.813564154746400E-004 -1.137001188709391E-006  1.127384029868142E-003
 -6.576647025615776E-004 -1.137001188709391E-006  1.086123310221641E-003
 -6.348388992461374E-004 -1.137001188709391E-006  1.046482439627522E-003
 -6.128450758301350E-004 -1.137001188709391E-006  1.008391758224174E-003
 -5.916507580677798E-004 -1.137001188709391E-006  9.717849435330408E-004
 -5.712248576466401E-004 -1.137001188709391E-006  9.365988308292361E-004
 -5.515376063977212E-004 -1.137001188709391E-006  9.027732443594318E-004
 -5.325604940102769E-004 -1.137001188709391E-006  8.702508386800365E-004
 -5.142662090421436E-004 -1.137001188709391E-006  8.389769494184495E-004
 -4.966285830298029E-004 -1.137001188709391E-006  8.088994529057395E-004
 -4.796225375158106E-004 -1.137001188709391E-006  7.799686339757415E-004
 -4.632240338229757E-004 -1.137001188709391E-006  7.521370615380073E-004
 -4.474100254155841E-004 -1.137001188709391E-006  7.253594712983315E-004
 -4.321584126988431E-004 -1.137001188709391E-006  6.995926552361505E-004
 -4.174480001166811E-004 -1.137001188709391E-006  6.747953573930199E-004
 -4.032584554171847E-004 -1.137001188709391E-006  6.509281755622673E-004
 -3.895702709633413E-004 -1.137001188709391E-006  6.279534685074477E-004
 -3.763647269744445E-004 -1.137001188709391E-006  6.058352683629139E-004
 -3.636238565901909E-004 -1.137001188709391E-006  5.845391979395199E-004
 -3.513304126570150E-004 -1.137001188709391E-006  5.640323925116087E-004
 -3.394678361416385E-004 -1.137001188709391E-006  5.442834259991737E-004
 -3.280202260829416E-004 -1.137001188709391E-006  5.252622410614718E-004
 -3.169723109989752E-004 -1.137001188709391E-006  5.069400830501646E-004
 -3.063094216700812E-004 -1.137001188709391E-006  4.892894374864854E-004
 -2.960174652247776E-004 -1.137001188709391E-006  4.722839708677573E-004
 -2.860829004589280E-004 -1.137001188709391E-006  4.558984746354477E-004
 -2.764927143228120E-004 -1.137001188709391E-006  4.401088120903449E-004
 -2.672343995146950E-004 -1.137001188709391E-006  4.248918680981479E-004
 -2.582959331231234E-004 -1.137001188709391E-006  4.102255014011540E-004
 -2.496657562633705E-004 -1.137001188709391E-006  3.960884994241663E-004
 -2.413327546566731E-004 -1.137001188709391E-006  3.824605353834820E-004
 -2.332862401038252E-004 -1.137001188709391E-006  3.693221276188363E-004
 -2.255159328075608E-004 -1.137001188709391E-006  3.566546009591708E-004
 -2.180119445006080E-004 -1.137001188709391E-006  3.444400500835570E-004
 -2.107647623386618E-004 -1.137001188709391E-006  3.326613046940172E-004
 -2.037652335200297E-004 -1.137001188709391E-006  3.213018964500181E-004
 -1.970045505956717E-004 -1.137001188709391E-006  3.103460275308457E-004
 -1.904742374353072E-004 -1.137001188709391E-006  2.997785407768369E-004
 -1.841661358173119E-004 -1.137001188709391E-006  2.895848912680587E-004
 -1.780723926117885E-004 -1.137001188709391E-006  2.797511193254019E-004
 -1.721854475278071E-004 -1.137001188709391E-006  2.702638247993634E-004
 -1.664980213975261E-004 -1.137001188709391E-006  2.611101426209000E-004
 -1.610031049711711E-004 -1.137001188709391E-006  2.522777195209932E-004
 -1.556939481985247E-004 -1.137001188709391E-006  2.437546918569481E-004
 -1.505640499734514E-004 -1.137001188709391E-006  2.355296645246051E-004
 -1.456071483196454E-004 -1.137001188709391E-006  2.275916908229501E-004
 -1.408172109967119E-004 -1.137001188709391E-006  2.199302533180214E-004
 -1.361884265067029E-004 -1.137001188709391E-006  2.125352455644784E-004
 -1.317151954825720E-004 -1.137001188709391E-006  2.053969547017231E-004
 -1.273921224405701E-004 -1.137001188709391E-006  1.985060448546968E-004
 -1.232140078798280E-004 -1.137001188709391E-006  1.918535412957667E-004
 -1.191758407131355E-004 -1.137001188709391E-006  1.854308153391258E-004
 -1.152727910136701E-004 -1.137001188709391E-006  1.792295699274338E-004
 -1.115002030632662E-004 -1.137001188709391E-006  1.732418258722873E-004
 -1.078535886885872E-004 -1.137001188709391E-006  1.674599087151911E-004
 -1.043286208720580E-004 -1.137001188709391E-006  1.618764361957713E-004
 -1.009211276253274E-004 -1.137001188709391E-006  1.564843062554754E-004
 -9.762708611340804E-005 -1.137001188709391E-006  1.512766856132833E-004
 -9.444261701835884E-005 -1.137001188709391E-006  1.462469988094781E-004
 -9.136397913185663E-005 -1.137001188709391E-006  1.413889177769456E-004
 -8.838756416652469E-005 -1.137001188709391E-006  1.366963518315264E-004
 -8.550989177647199E-005 -1.137001188709391E-006  1.321634381350861E-004
 -8.272760477775813E-005 -1.137001188709391E-006  1.277845325535991E-004
 -8.003746456017512E-005 -1.137001188709391E-006  1.235542009242887E-004
 -7.743634668196204E-005 -1.137001188709391E-006  1.194672106971983E-004
 -7.492123663958475E-005 -1.137001188709391E-006  1.155185229373788E-004
 -7.248922580501895E-005 -1.137001188709391E-006  1.117032846728782E-004
 -7.013750752334194E-005 -1.137001188709391E-006  1.080168215692165E-004
 -6.786337336383025E-005 -1.137001188709391E-006  1.044546309129189E-004
 -6.566420951799415E-005 -1.137001188709391E-006  1.010123748996661E-004
 -6.353749333830304E-005 -1.137001188709391E-006  9.768587420154507E-005
 -6.148079001172744E-005 -1.137001188709391E-006  9.447110180385727E-005
 -5.949174936236888E-005 -1.137001188709391E-006  9.136417710772161E-005
 -5.756810277779319E-005 -1.137001188709391E-006  8.836136026992283E-005
 -5.570766025390242E-005 -1.137001188709391E-006  8.545904678797604E-005
 -5.390830755340855E-005 -1.137001188709391E-006  8.265376230138664E-005
 -5.216800347321467E-005 -1.137001188709391E-006  7.994215761512714E-005
 -5.048477721617639E-005 -1.137001188709391E-006  7.732100392402567E-005
 -4.885672586298508E-005 -1.137001188709391E-006  7.478718823396394E-005
 -4.728201194003336E-005 -1.137001188709391E-006  7.233770897316829E-005
 -4.575886107933971E-005 -1.137001188709391E-006  6.996967177981172E-005
 -4.428555976679775E-005 -1.137001188709391E-006  6.768028546231064E-005
 -4.286045317514588E-005 -1.137001188709391E-006  6.546685812360207E-005
 -4.148194307821123E-005 -1.137001188709391E-006  6.332679344349855E-005
 -4.014848584315411E-005 -1.137001188709391E-006  6.125758710871492E-005
 -3.885859049756512E-005 -1.137001188709391E-006  5.925682338942414E-005
 -3.761081686840059E-005 -1.137001188709391E-006  5.732217185086383E-005
 -3.640377378986477E-005 -1.137001188709391E-006  5.545138420005808E-005
 -3.523611737747260E-005 -1.137001188709391E-006  5.364229125588859E-005
 -3.410654936566306E-005 -1.137001188709391E-006  5.189280004147349E-005
 -3.301381550639853E-005 -1.137001188709391E-006  5.020089099397261E-005
 -3.195670402632110E-005 -1.137001188709391E-006  4.856461528373239E-005
 -3.093404414014278E-005 -1.137001188709391E-006  4.698209224128699E-005
 -2.994470461801338E-005 -1.137001188709391E-006  4.545150688724750E-005
 -2.898759240470672E-005 -1.137001188709391E-006  4.397110756102297E-005
 -2.806165128858218E-005 -1.137001188709391E-006  4.253920364161556E-005
 -2.716586061830902E-005 -1.137001188709391E-006  4.115416336437826E-005
 -2.629923406544914E-005 -1.137001188709391E-006  3.981441171971419E-005
 -2.546081843108151E-005 -1.137001188709391E-006  3.851842843958216E-005
 -2.464969249466621E-005 -1.137001188709391E-006  3.726474606455246E-005
 -2.386496590347437E-005 -1.137001188709391E-006  3.605194808671748E-005
 -2.310577810092657E-005 -1.137001188709391E-006  3.487866717157130E-005
 -2.237129729227209E-005 -1.137001188709391E-006  3.374358344735281E-005
 -2.166071944607734E-005 -1.137001188709391E-006  3.264542287012969E-005
 -2.097326733004998E-005 -1.137001188709391E-006  3.158295565069161E-005
 -2.030818957978851E-005 -1.137001188709391E-006  3.055499475147427E-005
 -1.966475979907974E-005 -1.137001188709391E-006  2.956039444210030E-005
 -1.904227569041832E-005 -1.137001188709391E-006  2.859804892024488E-005
 -1.844005821446746E-005 -1.137001188709391E-006  2.766689098676744E-005
 -1.785745077722592E-005 -1.137001188709391E-006  2.676589078200095E-005
 -1.729381844369167E-005 -1.137001188709391E-006  2.589405457391813E-005
 -1.674854717688169E-005 -1.137001188709391E-006  2.505042360091632E-005
 -1.622104310105617E-005 -1.137001188709391E-006  2.423407296764108E-005
 -1.571073178808973E-005 -1.137001188709391E-006  2.344411058654445E-005
 -1.521705756593377E-005 -1.137001188709391E-006  2.267967617236245E-005
 -1.473948284814119E-005 -1.137001188709391E-006  2.193994027978544E-005
 -1.427748748350099E-005 -1.137001188709391E-006  2.122410338692280E-005
 -1.383056812483231E-005 -1.137001188709391E-006  2.053139502179966E-005
 -1.339823761603937E-005 -1.137001188709391E-006  1.986107292974054E-005
 -1.298002439656717E-005 -1.137001188709391E-006  1.921242228022013E-005
 -1.257547192244863E-005 -1.137001188709391E-006  1.858475490991571E-005
 -1.218413810316441E-005 -1.137001188709391E-006  1.797740860226336E-005
 -1.180559475359921E-005 -1.137001188709391E-006  1.738974639744032E-005
 -1.143942706042936E-005 -1.137001188709391E-006  1.682115593407970E-005
 -1.108523306233057E-005 -1.137001188709391E-006  1.627104881634891E-005
 -1.074262314347330E-005 -1.137001188709391E-006  1.573886000539909E-005
 -1.041121953982997E-005 -1.137001188709391E-006  1.522404723092293E-005
 -1.009065585791981E-005 -1.137001188709391E-006  1.472609041755095E-005
 -9.780576605686681E-006 -1.137001188709391E-006  1.424449112487318E-005
 -9.480636735324618E-006 -1.137001188709391E-006  1.377877199114874E-005
 -9.190501197966157E-006 -1.137001188709391E-006  1.332847618126024E-005
 -8.909844510273463E-006 -1.137001188709391E-006  1.289316682668558E-005
 -8.638350333115366E-006 -1.137001188709391E-006  1.247242645634694E-005
 -8.375711062644045E-006 -1.137001188709391E-006  1.206585640725998E-005
 -8.121627434267981E-006 -1.137001188709391E-006  1.167307620900317E-005
 -7.875808140166956E-006 -1.137001188709391E-006  1.129372293401396E-005
 -7.637969461186706E-006 -1.137001188709391E-006  1.092745050379937E-005
 -7.407834914149667E-006 -1.137001188709391E-006  1.057392894242308E-005
 -7.185134915794883E-006 -1.137001188709391E-006  1.023284356934869E-005
 -6.969606464779008E-006 -1.137001188709391E-006  9.903894119161302E-006
 -6.760992843366256E-006 -1.137001188709391E-006  9.586793782313432E-006
 -6.559043340612027E-006 -1.137001188709391E-006  9.281268156235052E-006
 -6.363512999042103E-006 -1.137001188709391E-006  8.987054099040796E-006
 -6.174162386978155E-006 -1.137001188709391E-006  8.703898479696431E-006
 -5.990757398780352E-006 -1.137001188709391E-006  8.431556819573432E-006
 -5.813069085369202E-006 -1.137001188709391E-006  8.169791821912245E-006
 -5.640873517415242E-006 -1.137001188709391E-006  7.918371790221017E-006
 -5.473951683550158E-006 -1.137001188709391E-006  7.677068937827653E-006
 -5.312089425838311E-006 -1.137001188709391E-006  7.445657597117662E-006
 -5.155077414539771E-006 -1.137001188709391E-006  7.223912339295551E-006
 -5.002711163887344E-006 -1.137001188709391E-006  7.011606022702867E-006
 -4.854791090168501E-006 -1.137001188709391E-006  6.808507791978501E-006
 -4.711122612857234E-006 -1.137001188709391E-006  6.614381056749663E-006
 -4.571516298855419E-006 -1.137001188709391E-006  6.428981485244151E-006
 -4.435788049089435E-006 -1.137001188709391E-006  6.252055053439376E-006
 -4.303759325774746E-006 -1.137001188709391E-006  6.083336196326132E-006
 -4.175257417598278E-006 -1.137001188709391E-006  5.922546113995641E-006
 -4.050115738920175E-006 -1.137001188709391E-006  5.769391287137213E-006
 -3.928174157872707E-006 -1.137001188709391E-006  5.623562261692228E-006
 -3.809279346972237E-006 -1.137001188709391E-006  5.484732760812727E-006
 -3.693285148611408E-006 -1.137001188709391E-006  5.352559182648424E-006
 -3.580052946600524E-006 -1.137001188709391E-006  5.226680537389782E-006
 -3.469452033850445E-006 -1.137001188709391E-006  5.106718870719327E-006
 -3.361359965382080E-006 -1.137001188709391E-006  4.992280211289057E-006
 -3.255662885178556E-006 -1.137001188709391E-006  4.882956067112880E-006
 -3.152255815025109E-006 -1.137001188709391E-006  4.778325480648660E-006
 -3.051042893452222E-006 -1.137001188709391E-006  4.677957635546189E-006
 -2.951937553264892E-006 -1.137001188709391E-006  4.581414987772653E-006
 -2.854862626924521E-006 -1.137001188709391E-006  4.488256875194133E-006
 -2.759750370261411E-006 -1.137001188709391E-006  4.398043538323851E-006
 -2.666542396628296E-006 -1.137001188709391E-006  4.310340467040760E-006
 -2.575189515622452E-006 -1.137001188709391E-006  4.224722969984785E-006
 -2.485651472853619E-006 -1.137001188709391E-006  4.140780850416966E-006
 -2.397896589843424E-006 -1.137001188709391E-006  4.058123061030059E-006
 -2.311901305887098E-006 -1.137001188709391E-006  3.976382208763352E-006
 -2.227649626601570E-006 -1.137001188709391E-006  3.895218768242588E-006
 -2.145132486360122E-006 -1.137001188709391E-006  3.814324913884233E-006
 -2.064347035414342E-006 -1.137001188709391E-006  3.733427724227574E-006
 -1.985295860937808E-006 -1.137001188709391E-006  3.652292151267140E-006
 -1.907986167467223E-006 -1.137001188709391E-006  3.570721844604858E-006
 -1.832428890020694E-006 -1.137001188709391E-006  3.488564617240092E-006
 -1.758637914109626E-006 -1.137001188709391E-006  3.405696992754488E-006
 -1.686628830538382E-006 -1.137001188709391E-006  3.322083122722320E-006
 -1.616419439097913E-006 -1.137001188709391E-006  3.237552470828590E-006
 -1.548023815249369E-006 -1.137001188709391E-006  3.152623536044342E-006
 -1.481470563015906E-006 -1.137001188709391E-006  3.065420421612898E-006
 -1.416731033209118E-006 -1.137001188709391E-006  2.983168169137668E-006
 -1.353983843270398E-006 -1.137001188709391E-006  2.879276898006128E-006
 -1.292624638434894E-006 -1.137001188709391E-006  2.853489271491767E-006
 -1.234959049647127E-006 -1.137001188709391E-006  2.534183815747958E-006
 -1.172418123167623E-006 -1.137001188709391E-006  3.308990138216241E-006
 -1.137001188709391E-006 -1.137001188709391E-006  0.000000000000000E+000
