           2
           3
           4
           6
           8
          10
          12
          15
          20
          30
          40
          50
          60
          70
          80
          90
         100
         120
         140
         160
         180
         200
         225
         250
         275
         300
         350
         400
         450
         500
         550
         600
         650
         700
         750
         800
         850
         900
         950
        1000
        1050
        1100
        1150
        1200
