  2.530492973331545E+023   24414354.4489894       -24418282.6551500     
  2.265534213905671E+023   23530498.2042749       -23534411.9852250     
  2.028318327088556E+023   22678634.9893047       -22682534.3450709     
  1.815940457112276E+023   21857606.7681944       -21861491.6988042     
  1.625799905141384E+023   21066297.4219117       -21070167.9273936     
  1.455568282101613E+023   20303631.2310334       -20307487.3114171     
  1.303160996110400E+023   19568571.4134204       -19572413.0687367     
  1.166711725355470E+023   18860118.7148245       -18863945.9451051     
  1.044549563825807E+023   18177310.0505089       -18181122.8557871     
  9.351785600305460E+022   17519217.1960395       -17523015.5763495     
  8.372593981444148E+022   16884945.5254630       -16888729.4808404     
  7.495929972541910E+022   16273632.7951594       -16277402.3256412     
  6.711058278686507E+022   15684447.9717147       -15688203.0773394     
  6.008367658836863E+022   15116590.1022208       -15120330.7830281     
  5.379253230210713E+022   14569287.2254659       -14573013.4814970     
  4.816011096154256E+022   14041795.3225366       -14045507.1538344     
  4.311744007145790E+022   13533397.3054042       -13537094.7120131     
  3.860276899694701E+022   13043402.0421209       -13047085.0240871     
  3.456081278856097E+022   12571143.4173004       -12574811.9746717     
  3.094207518378866E+022   12115979.4266056       -12119633.5594317     
  2.770224249460148E+022   11677291.3040132       -11680931.0123455     
  2.480164095883793E+022   11254482.6806674       -11258107.9645594     
  2.220475091036331E+022   10846978.7741812       -10850589.6336883     
  1.987977181871041E+022   10454225.6072815       -10457822.0424613     
  1.779823287184673E+022   10075689.2547366       -10079271.2656488     
  1.593464433340923E+022   9710855.11754247       -9714422.70424899     
  1.426618540506291E+022   9359227.22338067       -9362780.38594574     
  1.277242477166014E+022   9020327.55239761       -9023866.29088792     
  1.143507040710579E+022   8693695.38738800       -8697219.70187271     
  1.023774557714377E+022   8378886.68749928       -8382396.57805017     
  9.165788296082258E+021   8075473.48460616       -8078968.95129768     
  8.206071781678029E+021   7783043.30153390       -7786524.34444333     
  7.346843709540634E+021   7501198.59134010       -7504665.21054760     
  6.577582298625574E+021   7229556.19689232       -7233008.39248106     
  5.888867465495277E+021   6967746.83000744       -6971184.60206372     
  5.272265469550279E+021   6715414.56944402       -6718837.91805738     
  4.720225636641107E+021   6472216.37706578       -6475625.30232910     
  4.225987896376582E+021   6237821.63151806       -6241216.13352774     
  3.783500000866434E+021   6011911.67878393       -6015291.75763998     
  3.387343411189145E+021   5794179.39900825       -5797545.05481442     
  3.032666944019834E+021   5584328.78900132       -5587680.02186527     
  2.715127365879272E+021   5382074.55985439       -5385411.36988782     
  2.430836207544426E+021   5187141.74912026       -5190464.13643905     
  2.176312147329191E+021   4999265.34703130       -5002573.31175570     
  1.948438380139619E+021   4818189.93624731       -4821483.47850207     
  1.744424450261038E+021   4643669.34464316       -4646948.46455772     
  1.561772080495785E+021   4475466.31066421       -4478731.00837287     
  1.398244579208425E+021   4313352.16079491       -4316602.43643701     
  1.251839450648331E+021   4157106.49870173       -4160342.35242183     
  1.120763873146358E+021   4006516.90562808       -4009738.33757619     
  1.003412744900688E+021   3861378.65163389       -3864585.66196563     
  8.983490285091059E+020   3721494.41728736       -3724687.00616420     
  8.042861535540182E+020   3586674.02543038       -3589852.19301985     
  7.200722617491744E+020   3456734.18265324       -3459897.92912916     
  6.446761017199852E+020   3331498.23012690       -3334647.55566961     
  5.771744006904224E+020   3210795.90345443       -3213930.80825104     
  5.167405584347888E+020   3094463.10121486       -3097583.58545951     
  4.626345250449211E+020   2982341.66188498       -2985447.72577908     
  4.141937385597096E+020   2874279.14883576       -2877370.79258831     
  3.708250114826847E+020   2770128.64311125       -2773205.86693906     
  3.319972668329215E+020   2669748.54370800       -2672811.34783603     
  2.972350347777897E+020   2573002.37508382       -2576050.75974547     
  2.661126302097433E+020   2479758.60163392       -2482792.56707136     
  2.382489399679559E+020   2389890.44888247       -2392909.99534695     
  2.133027558711357E+020   2303275.73114635       -2306280.85889854     
  1.909685964115546E+020   2219796.68543685       -2222787.39474722     
  1.709729659443861E+020   2139339.81137361       -2142316.10252276     
  1.530710055637795E+020   2061795.71689306       -2064757.59017211     
  1.370434946535818E+020   1987058.96954166       -1990006.42525270     
  1.226941663948306E+020   1915027.95315193       -1917960.99160833     
  1.098473043567328E+020   1845604.72970610       -1848523.35123302     
  9.834559073991277E+019   1778694.90620004       -1781599.11113483     
  8.804817992231004E+019   1714207.50632604       -1717097.29501870     
  7.882897371712296E+019   1652054.84680038       -1654930.21961405     
  7.057507722224137E+019   1592152.41816733       -1595013.37547878     
  6.318541635210249E+019   1534418.76991768       -1537265.31211778     
  5.656950012277617E+019   1478775.39976548       -1481607.52725979     
  5.064631253370368E+019   1425146.64693270       -1427964.36014198     
  4.534332047648510E+019   1373459.58929655       -1376262.88865734     
  4.059558552194718E+019   1323643.94425965       -1326432.83022487     
  3.634496870877303E+019   1275631.97320850       -1278406.44624803     
  3.253941859583581E+019   1229358.38943004       -1232118.45003142     
  2.913233385999454E+019   1184760.26936147       -1187505.91803049     
  2.608199263396780E+019   1141776.96705241       -1144508.20431383     
  2.335104159617354E+019   1100350.03172326       -1103066.85812153     
  2.090603855612223E+019   1060423.12830770       -1063125.54440765     
  1.871704293403731E+019   1021941.96087116       -1024629.96725883     
  1.675724911987224E+019   984854.198801437       -987527.796084804     
  1.500265822197854E+019   949109.405670800       -951768.594480645     
  1.343178418578141E+019   914658.970673125       -917303.751663865     
  1.202539068370616E+019   881456.042542742       -884086.416393320     
  1.076625555440707E+019   849455.465865175       -852071.433279975     
  9.638959906712838E+018   818613.719693233       -821215.281403034     
  8.629699305733588E+018   788888.858384962       -791476.015147922     
  7.726114728987993E+018   760240.454583068       -762813.207185747     
  6.917141222501855E+018   732629.544258279       -735187.893516701     
  6.192872403578937E+018   706018.573741942       -708562.520502698     
  5.544439150996257E+018   680371.348675859       -682900.893817248     
  4.963900997109955E+018   655652.984809960       -658168.129243167     
  4.444148891900376E+018   631829.860580914       -634330.605251246     
  3.978818148242367E+018   608869.571407242       -611355.917295400     
  3.562210502360818E+018   586740.885638780       -589212.833762174     
  3.189224335054169E+018   565413.702100612       -567871.253514739     
  2.855292199200730E+018   544859.009173768       -547302.164973627     
  2.556324888533772E+018   525048.845357053       -527477.606678621     
  2.288661362772757E+018   505956.261256397       -508370.629278154     
  2.049023915912814E+018   487555.282950061       -489955.258894578     
  1.834478038680279E+018   469820.876679887       -472206.461815466     
  1.642396483645251E+018   452728.914820598       -455100.110462976     
  1.470427092946204E+018   436256.143080898       -438612.950595013     
  1.316463994656986E+018   420380.148891761       -422722.569693585     
  1.178621815078079E+018   405079.330938963       -407407.366497402     
  1.055212591165389E+018   390332.869798423       -392646.521637283     
  9.447251003751515E+017   376120.699634436       -378419.969334468     
  8.458063548058513E+017   362423.480922337       -364708.370123349     
  7.572450330216486E+017   349222.574158495       -351493.084561555     
  6.779566466695384E+017   336500.014521924       -338756.147891628     
  6.069702602463491E+017   324238.487453038       -326480.245619871     
  5.434166013908808E+017   312421.305116376       -314648.689979160     
  4.865174161043119E+017   301032.383715292       -303245.397243716     
  4.355759385469327E+017   290056.221627762       -292254.865865016     
  3.899683587079708E+017   279477.878333604       -281662.155399098     
  3.491361834648307E+017   269282.954104448       -271452.866196638     
  3.125793974881698E+017   259457.570428860       -261613.119828176     
  2.798503402438371E+017   249988.351146005       -252129.540217881     
  2.505482241117801E+017   240862.404262192       -242989.235460212     
  2.243142264928852E+017   232067.304425608       -234179.780294765     
  2.008270958035314E+017   223591.076035384       -225689.199215454     
  1.797992175505651E+017   215422.176962065       -217505.950191108     
  1.609730923133083E+017   207549.482857324       -209618.908975313     
  1.441181825033324E+017   199962.272031619       -202017.353984192     
  1.290280892886013E+017   192650.210879205       -194690.951721561     
  1.155180251116638E+017   185603.339830722       -187629.742731655     
  1.034225508513208E+017   178812.059814230       -180824.128060306     
  9.259354991789872E+016   172267.119206307       -174264.856206197     
  8.289841447368352E+016   165959.601255473       -167943.010544435     
  7.421842156763669E+016   159880.911960829       -161849.997205353     
  6.644727929917319E+016   154022.768389439       -155977.533392062     
  5.948982520786482E+016   148377.187416581       -150317.636120870     
  5.326086095004834E+016   142936.474873556       -144862.611369267     
  4.768410899222744E+016   137693.215088297       -139605.043616724     
  4.269127854533060E+016   132640.260804568       -134537.785764077     
  3.822122930161249E+016   127770.723466046       -129653.949417805     
  3.421922273363762E+016   123077.963852075       -124946.895525987     
  3.063625178703765E+016   118555.583052367       -120410.225353217     
  2.742844075871251E+016   114197.413768385       -116037.771782196     
  2.455650801161386E+016   109997.511929566       -111823.590930184     
  2.198528494671730E+016   105950.148613010       -107761.954068913     
  1.968328534170068E+016   102049.802255637       -103847.339836988     
  1.762231978260793E+016   98291.1511482209       -100074.426734165     
  1.577715046697915E+016   94669.0662011149       -96438.0858873245     
  1.412518215129466E+016   91178.6039718150       -92933.3740783035     
  1.264618545819411E+016   87814.9999448957       -89555.5270240944     
  1.132204915519499E+016   84573.6620551773       -86299.9529002932     
  1.013655837140920E+016   81450.1644453214       -83162.2260989796     
  9.075196036385430E+015   78440.2414493707       -80138.0812125521     
  8.124965109570576E+015   75539.7817940505       -77223.4072353327     
  7.274229423481692E+015   72744.8230099539       -74414.2419750655     
  6.512571191612621E+015   70051.5460450099       -71706.7666667054     
  5.830663436172193E+015   67456.2700729131       -69097.3007811800     
  5.220155773452208E+015   64955.4474894585       -66582.2970220653     
  4.673572158196110E+015   62545.6590899793       -64158.3365033732     
  4.184219334784557E+015   60223.6094213310       -61822.1241018962     
  3.746104874165991E+015   57986.1223021042       -59570.4839777907     
  3.353863792843614E+015   55830.1365049769       -57400.3552573093     
  3.002692855322592E+015   53752.7015953369       -55308.7878718140     
  2.688291755510118E+015   51750.9739205165       -53292.9385474111     
  2.406810456798192E+015   49822.2127441878       -51350.0669397584     
  2.154802045975829E+015   47963.7765206661       -49477.5319087898     
  1.929180523637268E+015   46173.1193040532       -47672.7879282904     
  1.727183014203949E+015   44447.7872873421       -45933.3816254444     
  1.546335932798155E+015   42785.4154667783       -44256.9484456485     
  1.384424694660854E+015   41183.7244269413       -42641.2094380578     
  1.239466596186884E+015   39640.5172421805       -41083.9681574948     
  1.109686535488623E+015   38153.6764901886       -39583.1076785071     
   993495275171647.        36721.1613736567       -38136.5877175175     
   889469981136402.        35341.0049460972       -36742.4418591499     
   796336799091569.        34011.3114380632       -35398.7748829647     
   712955255417617.        32730.2536801320       -34103.7601869641     
   638304291359457.        31496.0706191468       -32855.6373043685     
   571469759528237.        30307.0649243432       -31652.7095102841     
   511633229599186.        29161.6006801058       -30493.3415150103     
   458061966124316.        28058.1011622189       -29375.9572408493     
   410099955732055.        26995.0466945883       -28299.0376793941     
   367159873836349.        25970.9725835221       -27261.1188263823     
   328715892482565.        24984.4671267622       -26260.7896913080     
   294297241257826.        24034.1696945611       -25296.6903790835     
   263482442415107.        23118.7688801957       -24367.5102411434     
   235894149616611.        22237.0007174039       -23471.9860934758     
   211194527093673.        21387.6469623234       -22608.9004991575     
   189081112638069.        20569.5334375956       -21777.0801130580     
   169283113764559.        19781.5284363861       -20975.3940864591     
   151558091688819.        19022.5411841519       -20202.7525294218     
   135688992514063.        18291.5203560663       -19458.1050288081     
   121481489271349.        17587.4526480852       -18740.4392199419     
   108761602265235.        16909.3613997154       -18048.7794099659     
   97373568584420.0        16256.3052666122       -17382.1852510206     
   87177934688218.3        15627.3769412034       -16739.7504614424     
   78049848711402.3        15021.7019196021       -16120.6015932382     
   69877531575613.6        14438.4373131321       -15523.8968441605     
   62560908185176.1        13876.7707028528       -14948.8249127667     
   56010381945430.2        13335.9190355274       -14394.6038949030     
   50145737596826.6        12815.1275595345       -13860.4802201127     
   44895158929280.2        12313.6687992788       -13345.7276265187     
   40194349348106.8        11830.8415667073       -12849.6461727870     
   35985744522311.6        11365.9700085903       -12371.5612858237     
   32217807473628.5        10918.4026882726       -11910.8228429114     
   28844397474233.9        10487.5117006486       -11466.8042870318     
   25824205024895.7        10072.6918191611       -11038.9017741727     
   23120245994514.7        9673.35967366432       -10626.5333514555     
   20699408726485.2        9288.95295803763       -10229.1381649660     
   18532048565908.3        8918.92966647350       -9846.17569620618     
   16591624842392.3        8562.76735740434       -9477.12502613030     
   14854375863071.2        8219.96244406979       -9121.48412575939     
   13299027935926.7        7890.02951076229       -8778.76917240901     
   11906534860226.1        7572.50065382444       -8448.51389059857     
   10659844693972.4        7266.92484650415       -8130.26891674303     
   9543690942291.09        6972.86732680730       -7823.60118676207     
   8544405609724.40        6689.90900751836       -7528.09334577164     
   7649751827144.06        6417.64590758976       -7243.34317905368     
   6848774003693.55        6155.68860412985       -6968.96306352863     
   6131663668778.20        5903.66170424755       -6704.57943898316     
   5489639361254.76        5661.20333603848       -6449.83229833304     
   4914839094989.41        5427.96465802394       -6204.37469622679     
   4400224083957.92        5203.60938637892       -5967.87227532139     
   3939492547941.70        4987.81333930918       -5740.00280958462     
   3527002543317.89        4780.26399796183       -5520.45576400371     
   3157702873957.78        4580.66008327511       -5308.93187010090     
   2827071236195.18        4388.71114819558       -5105.14271667975     
   2531058840411.03        4204.13718471137       -4908.81035524621     
   2266040831091.58        4026.66824517050       -4719.66691956961     
   2028771898222.78        3856.04407737240       -4537.45425886803     
   1816346536454.84        3692.01377293966       -4361.92358412173     
   1626163465385.90        3534.33542849477       -4192.83512703679     
   1455893775268.94        3382.77581918406       -4029.95781119889     
   1303452408066.40        3237.11008410757       -3873.06893497458     
   1166972624620.39        3097.12142322971       -3721.95386573373     
   1044783145273.09        2962.60080536098       -3576.40574498357     
   935387684010.001        2833.34668681555       -3436.22520401969     
   837446625508.967        2709.16474036427       -3301.22008971514     
   749760620719.114        2589.86759411595       -3171.20520008289     
   671255900087.320        2475.27457997312       -3046.00202926150     
   600971124583.569        2365.21149132111       -2925.43852158728     
   538045613507.838        2259.51034962147       -2809.34883442945     
   481708804920.745        2158.00917959231       -2697.57310947813     
   431270819634.311        2060.55179266969       -2589.95725218657     
   386114013213.133        1966.98757845447       -2486.35271908185     
   345685412534.900        1877.17130385980       -2386.61631266922     
   309489944291.304        1790.96291968412       -2290.60998366688     
   277084372508.094        1708.22737434412       -2198.20064031827     
   248071870845.468        1628.83443451117       -2109.25996453989     
   222097163213.251        1552.65851240368       -2023.66423467208     
   198842173194.641        1479.57849949578       -1941.29415461008     
   178022129003.081        1409.47760641145       -1862.03468910177     
   159382076274.972        1342.24320878023       -1785.77490500729     
   142693755995.253        1277.76669883853       -1712.40781832396     
   127752809324.082        1215.94334256739       -1641.83024678812     
   114376275096.005        1156.67214216454       -1573.94266787301     
   102400349346.924        1099.85570365492       -1508.64908200877     
   91678379432.8894        1045.40010945030       -1445.85688085777     
   82079068177.4496        993.214795674682       -1385.47672048464     
   73484866056.2337        943.212434077670       -1327.42239926631     
   65790531730.0643        895.308818364051       -1271.61074039307     
   58901843299.4395        849.422754772861       -1217.96147881697     
   52734444498.8929        805.475956744589       -1166.39715250829     
   47212811702.1643        763.392943520174       -1116.84299788576     
   42269329088.5205        723.100942520339       -1069.22684928988     
   37843460645.0632        684.529795358548       -1023.47904237273     
   33881008865.6786        647.611867345485       -979.532321280847     
   30333451068.9352        612.281960347424       -937.321749510898     
   27157345207.7325        578.477228865253       -896.784624320683     
   24313797894.4723        546.137099205241       -857.860394580519     
   21767988127.3860        515.203191616730       -820.490581952208     
   19488740885.7564        485.619245276174       -784.618705284938     
   17448145372.4387        457.331046000902       -750.190208119165     
   15621213228.8268        430.286356580025       -717.152389191292     
   13985572536.8916        404.434849613783       -685.454335833337     
   12521193861.1600        379.728042756553       -655.046860163267     
   11210144975.8451        356.119236262521       -625.882437962898     
   10036371273.6113        333.563452736811       -597.915150141557     
   8985499166.94326        312.017378998632       -571.100626684888     
   8044660074.64534        291.439309966538       -545.395992989419     
   7202332838.07747        271.789094480072       -520.759818484720     
   6448202637.41671        253.028082973776       -497.152067446339     
   5773034680.28651        235.119076929745       -474.534051904025     
   5168561115.99226        218.026280014837       -452.868386551262     
   4627379756.08117        201.715250925826       -432.118942344150     
   4142863494.72217        186.152857764148       -412.250810485437     
   3709079150.78728        171.307233714639       -393.230263105543     
   3320714665.43957        157.147734536034       -375.024699541324     
   2973014142.89864        143.644897558266       -357.602616210046     
   2661719440.62563        130.770402223827       -340.933547800349     
   2383017732.13296        118.497033244222       -324.987983910590     
   2133494009.03991        106.798648049335       -309.737194116772     
   1910087009.66875        95.6501553030343       -295.152778334316     
   1710045214.36713        85.0275210425440       -281.205362133249     
   1530873566.33308        74.9078698629559       -267.860534274652     
   1370241730.68522        65.2698500902845       -255.065543892007     
   1225757175.02447        56.0950351163331       -242.703898807261     
   1094274636.44531        47.3723895216942       -230.435610624570     
   1077598539.60522        46.2527679267100       -228.777570834110     
   1061033939.72319        45.1412759649827       -227.100328832333     
   1044557176.17864        44.0380192007668       -225.398795199928     
   1028141298.45443        42.9431325575542       -223.667001295285     
   1011755579.97081        41.8567711818572       -221.897960230476     
   995364992.181705        40.7791695289224       -220.083513109314     
   979242032.446145        39.7103627171360       -218.283795812834     
   962870235.148948        38.6505534178072       -216.383616060583     
   946426845.381231        37.6001787049844       -214.421181891807     
   929881935.000127        36.5595355942221       -212.388662913599     
   913207078.002224        35.5289915664949       -210.278339499839     
   896376551.432606        34.5089422735680       -208.082891156757     
   879368364.425148        33.4998198386726       -205.795658539822     
   862165122.480781        32.5020861529974       -203.410878885496     
   844754653.520542        31.5162287868155       -200.923875503010     
   827130360.288049        30.5427551437769       -198.331189893346     
   809291303.466905        29.5821863746026       -195.630654033995     
   791242050.397892        28.6350510072206       -192.821407761824     
   772992341.817500        27.7018786248938       -189.903870934055     
   754556632.851415        26.7831937625088       -186.879681727472     
   735953558.929160        25.8795101652863       -183.751611870304     
   717205366.631356        24.9913254982503       -180.523467683462     
   698337337.993595        24.1191165591055       -177.199983510474     
   679377226.750429        23.2633350198757       -173.786711997714     
   660354717.512936        22.4244037052400       -170.289914055090     
   641300913.949674        21.6027134045391       -166.716450232921     
   622247859.194506        20.7986202076899       -163.073674613845     
   603228090.287525        20.0124433507387       -159.369332008667     
   584274227.873833        19.2444635532759       -155.611459132600     
   565418602.187964        18.4949218266984       -151.808290419204     
   546692916.248622        17.7640187290934       -147.968169132790     
   528127947.018310        17.0519140393246       -144.099464424128     
   509753284.985593        16.3587268198627       -140.210494921067     
   491597112.204917        15.6845358352388       -136.309459352390     
   473686018.315093        15.0293802908583       -132.404374576609     
   456044853.501375        14.3932608554621       -128.503021238855     
   438696616.816394        13.7761409298140       -124.612897120975     
   421662377.773698        13.1779481242616       -120.741178094106     
   404961228.705126        12.5985759086151       -116.894686438913     
   388610265.047898        12.0378853992513       -113.079866172989     
   372624590.509869        11.4957072503644       -109.302764922814     
   357017343.948373        10.9718436187423       -105.569021800236     
   341799744.784478        10.4660701742150       -101.883860691545     
   326981153.847330        9.97813813088781       -98.2520883391588     
   312569146.687525        9.50777627731840       -94.6780965892700     
   298569596.598750        9.05469298683030       -91.1658681904572     
   284986764.826916        8.61857819209556       -87.7189855548372     
   271823395.711339        8.19910531090110       -84.3406419312874     
   259080814.779571        7.79593311258546       -81.0336544862993     
   246759028.095560        7.40870751697112       -77.8004788391472     
   234856821.430646        7.03706331969780       -74.6432246515980     
   223371858.081630        6.68062583967863       -71.5636719261383     
   212300774.395021        6.33901248596289       -68.5632877189429     
   201639272.268103        6.01183424259711       -65.6432430231251     
   191382208.084278        5.69869707115737       -62.8044296232830     
   181523677.701636        5.39920323149353       -60.0474767633567     
   172057097.250428        5.11295252190681       -57.3727675059851     
   162975279.608405        4.83954344049664       -54.7804546928047     
   154270506.514616        4.57857426978982       -52.2704764416093     
   145934596.354235        4.32964408702064       -49.8425711381205     
   137958967.701862        4.09235370259278       -47.4962918977807     
   130334698.750579        3.86630652933887       -45.2310204867581     
   123052582.781407        3.65110938521861       -43.0459807017769     
   116103179.844756        3.44637323208026       -40.9402512158921     
   109476864.834012        3.25171385306116       -38.9127779023396     
   103163872.133573        3.06675247113636       -36.9623856516287     
   97154337.0207707        2.89111631124660       -35.0877896984281     
   91438333.9948595        2.72443910835450       -33.2876064749482     
   86005912.1976442        2.56636156369934       -31.5603640067823     
   80847128.0803658        2.41653175144461       -29.9045118657805     
   75952075.4609622        2.27460547784676       -28.3184306927829     
   71310913.1053709        2.14024659501504       -26.8004413011167     
   66913889.9565565        2.01312727128401       -25.3488133698163     
   62751368.1258184        1.89292822018149       -23.9617737337182     
   58813843.7527540        1.77933888994333       -22.6375142759592     
   55091965.8332328        1.67205761550318       -21.3741994270758     
   51576553.1088278        1.57079173486746       -20.1699732738683     
   48258609.1063602        1.47525767177220       -19.0229662804998     
   45129335.4124277        1.38518098650734       -17.9313016239122     
   42180143.2649585        1.30029639678435       -16.8931011455923     
   39402663.5417399        1.22034777051257       -15.9064909219282     
   36788755.2244649        1.14508809233771       -14.9696064558746     
   34330512.4159206        1.07427940578118       -14.0805974933274     
   32020269.9873744        1.00769273280005       -13.2376324684624     
   29850607.9329145       0.945107972564918       -12.4389025832779     
   27814354.5072682       0.886313781224123       -11.6826255276489     
   25904588.2234360       0.831107434389710       -10.9670488473210     
   24114638.7861970       0.779294674041575       -10.2904529684002     
   22438087.0371050       0.730689541501471       -9.65115388800136     
   20868763.9859644       0.685114198079233       -9.04750554178167     
   19400749.0028805       0.642398734938534       -8.47790186006299     
   18028367.2438214       0.602380973670322       -7.94077852514471     
   16746186.3811808       0.564906258998682       -7.43461444318986     
   15549012.7090938       0.529827244976952       -6.95793294473400     
   14431886.6912389       0.497003675961910       -6.50930272840499     
   13390078.0165865       0.466302163581896       -6.08733856285669     
   12419080.2260248       0.437595960840610       -5.69070176220019     
   11514604.9700679       0.410764734423468       -5.31810045037607     
   10672575.9549332       0.385694336197970       -4.96828962994844     
   9889122.63121367       0.362276574824083       -4.64007107072500     
   9160573.67619750       0.340408988316082       -4.33229303342789     
   8483450.31763078       0.319994618323548       -4.04384984336211     
   7854459.54341994       0.300941786827264       -3.77368132866757     
   7270487.23845786       0.283163875875648       -3.52077213730406     
   6728591.28645694       0.266579110919530       -3.28415094641744     
   6225994.67142056       0.251110348237923       -3.06288957718276     
   5760078.61019126       0.236684866884962       -2.85610202762132     
   5328375.74441534       0.223234165528792       -2.66294343525910     
   4928563.41726528       0.210693764496918       -2.48260898083810     
   4558457.05738635       0.199003013289481       -2.31433274362092     
   4216003.68978598       0.188104903772182       -2.15738651814705     
   3899275.59078109       0.177945889214182       -2.01107860161737     
   3606464.10165511       0.168475709293213       -1.87475256040061     
   3335873.61336546       0.159647221150372       -1.74778598348306     
   3085915.73247666       0.151416236540532       -1.62958923001853     
   2855103.63647951       0.143741365091028       -1.51960417748647     
   2642046.62478371       0.136583863651074       -1.41730297633101     
   2445444.86994089       0.129907491687247       -1.32218681633570     
   2264084.37205930       0.123678372656217       -1.23378470938839     
   2096832.11790672       0.117864861264664       -1.15165229270808     
   1942631.44485763       0.112437416507789       -1.07537065604160     
   1800497.60862195       0.107368480362133       -1.00454519579419     
   1669513.55258855       0.102632361995182      -0.938804498533580     
   1548825.87562709       9.820512734360917E-002 -0.877799255806091     
   1437640.99431365       9.406449390373313E-002 -0.821201211726156     
   1335221.49477707       9.018973057170510E-002 -0.768702144351442     
   1240882.66870823       8.656156236709851E-002 -0.720012881438689     
   1153989.22752961       8.316207987156436E-002 -0.674862350793675     
   1073952.18829296       7.997465321405052E-002 -0.632996665088697     
   1000225.92455737       7.698385043542882E-002 -0.594178240726126     
   932305.375297868       7.417536006805328E-002 -0.558184950081835     
   869723.404804164       7.153591776949747E-002 -0.524809306270395     
   812048.306544946       6.905323685428072E-002 -0.493857679437096     
   758881.444086613       6.671594257244694E-002 -0.465149543499114     
   709855.022355981       6.451350998922394E-002 -0.438516752227996     
   664629.982809577       6.243620532535689E-002 -0.413802843582713     
   622894.016401526       6.047503062291578E-002 -0.390862371260738     
   584359.688608681       5.862167160618954E-002 -0.369560262524776     
   548762.671157425       5.686844861161409E-002 -0.349771201475701     
   515860.075482692       5.520827046442232E-002 -0.331379037067164     
   485428.883319697       5.363459118282810E-002 -0.314276215284203     
   457264.470168692       5.214136939308026E-002 -0.298363235027503     
   431179.217672040       5.072303034069078E-002 -0.283548127348699     
   407001.211194826       4.937443038466956E-002 -0.269745957764522     
   384573.019101503       4.809082386276635E-002 -0.256878351434232     
   363750.550373471       4.686783221669602E-002 -0.244873041014543     
   344401.987319245       4.570141526720451E-002 -0.233663437009042     
   326406.790197126       4.458784452977696E-002 -0.223188220407508     
   309654.770607418       4.352367846287605E-002 -0.213390957367724     
   294045.230526524       4.250573954194822E-002 -0.204219735633194     
   279486.163857452       4.153109305409764E-002 -0.195626822309431     
   265893.517368376       4.059702751035597E-002 -0.187568342544185     
   253190.507890398       3.970103657488205E-002 -0.180003978577951     
   241306.992653237       3.884080241322205E-002 -0.172896688554585     
   230178.889657433       3.801418036490622E-002 -0.166212444411129     
   219747.645016773       3.721918484913693E-002 -0.159919988103873     
   209959.744256286       3.645397641607312E-002 -0.153990605375985     
   200766.264619684       3.571684986019875E-002 -0.148397916231860     
   192122.465524440       3.500622331640317E-002 -0.143117681254924     
   183987.414401693       3.432062826365808E-002 -0.138127622889009     
   176323.645269349       3.365870036548467E-002 -0.133407260797722     
   169096.847508131       3.301917108071564E-002 -0.128937760420699     
   162275.582439118       3.240085998232233E-002 -0.124701793858925     
   155831.025435351       3.180266772626445E-002 -0.120683412242277     
   149736.731436790       3.122356961638111E-002 -0.116867928759643     
   143968.421875316       3.066260971526476E-002 -0.113241811564169     
   138503.791152765       3.011889545481206E-002 -0.109792585802183     
   133322.330948379       2.959159270371593E-002 -0.106508744052904     
   128405.170761599       2.907992125254270E-002 -0.103379664506350     
   123734.933220435       2.858315068021836E-002 -0.100395536247872     
   119295.602804268       2.810059656872534E-002 -9.754729105888826E-002
   115072.406742179       2.763161703559299E-002 -9.482654118395395E-002
   111051.706953460       2.717560955634843E-002 -9.222552255391120E-002
   107220.901995733       2.673200805148815E-002 -8.973704299305094E-002
   103568.338078008       2.630028021474463E-002 -8.735443497480534E-002
   100083.228281174       2.587992506145775E-002 -8.507151252519272E-002
   96755.5792070560       2.547047067773691E-002 -8.288253190602468E-002
   93576.1243494316       2.507147215281631E-002 -8.078215574060815E-002
   90536.2635467611       2.468250967858108E-002 -7.876542027340204E-002
   87628.0079369677       2.430318680167986E-002 -7.682770548175466E-002
   84843.9298899371       2.393312881495284E-002 -7.496470778256567E-002
   82177.1174437531       2.357198127610259E-002 -7.317241509953061E-002
   79621.1328164237       2.321940864262452E-002 -7.144708407761159E-002
   77169.9746063590       2.287509301300831E-002 -6.978521925065566E-002
   74818.0433324388       2.253873296512197E-002 -6.818355398572445E-002
   72560.1099985327       2.221004248351335E-002 -6.663903304384626E-002
   70391.2873980559       2.188874996810658E-002 -6.514879661161713E-002
   68307.0039018996       2.157459731744982E-002 -6.371016567149701E-002
   66302.9794981189       2.126733908028179E-002 -6.232062859086104E-002
   64375.2038743434       2.096674166974612E-002 -6.097782882096724E-002
   62519.9163542165       2.067258263508427E-002 -5.967955360707840E-002
   60733.5875175169       2.038464998609915E-002 -5.842372362013255E-002
   59012.9023501242       2.010274156609727E-002 -5.720838342864969E-002
   57354.7447848647       1.982666446939328E-002 -5.603169273708754E-002
   55756.1835076597       1.955623449981505E-002 -5.489191832366810E-002
   54214.4589154673       1.929127566690791E-002 -5.378742661688016E-002
   52726.9711233532       1.903161971701836E-002 -5.271667685544373E-002
   51291.2689278099       1.877710569595397E-002 -5.167821478158640E-002
   49905.0396422474       1.852757954286485E-002 -5.067066682206690E-002
   48566.0997285100       1.828289370526446E-002 -4.969273471552507E-002
   43198.0160741836       1.726255490036136E-002 -4.572044673929541E-002
   38553.3023911096       1.632219724993650E-002 -4.220675774475096E-002
   34512.1139755282       1.545280142232527E-002 -3.907982909988351E-002
   30978.5725607836       1.464672810180937E-002 -3.628192477616178E-002
   27875.1638621316       1.389745295816248E-002 -3.376614598959879E-002
   25138.6172674412       1.319936170531827E-002 -3.149402115103490E-002
   22716.8356835819       1.254758990133998E-002 -2.943370501528567E-002
   20566.5794027895       1.193789633788376E-002 -2.755861707340832E-002
   18651.6983377820       1.136656197199433E-002 -2.584640044435887E-002
   16941.7679826704       1.083030848628426E-002 -2.427811733483290E-002
   15411.0260983359       1.032623209152322E-002 -2.283762106172821E-002
   14037.5358905925       9.851749280845409E-003 -2.151106125641750E-002
   12802.5215640229       9.404552041388538E-003 -2.028649054797136E-002
   11689.8363617345       8.982570614054155E-003 -1.915354931371514E-002
   10685.5333782547       8.583942326122295E-003 -1.810321103405509E-002
   9777.51679179431       8.206985346692914E-003 -1.712757509991577E-002
   8955.25653908985       7.850176460955970E-003 -1.621969707690418E-002
   8209.55342411757       7.512132147071165E-003 -1.537344876227760E-002
   7532.34460825393       7.191592383988063E-003 -1.458340210982709E-002
   6916.54165191887       6.887406730712187E-003 -1.384473240607260E-002
   6355.89496292550       6.598522305243474E-003 -1.315313707367639E-002
   5844.87979500020       6.323973360511558E-003 -1.250476723697975E-002
   5378.59993235753       6.062872209436247E-003 -1.189616976943129E-002
   4952.70596635440       5.814401294992229E-003 -1.132423799663117E-002
   4563.32567204798       5.577806236300558E-003 -1.078616958350162E-002
   4207.00446583820       5.352389710163248E-003 -1.027943041319393E-002
   3880.65430003141       5.137506050527170E-003 -9.801723486276675E-003
   3581.50964845571       4.932556467205114E-003 -9.350962044674628E-003
   3307.08947609598       4.736984800648549E-003 -8.925246265708691E-003
   3055.16427797451       4.550273742322983E-003 -8.522842985007838E-003
   2823.72742805560       4.371941460806134E-003 -8.142167998847582E-003
   2610.97020542174       4.201538582524044E-003 -7.781770571105730E-003
   2415.25996826908       4.038645483389391E-003 -7.440319831003203E-003
   2235.12103102050       3.882869853771044E-003 -7.116592797835530E-003
   2069.21786968191       3.733844504415602E-003 -6.809463810140112E-003
   1916.34033833156       3.591225385328967E-003 -6.517895170868891E-003
   1775.39062760452       3.454689793347051E-003 -6.240928848485205E-003
   1645.37173602138       3.323934747290778E-003 -5.977679097543338E-003
   1525.37725846169       3.198675512303426E-003 -5.727325882092456E-003
   1414.58232416153       3.078644257282556E-003 -5.489109001860720E-003
   1312.23554026206       2.963588831306383E-003 -5.262322835173609E-003
   1217.65181691383       2.853271646666136E-003 -5.046311624393786E-003
   1130.20596687147       2.747468657594421E-003 -4.840465239702592E-003
   1049.32698690108       2.645968425059492E-003 -4.644215365576158E-003
   974.492940585919       2.548571259106811E-003 -4.457032061586112E-003
   905.226372595122       2.455088431196242E-003 -4.278420655378841E-003
   841.090193459947       2.365341449826886E-003 -4.107918931024373E-003
   781.683981614792       2.279161393479210E-003 -3.945094580514542E-003
   726.640656102042       2.196388295550382E-003 -3.789542890145081E-003
   675.623479072191       2.116870576526497E-003 -3.640884636933563E-003
   628.323352169464       2.040464519134637E-003 -3.498764173184031E-003
   584.456375192375       1.967033782658343E-003 -3.362847679878102E-003
   543.761639153620       1.896448952989082E-003 -3.232821571806523E-003
   505.999229115297       1.828587125330750E-003 -3.108391039303020E-003
   470.948415011759       1.763331516779686E-003 -2.989278713143897E-003
   438.406011151204       1.700571106274006E-003 -2.875223440666016E-003
   408.184887257502       1.640200299647549E-003 -2.765979162462186E-003
   380.112615817490       1.582118617738946E-003 -2.661313880160397E-003
   354.030242171693       1.526230405698514E-003 -2.561008706803876E-003
   329.791165258629       1.472444561807532E-003 -2.464856992239144E-003
   307.260118221198       1.420674284278406E-003 -2.372663516709758E-003
   286.312239228266       1.370836834642235E-003 -2.284243746539699E-003
   266.832223880283       1.322853316454455E-003 -2.199423146424463E-003
   248.713551462943       1.276648468160626E-003 -2.118036543378929E-003
   231.857778110302       1.232150469065108E-003 -2.039927537888493E-003
   216.173890645225       1.189290757435925E-003 -1.964947958240392E-003
   201.577715493830       1.148003859861072E-003 -1.892957354399463E-003
   187.991377630435       1.108227231045546E-003 -1.823822528138211E-003
   175.342805008735       1.069901103305446E-003 -1.757417096439965E-003
   163.565274380556       1.032968345076304E-003 -1.693621085470733E-003
   152.596994801889       9.973743278079853E-004 -1.632320552663492E-003
   142.380725482302       9.630668006686473E-004 -1.573407234681506E-003
   132.863424953200       9.299957725258819E-004 -1.516778219227610E-003
   123.995928816733       8.981134007147163E-004 -1.462335638846762E-003
   115.732653594317       8.673738861400372E-004 -1.409986385031720E-003
   108.031324424764       8.377333742955868E-004 -1.359641841088350E-003
   100.852724569954       8.091498618132881E-004 -1.311217632349670E-003
   94.1604648731498       7.815831081855301E-004 -1.264633392447422E-003
   87.9207714838469       7.549945523295416E-004 -1.219812544458730E-003
   82.1022903152630       7.293472336871797E-004 -1.176682095843486E-003
   76.6759068380915       7.046057175757327E-004 -1.135172446177576E-003
   71.6145799383911       6.807360245257506E-004 -1.095217206768034E-003
   66.8931886799048       6.577055633606497E-004 -1.056753031309923E-003
   62.4883909128752       6.354830677901477E-004 -1.019719456811901E-003
   58.3784927636308       6.140385363053963E-004 -9.840587540784333E-004
   54.5433281228569       5.933431751783931E-004 -9.497157870925545E-004
   50.9641473263313       5.733693443816858E-004 -9.166378806937102E-004
   47.6235142908409       5.540905062568714E-004 -8.847746959919192E-004
   44.5052114306224       5.354811767718775E-004 -8.540781130018877E-004
   41.5941517366389       5.175168792176492E-004 -8.245021200196202E-004
   38.8762974528493       5.001741002046997E-004 -7.960027092997518E-004
   36.3385848308463       4.834302478290838E-004 -7.685377786244723E-004
   33.9688544872633       4.672636118857780E-004 -7.420670383848938E-004
   31.7557869275950       4.516533260152831E-004 -7.165519238232601E-004
   29.6888428358748       4.365793316765134E-004 -6.919555121097040E-004
   27.7582077623420       4.220223438457454E-004 -6.682424439504911E-004
   25.9547408710998       4.079638183477016E-004 -6.453788494461926E-004
   24.2699274370550       3.943859207306051E-004 -6.233322779378822E-004
   22.6958348064023       3.812714966024898E-004 -6.020716315976989E-004
   21.2250715577596       3.686040433510632E-004 -5.815671025368954E-004
   19.8507496219788       3.563676831741133E-004 -5.617901132199622E-004
   18.5664491378193       3.445471373518291E-004 -5.427132599877803E-004
   17.3661858382304       3.331277016964627E-004 -5.243102595059349E-004
   16.2443807780979       3.220952231185781E-004 -5.065558979666265E-004
   15.1958322290792       3.114360772526755E-004 -4.894259828838994E-004
   14.2156895807151       3.011371470882986E-004 -4.728972973324515E-004
   13.2994290994572       2.911858025558316E-004 -4.569475564899930E-004
   12.4428314086907       2.815698810190918E-004 -4.415553663521658E-004
   11.6419605633434       2.722776686295378E-004 -4.267001844974157E-004
   10.8931446023448       2.632978824994556E-004 -4.123622827869883E-004
   10.1929574710850       2.546196536538589E-004 -3.985227118924470E-004
   9.53820221421294       2.462325107230766E-004 -3.851632675498483E-004
   8.92589534664197       2.381263643400861E-004 -3.722664584459563E-004
   8.35325231757404       2.302914922086259E-004 -3.598154756477119E-004
   7.81767398874082       2.227185248099358E-004 -3.477941634915723E-004
   7.31673405395652       2.153984317177416E-004 -3.361869918544348E-004
   6.84816733250537       2.083225084926885E-004 -3.249790297325284E-004
   6.40985887389872       2.014823641289815E-004 -3.141559200590803E-004
   5.99983381615813       1.948699090274178E-004 -3.037038556956685E-004
   5.61624794404721       1.884773434703446E-004 -2.936095565359905E-004
   5.25737889761337       1.822971465753581E-004 -2.838602476643788E-004
   4.92161798503858       1.763220657057491E-004 -2.744436385147316E-004
   4.60746255715829       1.705451063168354E-004 -2.653479029786639E-004
   4.31350890411341       1.649595222183813E-004 -2.565616604146139E-004
   4.03844563747078       1.595588062343112E-004 -2.480739575123904E-004
   3.78104752380219       1.543366812418681E-004 -2.398742509702093E-004
   3.54016973816689       1.492870915732645E-004 -2.319523909436811E-004
   3.31474250821452       1.444041947637130E-004 -2.242986052284783E-004
   3.10376612172682       1.396823536305209E-004 -2.169034841405098E-004
   2.90630627236345       1.351161286686898E-004 -2.097579660594472E-004
   2.72148972017815       1.307002707491669E-004 -2.028533236032890E-004
   2.54850024514089       1.264297141065684E-004 -1.961811504034132E-004
   2.38657487344757       1.222995696038377E-004 -1.897333484512251E-004
   2.23500035783126       1.183051182618926E-004 -1.835021159890392E-004
   2.09310989441704       1.144418050428938E-004 -1.774799359193020E-004
   1.96028005989345       1.107052328763042E-004 -1.716595647076347E-004
   1.83592795391481       1.070911569174162E-004 -1.660340217564552E-004
   1.71950853270783       1.035954790285156E-004 -1.605965792271653E-004
   1.61051212083783       1.002142424733005E-004 -1.553407522900240E-004
   1.50846208900130       9.694362681561747E-005 -1.502602897819119E-004
   1.41291268655756       9.377994301398432E-005 -1.453491652532065E-004
   1.32344701829736       9.071962870376325E-005 -1.406015683859457E-004
   1.23967515567521       8.775924365921844E-005 -1.360118967663638E-004
   1.16123237340955       8.489546542804533E-005 -1.315747479957350E-004
   1.08777750298351       8.212508513129630E-005 -1.272849121242698E-004
   1.01899139516313       7.944500342194057E-005 -1.231373643935630E-004
  0.954575484193271       7.685222659560499E-005 -1.191272582738218E-004
  0.894250446835273       7.434386284732553E-005 -1.152499187827719E-004
  0.837754949879886       7.191711866841374E-005 -1.115008360737867E-004
  0.784844480204799       6.956929537780437E-005 -1.078756592813962E-004
  0.735290251851418       6.729778578249406E-005 -1.043701906128959E-004
  0.688878184972704       6.510007096192154E-005 -1.009803796753351E-004
  0.645407951854426       6.297371717135826E-005 -9.770231802766233E-005
  0.604692085538537       6.091637285959590E-005 -9.453223394831056E-005
  0.566555146880843       5.892576579641906E-005 -9.146648740895121E-005
  0.530832946157659       5.699970030554424E-005 -8.850156524559549E-005
  0.497371815599042       5.513605459889201E-005 -8.563407651862959E-005
  0.466027929470921       5.333277820823385E-005 -8.286074805376615E-005
  0.436666668556304       5.158788951042411E-005 -8.017842015626917E-005
  0.409162026097882       4.989947334258579E-005 -7.758404249115977E-005
  0.383396052461921       4.826567870377265E-005 -7.507467012244937E-005
  0.359258335967379       4.668471653977471E-005 -7.264745970476466E-005
  0.336645517495541       4.515485760787311E-005 -7.029966582103113E-005
  0.315460836655215       4.367443041848380E-005 -6.802863746017031E-005
  0.295613707427296       4.224181925075384E-005 -6.583181462903925E-005
  0.277019321351145       4.085546223929728E-005 -6.370672509309919E-005
  0.259598276444506       3.951384952937075E-005 -6.165098124054904E-005
  0.243276230169066       3.821552149790082E-005 -5.966227706489159E-005
  0.227983574866114       3.695906703787973E-005 -5.773838526112812E-005
  0.213655134191365       3.574312190374564E-005 -5.587715443098252E-005
  0.200229879175694       3.456636711546254E-005 -5.407650639276580E-005
  0.187650662629481       3.342752741910346E-005 -5.233443359167778E-005
  0.175863970693201       3.232536980183121E-005 -5.064899660653018E-005
  0.164819690416037       3.125870205925411E-005 -4.901832174904814E-005
  0.154470892318173       3.022637141321382E-005 -4.744059875207243E-005
  0.144773626961301       2.922726317814111E-005 -4.591407854314521E-005
  0.135686734616184       2.826029947418740E-005 -4.443707110011122E-005
  0.127171667176081       2.732443798541123E-005 -4.300794338550963E-005
  0.119192321520827       2.641867076136691E-005 -4.162511735667196E-005
  0.111714883588589       2.554202306050578E-005 -4.028706804856833E-005
  0.104707682461099       2.469355223386400E-005 -3.899232172657176E-005
  9.814105381365189E-002  2.387234664756900E-005 -3.773945410642838E-005
  9.198721212365800E-002  2.307752464275392E-005 -3.652708863883432E-005
  8.622013107121608E-002  2.230823353152443E-005 -3.535389485613045E-005
  8.081543160218260E-002  2.156364862767308E-005 -3.421858677872698E-005
  7.575027715882372E-002  2.084297231088814E-005 -3.311992137897144E-005
  7.100327561541191E-002  2.014543312324995E-005 -3.205669710026603E-005
  6.655438748630253E-002  1.947028489685584E-005 -3.102775242933192E-005
  6.238484000218574E-002  1.881680591145651E-005 -3.003196451960333E-005
  5.847704667653060E-002  1.818429808103126E-005 -2.906824786381801E-005
  5.481453200880887E-002  1.757208616826800E-005 -2.813555301394774E-005
  5.138186099405557E-002  1.697951702595482E-005 -2.723286534668994E-005
  4.816457312976959E-002  1.640595886432521E-005 -2.635920387281210E-005
  4.514912063120571E-002  1.585080054343668E-005 -2.551362008871056E-005
  4.232281058483692E-002  1.531345088969550E-005 -2.469519686861125E-005
  3.967375078726716E-002  1.479333803567428E-005 -2.390304739590274E-005
  3.719079903323178E-002  1.428990878239990E-005 -2.313631413215369E-005
  3.486351563160686E-002  1.380262798332027E-005 -2.239416782242352E-005
  3.268211894263896E-002  1.333097794918768E-005 -2.167580653553220E-005
  3.063744374295588E-002  1.287445787312346E-005 -2.098045473800693E-005
  2.872090223740801E-002  1.243258327515704E-005 -2.030736240047631E-005
  2.692444754845555E-002  1.200488546555732E-005 -1.965580413533053E-005
  2.524053952472673E-002  1.159091102629896E-005 -1.902507836451350E-005
  2.366211272057415E-002  1.119022131003080E-005 -1.841450651635867E-005
  2.218254640799053E-002  1.080239195593558E-005 -1.782343225042294E-005
  2.079563649116465E-002  1.042701242189253E-005 -1.725122070931574E-005
  1.949556920229481E-002  1.006368553237555E-005 -1.669725779655977E-005
  1.827689646507601E-002  9.712027041539250E-006 -1.616094947955883E-005
  1.713451281956976E-002  9.371665210965434E-006 -1.564172111678595E-005
  1.606363380898414E-002  9.042240401560493E-006 -1.513901680833976E-005
  1.505977573527157E-002  8.723404679112124E-006 -1.465229876905232E-005
  1.411873669641886E-002  8.414821433031510E-006 -1.418104672336501E-005
  1.323657882388328E-002  8.116165007822640E-006 -1.372475732122061E-005
  1.240961164385030E-002  7.827120346836954E-006 -1.328294357425113E-005
  1.163437649087168E-002  7.547382647886053E-006 -1.285513431157064E-005
  1.090763190701222E-002  7.276657030300290E-006 -1.244087365451160E-005
  1.022633996390643E-002  7.014658213034079E-006 -1.203972050967058E-005
  9.587653449127043E-003  6.761110203432924E-006 -1.165124807965660E-005
  8.988903862008629E-003  6.515745996289347E-006 -1.127504339096194E-005
  8.427590167569879E-003  6.278307282827089E-006 -1.091070683839927E-005
  7.901368260455548E-003  6.048544169264800E-006 -1.055785174557474E-005
  7.408041093884069E-003  5.826214904621332E-006 -1.021610394088970E-005
  6.945549431455532E-003  5.611085617435518E-006 -9.885101348586419E-006
  6.511963182360122E-003  5.402930061083355E-006 -9.564493594375752E-006
  6.105473283039250E-003  5.201529367385112E-006 -9.253941625205603E-006
  5.724384090703750E-003  5.006671808204395E-006 -8.953117342749802E-006
  5.367106256313986E-003  4.818152564749610E-006 -8.661703250216494E-006
  5.032150046687105E-003  4.635773504296831E-006 -8.379392112094012E-006
  4.718119087325392E-003  4.459342964061196E-006 -8.105886626470609E-006
  4.423704499363730E-003  4.288675541951270E-006 -7.840899109580541E-006
  4.147679405724733E-003  4.123591893948262E-006 -7.584151192245920E-006
  3.888893783151235E-003  3.963918537858891E-006 -7.335373527897909E-006
  3.646269638266834E-003  3.809487663197273E-006 -7.094305511874947E-006
  3.418796487201188E-003  3.660136946957506E-006 -6.860695011707684E-006
  3.205527119614620E-003  3.515709375044840E-006 -6.634298108111218E-006
  3.005573629171782E-003  3.376053069139136E-006 -6.414878846414537E-006
  2.818103693651293E-003  3.241021118769943E-006 -6.202208998163873E-006
  2.642337088943940E-003  3.110471418388235E-006 -5.996067832642610E-006
  2.477542422188891E-003  2.984266509225253E-006 -5.796241898052651E-006
  2.323034070231498E-003  2.862273425734323E-006 -5.602524812103243E-006
  2.178169310460504E-003  2.744363546417046E-006 -5.414717061750399E-006
  2.042345631901395E-003  2.630412448840722E-006 -5.232625811825135E-006
  1.914998215209426E-003  2.520299768659693E-006 -5.056064722279965E-006
  1.795597570923760E-003  2.413909062459018E-006 -4.884853773770810E-006
  1.683647326016709E-003  2.311127674245237E-006 -4.718819101275682E-006
  1.578682149401919E-003  2.211846605415655E-006 -4.557792835431708E-006
  1.480265807654806E-003  2.115960388044391E-006 -4.401612951247455E-006
  1.387989342751279E-003  2.023366961331352E-006 -4.250123123819817E-006
  1.301469364147842E-003  1.933967551068376E-006 -4.103172590651517E-006
  1.220346448010843E-003  1.847666551985928E-006 -3.960616020128775E-006
  1.144283636856457E-003  1.764371412853558E-006 -3.822313385677857E-006
  1.072965033287985E-003  1.683992524218067E-006 -3.688129845074650E-006
  1.006094481915338E-003  1.606443108675186E-006 -3.557935624334209E-006
  9.433943339143835E-004  1.531639113583212E-006 -3.431605905557322E-006
  8.846042890333017E-004  1.459499106141121E-006 -3.309020718060402E-006
  8.294803101802382E-004  1.389944170768418E-006 -3.190064832063936E-006
  7.777936060332035E-004  1.322897808740295E-006 -3.074627654165650E-006
  7.293296774001994E-004  1.258285840048459E-006 -2.962603123778421E-006
  6.838874233266570E-004  1.196036307476191E-006 -2.853889609672735E-006
  6.412783031992850E-004  1.136079382894910E-006 -2.748389805731108E-006
  6.013255513314265E-004  1.078347275808808E-006 -2.646010624999583E-006
  5.638634407363319E-004  1.022774144193973E-006 -2.546663091112935E-006
  5.287365930018664E-004  9.692960076979935E-007 -2.450262226177091E-006
  4.957993313743857E-004  9.178506632855169E-007 -2.356726934218480E-006
  4.649150743413293E-004  8.683776034337676E-007 -2.265979879357026E-006
  4.359557671725624E-004  8.208179369993883E-007 -2.177947357930803E-006
  4.088013490401161E-004  7.751143128935143E-007 -2.092559163896603E-006
  3.833392534855999E-004  7.312108467151691E-007 -2.009748446953919E-006
  3.594639401447113E-004  6.890530505033438E-007 -1.929451562989859E-006
  3.370764557696295E-004  6.485877657749211E-007 -1.851607916618944E-006
  3.160840227131174E-004  6.097631000182852E-007 -1.776159795792496E-006
  2.963996531534761E-004  5.725283668106949E-007 -1.703052198674501E-006
  2.779417874475657E-004  5.368340297207474E-007 -1.632232653220046E-006
  2.606339551003400E-004  5.026316501452531E-007 -1.563651030142748E-006
  2.444044569342139E-004  4.698738392124007E-007 -1.497259350212319E-006
  2.291860671305141E-004  4.385142138602726E-007 -1.433011587074683E-006
  2.149157538985801E-004  4.085073571716698E-007 -1.370863467025987E-006
  2.015344176061293E-004  3.798087830131201E-007 -1.310772267389284E-006
  1.889866452777200E-004  3.523749049886791E-007 -1.252696615329946E-006
  1.772204804366756E-004  3.261630096780928E-007 -1.196596289093656E-006
  1.661872073301237E-004  3.011312340853034E-007 -1.142432023752016E-006
  1.558411486370099E-004  2.772385471779878E-007 -1.090165323588631E-006
  1.461394758153988E-004  2.544447353532056E-007 -1.039758283248855E-006
  1.370420312982727E-004  2.327103916193893E-007 -9.911734197066567E-007
  1.285111617966002E-004  2.119969082422481E-007 -9.443735169724785E-007
  1.205115620149244E-004  1.922664725628706E-007 -8.993214852792886E-007
  1.130101281282503E-004  1.734820656615882E-007 -8.559802362451338E-007
  1.059758204098294E-004  1.556074635120716E-007 -8.143125752270109E-007
  9.937953443767498E-005  1.386072402474448E-007 -7.742811117619692E-007
  9.319398034349891E-005  1.224467731447093E-007 -7.358481886480138E-007
  8.739356960134445E-005  1.070922489257353E-007 -6.989758298612194E-007
  8.195430888467487E-005  9.251067097261757E-008 -6.636257071487150E-007
  7.685370055018746E-005  7.866986706265860E-008 -6.297591247917498E-007
  7.207064933427410E-005  6.553849724153801E-008 -5.973370217098563E-007
  6.758537487396573E-005  5.308606147780652E-008 -5.663199897859652E-007
  6.337932968849079E-005  4.128290675565988E-008 -5.366683070411753E-007
  5.943512228033933E-005  3.010023334032426E-008 -5.083419840826706E-007
  5.573644503606573E-005  1.951009982412286E-008 -4.813008220928768E-007
  5.226800662705527E-005  9.485427171438508E-009 -4.555044805238697E-007
  4.901546862922400E-005  0.000000000000000E+000 -4.309125526079451E-007
