  0.000000000000000E+000  8.842090120967142E-029
  0.000000000000000E+000  9.518898808891709E-029
  0.000000000000000E+000  1.024751300751866E-028
  0.000000000000000E+000  1.103189809665620E-028
  0.000000000000000E+000  1.187632297946033E-028
  0.000000000000000E+000  1.278538331501850E-028
  0.000000000000000E+000  1.376402652921488E-028
  0.000000000000000E+000  1.481757873998866E-028
  0.000000000000000E+000  1.595177374351998E-028
  0.000000000000000E+000  1.717278421908969E-028
  0.000000000000000E+000  1.848725532243190E-028
  0.000000000000000E+000  1.990234085040297E-028
  0.000000000000000E+000  2.142574217377861E-028
  0.000000000000000E+000  2.306575015005325E-028
  0.000000000000000E+000  2.483129024434095E-028
  0.000000000000000E+000  2.673197110392958E-028
  0.000000000000000E+000  2.877813685083157E-028
  0.000000000000000E+000  3.098092337692181E-028
  0.000000000000000E+000  3.335231894801536E-028
  0.000000000000000E+000  3.590522944670597E-028
  0.000000000000000E+000  3.865354860902025E-028
  0.000000000000000E+000  4.161223363711423E-028
  0.000000000000000E+000  4.479738659951000E-028
  0.000000000000000E+000  4.822634206185484E-028
  0.000000000000000E+000  5.191776142508560E-028
  0.000000000000000E+000  5.589173448440222E-028
  0.000000000000000E+000  6.016988876173250E-028
  0.000000000000000E+000  6.477550720667144E-028
  0.000000000000000E+000  6.973365490643576E-028
  0.000000000000000E+000  7.507131549438823E-028
  0.000000000000000E+000  8.081753799945319E-028
  0.000000000000000E+000  8.700359493559571E-028
  0.000000000000000E+000  9.366315249167407E-028
  0.000000000000000E+000  1.008324537478241E-027
  0.000000000000000E+000  1.085505159154503E-027
  0.000000000000000E+000  1.168593426741862E-027
  0.000000000000000E+000  1.258041527613326E-027
  0.000000000000000E+000  1.354336260577690E-027
  0.000000000000000E+000  1.458001685095062E-027
  0.000000000000000E+000  1.569601973265383E-027
  0.000000000000000E+000  1.689744480110530E-027
  0.000000000000000E+000  1.819083048857960E-027
  0.000000000000000E+000  1.958321569212643E-027
  0.000000000000000E+000  2.108217807981250E-027
  0.000000000000000E+000  2.269587532894225E-027
  0.000000000000000E+000  2.443308952066492E-027
  0.000000000000000E+000  2.630327493256408E-027
  0.000000000000000E+000  2.831660948929834E-027
  0.000000000000000E+000  3.048405015128557E-027
  0.000000000000000E+000  3.281739254284186E-027
  0.000000000000000E+000  3.532933514425374E-027
  0.000000000000000E+000  3.803354839710920E-027
  0.000000000000000E+000  4.094474909893889E-027
  0.000000000000000E+000  4.407878049199805E-027
  0.000000000000000E+000  4.745269848201949E-027
  0.000000000000000E+000  5.108486445611129E-027
  0.000000000000000E+000  5.499504520488006E-027
  0.000000000000000E+000  5.920452049253350E-027
  0.000000000000000E+000  6.373619886032137E-027
  0.000000000000000E+000  6.861474229346515E-027
  0.000000000000000E+000  7.386670042998509E-027
  0.000000000000000E+000  7.952065504173107E-027
  0.000000000000000E+000  8.560737557381534E-027
  0.000000000000000E+000  9.215998658884768E-027
  0.000000000000000E+000  9.921414802712208E-027
  0.000000000000000E+000  1.068082492636414E-026
  0.000000000000000E+000  1.149836180179745E-026
  0.000000000000000E+000  1.237847452536974E-026
  0.000000000000000E+000  1.332595272912407E-026
  0.000000000000000E+000  1.434595264515855E-026
  0.000000000000000E+000  1.544402516490707E-026
  0.000000000000000E+000  1.662614604601741E-026
  0.000000000000000E+000  1.789874843119439E-026
  0.000000000000000E+000  1.926875785595290E-026
  0.000000000000000E+000  2.074362993577663E-026
  0.000000000000000E+000  2.233139093774951E-026
  0.000000000000000E+000  2.404068145742200E-026
  0.000000000000000E+000  2.588080343857633E-026
  0.000000000000000E+000  2.786177079173779E-026
  0.000000000000000E+000  2.999436388685820E-026
  0.000000000000000E+000  3.229018821668575E-026
  0.000000000000000E+000  3.476173755002018E-026
  0.000000000000000E+000  3.742246191847916E-026
  0.000000000000000E+000  4.028684080671174E-026
  0.000000000000000E+000  4.337046194429632E-026
  0.000000000000000E+000  4.669010612803418E-026
  0.000000000000000E+000  5.026383853617692E-026
  0.000000000000000E+000  5.411110703143167E-026
  0.000000000000000E+000  5.825284798761077E-026
  0.000000000000000E+000  6.271160021574317E-026
  0.000000000000000E+000  6.751162760951663E-026
  0.000000000000000E+000  7.267905117735324E-026
  0.000000000000000E+000  7.824199117951269E-026
  0.000000000000000E+000  8.423072014357613E-026
  0.000000000000000E+000  9.067782759083849E-026
  0.000000000000000E+000  9.761839736988444E-026
  0.000000000000000E+000  1.050901985621820E-025
  0.000000000000000E+000  1.131338909983596E-025
  0.000000000000000E+000  1.217932465033595E-025
  0.000000000000000E+000  1.311153870741937E-025
  0.000000000000000E+000  1.411510412861399E-025
  0.000000000000000E+000  1.519548203224442E-025
  0.000000000000000E+000  1.635855151292554E-025
  0.000000000000000E+000  1.761064163125406E-025
  0.000000000000000E+000  1.895856585173882E-025
  0.000000000000000E+000  2.040965911632827E-025
  0.000000000000000E+000  2.197181775523782E-025
  0.000000000000000E+000  2.365354245220936E-025
  0.000000000000000E+000  2.546398449794805E-025
  0.000000000000000E+000  2.741299558337981E-025
  0.000000000000000E+000  2.951118140361882E-025
  0.000000000000000E+000  3.176995936426406E-025
  0.000000000000000E+000  3.420162070396939E-025
  0.000000000000000E+000  3.681939737124480E-025
  0.000000000000000E+000  3.963753401930702E-025
  0.000000000000000E+000  4.267136551064975E-025
  0.000000000000000E+000  4.593740035296237E-025
  0.000000000000000E+000  4.945341052028836E-025
  0.000000000000000E+000  5.323852814805992E-025
  0.000000000000000E+000  5.731334962802453E-025
  0.000000000000000E+000  6.170004766932113E-025
  0.000000000000000E+000  6.642249193531888E-025
  0.000000000000000E+000  7.150637891245482E-025
  0.000000000000000E+000  7.697937171751618E-025
  0.000000000000000E+000  8.287125060390610E-025
  0.000000000000000E+000  8.921407498556468E-025
  0.000000000000000E+000  9.604235785992106E-025
  0.000000000000000E+000  1.033932535786515E-024
  0.000000000000000E+000  1.113067599876109E-024
  0.000000000000000E+000  1.198259360354925E-024
  0.000000000000000E+000  1.289971360348662E-024
  0.000000000000000E+000  1.388702618498042E-024
  0.000000000000000E+000  1.494990343818426E-024
  0.000000000000000E+000  1.609412858309359E-024
  0.000000000000000E+000  1.732592743210560E-024
  0.000000000000000E+000  1.865200226017176E-024
  0.000000000000000E+000  2.007956826676564E-024
  0.000000000000000E+000  2.161639282797916E-024
  0.000000000000000E+000  2.327083775223693E-024
  0.000000000000000E+000  2.505190476945200E-024
  0.000000000000000E+000  2.696928450102606E-024
  0.000000000000000E+000  2.903340917702880E-024
  0.000000000000000E+000  3.125550938726600E-024
  0.000000000000000E+000  3.364767517487878E-024
  0.000000000000000E+000  3.622292180473480E-024
  0.000000000000000E+000  3.899526056428277E-024
  0.000000000000000E+000  4.197977498191094E-024
  0.000000000000000E+000  4.519270287730849E-024
  0.000000000000000E+000  4.865152469002875E-024
  0.000000000000000E+000  5.237505856659753E-024
  0.000000000000000E+000  5.638356272325496E-024
  0.000000000000000E+000  6.069884564096761E-024
  0.000000000000000E+000  6.534438469193820E-024
  0.000000000000000E+000  7.034545384267979E-024
  0.000000000000000E+000  7.572926112805737E-024
  0.000000000000000E+000  8.152509664382626E-024
  0.000000000000000E+000  8.776449186238234E-024
  0.000000000000000E+000  9.448139113798199E-024
  0.000000000000000E+000  1.017123363339591E-023
  0.000000000000000E+000  1.094966655758099E-023
  0.000000000000000E+000  1.178767272107725E-023
  0.000000000000000E+000  1.268981101372148E-023
  0.000000000000000E+000  1.366098917561161E-023
  0.000000000000000E+000  1.470649048926975E-023
  0.000000000000000E+000  1.583200251393835E-023
  0.000000000000000E+000  1.704364801822709E-023
  0.000000000000000E+000  1.834801827927443E-023
  0.000000000000000E+000  1.975220892945094E-023
  0.000000000000000E+000  2.126385854547858E-023
  0.000000000000000E+000  2.289119018973968E-023
  0.000000000000000E+000  2.464305612959739E-023
  0.000000000000000E+000  2.652898597781801E-023
  0.000000000000000E+000  2.855923851577509E-023
  0.000000000000000E+000  3.074485748113251E-023
  0.000000000000000E+000  3.309773162323906E-023
  0.000000000000000E+000  3.563065935266202E-023
  0.000000000000000E+000  3.835741833625054E-023
  0.000000000000000E+000  4.129284041598477E-023
  0.000000000000000E+000  4.445289225879685E-023
  0.000000000000000E+000  4.785476217568820E-023
  0.000000000000000E+000  5.151695358197760E-023
  0.000000000000000E+000  5.545938560659993E-023
  0.000000000000000E+000  5.970350139721394E-023
  0.000000000000000E+000  6.427238470967538E-023
  0.000000000000000E+000  6.919088541544208E-023
  0.000000000000000E+000  7.448575460891940E-023
  0.000000000000000E+000  8.018579004889034E-023
  0.000000000000000E+000  8.632199272431250E-023
  0.000000000000000E+000  9.292773539518941E-023
  0.000000000000000E+000  1.000389440242451E-022
  0.000000000000000E+000  1.076942930851586E-022
  0.000000000000000E+000  1.159354158084607E-022
  0.000000000000000E+000  1.248071305073324E-022
  0.000000000000000E+000  1.343576842128311E-022
  0.000000000000000E+000  1.446390149421094E-022
  0.000000000000000E+000  1.557070340243114E-022
  0.000000000000000E+000  1.676219300177797E-022
  0.000000000000000E+000  1.804484958694191E-022
  0.000000000000000E+000  1.942564810932312E-022
  0.000000000000000E+000  2.091209708808906E-022
  0.000000000000000E+000  2.251227942034094E-022
  0.000000000000000E+000  2.423489631203238E-022
  0.000000000000000E+000  2.608931456822471E-022
  0.000000000000000E+000  2.808561749949382E-022
  0.000000000000000E+000  3.023465972093241E-022
  0.000000000000000E+000  3.254812614132096E-022
  0.000000000000000E+000  3.503859546277282E-022
  0.000000000000000E+000  3.771960853564295E-022
  0.000000000000000E+000  4.060574193983595E-022
  0.000000000000000E+000  4.371268719200259E-022
  0.000000000000000E+000  4.705733600864454E-022
  0.000000000000000E+000  5.065787208800429E-022
  0.000000000000000E+000  5.453386990897611E-022
  0.000000000000000E+000  5.870640108334590E-022
  0.000000000000000E+000  6.319814883864490E-022
  0.000000000000000E+000  6.803353125299166E-022
  0.000000000000000E+000  7.323883391077880E-022
  0.000000000000000E+000  7.884235269915404E-022
  0.000000000000000E+000  8.487454752022998E-022
  0.000000000000000E+000  9.136820775316276E-022
  0.000000000000000E+000  9.835863036395240E-022
  0.000000000000000E+000  1.058838116293844E-021
  0.000000000000000E+000  1.139846535153505E-021
  0.000000000000000E+000  1.227051858292500E-021
  0.000000000000000E+000  1.320928053516336E-021
  0.000000000000000E+000  1.421985332443611E-021
  0.000000000000000E+000  1.530772921315355E-021
  0.000000000000000E+000  1.647882043561383E-021
  0.000000000000000E+000  1.773949130300408E-021
  0.000000000000000E+000  1.909659276185814E-021
  0.000000000000000E+000  2.055749959338054E-021
  0.000000000000000E+000  2.213015045536141E-021
  0.000000000000000E+000  2.382309098380122E-021
  0.000000000000000E+000  2.564552018793766E-021
  0.000000000000000E+000  2.760734039021482E-021
  0.000000000000000E+000  2.971921098192345E-021
  0.000000000000000E+000  3.199260628591266E-021
  0.000000000000000E+000  3.443987784001408E-021
  0.000000000000000E+000  3.707432143874960E-021
  0.000000000000000E+000  3.991024929666258E-021
  0.000000000000000E+000  4.296306772433736E-021
  0.000000000000000E+000  4.624936073800883E-021
  0.000000000000000E+000  4.978698005578158E-021
  0.000000000000000E+000  5.359514196804818E-021
  0.000000000000000E+000  5.769453160688264E-021
  0.000000000000000E+000  6.210741517922978E-021
  0.000000000000000E+000  6.685776077179860E-021
  0.000000000000000E+000  7.197136838192606E-021
  0.000000000000000E+000  7.747600987859163E-021
  0.000000000000000E+000  8.340157965147533E-021
  0.000000000000000E+000  8.978025676372127E-021
  0.000000000000000E+000  9.664667948631907E-021
  0.000000000000000E+000  1.040381331589036E-020
  0.000000000000000E+000  1.119947523938645E-020
  0.000000000000000E+000  1.205597387181343E-020
  0.000000000000000E+000  1.297795948305156E-020
  0.000000000000000E+000  1.397043767421225E-020
  0.000000000000000E+000  1.503879651642144E-020
  0.000000000000000E+000  1.618883576116138E-020
  0.000000000000000E+000  1.742679828018299E-020
  0.000000000000000E+000  1.875940390504375E-020
  0.000000000000000E+000  2.019388584928006E-020
  0.000000000000000E+000  2.173802991017105E-020
  0.000000000000000E+000  2.340021666205581E-020
  0.000000000000000E+000  2.518946686931355E-020
  0.000000000000000E+000  2.711549036448745E-020
  0.000000000000000E+000  2.918873865574256E-020
  0.000000000000000E+000  3.142046154795492E-020
  0.000000000000000E+000  3.382276808338851E-020
  0.000000000000000E+000  3.640869213121402E-020
  0.000000000000000E+000  3.919226298018550E-020
  0.000000000000000E+000  4.218858131577283E-020
  0.000000000000000E+000  4.541390099207599E-020
  0.000000000000000E+000  4.888571704006270E-020
  0.000000000000000E+000  5.262286038730519E-020
  0.000000000000000E+000  5.664559980052059E-020
  0.000000000000000E+000  6.097575160115469E-020
  0.000000000000000E+000  6.563679774608821E-020
  0.000000000000000E+000  7.065401291061098E-020
  0.000000000000000E+000  7.605460125925419E-020
  0.000000000000000E+000  8.186784364222716E-020
  0.000000000000000E+000  8.812525601131829E-020
  0.000000000000000E+000  9.486075990945079E-020
  0.000000000000000E+000  1.021108659530837E-019
  0.000000000000000E+000  1.099148712964690E-019
  0.000000000000000E+000  1.183150721419905E-019
  0.000000000000000E+000  1.273569924416884E-019
  0.000000000000000E+000  1.370896300220703E-019
  0.000000000000000E+000  1.475657214579515E-019
  0.000000000000000E+000  1.588420271217830E-019
  0.000000000000000E+000  1.709796379432632E-019
  0.000000000000000E+000  1.840443055306110E-019
  0.000000000000000E+000  1.981067974303006E-019
  0.000000000000000E+000  2.132432794369222E-019
  0.000000000000000E+000  2.295357270100016E-019
  0.000000000000000E+000  2.470723680107371E-019
  0.000000000000000E+000  2.659481591395221E-019
  0.000000000000000E+000  2.862652986358277E-019
  0.000000000000000E+000  3.081337779963717E-019
  0.000000000000000E+000  3.316719756765043E-019
  0.000000000000000E+000  3.570072959646727E-019
  0.000000000000000E+000  3.842768564617160E-019
  0.000000000000000E+000  4.136282278568916E-019
  0.000000000000000E+000  4.452202299724352E-019
  0.000000000000000E+000  4.792237883495446E-019
  0.000000000000000E+000  5.158228559722999E-019
  0.000000000000000E+000  5.552154050745400E-019
  0.000000000000000E+000  5.976144943490711E-019
  0.000000000000000E+000  6.432494172815630E-019
  0.000000000000000E+000  6.923669377648636E-019
  0.000000000000000E+000  7.452326196152700E-019
  0.000000000000000E+000  8.021322571137909E-019
  0.000000000000000E+000  8.633734142341491E-019
  0.000000000000000E+000  9.292870807993308E-019
  0.000000000000000E+000  1.000229454431461E-018
  0.000000000000000E+000  1.076583857830790E-018
  0.000000000000000E+000  1.158762801640020E-018
  0.000000000000000E+000  1.247210203925858E-018
  0.000000000000000E+000  1.342403778143428E-018
  0.000000000000000E+000  1.444857602345505E-018
  0.000000000000000E+000  1.555124883362788E-018
  0.000000000000000E+000  1.673800930718155E-018
  0.000000000000000E+000  1.801526356152193E-018
  0.000000000000000E+000  1.938990515836075E-018
  0.000000000000000E+000  2.086935213636650E-018
  0.000000000000000E+000  2.246158685183715E-018
  0.000000000000000E+000  2.417519883979584E-018
  0.000000000000000E+000  2.601943092392690E-018
  0.000000000000000E+000  2.800422882098603E-018
  0.000000000000000E+000  3.014029450383308E-018
  0.000000000000000E+000  3.243914360714233E-018
  0.000000000000000E+000  3.491316718122810E-018
  0.000000000000000E+000  3.757569812244336E-018
  0.000000000000000E+000  4.044108263331269E-018
  0.000000000000000E+000  4.352475709215926E-018
  0.000000000000000E+000  4.684333074053665E-018
  0.000000000000000E+000  5.041467462750662E-018
  0.000000000000000E+000  5.425801728278642E-018
  0.000000000000000E+000  5.839404762629686E-018
  0.000000000000000E+000  6.284502565975677E-018
  0.000000000000000E+000  6.763490152694952E-018
  0.000000000000000E+000  7.278944357336115E-018
  0.000000000000000E+000  7.833637608319769E-018
  0.000000000000000E+000  8.430552742267963E-018
  0.000000000000000E+000  9.072898937318831E-018
  0.000000000000000E+000  9.764128849657048E-018
  0.000000000000000E+000  1.050795704380538E-017
  0.000000000000000E+000  1.130837981400721E-017
  0.000000000000000E+000  1.216969650131631E-017
  0.000000000000000E+000  1.309653241884520E-017
  0.000000000000000E+000  1.409386350603794E-017
  0.000000000000000E+000  1.516704284187256E-017
  0.000000000000000E+000  1.632182915661347E-017
  0.000000000000000E+000  1.756441749217182E-017
  0.000000000000000E+000  1.890147217233482E-017
  0.000000000000000E+000  2.034016225617869E-017
  0.000000000000000E+000  2.188819966090751E-017
  0.000000000000000E+000  2.355388015426014E-017
  0.000000000000000E+000  2.534612743155236E-017
  0.000000000000000E+000  2.727454050845554E-017
  0.000000000000000E+000  2.934944467782624E-017
  0.000000000000000E+000  3.158194629739778E-017
  0.000000000000000E+000  3.398399169500766E-017
  0.000000000000000E+000  3.656843049934961E-017
  0.000000000000000E+000  3.934908372716188E-017
  0.000000000000000E+000  4.234081698233652E-017
  0.000000000000000E+000  4.555961914885328E-017
  0.000000000000000E+000  4.902268698779693E-017
  0.000000000000000E+000  5.274851607914589E-017
  0.000000000000000E+000  5.675699858172408E-017
  0.000000000000000E+000  6.106952831977114E-017
  0.000000000000000E+000  6.570911374228247E-017
  0.000000000000000E+000  7.070049934166725E-017
  0.000000000000000E+000  7.607029616171960E-017
  0.000000000000000E+000  8.184712207144122E-017
  0.000000000000000E+000  8.806175253128272E-017
  0.000000000000000E+000  9.474728263202649E-017
  0.000000000000000E+000  1.019393012441160E-016
  0.000000000000000E+000  1.096760781770455E-016
  0.000000000000000E+000  1.179987653147555E-016
  0.000000000000000E+000  1.269516127640945E-016
  0.000000000000000E+000  1.365822011298244E-016
  0.000000000000000E+000  1.469416911115064E-016
  0.000000000000000E+000  1.580850917055122E-016
  0.000000000000000E+000  1.700715483896812E-016
  0.000000000000000E+000  1.829646527692855E-016
  0.000000000000000E+000  1.968327752714140E-016
  0.000000000000000E+000  2.117494225912646E-016
  0.000000000000000E+000  2.277936217186367E-016
  0.000000000000000E+000  2.450503325066655E-016
  0.000000000000000E+000  2.636108908884787E-016
  0.000000000000000E+000  2.835734850012105E-016
  0.000000000000000E+000  3.050436666419348E-016
  0.000000000000000E+000  3.281349006568778E-016
  0.000000000000000E+000  3.529691550550725E-016
  0.000000000000000E+000  3.796775348407624E-016
  0.000000000000000E+000  4.084009627770392E-016
  0.000000000000000E+000  4.392909105266030E-016
  0.000000000000000E+000  4.725101838660530E-016
  0.000000000000000E+000  5.082337659384564E-016
  0.000000000000000E+000  5.466497227964306E-016
  0.000000000000000E+000  5.879601757961950E-016
  0.000000000000000E+000  6.323823457332349E-016
  0.000000000000000E+000  6.801496739638689E-016
  0.000000000000000E+000  7.315130261360521E-016
  0.000000000000000E+000  7.867419845587660E-016
  0.000000000000000E+000  8.461262356740218E-016
  0.000000000000000E+000  9.099770595613793E-016
  0.000000000000000E+000  9.786289289037420E-016
  0.000000000000000E+000  1.052441225377085E-015
  0.000000000000000E+000  1.131800081998999E-015
  0.000000000000000E+000  1.217120360583326E-015
  0.000000000000000E+000  1.308847774103458E-015
  0.000000000000000E+000  1.407461164469370E-015
  0.000000000000000E+000  1.513474946974168E-015
  0.000000000000000E+000  1.627441733470430E-015
  0.000000000000000E+000  1.749955147197208E-015
  0.000000000000000E+000  1.881652843099524E-015
  0.000000000000000E+000  2.023219748467578E-015
  0.000000000000000E+000  2.175391539777501E-015
  0.000000000000000E+000  2.338958372743687E-015
  0.000000000000000E+000  2.514768883798750E-015
  0.000000000000000E+000  2.703734482509160E-015
  0.000000000000000E+000  2.906833955813888E-015
  0.000000000000000E+000  3.125118406450490E-015
  0.000000000000000E+000  3.359716549511869E-015
  0.000000000000000E+000  3.611840392764305E-015
  0.000000000000000E+000  3.882791328162545E-015
  0.000000000000000E+000  4.173966663927061E-015
  0.000000000000000E+000  4.486866628609887E-015
  0.000000000000000E+000  4.823101880780047E-015
  0.000000000000000E+000  5.184401560314934E-015
  0.000000000000000E+000  5.572621919799802E-015
  0.000000000000000E+000  5.989755577227354E-015
  0.000000000000000E+000  6.437941434062126E-015
  0.000000000000000E+000  6.919475305801963E-015
  0.000000000000000E+000  7.436821315447765E-015
  0.000000000000000E+000  7.992624103791810E-015
  0.000000000000000E+000  8.589721914174470E-015
  0.000000000000000E+000  9.231160613347720E-015
  0.000000000000000E+000  9.920208714347874E-015
  0.000000000000000E+000  1.066037347182565E-014
  0.000000000000000E+000  1.145541812513868E-014
  0.000000000000000E+000  1.230938036969167E-014
  0.000000000000000E+000  1.322659214254048E-014
  0.000000000000000E+000  1.421170081417381E-014
  0.000000000000000E+000  1.526969188468212E-014
  0.000000000000000E+000  1.640591328923882E-014
  0.000000000000000E+000  1.762610142497690E-014
  0.000000000000000E+000  1.893640901898837E-014
  0.000000000000000E+000  2.034343496531051E-014
  0.000000000000000E+000  2.185425626745793E-014
  0.000000000000000E+000  2.347646223230739E-014
  0.000000000000000E+000  2.521819107102258E-014
  0.000000000000000E+000  2.708816907321387E-014
  0.000000000000000E+000  2.909575253175266E-014
  0.000000000000000E+000  3.125097260759482E-014
  0.000000000000000E+000  3.356458333670181E-014
  0.000000000000000E+000  3.604811299470755E-014
  0.000000000000000E+000  3.871391904942151E-014
  0.000000000000000E+000  4.157524694664715E-014
  0.000000000000000E+000  4.464629299116756E-014
  0.000000000000000E+000  4.794227160221248E-014
  0.000000000000000E+000  5.147948724126822E-014
  0.000000000000000E+000  5.527541132989524E-014
  0.000000000000000E+000  5.934876449623020E-014
  0.000000000000000E+000  6.371960451127960E-014
  0.000000000000000E+000  6.840942029991126E-014
  0.000000000000000E+000  7.344123243684804E-014
  0.000000000000000E+000  7.883970056491916E-014
  0.000000000000000E+000  8.463123820153625E-014
  0.000000000000000E+000  9.084413542989010E-014
  0.000000000000000E+000  9.750869000382241E-014
  0.000000000000000E+000  1.046573474298579E-013
  0.000000000000000E+000  1.123248506265711E-013
  0.000000000000000E+000  1.205483998005018E-013
  0.000000000000000E+000  1.293678232192935E-013
  0.000000000000000E+000  1.388257596068345E-013
  0.000000000000000E+000  1.489678529320052E-013
  0.000000000000000E+000  1.598429604124518E-013
  0.000000000000000E+000  1.715033746076656E-013
  0.000000000000000E+000  1.840050605318602E-013
  0.000000000000000E+000  1.974079087768347E-013
  0.000000000000000E+000  2.117760056983722E-013
  0.000000000000000E+000  2.271779217870877E-013
  0.000000000000000E+000  2.436870194160969E-013
  0.000000000000000E+000  2.613817812338201E-013
  0.000000000000000E+000  2.803461605507705E-013
  0.000000000000000E+000  3.006699551547627E-013
  0.000000000000000E+000  3.224492060797383E-013
  0.000000000000000E+000  3.457866229497936E-013
  0.000000000000000E+000  3.707920376222277E-013
  0.000000000000000E+000  3.975828879619213E-013
  0.000000000000000E+000  4.262847336945136E-013
  0.000000000000000E+000  4.570318064079006E-013
  0.000000000000000E+000  4.899675959012136E-013
  0.000000000000000E+000  5.252454752177086E-013
  0.000000000000000E+000  5.630293668438478E-013
  0.000000000000000E+000  6.034944527112636E-013
  0.000000000000000E+000  6.468279308022839E-013
  0.000000000000000E+000  6.932298213332761E-013
  0.000000000000000E+000  7.429138256743824E-013
  0.000000000000000E+000  7.961082413593858E-013
  0.000000000000000E+000  8.530569367464768E-013
  0.000000000000000E+000  9.140203891100469E-013
  0.000000000000000E+000  9.792767901759529E-013
  0.000000000000000E+000  1.049123223359457E-012
  0.000000000000000E+000  1.123876917225653E-012
  0.000000000000000E+000  1.203876579969226E-012
  0.000000000000000E+000  1.289483820003188E-012
  0.000000000000000E+000  1.381084658056937E-012
  0.000000000000000E+000  1.479091136512769E-012
  0.000000000000000E+000  1.583943032058652E-012
  0.000000000000000E+000  1.696109678103818E-012
  0.000000000000000E+000  1.816091903794866E-012
  0.000000000000000E+000  1.944424096884183E-012
  0.000000000000000E+000  2.081676398140458E-012
  0.000000000000000E+000  2.228457035456142E-012
  0.000000000000000E+000  2.385414806297278E-012
  0.000000000000000E+000  2.553241717663085E-012
  0.000000000000000E+000  2.732675793272383E-012
  0.000000000000000E+000  2.924504058279023E-012
  0.000000000000000E+000  3.129565712434699E-012
  0.000000000000000E+000  3.348755503273414E-012
  0.000000000000000E+000  3.583027311582456E-012
  0.000000000000000E+000  3.833397962159096E-012
  0.000000000000000E+000  4.100951273627453E-012
  0.000000000000000E+000  4.386842361910593E-012
  0.000000000000000E+000  4.692302212823766E-012
  0.000000000000000E+000  5.018642540172429E-012
  0.000000000000000E+000  5.367260946714669E-012
  0.000000000000000E+000  5.739646406375358E-012
  0.000000000000000E+000  6.137385087192938E-012
  0.000000000000000E+000  6.562166535630525E-012
  0.000000000000000E+000  7.015790244107299E-012
  0.000000000000000E+000  7.500172624894924E-012
  0.000000000000000E+000  8.017354414895230E-012
  0.000000000000000E+000  8.569508537258110E-012
  0.000000000000000E+000  9.158948447332746E-012
  0.000000000000000E+000  9.788136992064100E-012
  0.000000000000000E+000  1.045969581365861E-011
  0.000000000000000E+000  1.117641533016117E-011
  0.000000000000000E+000  1.194126532749818E-011
  0.000000000000000E+000  1.275740619957726E-011
  0.000000000000000E+000  1.362820087517547E-011
  0.000000000000000E+000  1.455722747262722E-011
  0.000000000000000E+000  1.554829272571890E-011
  0.000000000000000E+000  1.660544622674764E-011
  0.000000000000000E+000  1.773299553538396E-011
  0.000000000000000E+000  1.893552220483179E-011
  0.000000000000000E+000  2.021789877978325E-011
  0.000000000000000E+000  2.158530682385311E-011
  0.000000000000000E+000  2.304325603754650E-011
  0.000000000000000E+000  2.459760453137547E-011
  0.000000000000000E+000  2.625458032251217E-011
  0.000000000000000E+000  2.802080412734815E-011
  0.000000000000000E+000  2.990331352655547E-011
  0.000000000000000E+000  3.190958858369394E-011
  0.000000000000000E+000  3.404757900314300E-011
  0.000000000000000E+000  3.632573291811139E-011
  0.000000000000000E+000  3.875302740477099E-011
  0.000000000000000E+000  4.133900082413417E-011
  0.000000000000000E+000  4.409378709920536E-011
  0.000000000000000E+000  4.702815204118435E-011
  0.000000000000000E+000  5.015353184509962E-011
  0.000000000000000E+000  5.348207388224420E-011
  0.000000000000000E+000  5.702667992416930E-011
  0.000000000000000E+000  6.080105194081728E-011
  0.000000000000000E+000  6.481974062362458E-011
  0.000000000000000E+000  6.909819679319103E-011
  0.000000000000000E+000  7.365282586032637E-011
  0.000000000000000E+000  7.850104551910067E-011
  0.000000000000000E+000  8.366134686082545E-011
  0.000000000000000E+000  8.915335910886625E-011
  0.000000000000000E+000  9.499791818571931E-011
  0.000000000000000E+000  1.012171393360381E-010
  0.000000000000000E+000  1.078344940422240E-010
  0.000000000000000E+000  1.148748914828618E-010
  0.000000000000000E+000  1.223647647987608E-010
  0.000000000000000E+000  1.303321624466445E-010
  0.000000000000000E+000  1.388068449367218E-010
  0.000000000000000E+000  1.478203872674539E-010
  0.000000000000000E+000  1.574062873889419E-010
  0.000000000000000E+000  1.676000810454671E-010
  0.000000000000000E+000  1.784394633679544E-010
  0.000000000000000E+000  1.899644176085088E-010
  0.000000000000000E+000  2.022173514317764E-010
  0.000000000000000E+000  2.152432412018196E-010
  0.000000000000000E+000  2.290897847284501E-010
  0.000000000000000E+000  2.438075629637330E-010
  0.000000000000000E+000  2.594502111675962E-010
  0.000000000000000E+000  2.760746000914245E-010
  0.000000000000000E+000  2.937410277600690E-010
  0.000000000000000E+000  3.125134224661808E-010
  0.000000000000000E+000  3.324595576260410E-010
  0.000000000000000E+000  3.536512791834705E-010
  0.000000000000000E+000  3.761647462879056E-010
  0.000000000000000E+000  4.000806860144294E-010
  0.000000000000000E+000  4.254846629378078E-010
  0.000000000000000E+000  4.524673644191520E-010
  0.000000000000000E+000  4.811249025133016E-010
  0.000000000000000E+000  5.115591334571165E-010
  0.000000000000000E+000  5.438779957541480E-010
  0.000000000000000E+000  5.781958679293937E-010
  0.000000000000000E+000  6.146339470895976E-010
  0.000000000000000E+000  6.533206494897332E-010
  0.000000000000000E+000  6.943920343753008E-010
  0.000000000000000E+000  7.379922524428673E-010
  0.000000000000000E+000  7.842740203384293E-010
  0.000000000000000E+000  8.333991226946601E-010
  0.000000000000000E+000  8.855389432941075E-010
  0.000000000000000E+000  9.408750270367069E-010
  0.000000000000000E+000  9.995996744859096E-010
  0.000000000000000E+000  1.061916570869943E-009
  0.000000000000000E+000  1.128041451521848E-009
  0.000000000000000E+000  1.198202805856118E-009
  0.000000000000000E+000  1.272642622099699E-009
  0.000000000000000E+000  1.351617175122438E-009
  0.000000000000000E+000  1.435397859846400E-009
  0.000000000000000E+000  1.524272072855557E-009
  0.000000000000000E+000  1.618544144977689E-009
  0.000000000000000E+000  1.718536327768704E-009
  0.000000000000000E+000  1.824589836998231E-009
  0.000000000000000E+000  1.937065956411851E-009
  0.000000000000000E+000  2.056347205233889E-009
  0.000000000000000E+000  2.182838573072015E-009
  0.000000000000000E+000  2.316968826095624E-009
  0.000000000000000E+000  2.459191888580524E-009
  0.000000000000000E+000  2.609988304147778E-009
  0.000000000000000E+000  2.769866781271085E-009
  0.000000000000000E+000  2.939365827890103E-009
  0.000000000000000E+000  3.119055480242956E-009
  0.000000000000000E+000  3.309539131323916E-009
  0.000000000000000E+000  3.511455464682245E-009
  0.000000000000000E+000  3.725480499603614E-009
  0.000000000000000E+000  3.952329754063026E-009
  0.000000000000000E+000  4.192760532201550E-009
  0.000000000000000E+000  4.447574343467146E-009
  0.000000000000000E+000  4.717619460966229E-009
  0.000000000000000E+000  5.003793627006153E-009
  0.000000000000000E+000  5.307046914262936E-009
  0.000000000000000E+000  5.628384751492463E-009
  0.000000000000000E+000  5.968871123211674E-009
  0.000000000000000E+000  6.329631953315892E-009
  0.000000000000000E+000  6.711858683167978E-009
  0.000000000000000E+000  7.116812055295886E-009
  0.000000000000000E+000  7.545826114473683E-009
  0.000000000000000E+000  8.000312438630581E-009
  0.000000000000000E+000  8.481764612747562E-009
  0.000000000000000E+000  8.991762959648362E-009
  0.000000000000000E+000  9.531979542390512E-009
  0.000000000000000E+000  1.010418345379694E-008
  0.000000000000000E+000  1.071024640956179E-008
  0.000000000000000E+000  1.135214866229702E-008
  0.000000000000000E+000  1.203198525488253E-008
  0.000000000000000E+000  1.275197263252770E-008
  0.000000000000000E+000  1.351445563406189E-008
  0.000000000000000E+000  1.432191488414325E-008
  0.000000000000000E+000  1.517697460931111E-008
  0.000000000000000E+000  1.608241090211829E-008
  0.000000000000000E+000  1.704116045896079E-008
  0.000000000000000E+000  1.805632981868700E-008
  0.000000000000000E+000  1.913120513061016E-008
  0.000000000000000E+000  2.026926248218689E-008
  0.000000000000000E+000  2.147417881834374E-008
  0.000000000000000E+000  2.274984348626736E-008
  0.000000000000000E+000  2.410037044139665E-008
  0.000000000000000E+000  2.553011115239563E-008
  0.000000000000000E+000  2.704366824504369E-008
  0.000000000000000E+000  2.864590992725396E-008
  0.000000000000000E+000  3.034198523984325E-008
  0.000000000000000E+000  3.213734018021594E-008
  0.000000000000000E+000  3.403773474882084E-008
  0.000000000000000E+000  3.604926097107796E-008
  0.000000000000000E+000  3.817836195048301E-008
  0.000000000000000E+000  4.043185201176709E-008
  0.000000000000000E+000  4.281693799635520E-008
  0.000000000000000E+000  4.534124177590866E-008
  0.000000000000000E+000  4.801282405349088E-008
  0.000000000000000E+000  5.084020952586390E-008
  0.000000000000000E+000  5.383241348460652E-008
  0.000000000000000E+000  5.699896993818132E-008
  0.000000000000000E+000  6.034996134175454E-008
  0.000000000000000E+000  6.389605002652787E-008
  0.000000000000000E+000  6.764851142556125E-008
  0.000000000000000E+000  7.161926919860536E-008
  0.000000000000000E+000  7.582093236429550E-008
  0.000000000000000E+000  8.026683455424653E-008
  0.000000000000000E+000  8.497107551010078E-008
  0.000000000000000E+000  8.994856495149256E-008
  0.000000000000000E+000  9.521506895018560E-008
  0.000000000000000E+000  1.007872589533330E-007
  0.000000000000000E+000  1.066827636069788E-007
  0.000000000000000E+000  1.129202235395073E-007
  0.000000000000000E+000  1.195193492738658E-007
  0.000000000000000E+000  1.265009824469921E-007
  0.000000000000000E+000  1.338871605250600E-007
  0.000000000000000E+000  1.417011852138825E-007
  0.000000000000000E+000  1.499676947751883E-007
  0.000000000000000E+000  1.587127404714780E-007
  0.000000000000000E+000  1.679638673748681E-007
  0.000000000000000E+000  1.777501997887322E-007
  0.000000000000000E+000  1.881025315451076E-007
  0.000000000000000E+000  1.990534214558651E-007
  0.000000000000000E+000  2.106372942114060E-007
  0.000000000000000E+000  2.228905470374580E-007
  0.000000000000000E+000  2.358516624381455E-007
  0.000000000000000E+000  2.495613273723084E-007
  0.000000000000000E+000  2.640625592296931E-007
  0.000000000000000E+000  2.794008389946190E-007
  0.000000000000000E+000  2.956242520067227E-007
  0.000000000000000E+000  3.127836367517597E-007
  0.000000000000000E+000  3.309327421400889E-007
  0.000000000000000E+000  3.501283937564931E-007
  0.000000000000000E+000  3.704306695926141E-007
  0.000000000000000E+000  3.919030858022627E-007
  0.000000000000000E+000  4.146127930508006E-007
  0.000000000000000E+000  4.386307840621337E-007
  0.000000000000000E+000  4.640321130014081E-007
  0.000000000000000E+000  4.908961273676225E-007
  0.000000000000000E+000  5.193067131090038E-007
  0.000000000000000E+000  5.493525537143334E-007
  0.000000000000000E+000  5.811274040765107E-007
  0.000000000000000E+000  6.147303799698065E-007
  0.000000000000000E+000  6.502662640302652E-007
  0.000000000000000E+000  6.878458291793599E-007
  0.000000000000000E+000  7.275861804843991E-007
  0.000000000000000E+000  7.696111165059809E-007
  0.000000000000000E+000  8.140515112422312E-007
  0.000000000000000E+000  8.610457178431733E-007
  0.000000000000000E+000  9.107399953349195E-007
  0.000000000000000E+000  9.632889596643549E-007
  0.000000000000000E+000  1.018856060449176E-006
  0.000000000000000E+000  1.077614084897445E-006
  0.000000000000000E+000  1.139745690443659E-006
  0.000000000000000E+000  1.205443967736833E-006
  0.000000000000000E+000  1.274913035708904E-006
  0.000000000000000E+000  1.348368670550124E-006
  0.000000000000000E+000  1.426038970522391E-006
  0.000000000000000E+000  1.508165058650853E-006
  0.000000000000000E+000  1.595001825450839E-006
  0.000000000000000E+000  1.686818713969212E-006
  0.000000000000000E+000  1.783900549549805E-006
  0.000000000000000E+000  1.886548416868798E-006
  0.000000000000000E+000  1.995080586931686E-006
  0.000000000000000E+000  2.109833496875730E-006
  0.000000000000000E+000  2.231162785584488E-006
  0.000000000000000E+000  2.359444388291521E-006
  0.000000000000000E+000  2.495075693531249E-006
  0.000000000000000E+000  2.638476765986209E-006
  0.000000000000000E+000  2.790091638981652E-006
  0.000000000000000E+000  2.950389680592084E-006
  0.000000000000000E+000  3.119867037549508E-006
  0.000000000000000E+000  3.299048161382195E-006
  0.000000000000000E+000  3.488487421463628E-006
  0.000000000000000E+000  3.688770809919018E-006
  0.000000000000000E+000  3.900517743616554E-006
  0.000000000000000E+000  4.124382968769534E-006
  0.000000000000000E+000  4.361058573988072E-006
  0.000000000000000E+000  4.611276117953171E-006
  0.000000000000000E+000  4.875808878235364E-006
  0.000000000000000E+000  5.155474228151894E-006
  0.000000000000000E+000  5.451136148948422E-006
  0.000000000000000E+000  5.763707885005349E-006
  0.000000000000000E+000  6.094154750207271E-006
  0.000000000000000E+000  6.443497094075941E-006
  0.000000000000000E+000  6.812813436757233E-006
  0.000000000000000E+000  7.203243782468549E-006
  0.000000000000000E+000  7.615993121560325E-006
  0.000000000000000E+000  8.052335131921012E-006
  0.000000000000000E+000  8.513616091067017E-006
  0.000000000000000E+000  9.001259010901500E-006
  0.000000000000000E+000  9.516768007808799E-006
  0.000000000000000E+000  1.006173292147103E-005
  0.000000000000000E+000  1.063783419655291E-005
  0.000000000000000E+000  1.124684804220673E-005
  0.000000000000000E+000  1.189065188519726E-005
  0.000000000000000E+000  1.257123013334618E-005
  0.000000000000000E+000  1.329068026694166E-005
  0.000000000000000E+000  1.405121927676443E-005
  0.000000000000000E+000  1.485519046843824E-005
  0.000000000000000E+000  1.570507065393458E-005
  0.000000000000000E+000  1.660347775224284E-005
  0.000000000000000E+000  1.755317882246736E-005
  0.000000000000000E+000  1.855709855393484E-005
  0.000000000000000E+000  1.961832823928935E-005
  0.000000000000000E+000  2.074013525802981E-005
  0.000000000000000E+000  2.192597309949926E-005
  0.000000000000000E+000  2.317949195598552E-005
  0.000000000000000E+000  2.450454991832954E-005
  0.000000000000000E+000  2.590522480827898E-005
  0.000000000000000E+000  2.738582668376268E-005
  0.000000000000000E+000  2.895091105531745E-005
  0.000000000000000E+000  3.060529285406356E-005
  0.000000000000000E+000  3.235406119391819E-005
  0.000000000000000E+000  3.420259497315512E-005
  0.000000000000000E+000  3.615657936297024E-005
  0.000000000000000E+000  3.822202323342543E-005
  0.000000000000000E+000  4.040527756998049E-005
  0.000000000000000E+000  4.271305493685141E-005
  0.000000000000000E+000  4.515245004660462E-005
  0.000000000000000E+000  4.773096149876908E-005
  0.000000000000000E+000  5.045651475379413E-005
  0.000000000000000E+000  5.333748641243769E-005
  0.000000000000000E+000  5.638272987462746E-005
  0.000000000000000E+000  5.960160245602648E-005
  0.000000000000000E+000  6.300399404495809E-005
  0.000000000000000E+000  6.660035738700155E-005
  0.000000000000000E+000  7.040174008952100E-005
  0.000000000000000E+000  7.441981844356666E-005
  0.000000000000000E+000  7.866693316612125E-005
  0.000000000000000E+000  8.315612717143116E-005
  0.000000000000000E+000  8.790118548632714E-005
  0.000000000000000E+000  9.291667743087202E-005
  0.000000000000000E+000  9.821800119254651E-005
  0.000000000000000E+000  1.038214309293521E-004
  0.000000000000000E+000  1.097441665448572E-004
  0.000000000000000E+000  1.160043862862301E-004
  0.000000000000000E+000  1.226213023247709E-004
  0.000000000000000E+000  1.296152194874406E-004
  0.000000000000000E+000  1.370075973172781E-004
  0.000000000000000E+000  1.448211156506122E-004
  0.000000000000000E+000  1.530797439094295E-004
  0.000000000000000E+000  1.618088143184142E-004
  0.000000000000000E+000  1.710350992678072E-004
  0.000000000000000E+000  1.807868930556298E-004
  0.000000000000000E+000  1.910940982557609E-004
  0.000000000000000E+000  2.019883169721557E-004
  0.000000000000000E+000  2.135029472538719E-004
  0.000000000000000E+000  2.256732849608786E-004
  0.000000000000000E+000  2.385366313866742E-004
  0.000000000000000E+000  2.521324069606290E-004
  0.000000000000000E+000  2.665022713709036E-004
  0.000000000000000E+000  2.816902504674726E-004
  0.000000000000000E+000  2.977428703246914E-004
  0.000000000000000E+000  3.147092988635626E-004
  0.000000000000000E+000  3.326414954559475E-004
  0.000000000000000E+000  3.515943689558977E-004
  0.000000000000000E+000  3.716259446277525E-004
  0.000000000000000E+000  3.927975404660337E-004
  0.000000000000000E+000  4.151739534292264E-004
  0.000000000000000E+000  4.388236561376755E-004
  0.000000000000000E+000  4.638190046155563E-004
  0.000000000000000E+000  4.902364576881722E-004
  0.000000000000000E+000  5.181568086784416E-004
  0.000000000000000E+000  5.476654300810624E-004
  0.000000000000000E+000  5.788525319287343E-004
  0.000000000000000E+000  6.118134346029100E-004
  0.000000000000000E+000  6.466488568810207E-004
  0.000000000000000E+000  6.834652200540148E-004
  0.000000000000000E+000  7.223749689913466E-004
  0.000000000000000E+000  7.634969110764095E-004
  0.000000000000000E+000  8.069565739829461E-004
  0.000000000000000E+000  8.528865833129277E-004
  0.000000000000000E+000  9.014270611685390E-004
  0.000000000000000E+000  9.527260467851366E-004
  0.000000000000000E+000  1.006939940408896E-003
  0.000000000000000E+000  1.064233971661825E-003
  0.000000000000000E+000  1.124782693698453E-003
  0.000000000000000E+000  1.188770504522166E-003
  0.000000000000000E+000  1.256392196895928E-003
  0.000000000000000E+000  1.327853538350455E-003
  0.000000000000000E+000  1.403371882864816E-003
  0.000000000000000E+000  1.483176815867523E-003
  0.000000000000000E+000  1.567510834282845E-003
  0.000000000000000E+000  1.656630063425015E-003
  0.000000000000000E+000  1.750805012623963E-003
  0.000000000000000E+000  1.850321371548818E-003
  0.000000000000000E+000  1.955480849279959E-003
  0.000000000000000E+000  2.066602058266960E-003
  0.000000000000000E+000  2.184021445397421E-003
  0.000000000000000E+000  2.308094272491070E-003
  0.000000000000000E+000  2.439195648622729E-003
  0.000000000000000E+000  2.577721616768891E-003
  0.000000000000000E+000  2.724090297362043E-003
  0.000000000000000E+000  2.878743091427012E-003
  0.000000000000000E+000  3.042145946061095E-003
  0.000000000000000E+000  3.214790685106743E-003
  0.000000000000000E+000  3.397196407947919E-003
  0.000000000000000E+000  3.589910959440155E-003
  0.000000000000000E+000  3.793512474059401E-003
  0.000000000000000E+000  4.008610997420193E-003
  0.000000000000000E+000  4.235850188374888E-003
  0.000000000000000E+000  4.475909104954202E-003
  0.000000000000000E+000  4.729504077446837E-003
  0.000000000000000E+000  4.997390671941679E-003
  0.000000000000000E+000  5.280365747662089E-003
  0.000000000000000E+000  5.579269611412034E-003
  0.000000000000000E+000  5.894988272419268E-003
  0.000000000000000E+000  6.228455800804395E-003
  0.000000000000000E+000  6.580656792813722E-003
  0.000000000000000E+000  6.952628945836006E-003
  0.000000000000000E+000  7.345465746061755E-003
  0.000000000000000E+000  7.760319271441409E-003
  0.000000000000000E+000  8.198403112349914E-003
  0.000000000000000E+000  8.660995412054579E-003
  0.000000000000000E+000  9.149442028721259E-003
  0.000000000000000E+000  9.665159820249403E-003
  0.000000000000000E+000  1.020964005271622E-002
  0.000000000000000E+000  1.078445193261003E-002
  0.000000000000000E+000  1.139124626232937E-002
  0.000000000000000E+000  1.203175921762732E-002
  0.000000000000000E+000  1.270781624475650E-002
  0.000000000000000E+000  1.342133607401883E-002
  0.000000000000000E+000  1.417433484523271E-002
  0.000000000000000E+000  1.496893033927917E-002
  0.000000000000000E+000  1.580734630836924E-002
  0.000000000000000E+000  1.669191689597405E-002
  0.000000000000000E+000  1.762509113544191E-002
  0.000000000000000E+000  1.860943751421432E-002
  0.000000000000000E+000  1.964764858818639E-002
  0.000000000000000E+000  2.074254562814582E-002
  0.000000000000000E+000  2.189708327735250E-002
  0.000000000000000E+000  2.311435419614565E-002
  0.000000000000000E+000  2.439759366600881E-002
  0.000000000000000E+000  2.575018412173434E-002
  0.000000000000000E+000  2.717565957621387E-002
  0.000000000000000E+000  2.867770989793408E-002
  0.000000000000000E+000  3.026018489644446E-002
  0.000000000000000E+000  3.192709816590322E-002
  0.000000000000000E+000  3.368263063130221E-002
  0.000000000000000E+000  3.553113373608723E-002
  0.000000000000000E+000  3.747713220371472E-002
  0.000000000000000E+000  3.952532629913606E-002
  0.000000000000000E+000  4.168059350941659E-002
  0.000000000000000E+000  4.394798955564963E-002
  0.000000000000000E+000  4.633274864106481E-002
  0.000000000000000E+000  4.884028283289919E-002
  0.000000000000000E+000  5.147618046820318E-002
  0.000000000000000E+000  5.424620346644021E-002
  0.000000000000000E+000  5.715628342464218E-002
  0.000000000000000E+000  6.021251636412699E-002
  0.000000000000000E+000  6.342115599157151E-002
  0.000000000000000E+000  6.678860533177366E-002
  0.000000000000000E+000  7.032140658489666E-002
  0.000000000000000E+000  7.402622905774137E-002
  0.000000000000000E+000  7.790985501684863E-002
  0.000000000000000E+000  8.197916331127819E-002
  0.000000000000000E+000  8.624111061525125E-002
  0.000000000000000E+000  9.070271014562506E-002
  0.000000000000000E+000  9.537100771699726E-002
  0.000000000000000E+000  0.100253055008354     
  0.000000000000000E+000  0.105355879930068     
  0.000000000000000E+000  0.110686453999134     
  0.000000000000000E+000  0.116251656654125     
  0.000000000000000E+000  0.122058236469814     
  0.000000000000000E+000  0.128112769265165     
  0.000000000000000E+000  0.134421613137445     
  0.000000000000000E+000  0.140990860499856     
  0.000000000000000E+000  0.147826287250375     
  0.000000000000000E+000  0.154933299254995     
  0.000000000000000E+000  0.162316876389473     
  0.000000000000000E+000  0.169981514448906     
  0.000000000000000E+000  0.177931165303862     
  0.000000000000000E+000  0.186169175753961     
  0.000000000000000E+000  0.194698225603758     
  0.000000000000000E+000  0.203520265560045     
  0.000000000000000E+000  0.212636455622406     
  0.000000000000000E+000  0.222047104708284     
  0.000000000000000E+000  0.231751612317492     
  0.000000000000000E+000  0.241748413096896     
  0.000000000000000E+000  0.252034925211319     
  0.000000000000000E+000  0.262607503459107     
  0.000000000000000E+000  0.273461398087582     
  0.000000000000000E+000  0.284590720262848     
  0.000000000000000E+000  0.295988415127443     
  0.000000000000000E+000  0.307646243337024     
  0.000000000000000E+000  0.319554771901862     
  0.000000000000000E+000  0.331703375070054     
  0.000000000000000E+000  0.344080245877164     
  0.000000000000000E+000  0.356672418851797     
  0.000000000000000E+000  0.369465804210813     
  0.000000000000000E+000  0.382445233703322     
  0.000000000000000E+000  0.395594518073037     
  0.000000000000000E+000  0.408896515907958     
  0.000000000000000E+000  0.422333213439709     
  0.000000000000000E+000  0.435885814647189     
  0.000000000000000E+000  0.449534840816815     
  0.000000000000000E+000  0.463260238519606     
  0.000000000000000E+000  0.477041494790372     
  0.000000000000000E+000  0.490857758141137     
  0.000000000000000E+000  0.504687963914671     
  0.000000000000000E+000  0.518510962389212     
  0.000000000000000E+000  0.532305647984522     
  0.000000000000000E+000  0.546051087895174     
  0.000000000000000E+000  0.559726648489562     
  0.000000000000000E+000  0.573312117862629     
  0.000000000000000E+000  0.586787823014708     
  0.000000000000000E+000  0.600134740245710     
  0.000000000000000E+000  0.613334597498740     
  0.000000000000000E+000  0.626369967556237     
  0.000000000000000E+000  0.639224351178687     
  0.000000000000000E+000  0.651882249475906     
  0.000000000000000E+000  0.664329225007379     
  0.000000000000000E+000  0.676551951315754     
  0.000000000000000E+000  0.688538250800649     
  0.000000000000000E+000  0.700277121033481     
  0.000000000000000E+000  0.711758749793578     
  0.000000000000000E+000  0.722974519268098     
  0.000000000000000E+000  0.733917000000000     
