  2.698708691986493E-005  5.060078797474673E-006  0.999967952834283     
  2.748930480474821E-005  5.154244650890291E-006  0.999967356450544     
  2.800086843405013E-005  5.250162831384401E-006  0.999966748968734     
  2.852195171052959E-005  5.347865945724298E-006  0.999966130182344     
  2.905273177243603E-005  5.447387207331756E-006  0.999965499881020     
  2.959338905369020E-005  5.548760447566914E-006  0.999964857850499     
  3.014410734518353E-005  5.652020127221912E-006  0.999964203872527     
  3.070507385721627E-005  5.757201348228050E-006  0.999963537724795     
  3.127647928309695E-005  5.864339865580678E-006  0.999962859180851     
  3.185851786392443E-005  5.973472099485832E-006  0.999962168010036     
  3.245138745457290E-005  6.084635147732418E-006  0.999961463977398     
  3.305528959090439E-005  6.197866798294573E-006  0.999960746843611     
  3.367042955823075E-005  6.313205542168266E-006  0.999960016364900     
  3.429701646104706E-005  6.430690586446322E-006  0.999959272292952     
  3.493526329406198E-005  6.550361867636620E-006  0.999958514374838     
  3.558538701454860E-005  6.672260065227864E-006  0.999957742352920     
  3.624760861603858E-005  6.796426615507233E-006  0.999956955964769     
  3.692215320338768E-005  6.922903725635189E-006  0.999956154943071     
  3.760925006923479E-005  7.051734387981522E-006  0.999955339015543     
  3.830913277188279E-005  7.182962394728024E-006  0.999954507904834     
  3.902203921462705E-005  7.316632352742572E-006  0.999953661328433     
  3.974821172655676E-005  7.452789698729393E-006  0.999952798998575     
  4.048789714485893E-005  7.591480714661051E-006  0.999951920622140     
  4.124134689865208E-005  7.732752543497264E-006  0.999951025900558     
  4.200881709437600E-005  7.876653205195500E-006  0.999950114529700     
  4.279056860276997E-005  8.023231613019370E-006  0.999949186199784     
  4.358686714746639E-005  8.172537590149948E-006  0.999948240595262     
  4.439798339523020E-005  8.324621886605663E-006  0.999947277394718     
  4.522419304787503E-005  8.479536196476569E-006  0.999946296270756     
  4.606577693588813E-005  8.637333175479024E-006  0.999945296889889     
  4.692302111379260E-005  8.798066458836114E-006  0.999944278912428     
  4.779621695728312E-005  8.961790679490586E-006  0.999943241992363     
  4.868566126216586E-005  9.128561486656099E-006  0.999942185777251     
  4.959165634513508E-005  9.298435564712830E-006  0.999941109908090     
  5.051451014642329E-005  9.471470652454367E-006  0.999940014019201     
  5.145453633435794E-005  9.647725562692114E-006  0.999938897738103     
  5.241205441185898E-005  9.827260202223558E-006  0.999937760685386     
  5.338738982491581E-005  1.001013559217171E-005  0.999936602474583     
  5.438087407307927E-005  1.019641388870236E-005  0.999935422712038     
  5.539284482200390E-005  1.038615840412573E-005  0.999934220996774     
  5.642364601808218E-005  1.057943362839041E-005  0.999932996920353     
  5.747362800520753E-005  1.077630525097641E-005  0.999931750066744     
  5.854314764370415E-005  1.097684018319453E-005  0.999930480012173     
  5.963256843146677E-005  1.118110658090002E-005  0.999929186324988     
  6.074226062735029E-005  1.138917386762818E-005  0.999927868565505     
  6.187260137684820E-005  1.160111275815904E-005  0.999926526285865     
  6.302397484010775E-005  1.181699528252020E-005  0.999925159029877     
  6.419677232231899E-005  1.203689481043481E-005  0.999923766332867     
  6.539139240652619E-005  1.226088607622366E-005  0.999922347721517     
  6.660824108890564E-005  1.248904520416981E-005  0.999920902713707     
  6.784773191655218E-005  1.272144973435353E-005  0.999919430818349     
  6.911028612782596E-005  1.295817864896737E-005  0.999917931535223     
  7.039633279530421E-005  1.319931239911954E-005  0.999916404354806     
  7.170630897138424E-005  1.344493293213455E-005  0.999914848758097     
  7.304065983659138E-005  1.369512371936088E-005  0.999913264216444     
  7.439983885063906E-005  1.394996978449482E-005  0.999911650191365     
  7.578430790629091E-005  1.420955773242955E-005  0.999910006134361     
  7.719453748607926E-005  1.447397577863987E-005  0.999908331486735     
  7.863100682193347E-005  1.474331377911252E-005  0.999906625679399     
  8.009420405776635E-005  1.501766326083119E-005  0.999904888132682     
  8.158462641508098E-005  1.529711745282768E-005  0.999903118256132     
  8.310278036164965E-005  1.558177131780931E-005  0.999901315448321     
  8.464918178331969E-005  1.587172158437245E-005  0.999899479096632     
  8.622435615900973E-005  1.616706677981433E-005  0.999897608577062     
  8.782883873895123E-005  1.646790726355336E-005  0.999895703253998     
  8.946317472623476E-005  1.677434526116902E-005  0.999893762480013     
  9.112791946172706E-005  1.708648489907382E-005  0.999891785595639     
  9.282363861241367E-005  1.740443223982757E-005  0.999889771929148     
  9.455090836323761E-005  1.772829531810705E-005  0.999887720796319     
  9.631031561249608E-005  1.805818417734302E-005  0.999885631500210     
  9.810245817085712E-005  1.839421090703571E-005  0.999883503330922     
  9.992794496406950E-005  1.873648968076303E-005  0.999881335565355     
  1.017873962394321E-004  1.908513679489351E-005  0.999879127466966     
  1.036814437760864E-004  1.944027070801620E-005  0.999876878285516     
  1.056107310992124E-004  1.980201208110233E-005  0.999874587256820     
  1.075759136981942E-004  2.017048381841142E-005  0.999872253602483     
  1.095776592488262E-004  2.054581110915492E-005  0.999869876529642     
  1.116166478396419E-004  2.092812146993286E-005  0.999867455230690     
  1.136935722024360E-004  2.131754478795675E-005  0.999864988883010     
  1.158091379470565E-004  2.171421336507310E-005  0.999862476648688     
  1.179640638005503E-004  2.211826196260317E-005  0.999859917674237     
  1.201590818507395E-004  2.252982784701364E-005  0.999857311090302     
  1.223949377943078E-004  2.294905083643270E-005  0.999854656011369     
  1.246723911894860E-004  2.337607334802862E-005  0.999851951535462     
  1.269922157134184E-004  2.381104044626595E-005  0.999849196743841     
  1.293551994242924E-004  2.425409989205483E-005  0.999846390700684     
  1.317621450283272E-004  2.470540219281135E-005  0.999843532452779     
  1.342138701517061E-004  2.516510065344491E-005  0.999840621029195     
  1.367112076175419E-004  2.563335142828911E-005  0.999837655440954     
  1.392550057279729E-004  2.611031357399491E-005  0.999834634680698     
  1.418461285514821E-004  2.659614910340290E-005  0.999831557722345     
  1.444854562155324E-004  2.709102304041233E-005  0.999828423520744     
  1.471738852046211E-004  2.759510347586645E-005  0.999825231011320     
  1.499123286638520E-004  2.810856162447226E-005  0.999821979109712     
  1.527017167081211E-004  2.863157188277272E-005  0.999818666711409     
  1.555429967370281E-004  2.916431188819277E-005  0.999815292691375     
  1.584371337556142E-004  2.970696257917766E-005  0.999811855903665     
  1.613851107010302E-004  3.025970825644316E-005  0.999808355181043     
  1.643879287752512E-004  3.082273664535960E-005  0.999804789334580     
  1.674466077839463E-004  3.139623895948993E-005  0.999801157153256     
  1.705621864816094E-004  3.198040996530175E-005  0.999797457403553     
  1.737357229230810E-004  3.257544804807769E-005  0.999793688829029     
  1.769682948215613E-004  3.318155527904274E-005  0.999789850149899     
  1.802609999132477E-004  3.379893748373394E-005  0.999785940062603     
  1.836149563287132E-004  3.442780431163373E-005  0.999781957239360     
  1.870313029711433E-004  3.506836930708938E-005  0.999777900327722     
  1.905111999015690E-004  3.572084998154418E-005  0.999773767950117     
  1.940558287312186E-004  3.638546788710349E-005  0.999769558703382     
  1.976663930211116E-004  3.706244869145843E-005  0.999765271158287     
  2.013441186890427E-004  3.775202225419550E-005  0.999760903859057     
  2.050902544240804E-004  3.845442270451509E-005  0.999756455322871     
  2.089060721087173E-004  3.916988852038450E-005  0.999751924039370     
  2.127928672488202E-004  3.989866260915379E-005  0.999747308470142     
  2.167519594115189E-004  4.064099238965979E-005  0.999742607048199     
  2.207846926711727E-004  4.139712987584488E-005  0.999737818177453     
  2.248924360635746E-004  4.216733176192024E-005  0.999732940232174     
  2.290765840485369E-004  4.295185950910067E-005  0.999727971556442     
  2.333385569810071E-004  4.375097943393883E-005  0.999722910463585     
  2.376798015908805E-004  4.456496279829008E-005  0.999717755235611     
  2.421017914716654E-004  4.539408590093727E-005  0.999712504122628     
  2.466060275781515E-004  4.623863017090341E-005  0.999707155342251     
  2.511940387332635E-004  4.709888226248691E-005  0.999701707079004     
  2.558673821442597E-004  4.797513415204870E-005  0.999696157483704     
  2.606276439284355E-004  4.886768323658165E-005  0.999690504672835     
  2.654764396485309E-004  4.977683243409954E-005  0.999684746727917     
  2.704154148579889E-004  5.070289028587292E-005  0.999678881694856     
  2.754462456562683E-004  5.164617106055031E-005  0.999672907583283     
  2.805706392543863E-004  5.260699486019744E-005  0.999666822365885     
  2.857903345508664E-004  5.358568772828744E-005  0.999660623977721     
  2.911071027182994E-004  5.458258175968115E-005  0.999654310315522     
  2.965227478007047E-004  5.559801521263213E-005  0.999647879236987     
  3.020391073218732E-004  5.663233262285121E-005  0.999641328560055     
  3.076580529049168E-004  5.768588491967190E-005  0.999634656062175     
  3.133814909032119E-004  5.875902954435223E-005  0.999627859479552     
  3.192113630429469E-004  5.985213057055255E-005  0.999620936506386     
  3.251496470774836E-004  6.096555882702817E-005  0.999613884794095     
  3.311983574537549E-004  6.209969202257904E-005  0.999606701950524     
  3.373595459909078E-004  6.325491487329522E-005  0.999599385539136     
  3.436353025714144E-004  6.443161923214021E-005  0.999591933078196     
  3.500277558448878E-004  6.563020422091647E-005  0.999584342039934     
  3.565390739448181E-004  6.685107636465338E-005  0.999576609849691     
  3.631714652184737E-004  6.809464972846381E-005  0.999568733885053     
  3.699271789702027E-004  6.936134605691301E-005  0.999560711474973     
  3.768085062183717E-004  7.065159491594468E-005  0.999552539898865     
  3.838177804662027E-004  7.196583383741302E-005  0.999544216385697     
  3.909573784867418E-004  7.330450846626409E-005  0.999535738113047     
  3.982297211222253E-004  7.466807271041725E-005  0.999527102206167     
  4.056372740981070E-004  7.605698889339509E-005  0.999518305737009     
  4.131825488519988E-004  7.747172790974977E-005  0.999509345723238     
  4.208681033778006E-004  7.891276938333763E-005  0.999500219127239     
  4.286965430853005E-004  8.038060182849385E-005  0.999490922855087     
  4.366705216755080E-004  8.187572281415776E-005  0.999481453755510     
  4.447927420320152E-004  8.339863913100283E-005  0.999471808618837     
  4.530659571286732E-004  8.494986696162623E-005  0.999461984175909     
  4.614929709538729E-004  8.652993205385118E-005  0.999451977096992     
  4.700766394517278E-004  8.813936989719896E-005  0.999441783990651     
  4.788198714804719E-004  8.977872590258849E-005  0.999431401402617     
  4.877256297883704E-004  9.144855558531946E-005  0.999420825814626     
  4.967969320074572E-004  9.314942475139822E-005  0.999410053643241     
  5.060368516654343E-004  9.488190968726893E-005  0.999399081238648     
  5.154485192160368E-004  9.664659735300690E-005  0.999387904883431     
  5.250351230882066E-004  9.844408557903876E-005  0.999376520791333     
  5.347999107544113E-004  1.002749832664521E-004  0.999364925105979     
  5.447461898184441E-004  1.021399105909583E-004  0.999353113899590     
  5.548773291230559E-004  1.040394992105730E-004  0.999341083171666     
  5.651967598777741E-004  1.059743924770827E-004  0.999328828847645     
  5.757079768072691E-004  1.079452456513630E-004  0.999316346777542     
  5.864145393206216E-004  1.099527261226166E-004  0.999303632734557     
  5.973200727018891E-004  1.119975136316042E-004  0.999290682413667     
  6.084282693223189E-004  1.140803004979348E-004  0.999277491430180     
  6.197428898746145E-004  1.162017918514902E-004  0.999264055318274     
  6.312677646296393E-004  1.183627058680574E-004  0.999250369529503     
  6.430067947159450E-004  1.205637740092397E-004  0.999236429431275     
  6.549639534225578E-004  1.228057412667296E-004  0.999222230305311     
  6.671432875253958E-004  1.250893664110117E-004  0.999207767346064     
  6.795489186377614E-004  1.274154222445803E-004  0.999193035659118     
  6.921850445853307E-004  1.297846958597495E-004  0.999178030259555     
  7.050559408060629E-004  1.321979889011368E-004  0.999162746070292     
  7.181659617754689E-004  1.346561178329004E-004  0.999147177920391     
  7.315195424577022E-004  1.371599142108192E-004  0.999131320543332     
  7.451211997829014E-004  1.397102249592940E-004  0.999115168575258     
  7.589755341512610E-004  1.423079126533614E-004  0.999098716553195     
  7.730872309643012E-004  1.449538558058064E-004  0.999081958913230     
  7.874610621838007E-004  1.476489491594626E-004  0.999064889988657     
  8.021018879188825E-004  1.503941039847905E-004  0.999047504008096     
  8.170146580417536E-004  1.531902483828288E-004  0.999029795093575     
  8.322044138325832E-004  1.560383275936094E-004  0.999011757258574     
  8.476762896540302E-004  1.589393043101307E-004  0.998993384406036     
  8.634355146559563E-004  1.618941589979918E-004  0.998974670326346     
  8.794874145108167E-004  1.649038902207781E-004  0.998955608695268     
  8.958374131802875E-004  1.679695149713039E-004  0.998936193071848     
  9.124910347136518E-004  1.710920690088097E-004  0.998916416896278     
  9.294539050785215E-004  1.742726072022228E-004  0.998896273487719     
  9.467317540244099E-004  1.775122038795769E-004  0.998875756042096     
  9.643304169797783E-004  1.808119531837084E-004  0.998854857629837     
  9.822558369830755E-004  1.841729694343266E-004  0.998833571193583     
  1.000514066648398E-003  1.875963874965746E-004  0.998811889545855     
  1.019111270166352E-003  1.910833631561909E-004  0.998789805366678     
  1.038053725340707E-003  1.946350735013826E-004  0.998767311201158     
  1.057347825661481E-003  1.982527173115278E-004  0.998744399457027     
  1.077000082415054E-003  2.019375154528226E-004  0.998721062402132     
  1.097017126831950E-003  2.056907112809906E-004  0.998697292161887     
  1.117405712272948E-003  2.095135710511778E-004  0.998673080716676     
  1.138172716454146E-003  2.134073843351524E-004  0.998648419899211     
  1.159325143711638E-003  2.173734644459321E-004  0.998623301391843     
  1.180870127306518E-003  2.214131488699721E-004  0.998597716723824     
  1.202814931770835E-003  2.255277997070316E-004  0.998571657268522     
  1.225166955295222E-003  2.297188041178541E-004  0.998545114240587     
  1.247933732158908E-003  2.339875747797952E-004  0.998518078693061     
  1.271122935202800E-003  2.383355503505251E-004  0.998490541514446     
  1.294742378346368E-003  2.427641959399440E-004  0.998462493425713     
  1.318800019149077E-003  2.472750035904519E-004  0.998433924977260     
  1.343303961417096E-003  2.518694927657055E-004  0.998404826545817     
  1.368262457856027E-003  2.565492108480051E-004  0.998375188331296     
  1.393683912770467E-003  2.613157336444627E-004  0.998345000353585     
  1.419576884811107E-003  2.661706659020827E-004  0.998314252449287     
  1.445950089770212E-003  2.711156418319148E-004  0.998282934268398     
  1.472812403426266E-003  2.761523256424250E-004  0.998251035270931     
  1.500172864438571E-003  2.812824120822322E-004  0.998218544723479     
  1.528040677292633E-003  2.865076269923688E-004  0.998185451695715     
  1.556425215297183E-003  2.918297278682217E-004  0.998151745056834     
  1.585336023633644E-003  2.972505044313083E-004  0.998117413471935     
  1.614782822458904E-003  3.027717792110446E-004  0.998082445398330     
  1.644775510062308E-003  3.083954081366828E-004  0.998046829081801     
  1.675324166077641E-003  3.141232811395578E-004  0.998010552552783     
  1.706439054751122E-003  3.199573227658353E-004  0.997973603622483     
  1.738130628266192E-003  3.258994927999109E-004  0.997935969878934     
  1.770409530126073E-003  3.319517868986388E-004  0.997897638682975     
  1.803286598595005E-003  3.381162372365634E-004  0.997858597164168     
  1.836772870199101E-003  3.443949131623314E-004  0.997818832216639     
  1.870879583287720E-003  3.507899218664474E-004  0.997778330494846     
  1.905618181656393E-003  3.573034090605738E-004  0.997737078409283     
  1.941000318232228E-003  3.639375596685428E-004  0.997695062122099     
  1.977037858822733E-003  3.706945985292626E-004  0.997652267542648     
  2.013742885929150E-003  3.775767911117157E-004  0.997608680322959     
  2.051127702625202E-003  3.845864442422254E-004  0.997564285853133     
  2.089204836502326E-003  3.917259068441862E-004  0.997519069256654     
  2.127987043682424E-003  3.989975706904544E-004  0.997473015385627     
  2.167487312899115E-003  4.064038711685839E-004  0.997426108815932     
  2.207718869648585E-003  4.139472880591097E-004  0.997378333842293     
  2.248695180411101E-003  4.216303463270814E-004  0.997329674473262     
  2.290429956944223E-003  4.294556169270419E-004  0.997280114426129     
  2.332937160648802E-003  4.374257176216503E-004  0.997229637121730     
  2.376231007008912E-003  4.455433138141708E-004  0.997178225679177     
  2.420325970106747E-003  4.538111193950152E-004  0.997125862910498     
  2.465236787213635E-003  4.622318976025565E-004  0.997072531315184     
  2.510978463458305E-003  4.708084618984323E-004  0.997018213074643     
  2.557566276573525E-003  4.795436768575360E-004  0.996962890046569     
  2.605015781722230E-003  4.884404590729182E-004  0.996906543759205     
  2.653342816404412E-003  4.975017780758272E-004  0.996849155405520     
  2.702563505445726E-003  5.067306572710738E-004  0.996790705837283     
  2.752694266069256E-003  5.161301748879854E-004  0.996731175559043     
  2.803751813051358E-003  5.257034649471296E-004  0.996670544722002     
  2.855753163963022E-003  5.354537182430668E-004  0.996608793117794     
  2.908715644497717E-003  5.453841833433220E-004  0.996545900172159     
  2.962656893887176E-003  5.554981676038455E-004  0.996481844938509     
  3.017594870406082E-003  5.657990382011402E-004  0.996416606091393     
  3.073547856967123E-003  5.762902231813357E-004  0.996350161919851     
  3.130534466807497E-003  5.869752125264057E-004  0.996282490320666     
  3.188573649268120E-003  5.978575592377726E-004  0.996213568791494     
  3.247684695666900E-003  6.089408804375439E-004  0.996143374423896     
  3.307887245267187E-003  6.202288584875975E-004  0.996071883896245     
  3.369201291342709E-003  6.317252421267579E-004  0.995999073466530     
  3.431647187340329E-003  6.434338476263118E-004  0.995924918965033     
  3.495245653141829E-003  6.553585599640930E-004  0.995849395786894     
  3.560017781425897E-003  6.675033340173557E-004  0.995772478884557     
  3.625985044131844E-003  6.798721957747207E-004  0.995694142760093     
  3.693169299026086E-003  6.924692435673912E-004  0.995614361457407     
  3.761592796372761E-003  7.052986493198926E-004  0.995533108554307     
  3.831278185709859E-003  7.183646598205986E-004  0.995450357154470     
  3.902248522731953E-003  7.316715980122412E-004  0.995366079879256     
  3.974527276280961E-003  7.452238643026803E-004  0.995280248859416     
  4.048138335446249E-003  7.590259378961715E-004  0.995192835726657     
  4.123106016775114E-003  7.730823781453341E-004  0.995103811605079     
  4.199455071595300E-003  7.873978259241186E-004  0.995013147102480     
  4.277210693450419E-003  8.019770050219535E-004  0.994920812301528     
  4.356398525649898E-003  8.168247235593559E-004  0.994826776750791     
  4.437044668934438E-003  8.319458754252070E-004  0.994731009455640     
  4.519175689258427E-003  8.473454417359551E-004  0.994633478869006     
  4.602818625690448E-003  8.630284923169591E-004  0.994534152881993     
  4.688000998433119E-003  8.790001872062097E-004  0.994432998814361     
  4.774750816963652E-003  8.952657781806846E-004  0.994329983404856     
  4.863096588296003E-003  9.118306103055008E-004  0.994225072801399     
  4.953067325366253E-003  9.287001235061723E-004  0.994118232551128     
  5.044692555542018E-003  9.458798541641284E-004  0.994009427590294     
  5.138002329257254E-003  9.633754367357355E-004  0.993898622234007     
  5.233027228773642E-003  9.811926053950582E-004  0.993785780165831     
  5.329798377069498E-003  9.993371957005312E-004  0.993670864427230     
  5.428347446857478E-003  1.017815146285777E-003  0.993553837406857     
  5.528706669732164E-003  1.036632500574781E-003  0.993434660829693     
  5.630908845448456E-003  1.055795408521585E-003  0.993313295746030     
  5.734987351331897E-003  1.075310128374731E-003  0.993189702520293     
  5.840976151822015E-003  1.095183028466628E-003  0.993063840819711     
  5.948909808149455E-003  1.115420589028023E-003  0.992935669602822     
  6.058823488147964E-003  1.136029404027744E-003  0.992805147107824     
  6.170752976202195E-003  1.157016183037912E-003  0.992672230840760     
  6.284734683332014E-003  1.178387753124753E-003  0.992536877563543     
  6.400805657414242E-003  1.200151060765170E-003  0.992399043281821     
  6.519003593542685E-003  1.222313173789254E-003  0.992258683232668     
  6.639366844527006E-003  1.244881283348814E-003  0.992115751872124     
  6.761934431531203E-003  1.267862705912101E-003  0.991970202862557     
  6.886746054852433E-003  1.291264885284831E-003  0.991821989059863     
  7.013842104840579E-003  1.315095394657609E-003  0.991671062500502     
  7.143263672959114E-003  1.339361938679834E-003  0.991517374388361     
  7.275052562987968E-003  1.364072355560244E-003  0.991360875081452     
  7.409251302368265E-003  1.389234619194050E-003  0.991201514078437     
  7.545903153689874E-003  1.414856841316851E-003  0.991039240004993     
  7.685052126321537E-003  1.440947273685288E-003  0.990874000599993     
  7.826742988183952E-003  1.467514310284491E-003  0.990705742701532     
  7.971021277666007E-003  1.494566489562376E-003  0.990534412232772     
  8.117933315683848E-003  1.522112496690722E-003  0.990359954187625     
  8.267526217883150E-003  1.550161165853091E-003  0.990182312616264     
  8.419847906983916E-003  1.578721482559485E-003  0.990001430610457     
  8.574947125268106E-003  1.607802585987770E-003  0.989817250288744     
  8.732873447209069E-003  1.637413771351701E-003  0.989629712781439     
  8.893677292242995E-003  1.667564492295562E-003  0.989438758215461     
  9.057409937681270E-003  1.698264363315238E-003  0.989244325699004     
  9.224123531763186E-003  1.729523162205597E-003  0.989046353306031     
  9.393871106848426E-003  1.761350832534080E-003  0.988844778060618     
  9.566706592747965E-003  1.793757486140243E-003  0.988639535921112     
  9.742684830192532E-003  1.826753405661100E-003  0.988430561764146     
  9.921861584437525E-003  1.860349047082036E-003  0.988217789368480     
  1.010429355900268E-002  1.894555042313003E-003  0.988001151398684     
  1.029003840954520E-002  1.929382201789726E-003  0.987780579388665     
  1.047915475786477E-002  1.964841517099644E-003  0.987556003725035     
  1.067170220603825E-002  2.000944163632172E-003  0.987327353630330     
  1.086774135068237E-002  2.037701503252945E-003  0.987094557146065     
  1.106733379734215E-002  2.075125087001653E-003  0.986857541115656     
  1.127054217500256E-002  2.113226657812980E-003  0.986616231167184     
  1.147743015072090E-002  2.152018153260170E-003  0.986370551696019     
  1.168806244437739E-002  2.191511708320761E-003  0.986120425847302     
  1.190250484354031E-002  2.231719658163808E-003  0.985865775498296     
  1.212082421844350E-002  2.272654540958156E-003  0.985606521240599     
  1.234308853707174E-002  2.314329100700951E-003  0.985342582362227     
  1.256936688035132E-002  2.356756290065873E-003  0.985073876829583     
  1.279972945744097E-002  2.399949273270183E-003  0.984800321269289     
  1.303424762112009E-002  2.443921428960017E-003  0.984521830949920     
  1.327299388326858E-002  2.488686353112858E-003  0.984238319763618     
  1.351604193043480E-002  2.534257861956526E-003  0.983949700207609     
  1.376346663948619E-002  2.580649994903662E-003  0.983655883365610     
  1.401534409333687E-002  2.627877017500664E-003  0.983356778889163     
  1.427175159674762E-002  2.675953424390179E-003  0.983052294978862     
  1.453276769219163E-002  2.724893942285931E-003  0.982742338365522     
  1.479847217578009E-002  2.774713532958765E-003  0.982426814291262     
  1.506894611324124E-002  2.825427396232733E-003  0.982105626490526     
  1.534427185594596E-002  2.877050972989867E-003  0.981778677171065     
  1.562453305697227E-002  2.929599948182301E-003  0.981445866994846     
  1.590981468720222E-002  2.983090253850416E-003  0.981107095058947     
  1.620020305144195E-002  3.037538072145367E-003  0.980762258876413     
  1.649578580455744E-002  3.092959838354519E-003  0.980411254357088     
  1.679665196761704E-002  3.149372243928196E-003  0.980053975788455     
  1.710289194403152E-002  3.206792239505909E-003  0.979690315816463     
  1.741459753568171E-002  3.265237037940321E-003  0.979320165426378     
  1.773186195902496E-002  3.324724117317180E-003  0.978943413923658     
  1.805477986116791E-002  3.385271223968984E-003  0.978559948914863     
  1.838344733589675E-002  3.446896375480640E-003  0.978169656288623     
  1.871796193965213E-002  3.509617863684774E-003  0.977772420196663     
  1.905842270743733E-002  3.573454257644499E-003  0.977368123034918     
  1.940493016864699E-002  3.638424406621312E-003  0.976956645424732     
  1.975758636280402E-002  3.704547443025753E-003  0.976537866194170     
  2.011649485519041E-002  3.771842785348201E-003  0.976111662359461     
  2.048176075235835E-002  3.840330141067191E-003  0.975677909106574     
  2.085349071750741E-002  3.910029509532639E-003  0.975236479772960     
  2.123179298571127E-002  3.980961184820863E-003  0.974787245829468     
  2.161677737898001E-002  4.053145758558752E-003  0.974330076862461     
  2.200855532114012E-002  4.126604122713771E-003  0.973864840556146     
  2.240723985251555E-002  4.201357472346665E-003  0.973391402675137     
  2.281294564439296E-002  4.277427308323681E-003  0.972909627047283     
  2.322578901325121E-002  4.354835439984602E-003  0.972419375546764     
  2.364588793473790E-002  4.433603987763358E-003  0.971920508077499     
  2.407336205737160E-002  4.513755385757177E-003  0.971412882556871     
  2.450833271595099E-002  4.595312384240811E-003  0.970896354899808     
  2.495092294464785E-002  4.678298052121472E-003  0.970370779003231     
  2.540125748976422E-002  4.762735779330791E-003  0.969836006730905     
  2.585946282212935E-002  4.848649279149253E-003  0.969291887898721     
  2.632566714911388E-002  4.936062590458853E-003  0.968738270260427     
  2.680000042623721E-002  5.025000079919478E-003  0.968174999493843     
  2.728259436834263E-002  5.115486444064244E-003  0.967601919187593     
  2.777358246031463E-002  5.207546711308992E-003  0.967018870828376     
  2.827309996731256E-002  5.301206243871106E-003  0.966425693788817     
  2.878128394449143E-002  5.396490739592144E-003  0.965822225315916     
  2.929827324618387E-002  5.493426233659475E-003  0.965208300520156     
  2.982420853451246E-002  5.592039100221086E-003  0.964583752365266     
  3.035923228740312E-002  5.692356053888084E-003  0.963948411658709     
  3.090348880596833E-002  5.794404151119062E-003  0.963302107042912     
  3.145712422122931E-002  5.898210791480496E-003  0.962644664987290     
  3.202028650014326E-002  6.003803718776860E-003  0.961975909781080     
  3.259312545090263E-002  6.111211022044242E-003  0.961295663527053     
  3.317579272747295E-002  6.220461136401179E-003  0.960603746136126     
  3.376844183333130E-002  6.331582843749619E-003  0.959899975322918     
  3.437122812437204E-002  6.444605273319758E-003  0.959184166602308     
  3.498430881093992E-002  6.559557902051236E-003  0.958456133287009     
  3.560784295895440E-002  6.676470554803950E-003  0.957715686486241     
  3.624199149008402E-002  6.795373404390753E-003  0.956962635105525     
  3.688691718093293E-002  6.916296971424925E-003  0.956196785847642     
  3.754278466119564E-002  7.039272123974183E-003  0.955417943214830     
  3.820976041074114E-002  7.164330077013964E-003  0.954625909512245     
  3.888801275558073E-002  7.291502391671389E-003  0.953820484852747     
  3.957771186267691E-002  7.420820974251920E-003  0.953001467163071     
  4.027902973354855E-002  7.552318075040352E-003  0.952168652191410     
  4.099214019662594E-002  7.686026286867363E-003  0.951321833516506     
  4.171721889830899E-002  7.821978543432934E-003  0.950460802558258     
  4.245444329268188E-002  7.960208117377852E-003  0.949585348589940     
  4.320399262983456E-002  8.100748618093980E-003  0.948695258752071     
  4.396604794274179E-002  8.243633989264086E-003  0.947790318067993     
  4.474079203265072E-002  8.388898506122009E-003  0.946870309461226     
  4.552840945292426E-002  8.536576772423301E-003  0.945935013774652     
  4.632908649128881E-002  8.686703717116651E-003  0.944984209791593     
  4.714301115043507E-002  8.839314590706575E-003  0.944017674258857     
  4.797037312691630E-002  8.994444961296805E-003  0.943035181911786     
  4.881136378829090E-002  9.152130710304544E-003  0.942036505501404     
  4.966617614845586E-002  9.312408027835475E-003  0.941021415823707     
  5.053500484111211E-002  9.475313407708521E-003  0.939989681751178     
  5.141804609130968E-002  9.640883642120566E-003  0.938941070266568     
  5.231549768501338E-002  9.809155815940008E-003  0.937875346499045     
  5.322755893663244E-002  9.980167300618585E-003  0.936792273762747     
  5.415443065445730E-002  1.015395574771074E-002  0.935691613597830     
  5.509631510394514E-002  1.033055908198971E-002  0.934573125814063     
  5.605341596879528E-002  1.051001549414911E-002  0.933436568537053     
  5.702593830975651E-002  1.069236343307934E-002  0.932281698257162     
  5.801408852110874E-002  1.087764159770789E-002  0.931108269881181     
  5.901807428475691E-002  1.106588892839192E-002  0.929916036786849     
  6.003810452188259E-002  1.125714459785299E-002  0.928704750880262     
  6.107438934209117E-002  1.145144800164209E-002  0.927474162656263     
  6.212713998999705E-002  1.164883874812445E-002  0.926224021261876     
  6.319656878918965E-002  1.184935664797306E-002  0.924954074562834     
  6.428288908352073E-002  1.205304170316014E-002  0.923664069213316     
  6.538631517565519E-002  1.225993409543535E-002  0.922353750728906     
  6.650706226283115E-002  1.247007417428084E-002  0.921022863562884     
  6.764534636976949E-002  1.268350244433178E-002  0.919671151185894     
  6.880138427867945E-002  1.290025955225240E-002  0.918298356169063     
  6.997539345630645E-002  1.312038627305746E-002  0.916904220270631     
  7.116759197796654E-002  1.334392349586873E-002  0.915488484526159     
  7.237819844851694E-002  1.357091220909693E-002  0.914050889342380     
  7.360743192021217E-002  1.380139348503978E-002  0.912591174594742     
  7.485551180739514E-002  1.403540846388659E-002  0.911109079728711     
  7.612265779797688E-002  1.427299833712066E-002  0.909604343864895     
  7.740908976165770E-002  1.451420433031082E-002  0.908076705908023     
  7.871502765484953E-002  1.475906768528429E-002  0.906525904659857     
  8.004069142225274E-002  1.500762964167239E-002  0.904951678936066     
  8.138630089505339E-002  1.525993141782251E-002  0.903353767687114     
  8.275207568570161E-002  1.551601419106905E-002  0.901731910123219     
  8.413823507923782E-002  1.577591907735709E-002  0.900085845843394     
  8.554499792113611E-002  1.603968711021302E-002  0.898415314968638     
  8.697258250163872E-002  1.630735921905726E-002  0.896720058279291     
  8.842120643655457E-002  1.657897620685398E-002  0.894999817356577     
  8.989108654450297E-002  1.685457872709431E-002  0.893254334728387     
  9.138243872058670E-002  1.713420726011000E-002  0.891483354019287     
  9.289547780647846E-002  1.741790208871471E-002  0.889686620104789     
  9.443041745691681E-002  1.770570327317190E-002  0.887863879269892     
  9.598747000260187E-002  1.799765062548785E-002  0.886014879371890     
  9.756684630949752E-002  1.829378368303079E-002  0.884139370007450     
  9.916875563454031E-002  1.859414168147630E-002  0.882237102683960     
  0.100793405477771       1.889876352708214E-002  0.880307830995121     
  0.102441001430901       1.920768776829399E-002  0.878351310800778     
  0.104111747022335       1.952095256668789E-002  0.876367300410947     
  0.105805843558686       1.983859566725363E-002  0.874355560774029     
  0.107523489962803       2.016065436802547E-002  0.872315855669138     
  0.109264882608364       2.048716548906820E-002  0.870247951902532     
  0.111030215151077       2.081816534082695E-002  0.868151619508057     
  0.112819678356540       2.115368969185133E-002  0.866026631951567     
  0.114633459924824       2.149377373590455E-002  0.863872766339226     
  0.116471744311848       2.183845205847157E-002  0.861689803629632     
  0.118334712547620       2.218775860267877E-002  0.859477528849650     
  0.120222542051428       2.254172663464273E-002  0.857235731313874     
  0.122135406444072       2.290038870826357E-002  0.854964204847604     
  0.124073475357244       2.326377662948324E-002  0.852662748013209     
  0.126036914240144       2.363192142002695E-002  0.850331164339761     
  0.128025884163477       2.400485328065186E-002  0.847969262555798     
  0.130040541620933       2.438260155392497E-002  0.845576856825063     
  0.132081038328298       2.476519468655597E-002  0.843153766985061     
  0.134147521020330       2.515266019131179E-002  0.840699818788268     
  0.136240131245555       2.554502460854148E-002  0.838214844145806     
  0.138359005159158       2.594231346734204E-002  0.835698681373396     
  0.140504273314115       2.634455124639658E-002  0.833151175439376     
  0.142676060450770       2.675176133451937E-002  0.830572178214590     
  0.144874485285029       2.716396599094301E-002  0.827961548723898     
  0.147099660295389       2.758118630538552E-002  0.825319153399086     
  0.149351691508992       2.800344215793598E-002  0.822644866332923     
  0.151630678286937       2.843075217880071E-002  0.819938569534102     
  0.153936713109076       2.886313370795176E-002  0.817200153182801     
  0.156269881358523       2.930060275472297E-002  0.814429515886570     
  0.158630261106134       2.974317395740009E-002  0.811626564936269     
  0.161017922895213       3.019086054285249E-002  0.808791216561722     
  0.163432929526704       3.064367428625692E-002  0.805923396186813     
  0.165875335845143       3.110162547096425E-002  0.803023038683649     
  0.168345188525671       3.156472284856327E-002  0.800090088625505     
  0.170842525862375       3.203297359919532E-002  0.797124500538149     
  0.173367377558277       3.250638329217692E-002  0.794126239149245     
  0.175919764517268       3.298495584698767E-002  0.791095279635422     
  0.178499698638311       3.346869349468332E-002  0.788031607866660     
  0.181107182612237       3.395759673979442E-002  0.784935220647598     
  0.183742209721452       3.445166432277223E-002  0.781806125955378     
  0.186404763642911       3.495089318304578E-002  0.778644343173617     
  0.189094818254686       3.545527842275354E-002  0.775449903322104     
  0.191812337446487       3.596481327121632E-002  0.772222849281807     
  0.194557274934486       3.647948905021615E-002  0.768963236014773     
  0.197329574080799       3.699929514014975E-002  0.765671130778488     
  0.200129167717990       3.752421894712312E-002  0.762346613334283     
  0.202955977978970       3.805424587105691E-002  0.758989776149326     
  0.205809916132642       3.858935927487033E-002  0.755600724591795     
  0.208690882425672       3.912954045481357E-002  0.752179577118771     
  0.211598765930760       3.967476861201742E-002  0.748726465456427     
  0.214533444401761       4.022502082533026E-002  0.745241534772055     
  0.217494784136061       4.078027202551143E-002  0.741724943837514     
  0.220482639844527       4.134049497084874E-002  0.738176865183646     
  0.223496854529446       4.190566022427110E-002  0.734597485245234     
  0.226537259370783       4.247573613202182E-002  0.730987004496071     
  0.229603673621126       4.305068880396110E-002  0.727345637573709     
  0.232695904509672       4.363048209556343E-002  0.723673613393475     
  0.235813747155598       4.421507759167472E-002  0.719971175251346     
  0.238956984491162       4.480443459209289E-002  0.716238580915266     
  0.242125387194853       4.539851009903485E-002  0.712476102704528     
  0.245318713634928       4.599725880654904E-002  0.708684027556827     
  0.248536709823639       4.660063309193240E-002  0.704862657082612     
  0.251779109382451       4.720858300920958E-002  0.701012307606395     
  0.255045633518539       4.782105628472601E-002  0.697133310194653     
  0.258335991012851       4.843799831490955E-002  0.693226010670011     
  0.261649878219979       4.905935216624612E-002  0.689290769611389     
  0.264986979080105       4.968505857751972E-002  0.685327962339822     
  0.268346965143230       5.031505596435569E-002  0.681337978889681     
  0.271729495605926       5.094928042611110E-002  0.677321223965038     
  0.275134217360773       5.158766575514503E-002  0.673278116880952     
  0.278560765058694       5.223014344850512E-002  0.669209091489452     
  0.282008761184305       5.287664272205711E-002  0.665114596090055     
  0.285477816144448       5.352709052708392E-002  0.660995093324635     
  0.288967528370005       5.418141156937603E-002  0.656851060056518     
  0.292477484431083       5.483952833082802E-002  0.652682987233702     
  0.296007259165639       5.550136109355737E-002  0.648491379736111     
  0.299556415821604       5.616682796655072E-002  0.644276756206827     
  0.303124506212502       5.683584491484410E-002  0.640039648867287     
  0.306711070886578       5.750832579123341E-002  0.635780603316449     
  0.310315639309400       5.818418237051257E-002  0.631500178313950     
  0.313937730059872       5.886332438622602E-002  0.627198945547340     
  0.317576851039589       5.954565956992300E-002  0.622877489383472     
  0.321232499695412       6.023109369288981E-002  0.618536406604198     
  0.324904163255139       6.091953061033859E-002  0.614176306126505     
  0.328591318976101       6.161087230801904E-002  0.609797808707310     
  0.332293434406503       6.230501895121941E-002  0.605401546633118     
  0.336009967659287       6.300186893611635E-002  0.600988163394808     
  0.339740367698274       6.370131894342632E-002  0.596558313347840     
  0.343484074636325       6.440326399431098E-002  0.592112661358187     
  0.347240520045219       6.510759750847860E-002  0.587651882434361     
  0.351009127276925       6.581421136442338E-002  0.583176661345895     
  0.354789311795921       6.652299596173521E-002  0.578687692228715     
  0.358580481522204       6.723384028541333E-002  0.574185678177825     
  0.362382037184568       6.794663197210651E-002  0.569671330827777     
  0.366193372683753       6.866125737820376E-002  0.565145369921438     
  0.370013875465014       6.937760164969017E-002  0.560608522867563     
  0.373842926899642       7.009554879368290E-002  0.556061524287739     
  0.377679902674962       7.081498175155533E-002  0.551505115553265     
  0.381524173192287       7.153578247355390E-002  0.546940044312573     
  0.385375103972325       7.225783199481088E-002  0.542367064009821     
  0.389232056067465       7.298101051264960E-002  0.537786933395288     
  0.393094386480423       7.370519746507925E-002  0.533200416028243     
  0.396961448588636       7.443027161036921E-002  0.528608279772974     
  0.400832592573842       7.515611110759536E-002  0.524011296288660     
  0.404707165856225       7.588259359804218E-002  0.519410240513823     
  0.408584513532534       7.660959628735013E-002  0.514805890146069     
  0.412463978817531       7.733699602828716E-002  0.510199025117856     
  0.416344903488161       7.806466940403010E-002  0.505590427069056     
  0.420226628329780       7.879249281183369E-002  0.500980878817047     
  0.424108493583831       7.952034254696826E-002  0.496371163825107     
  0.427989839396292       8.024809488680483E-002  0.491762065669875     
  0.431870006266272       8.097562617492597E-002  0.487154367508649     
  0.435748335494086       8.170281290514106E-002  0.482548851547291     
  0.439624169628182       8.242953180528421E-002  0.477946298509507     
  0.443496852910270       8.315565992067568E-002  0.473347487108253     
  0.447365731717997       8.388107469712439E-002  0.468753193520059     
  0.451230155004565       8.460565406335596E-002  0.464164190862981     
  0.455089474734641       8.532927651274520E-002  0.459581248678961     
  0.458943046315954       8.605182118424136E-002  0.455005132421304     
  0.462790229025968       8.677316794236901E-002  0.450436602948001     
  0.466630386433047       8.749319745619635E-002  0.445876416021603     
  0.470462886811515       8.821179127715899E-002  0.441325321816328     
  0.474287103550056       8.892883191563547E-002  0.436784064433091     
  0.478102415552910       8.964420291617069E-002  0.432253381423084     
  0.481908207633317       9.035778893124702E-002  0.427734003320561     
  0.485703870898704       9.106947579350708E-002  0.423226653185424     
  0.489488803127124       9.177915058633580E-002  0.418732046156208     
  0.493262409134468       9.248670171271282E-002  0.414250889014012     
  0.497024101131999       9.319201896224974E-002  0.409783879757931     
  0.500773299073776       9.389499357633307E-002  0.405331707192484     
  0.504509430993576       9.459551831129559E-002  0.400895050527528     
  0.508231933330905       9.529348749954469E-002  0.396474578991111     
  0.511940251245771       9.598879710858205E-002  0.392070951455683     
  0.515633838921864       9.668134479784952E-002  0.387684816078069     
  0.519312159857850       9.737102997334687E-002  0.383316809953560     
  0.522974687146489       9.805775383996677E-002  0.378967558784454     
  0.526620903741336       9.874141945150057E-002  0.374637676563355     
  0.530250302710782       9.942193175827155E-002  0.370327765271497     
  0.533862387479245       0.100099197652358       0.366038414592322     
  0.537456672055341       0.100773126010376       0.361770201640541     
  0.541032681246878       0.101443627733790       0.357523690706819     
  0.544589950862557       0.102110615786729       0.353299433018254     
  0.548128027900289       0.102774005231304       0.349097966514756     
  0.551646470722063       0.103433713260387       0.344919815641385     
  0.555144849215318       0.104089659227872       0.340765491156729     
  0.558622744940807       0.104741764676401       0.336635489957308     
  0.562079751266956       0.105389953362554       0.332530294918022     
  0.565515473490775       0.106034151279520       0.328450374748580     
  0.568929528945342       0.106674286677252       0.324396183865848     
  0.572321547093975       0.107310290080120       0.320368162282027     
  0.575691169611183       0.107942094302097       0.316366735508524     
  0.579038050450516       0.108569634459472       0.312392314475378     
  0.582361855899472       0.109192847981151       0.308445295466056     
  0.585662264621625       0.109811674616555       0.304526060067428     
  0.588938967686158       0.110426056441155       0.300634975134695     
  0.592191668585005       0.111035937859689       0.296772392771032     
  0.595420083237839       0.111641265607095       0.292938650321667     
  0.598623939985119       0.112241988747210       0.289134070382133     
  0.601802979569483       0.112838058669278       0.285358960820364     
  0.604956955105728       0.113429429082324       0.281613614812348     
  0.608085632039679       0.114016056007440       0.277898310890965     
  0.611188788096234       0.114597897768044       0.274213313007681     
  0.614266213216899       0.115174914978169       0.270558870606729     
  0.617317709487124       0.115747070528836       0.266935218711398     
  0.620343091053770       0.116314329572582       0.263342578022031     
  0.623342184033050       0.116876659506197       0.259781155025355     
  0.626314826409276       0.117434029951739       0.256251142114712     
  0.629260867924774       0.117986412735895       0.252752717720787     
  0.632180169961307       0.118533781867745       0.249286046452412     
  0.635072605413394       0.119076113515011       0.245851279247005     
  0.637938058553853       0.119613385978847       0.242448553530234     
  0.640776424891970       0.120145579667244       0.239077993384438     
  0.643587611024634       0.120672677067119       0.235739709725409     
  0.646371534480829       0.121194662715155       0.232433800487047     
  0.649128123559843       0.121711523167471       0.229160350813495     
  0.651857317163564       0.122223246968168       0.225919433258279     
  0.654559064623231       0.122729824616856       0.222711107990046     
  0.657233325521011       0.123231248535190       0.219535423004433     
  0.659880069506762       0.123727513032518       0.216392414341665     
  0.662499276110332       0.124218614270687       0.213282106309442     
  0.665090934549775       0.124704550228083       0.210204511710687     
  0.667655043535802       0.125185320662963       0.207159632075754     
  0.670191611072841       0.125660927076158       0.204147457898672     
  0.672700654257025       0.126131372673192       0.201167968877022     
  0.675182199071460       0.126596662325899       0.198221134155067     
  0.677636280179080       0.127056802533578       0.195306912569723     
  0.680062940713425       0.127511801383767       0.192425252899014     
  0.682462232067646       0.127961668512684       0.189576094112623     
  0.684834213682041       0.128406415065383       0.186759365624192     
  0.687178952830420       0.128846053655704       0.183974987545005     
  0.689496524405588       0.129280598326048       0.181222870938732     
  0.691787010704220       0.129710064507041       0.178502918076880     
  0.694050501211400       0.130134468977137       0.175815022694651     
  0.696287092385085       0.130553829822203       0.173159070246885     
  0.698496887440748       0.130968166395140       0.170534938163799     
  0.700679996136435       0.131377499275581       0.167942496106220     
  0.702836534558471       0.131781850229713       0.165381606220053     
  0.704966624908051       0.132181242170260       0.162852123389709     
  0.707070395288901       0.132575699116669       0.160353895490246     
  0.709147979496241       0.132965246155545       0.157886763637967     
  0.711199516807230       0.133349909401356       0.155450562439266     
  0.713225151773078       0.133729715957452       0.153045120237485     
  0.715225034013007       0.134104693877439       0.150670259357582     
  0.717199318010217       0.134474872126916       0.148325796348412     
  0.719148162910025       0.134840280545630       0.146011542222431     
  0.721071732320307       0.135200949810057       0.143727302692661     
  0.722970194114406       0.135556911396451       0.141472878406731     
  0.724843720236612       0.135908197544365       0.139248065177864     
  0.726692486510337       0.136254841220688       0.137052654212645     
  0.728516672449124       0.136596876084211       0.134886432335459     
  0.730316461070551       0.136934336450728       0.132749182209457     
  0.732092038713156       0.137267257258717       0.130640682553949     
  0.733843594856455       0.137595674035585       0.128560708358116     
  0.735571321944152       0.137919622864528       0.126509031090949     
  0.737275415210573       0.138239140351982       0.124485418907333     
  0.738956072510438       0.138554263595707       0.122489636850187     
  0.740613494151983       0.138865030153497       0.120521447048610     
  0.742247882733514       0.139171478012534       0.118580608911966     
  0.743859442983420       0.139473645559391       0.116666879319848     
  0.745448381603681       0.139771571550690       0.114780012807894     
  0.747014907116911       0.140065295084421       0.112919761749407     
  0.748559229716956       0.140354855571929       0.111085876532752     
  0.750081561123061       0.140640292710574       0.109278105734514     
  0.751582114437619       0.140921646457054       0.107496196288390     
  0.753061104007529       0.141198957001412       0.105739893649818     
  0.754518745289131       0.141472264741712       0.104008941956333     
  0.755955254716749       0.141741610259390       0.102303084183651     
  0.757370849574816       0.142007034295278       0.100622062297492     
  0.758765747873577       0.142268577726296       9.896561740115772E-002
  0.760140168228350       0.142526281542816       9.733348987887327E-002
  0.761494329742336       0.142780186826688       9.572541953492564E-002
  0.762828451892944       0.143030334729927       9.414114572861795E-002
  0.764142754421606       0.143276766454051       9.258040750507443E-002
  0.765437457227062       0.143519523230074       9.104294372193117E-002
  0.766712780262077       0.143758646299140       8.952849317194854E-002
  0.767968943433544       0.143994176893790       8.803679470159032E-002
  0.769206166505955       0.144226156219867       8.656758732561357E-002
  0.770424669008182       0.144454625439034       8.512061033771533E-002
  0.771624670143537       0.144679625651913       8.369560341729097E-002
  0.772806388703060       0.144901197881824       8.229230673235298E-002
  0.773970042981985       0.145119383059122       8.091046103866927E-002
  0.775115850699347       0.145334222006128       7.954980777517653E-002
  0.776244028920664       0.145545755422624       7.821008915572945E-002
  0.777354793983658       0.145754023871936       7.689104825724560E-002
  0.778448361426951       0.145959067767553       7.559242910431037E-002
  0.779524945921685       0.146160927360316       7.431397675030481E-002
  0.780584761206009       0.146359642726127       7.305543735512332E-002
  0.781628020022389       0.146555253754198       7.181655825954530E-002
  0.782654934057660       0.146747800135811       7.059708805632901E-002
  0.783665713885786       0.146937321353585       6.939677665809840E-002
  0.784660568913257       0.147123856671236       6.821537536208583E-002
  0.785639707327073       0.147307445123826       6.705263691180582E-002
  0.786603336045245       0.147488125508483       6.590831555572409E-002
  0.787551660669761       0.147665936375580       6.478216710299674E-002
  0.788484885441961       0.147840916020368       6.367394897634401E-002
  0.789403213200259       0.148013102475049       6.258342026213355E-002
  0.790306845340145       0.148182533501277       6.151034175773859E-002
  0.791195981776424       0.148349246583080       6.045447601624414E-002
  0.792070820907617       0.148513278920178       5.941558738856859E-002
  0.792931559582475       0.148674667421714       5.839344206306937E-002
  0.793778393068550       0.148833448700353       5.738780810270363E-002
  0.794611515022756       0.148989659066767       5.639845547980826E-002
  0.795431117463868       0.149143334524475       5.542515610857137E-002
  0.796237390746905       0.149294510765045       5.446768387525728E-002
  0.797030523539335       0.149443223163625       5.352581466625544E-002
  0.797810702799050       0.149589506774822       5.259932639401483E-002
  0.798578113754055       0.149733396328885       5.168799902093314E-002
  0.799332939883813       0.149874926228215       5.079161458125898E-002
  0.800075362902207       0.150014130544164       4.990995720107561E-002
  0.800805562742040       0.150151043014132       4.904281311642352E-002
  0.801523717541047       0.150285697038946       4.818997068962640E-002
  0.802230003629353       0.150418125680504       4.735122042387876E-002
  0.802924595518330       0.150548361659687       4.652635497615444E-002
  0.803607665890799       0.150676437354525       4.571516916849525E-002
  0.804279385592546       0.150802384798602       4.491745999773449E-002
  0.804939923625073       0.150926235679701       4.413302664371466E-002
  0.805589447139564       0.151048021338668       4.336167047605018E-002
  0.806228121432010       0.151167772768502       4.260319505949277E-002
  0.806856109939446       0.151285520613646       4.185740615794854E-002
  0.807473574237252       0.151401295169485       4.112411173720214E-002
  0.808080674037491       0.151515126382030       4.040312196639428E-002
  0.808677567188214       0.151627043847790       3.969424921830566E-002
  0.809264409673717       0.151737076813822       3.899730806849276E-002
  0.809841355615698       0.151845254177943       3.831211529332342E-002
  0.810408557275259       0.151951604489111       3.763848986695943E-002
  0.810966165055748       0.152056155947953       3.697625295732796E-002
  0.811514327506369       0.152158936407444       3.632522792112885E-002
  0.812053191326533       0.152259973373725       3.568524029791686E-002
  0.812582901370932       0.152359294007050       3.505611780330418E-002
  0.813103600655268       0.152456925122863       3.443769032131931E-002
  0.813615430362625       0.152552893192992       3.382978989596552E-002
  0.814118529850442       0.152647224346958       3.323225072201343E-002
  0.814613036658050       0.152739944373384       3.264490913506844E-002
  0.815099086514753       0.152831078721516       3.206760360094570E-002
  0.815576813348397       0.152920652502824       3.150017470438974E-002
  0.816046349294429       0.153008690492705       3.094246513717218E-002
  0.816507824705376       0.153095217132258       3.039431968560008E-002
  0.816961368160752       0.153180256530141       2.985558521746770E-002
  0.817407106477337       0.153263832464501       2.932611066848151E-002
  0.817845164719809       0.153345968384964       2.880574702818992E-002
  0.818275666211700       0.153426687414694       2.829434732544499E-002
  0.818698732546654       0.153506012352498       2.779176661342662E-002
  0.819114483599946       0.153583965674990       2.729786195425372E-002
  0.819523037540249       0.153660569538797       2.681249240321111E-002
  0.819924510841613       0.153735845782802       2.633551899261564E-002
  0.820319018295644       0.153809815930433       2.586680471534800E-002
  0.820706673023840       0.153882501191970       2.540621450807219E-002
  0.821087586490067       0.153953922466888       2.495361523416643E-002
  0.821461868513165       0.154024100346219       2.450887566638795E-002
  0.821829627279628       0.154093055114930       2.407186646929207E-002
  0.822190969356369       0.154160806754319       2.364246018142700E-002
  0.822545999703517       0.154227374944409       2.322053119732325E-002
  0.822894821687249       0.154292779066359       2.280595574929761E-002
  0.823237537092609       0.154357038204864       2.239861188908932E-002
  0.823574246136312       0.154420171150559       2.199837946934670E-002
  0.823905047479494       0.154482196402405       2.160514012498024E-002
  0.824230038240394       0.154543132170074       2.121877725439972E-002
  0.824549314006955       0.154602996376304       2.083917600064988E-002
  0.824862968849287       0.154661806659241       2.046622323246014E-002
  0.825171095332016       0.154719580374753       2.009980752522302E-002
  0.825473784526454       0.154776334598710       1.973981914191426E-002
  0.825771126022598       0.154832086129237       1.938615001396881E-002
  0.826063207940912       0.154886851488921       1.903869372212464E-002
  0.826350116943889       0.154940646926979       1.869734547724692E-002
  0.826631938247346       0.154993488421377       1.836200210114375E-002
  0.826908755631451       0.155045391680897       1.803256200738494E-002
  0.827180651451443       0.155096372147146       1.770892518213402E-002
  0.827447706648023       0.155146444996504       1.739099316500398E-002
  0.827710000757389       0.155195625142011       1.707866902994579E-002
  0.827967611920900       0.155243927235169       1.677185736617936E-002
  0.828220616894317       0.155291365667685       1.647046425917538E-002
  0.828469091056631       0.155337954573118       1.617439727169651E-002
  0.828713108418404       0.155383707828451       1.588356542490564E-002
  0.828952741629637       0.155428639055557       1.559787917954856E-002
  0.829188061987101       0.155472761622581       1.531725041721857E-002
  0.829419139441124       0.155516088645211       1.504159242170930E-002
  0.829646042601785       0.155558632987835       1.477081986046235E-002
  0.829868838744485       0.155600407264591       1.450484876611553E-002
  0.830087593814870       0.155641423840288       1.424359651815754E-002
  0.830302372433053       0.155681694831197       1.398698182469440E-002
  0.830513237897106       0.155721232105707       1.373492470433261E-002
  0.830720252185787       0.155760047284835       1.348734646818366E-002
  0.830923475960448       0.155798151742584       1.324416970199438E-002
  0.831122968566088       0.155835556606142       1.300531824840755E-002
  0.831318788031504       0.155872272755907       1.277071718935597E-002
  0.831510991068493       0.155908310825342       1.254029282859441E-002
  0.831699633070056       0.155943681200635       1.231397267437201E-002
  0.831884768107541       0.155978394020164       1.209168542224883E-002
  0.832066448926688       0.156012459173754       1.187336093805912E-002
  0.832244726942503       0.156045886301719       1.165893024102410E-002
  0.832419652232902       0.156078684793669       1.144832548701637E-002
  0.832591273531071       0.156110863787076       1.124147995197874E-002
  0.832759638216459       0.156142432165586       1.103832801549901E-002
  0.832924792304347       0.156173398557065       1.083880514454254E-002
  0.833086780433910       0.156203771331358       1.064284787734480E-002
  0.833245645854692       0.156233558597755       1.045039380746444E-002
  0.833401430411417       0.156262768202141       1.026138156799927E-002
  0.833554174527047       0.156291407723821       1.007575081596524E-002
  0.833703917183990       0.156319484471998       9.893442216840289E-003
  0.833850695903361       0.156347005481880       9.714397429273004E-003
  0.833994546722199       0.156373977510412       9.538559089957838E-003
  0.834135504168532       0.156400407031600       9.365870798676292E-003
  0.834273601234160       0.156426300231405       9.196277103505420E-003
  0.834408869345062       0.156451663002199       9.029723486193370E-003
  0.834541338329273       0.156476500936739       8.866156347702265E-003
  0.834671036382110       0.156500819321646       8.705522993918800E-003
  0.834797990028615       0.156524623130365       8.547771621531928E-003
  0.834922224083036       0.156547917015569       8.392851304078016E-003
  0.835043761605219       0.156570705300978       8.240711978152713E-003
  0.835162623853727       0.156592991972574       8.091304429789814E-003
  0.835278830235516       0.156614780669159       7.944580281005909E-003
  0.835392398251976       0.156636074672245       7.800491976510989E-003
  0.835503343441146       0.156656876895215       7.658992770583798E-003
  0.835611679315901       0.156677189871731       7.520036714111848E-003
  0.835717417297881       0.156697015743353       7.383578641794709E-003
  0.835820566646936       0.156716356246300       7.249574159510229E-003
  0.835921134385850       0.156735212697347       7.117979631842536E-003
  0.836019125220078       0.156753585978765       6.988752169770804E-003
  0.836114541452228       0.156771476522293       6.861849618518093E-003
  0.836207382891007       0.156788884292064       6.737230545558704E-003
  0.836297646754315       0.156805808766434       6.614854228783356E-003
  0.836385327566193       0.156822248918661       6.494680644820558E-003
  0.836470417047261       0.156838203196361       6.376670457513523E-003
  0.836552903998310       0.156853669499683       6.260785006550616E-003
  0.836632774176670       0.156868645158126       6.146986296248737E-003
  0.836710010164955       0.156883126905929       6.035236984487638E-003
  0.836784591231781       0.156897110855959       5.925500371794365E-003
  0.836856493183996       0.156910592471999       5.817740390575874E-003
  0.836925688209990       0.156923566539373       5.711921594498637E-003
  0.836992144713575       0.156936027133795       5.608009148013814E-003
  0.837055827137925       0.156947967588361       5.505968816026096E-003
  0.837116695779045       0.156959380458571       5.405766953705188E-003
  0.837174706588194       0.156970257485286       5.307370496437837E-003
  0.837229810962654       0.156980589555498       5.210746949919238E-003
  0.837281955524223       0.156990366660792       5.115864380381863E-003
  0.837331081884765       0.156999577853394       5.022691404960422E-003
  0.837377126398109       0.157008211199646       4.931197182190940E-003
  0.837420019897572       0.157016253730795       4.841351402642650E-003
  0.837459687418310       0.157023691390933       4.753124279680691E-003
  0.837496047903712       0.157030508981946       4.666486540358245E-003
  0.837529013894948       0.157036690105303       4.581409416436217E-003
  0.837558491202781       0.157042217100521       4.497864635528780E-003
  0.837584378560709       0.157047070980133       4.415824412373220E-003
  0.837606567258416       0.157051231360953       4.335261440222225E-003
  0.837624940754510       0.157054676391471       4.256148882357065E-003
  0.837639374267437       0.157057382675144       4.178460363719778E-003
  0.837649734343423       0.157059325189392       4.102169962662931E-003
  0.837655878400243       0.157060477200046       4.027252202814967E-003
  0.837657654245549       0.157060810171040       3.953682045059815E-003
  0.837654899568427       0.157060293669080       3.881434879628725E-003
  0.837647441402804       0.157058895263026       3.810486518303028E-003
  0.837635095561256       0.157056580417735       3.740813186725927E-003
  0.837617666037687       0.157053312382066       3.672391516821890E-003
  0.837594944377309       0.157049052070745       3.605198539321995E-003
  0.837566709012259       0.157043757939799       3.539211676393628E-003
  0.837532724561134       0.157037385855213       3.474408734373106E-003
  0.837492741090638       0.157029888954495       3.410767896599677E-003
  0.837446493337476       0.157021217500777       3.348267716349491E-003
  0.837393699888540       0.157011318729101       3.286887109868026E-003
  0.837334062317370       0.157000136684507       3.226605349499845E-003
  0.837267264274793       0.156987612051524       3.167402056914132E-003
  0.837192970531548       0.156973681974665       3.109257196424950E-003
  0.837110825970668       0.156958279869500       3.052151068404924E-003
  0.837020454527282       0.156941335223865       2.996064302791439E-003
  0.836921458073439       0.156922773388770       2.940977852684119E-003
  0.836813415245490       0.156902515358529       2.886872988032771E-003
  0.836695880211490       0.156880477539654       2.833731289415106E-003
  0.836568381376031       0.156856571508006       2.781534641903183E-003
  0.836430420019841       0.156830703753720       2.730265229018408E-003
  0.836281468871453       0.156802775413397       2.679905526774255E-003
  0.836120970608201       0.156772681989038       2.630438297806577E-003
  0.835948336283757       0.156740313053204       2.581846585591381E-003
  0.835762943679417       0.156705551939891       2.534113708749904E-003
  0.835564135576334       0.156668275420563       2.487223255441344E-003
  0.835351217945890       0.156628353364854       2.441159077843501E-003
  0.835123458055460       0.156585648385399       2.395905286722133E-003
  0.834880082486826       0.156540015466280       2.351446246089606E-003
  0.834620275064616       0.156491301574616       2.307766567954245E-003
  0.834343174692213       0.156439345254790       2.264851107161550E-003
  0.834047873092723       0.156383976204886       2.222684956329053E-003
  0.833733412452785       0.156325014834897       2.181253440876946E-003
  0.833398782967152       0.156262271806341       2.140542114156623E-003
  0.833042920282329       0.156195547552937       2.100536752680245E-003
  0.832664702837747       0.156124631782077       2.061223351454091E-003
  0.832262949103436       0.156049302956894       2.022588119419722E-003
  0.831836414713496       0.155969327758781       1.984617475006892E-003
  0.831383789495231       0.155884460530356       1.947298041802695E-003
  0.830903694394381       0.155794442698947       1.910616644342409E-003
  0.830394678297554       0.155699002180791       1.874560304027612E-003
  0.829855214753739       0.155597852766326       1.839116235177972E-003
  0.829283698597691       0.155490693487067       1.804271841223830E-003
  0.828678442478922       0.155377207964798       1.770014711047282E-003
  0.828037673301255       0.155257063743985       1.736332615480333E-003
  0.827359528579083       0.155129911608578       1.703213503969419E-003
  0.826642052717987       0.154995384884623       1.670645501416290E-003
  0.825883193228928       0.154853098730424       1.638616905206526E-003
  0.825080796887031       0.154702649416318       1.607116182437327E-003
  0.824232605847963       0.154543613596493       1.576131967357566E-003
  0.823336253737112       0.154375547575708       1.545653059033939E-003
  0.822389261729170       0.154197986574219       1.515668419257885E-003
  0.821389034638438       0.154010443994707       1.486167170709283E-003
  0.820332857043029       0.153812410695568       1.457138595393611E-003
  0.819217889469385       0.153603354275510       1.428572133370510E-003
  0.818041164666942       0.153382718375052       1.400457381792660E-003
  0.816799584006561       0.153149922001230       1.372784094274735E-003
  0.815489914040373       0.152904358882570       1.345542180613276E-003
  0.814108783265026       0.152645396862192       1.318721706879199E-003
  0.812652679134983       0.152372377337809       1.292312895905242E-003
  0.811117945377450       0.152084614758272       1.266306128191670E-003
  0.809500779665711       0.151781396187321       1.240691943253612E-003
  0.807797231713204       0.151461980946226       1.215461041434245E-003
  0.806003201856316       0.151125600348059       1.190604286207798E-003
  0.804114440199877       0.150771457537477       1.166112706996246E-003
  0.802126546405399       0.150398727451012       1.141977502523323E-003
  0.800034970208313       0.150006556914059       1.118190044728414E-003
  0.797835012756661       0.149594064891874       1.094741883261712E-003
  0.795521828869878       0.149160342913102       1.071624750580330E-003
  0.793090430322269       0.148704455685426       1.048830567662715E-003
  0.790535690261488       0.148225441924029       1.026351450355814E-003
  0.787852348877526       0.147722315414536       1.004179716365855E-003
  0.785035020442381       0.147194066332946       9.823078928990821E-004
  0.782078201844336       0.146639662845813       9.607287249538321E-004
  0.778976282743579       0.146058053014421       9.394351842589535E-004
  0.775723557477309       0.145448167026995       9.184204788464588E-004
  0.772314238842513       0.144808919782971       8.976780632383866E-004
  0.768742473882552       0.144139213852978       8.772016492181999E-004
  0.765002361799771       0.143437942837457       8.569852171470094E-004
  0.761087974109667       0.142703995145563       8.370230277730770E-004
  0.756993377142884       0.141936258214291       8.173096344705024E-004
  0.752712656988718       0.141133623185385       7.978398958291619E-004
  0.748239946957780       0.140294990054584       7.786089885029505E-004
  0.743569457621615       0.139419273304053       7.596124202076504E-004
  0.738695509463110       0.138505408024333       7.408460427430557E-004
  0.733612568143106       0.137552356526832       7.223060648965822E-004
  0.728315282355778       0.136559115441708       7.039890650680210E-004
  0.722798524207753       0.135524723288954       6.858920034373377E-004
  0.717057432013596       0.134448268502549       6.680122334798129E-004
  0.711087455353590       0.133328897878798       6.503475126163201E-004
  0.704884402188426       0.132165825410330       6.328960117706737E-004
  0.698444487770528       0.130958341456974       6.156563235925418E-004
  0.691764385033301       0.129705822193744       5.986274690927006E-004
  0.684841276078829       0.128407739264781       5.818089024290851E-004
  0.677672904322244       0.127063669560421       5.652005135773059E-004
  0.670257626788493       0.125673305022843       5.488026286187963E-004
  0.662594465995966       0.124236462374244       5.326160073843968E-004
  0.654683160802960       0.122753092650555       5.166418382012514E-004
  0.646524215539369       0.121223290413632       5.008817295073958E-004
  0.638118946698932       0.119647302506050       4.853376981214419E-004
  0.629469526429218       0.118025536205478       4.700121539848409E-004
  0.620579022029189       0.116358566630473       4.549078812313666E-004
  0.611451430650050       0.114647143246884       4.400280154830719E-004
  0.602091708395645       0.112892195324184       4.253760173229784E-004
  0.592505793036298       0.111094836194306       4.109556419526793E-004
  0.582700619585575       0.109256366172295       3.967709051061220E-004
  0.572684128044446       0.107378274008334       3.828260453587502E-004
  0.562465262692129       0.105462236754774       3.691254830422458E-004
  0.552053962397296       0.103510117949493       3.556737760476143E-004
  0.541461141537120       0.101523964038210       3.424755728720937E-004
  0.530698661242822       9.950599898302910E-002  3.295355633355071E-004
  0.519779290837238       9.745861703198219E-002  3.168584274578571E-004
  0.508716659489611       9.538437365430213E-002  3.044487830496522E-004
  0.497525198281621       9.328597467780386E-002  2.923111326176915E-004
  0.486220073052684       9.116626369737818E-002  2.804498102296956E-004
  0.474817108567411       8.902820785638964E-002  2.688689290098608E-004
  0.463332704718512       8.687488213472097E-002  2.575723299520975E-004
  0.451783745640131       8.470945230752458E-002  2.465635327380902E-004
  0.440187502754018       8.253515676637831E-002  2.358456892319885E-004
  0.428561532899849       8.035528741872164E-002  2.254215402929395E-004
  0.416923572807434       7.817316990139396E-002  2.152933765011392E-004
  0.405291431248383       7.599214335907190E-002  2.054630033331399E-004
  0.393682880256192       7.381554004803598E-002  1.959317112498897E-004
  0.382115546824209       7.164666502953923E-002  1.867002510776293E-004
  0.370606806480394       6.948877621507378E-002  1.777688149701213E-004
  0.359173680096192       6.734506501803600E-002  1.691370231429467E-004
  0.347832735215851       6.521863785297204E-002  1.608039164696955E-004
  0.336599993094199       6.311249870516232E-002  1.527679549284867E-004
  0.325490842509028       6.102953297044283E-002  1.450270217884228E-004
  0.314519961271942       5.897249273848916E-002  1.375784333314594E-004
  0.303701246204205       5.694398366328851E-002  1.304189538187337E-004
  0.293047752175799       5.494645353296233E-002  1.235448153331210E-004
  0.282571640632048       5.298218261850894E-002  1.169517420637607E-004
  0.272284137857433       5.105327584826867E-002  1.106349785444603E-004
  0.262195503055186       4.916165682284740E-002  1.045893213170535E-004
  0.252315006158363       4.730906365469298E-002  9.880915346332099E-005
  0.242650915136831       4.549704658815588E-002  9.328848143472834E-005
  0.233210492428038       4.372696733025710E-002  8.802097360743517E-005
  0.224000000000000       4.200000000000000E-002  8.300000000000000E-005
