    1.000000E+00    1.000000E+00    1.000000E+00    1.000000E+00    1.000000E+00    1.000000E+00
    9.999997E-01    9.999997E-01    9.999997E-01    9.999997E-01    9.999997E-01    9.999997E-01
    9.999995E-01    9.999995E-01    9.999995E-01    9.999995E-01    9.999995E-01    9.999994E-01
    9.999992E-01    9.999992E-01    9.999992E-01    9.999992E-01    9.999992E-01    9.999992E-01
    9.999990E-01    9.999990E-01    9.999990E-01    9.999990E-01    9.999990E-01    9.999990E-01
    9.999988E-01    9.999988E-01    9.999988E-01    9.999988E-01    9.999988E-01    9.999987E-01
    9.999986E-01    9.999986E-01    9.999986E-01    9.999986E-01    9.999986E-01    9.999985E-01
    9.999984E-01    9.999984E-01    9.999984E-01    9.999984E-01    9.999984E-01    9.999983E-01
    9.999982E-01    9.999982E-01    9.999982E-01    9.999982E-01    9.999982E-01    9.999981E-01
    9.999981E-01    9.999981E-01    9.999981E-01    9.999980E-01    9.999980E-01    9.999979E-01
    9.999979E-01    9.999979E-01    9.999979E-01    9.999979E-01    9.999979E-01    9.999978E-01
    9.999977E-01    9.999977E-01    9.999977E-01    9.999977E-01    9.999977E-01    9.999976E-01
    9.999975E-01    9.999975E-01    9.999975E-01    9.999975E-01    9.999975E-01    9.999974E-01
    9.999974E-01    9.999974E-01    9.999974E-01    9.999974E-01    9.999974E-01    9.999972E-01
    9.999972E-01    9.999972E-01    9.999972E-01    9.999972E-01    9.999972E-01    9.999971E-01
    9.999971E-01    9.999971E-01    9.999971E-01    9.999970E-01    9.999970E-01    9.999969E-01
    9.999969E-01    9.999969E-01    9.999969E-01    9.999969E-01    9.999969E-01    9.999967E-01
    9.999967E-01    9.999967E-01    9.999967E-01    9.999967E-01    9.999967E-01    9.999965E-01
    9.999966E-01    9.999966E-01    9.999966E-01    9.999966E-01    9.999965E-01    9.999964E-01
    9.999964E-01    9.999964E-01    9.999964E-01    9.999964E-01    9.999964E-01    9.999962E-01
    9.999962E-01    9.999962E-01    9.999962E-01    9.999962E-01    9.999962E-01    9.999960E-01
    9.999961E-01    9.999961E-01    9.999961E-01    9.999961E-01    9.999960E-01    9.999958E-01
    9.999959E-01    9.999959E-01    9.999959E-01    9.999959E-01    9.999959E-01    9.999956E-01
    9.999957E-01    9.999957E-01    9.999957E-01    9.999957E-01    9.999957E-01    9.999954E-01
    9.999955E-01    9.999955E-01    9.999955E-01    9.999955E-01    9.999955E-01    9.999952E-01
    9.999953E-01    9.999953E-01    9.999953E-01    9.999953E-01    9.999953E-01    9.999950E-01
    9.999951E-01    9.999951E-01    9.999951E-01    9.999951E-01    9.999951E-01    9.999948E-01
    9.999949E-01    9.999949E-01    9.999949E-01    9.999949E-01    9.999949E-01    9.999946E-01
    9.999947E-01    9.999947E-01    9.999947E-01    9.999947E-01    9.999947E-01    9.999944E-01
    9.999945E-01    9.999945E-01    9.999945E-01    9.999945E-01    9.999945E-01    9.999941E-01
    9.999943E-01    9.999943E-01    9.999943E-01    9.999943E-01    9.999943E-01    9.999939E-01
    9.999941E-01    9.999941E-01    9.999941E-01    9.999941E-01    9.999940E-01    9.999936E-01
    9.999939E-01    9.999939E-01    9.999939E-01    9.999939E-01    9.999938E-01    9.999934E-01
    9.999936E-01    9.999936E-01    9.999936E-01    9.999936E-01    9.999936E-01    9.999931E-01
    9.999934E-01    9.999934E-01    9.999934E-01    9.999934E-01    9.999933E-01    9.999928E-01
    9.999931E-01    9.999931E-01    9.999931E-01    9.999931E-01    9.999930E-01    9.999925E-01
    9.999929E-01    9.999929E-01    9.999929E-01    9.999928E-01    9.999928E-01    9.999922E-01
    9.999926E-01    9.999926E-01    9.999926E-01    9.999926E-01    9.999925E-01    9.999919E-01
    9.999923E-01    9.999923E-01    9.999923E-01    9.999923E-01    9.999922E-01    9.999916E-01
    9.999920E-01    9.999920E-01    9.999920E-01    9.999920E-01    9.999919E-01    9.999912E-01
    9.999917E-01    9.999917E-01    9.999917E-01    9.999917E-01    9.999916E-01    9.999909E-01
    9.999914E-01    9.999914E-01    9.999914E-01    9.999914E-01    9.999913E-01    9.999905E-01
    9.999911E-01    9.999911E-01    9.999911E-01    9.999910E-01    9.999909E-01    9.999901E-01
    9.999907E-01    9.999907E-01    9.999907E-01    9.999907E-01    9.999906E-01    9.999897E-01
    9.999904E-01    9.999904E-01    9.999904E-01    9.999903E-01    9.999902E-01    9.999893E-01
    9.999900E-01    9.999900E-01    9.999900E-01    9.999900E-01    9.999899E-01    9.999888E-01
    9.999896E-01    9.999896E-01    9.999896E-01    9.999896E-01    9.999895E-01    9.999884E-01
    9.999892E-01    9.999892E-01    9.999892E-01    9.999892E-01    9.999891E-01    9.999879E-01
    9.999888E-01    9.999888E-01    9.999888E-01    9.999888E-01    9.999887E-01    9.999874E-01
    9.999884E-01    9.999884E-01    9.999884E-01    9.999884E-01    9.999882E-01    9.999869E-01
    9.999880E-01    9.999880E-01    9.999880E-01    9.999879E-01    9.999878E-01    9.999863E-01
    9.999875E-01    9.999875E-01    9.999875E-01    9.999875E-01    9.999873E-01    9.999857E-01
    9.999871E-01    9.999871E-01    9.999871E-01    9.999870E-01    9.999868E-01    9.999851E-01
    9.999866E-01    9.999866E-01    9.999866E-01    9.999865E-01    9.999863E-01    9.999845E-01
    9.999861E-01    9.999861E-01    9.999861E-01    9.999860E-01    9.999858E-01    9.999839E-01
    9.999855E-01    9.999855E-01    9.999855E-01    9.999855E-01    9.999852E-01    9.999832E-01
    9.999850E-01    9.999850E-01    9.999850E-01    9.999849E-01    9.999847E-01    9.999824E-01
    9.999844E-01    9.999844E-01    9.999844E-01    9.999844E-01    9.999841E-01    9.999817E-01
    9.999839E-01    9.999839E-01    9.999839E-01    9.999838E-01    9.999835E-01    9.999809E-01
    9.999832E-01    9.999832E-01    9.999832E-01    9.999832E-01    9.999828E-01    9.999801E-01
    9.999826E-01    9.999826E-01    9.999826E-01    9.999825E-01    9.999822E-01    9.999792E-01
    9.999820E-01    9.999820E-01    9.999820E-01    9.999819E-01    9.999815E-01    9.999783E-01
    9.999813E-01    9.999813E-01    9.999813E-01    9.999812E-01    9.999808E-01    9.999773E-01
    9.999806E-01    9.999806E-01    9.999806E-01    9.999805E-01    9.999800E-01    9.999763E-01
    9.999799E-01    9.999799E-01    9.999799E-01    9.999797E-01    9.999793E-01    9.999753E-01
    9.999791E-01    9.999791E-01    9.999791E-01    9.999790E-01    9.999785E-01    9.999742E-01
    9.999783E-01    9.999783E-01    9.999783E-01    9.999782E-01    9.999776E-01    9.999730E-01
    9.999775E-01    9.999775E-01    9.999775E-01    9.999774E-01    9.999768E-01    9.999718E-01
    9.999767E-01    9.999767E-01    9.999767E-01    9.999765E-01    9.999759E-01    9.999705E-01
    9.999758E-01    9.999758E-01    9.999758E-01    9.999756E-01    9.999749E-01    9.999692E-01
    9.999749E-01    9.999749E-01    9.999749E-01    9.999747E-01    9.999740E-01    9.999678E-01
    9.999739E-01    9.999739E-01    9.999739E-01    9.999737E-01    9.999730E-01    9.999663E-01
    9.999729E-01    9.999729E-01    9.999729E-01    9.999727E-01    9.999719E-01    9.999648E-01
    9.999719E-01    9.999719E-01    9.999719E-01    9.999717E-01    9.999708E-01    9.999631E-01
    9.999709E-01    9.999709E-01    9.999709E-01    9.999706E-01    9.999697E-01    9.999614E-01
    9.999698E-01    9.999698E-01    9.999698E-01    9.999695E-01    9.999685E-01    9.999596E-01
    9.999686E-01    9.999686E-01    9.999686E-01    9.999684E-01    9.999673E-01    9.999577E-01
    9.999675E-01    9.999675E-01    9.999675E-01    9.999672E-01    9.999660E-01    9.999557E-01
    9.999662E-01    9.999662E-01    9.999662E-01    9.999659E-01    9.999646E-01    9.999536E-01
    9.999650E-01    9.999650E-01    9.999650E-01    9.999647E-01    9.999633E-01    9.999513E-01
    9.999637E-01    9.999637E-01    9.999637E-01    9.999633E-01    9.999618E-01    9.999490E-01
    9.999623E-01    9.999623E-01    9.999623E-01    9.999619E-01    9.999603E-01    9.999465E-01
    9.999609E-01    9.999609E-01    9.999609E-01    9.999605E-01    9.999587E-01    9.999439E-01
    9.999594E-01    9.999594E-01    9.999594E-01    9.999590E-01    9.999571E-01    9.999411E-01
    9.999579E-01    9.999579E-01    9.999579E-01    9.999574E-01    9.999554E-01    9.999382E-01
    9.999563E-01    9.999563E-01    9.999563E-01    9.999558E-01    9.999536E-01    9.999351E-01
    9.999547E-01    9.999547E-01    9.999547E-01    9.999541E-01    9.999518E-01    9.999318E-01
    9.999530E-01    9.999530E-01    9.999530E-01    9.999524E-01    9.999499E-01    9.999284E-01
    9.999512E-01    9.999512E-01    9.999512E-01    9.999506E-01    9.999479E-01    9.999248E-01
    9.999494E-01    9.999494E-01    9.999494E-01    9.999487E-01    9.999458E-01    9.999209E-01
    9.999475E-01    9.999475E-01    9.999475E-01    9.999467E-01    9.999436E-01    9.999168E-01
    9.999455E-01    9.999455E-01    9.999455E-01    9.999447E-01    9.999413E-01    9.999125E-01
    9.999435E-01    9.999435E-01    9.999435E-01    9.999426E-01    9.999390E-01    9.999080E-01
    9.999413E-01    9.999413E-01    9.999413E-01    9.999404E-01    9.999365E-01    9.999031E-01
    9.999391E-01    9.999391E-01    9.999391E-01    9.999381E-01    9.999339E-01    9.998980E-01
    9.999369E-01    9.999369E-01    9.999369E-01    9.999358E-01    9.999313E-01    9.998926E-01
    9.999345E-01    9.999345E-01    9.999345E-01    9.999333E-01    9.999285E-01    9.998868E-01
    9.999320E-01    9.999320E-01    9.999320E-01    9.999308E-01    9.999256E-01    9.998807E-01
    9.999295E-01    9.999295E-01    9.999295E-01    9.999281E-01    9.999225E-01    9.998743E-01
    9.999268E-01    9.999268E-01    9.999268E-01    9.999254E-01    9.999193E-01    9.998674E-01
    9.999241E-01    9.999241E-01    9.999241E-01    9.999225E-01    9.999160E-01    9.998601E-01
    9.999212E-01    9.999212E-01    9.999212E-01    9.999196E-01    9.999125E-01    9.998524E-01
    9.999183E-01    9.999183E-01    9.999183E-01    9.999165E-01    9.999089E-01    9.998442E-01
    9.999152E-01    9.999152E-01    9.999152E-01    9.999133E-01    9.999051E-01    9.998354E-01
    9.999120E-01    9.999120E-01    9.999120E-01    9.999100E-01    9.999012E-01    9.998262E-01
    9.999087E-01    9.999087E-01    9.999087E-01    9.999065E-01    9.998971E-01    9.998163E-01
    9.999053E-01    9.999053E-01    9.999053E-01    9.999029E-01    9.998928E-01    9.998058E-01
    9.999018E-01    9.999018E-01    9.999018E-01    9.998992E-01    9.998882E-01    9.997947E-01
    9.998981E-01    9.998981E-01    9.998981E-01    9.998953E-01    9.998835E-01    9.997828E-01
    9.998943E-01    9.998943E-01    9.998942E-01    9.998913E-01    9.998786E-01    9.997702E-01
    9.998903E-01    9.998903E-01    9.998903E-01    9.998871E-01    9.998734E-01    9.997567E-01
    9.998862E-01    9.998862E-01    9.998862E-01    9.998827E-01    9.998680E-01    9.997424E-01
    9.998819E-01    9.998819E-01    9.998819E-01    9.998782E-01    9.998624E-01    9.997271E-01
    9.998775E-01    9.998775E-01    9.998775E-01    9.998735E-01    9.998565E-01    9.997109E-01
    9.998729E-01    9.998729E-01    9.998729E-01    9.998686E-01    9.998502E-01    9.996936E-01
    9.998681E-01    9.998681E-01    9.998681E-01    9.998635E-01    9.998438E-01    9.996751E-01
    9.998632E-01    9.998632E-01    9.998632E-01    9.998582E-01    9.998369E-01    9.996554E-01
    9.998580E-01    9.998580E-01    9.998580E-01    9.998526E-01    9.998298E-01    9.996344E-01
    9.998527E-01    9.998527E-01    9.998527E-01    9.998469E-01    9.998223E-01    9.996120E-01
    9.998472E-01    9.998472E-01    9.998472E-01    9.998409E-01    9.998145E-01    9.995881E-01
    9.998415E-01    9.998415E-01    9.998414E-01    9.998347E-01    9.998063E-01    9.995626E-01
    9.998355E-01    9.998355E-01    9.998355E-01    9.998283E-01    9.997976E-01    9.995353E-01
    9.998294E-01    9.998294E-01    9.998293E-01    9.998216E-01    9.997886E-01    9.995062E-01
    9.998230E-01    9.998230E-01    9.998229E-01    9.998146E-01    9.997791E-01    9.994751E-01
    9.998163E-01    9.998163E-01    9.998163E-01    9.998073E-01    9.997691E-01    9.994419E-01
    9.998094E-01    9.998094E-01    9.998094E-01    9.997997E-01    9.997586E-01    9.994065E-01
    9.998023E-01    9.998023E-01    9.998023E-01    9.997918E-01    9.997476E-01    9.993685E-01
    9.997949E-01    9.997949E-01    9.997949E-01    9.997836E-01    9.997360E-01    9.993280E-01
    9.997872E-01    9.997872E-01    9.997872E-01    9.997751E-01    9.997238E-01    9.992847E-01
    9.997792E-01    9.997792E-01    9.997792E-01    9.997662E-01    9.997110E-01    9.992383E-01
    9.997710E-01    9.997710E-01    9.997709E-01    9.997569E-01    9.996975E-01    9.991888E-01
    9.997624E-01    9.997624E-01    9.997624E-01    9.997473E-01    9.996833E-01    9.991358E-01
    9.997535E-01    9.997535E-01    9.997535E-01    9.997372E-01    9.996684E-01    9.990790E-01
    9.997443E-01    9.997443E-01    9.997442E-01    9.997268E-01    9.996526E-01    9.990183E-01
    9.997347E-01    9.997347E-01    9.997346E-01    9.997159E-01    9.996361E-01    9.989533E-01
    9.997248E-01    9.997248E-01    9.997247E-01    9.997045E-01    9.996186E-01    9.988838E-01
    9.997145E-01    9.997145E-01    9.997144E-01    9.996926E-01    9.996002E-01    9.988093E-01
    9.997038E-01    9.997038E-01    9.997037E-01    9.996803E-01    9.995808E-01    9.987296E-01
    9.996927E-01    9.996927E-01    9.996926E-01    9.996674E-01    9.995603E-01    9.986442E-01
    9.996812E-01    9.996812E-01    9.996811E-01    9.996540E-01    9.995387E-01    9.985527E-01
    9.996693E-01    9.996693E-01    9.996692E-01    9.996400E-01    9.995160E-01    9.984547E-01
    9.996569E-01    9.996569E-01    9.996568E-01    9.996254E-01    9.994919E-01    9.983497E-01
    9.996441E-01    9.996441E-01    9.996440E-01    9.996101E-01    9.994665E-01    9.982372E-01
    9.996308E-01    9.996308E-01    9.996307E-01    9.995942E-01    9.994396E-01    9.981166E-01
    9.996170E-01    9.996170E-01    9.996169E-01    9.995777E-01    9.994112E-01    9.979874E-01
    9.996026E-01    9.996026E-01    9.996025E-01    9.995603E-01    9.993812E-01    9.978489E-01
    9.995878E-01    9.995878E-01    9.995877E-01    9.995423E-01    9.993495E-01    9.977005E-01
    9.995724E-01    9.995724E-01    9.995723E-01    9.995234E-01    9.993159E-01    9.975413E-01
    9.995564E-01    9.995564E-01    9.995563E-01    9.995037E-01    9.992804E-01    9.973706E-01
    9.995399E-01    9.995398E-01    9.995397E-01    9.994831E-01    9.992428E-01    9.971876E-01
    9.995227E-01    9.995227E-01    9.995225E-01    9.994616E-01    9.992030E-01    9.969913E-01
    9.995049E-01    9.995048E-01    9.995047E-01    9.994391E-01    9.991608E-01    9.967808E-01
    9.994864E-01    9.994864E-01    9.994862E-01    9.994156E-01    9.991161E-01    9.965550E-01
    9.994672E-01    9.994672E-01    9.994670E-01    9.993911E-01    9.990688E-01    9.963128E-01
    9.994473E-01    9.994473E-01    9.994471E-01    9.993654E-01    9.990185E-01    9.960530E-01
    9.994267E-01    9.994267E-01    9.994265E-01    9.993385E-01    9.989653E-01    9.957742E-01
    9.994053E-01    9.994053E-01    9.994051E-01    9.993104E-01    9.989088E-01    9.954752E-01
    9.993832E-01    9.993831E-01    9.993829E-01    9.992811E-01    9.988488E-01    9.951543E-01
    9.993602E-01    9.993602E-01    9.993599E-01    9.992503E-01    9.987852E-01    9.948101E-01
    9.993363E-01    9.993363E-01    9.993360E-01    9.992181E-01    9.987176E-01    9.944406E-01
    9.993116E-01    9.993116E-01    9.993112E-01    9.991844E-01    9.986458E-01    9.940442E-01
    9.992860E-01    9.992860E-01    9.992856E-01    9.991491E-01    9.985696E-01    9.936188E-01
    9.992594E-01    9.992594E-01    9.992590E-01    9.991121E-01    9.984885E-01    9.931623E-01
    9.992318E-01    9.992318E-01    9.992314E-01    9.990733E-01    9.984024E-01    9.926723E-01
    9.992033E-01    9.992032E-01    9.992028E-01    9.990327E-01    9.983108E-01    9.921465E-01
    9.991736E-01    9.991736E-01    9.991731E-01    9.989901E-01    9.982134E-01    9.915822E-01
    9.991429E-01    9.991429E-01    9.991423E-01    9.989455E-01    9.981097E-01    9.909765E-01
    9.991111E-01    9.991110E-01    9.991104E-01    9.988986E-01    9.979995E-01    9.903265E-01
    9.990780E-01    9.990780E-01    9.990774E-01    9.988495E-01    9.978821E-01    9.896289E-01
    9.990438E-01    9.990438E-01    9.990431E-01    9.987979E-01    9.977572E-01    9.888802E-01
    9.990083E-01    9.990083E-01    9.990076E-01    9.987438E-01    9.976241E-01    9.880766E-01
    9.989715E-01    9.989715E-01    9.989707E-01    9.986869E-01    9.974824E-01    9.872142E-01
    9.989334E-01    9.989334E-01    9.989325E-01    9.986272E-01    9.973314E-01    9.862887E-01
    9.988939E-01    9.988938E-01    9.988929E-01    9.985644E-01    9.971705E-01    9.852955E-01
    9.988529E-01    9.988529E-01    9.988519E-01    9.984985E-01    9.969991E-01    9.842297E-01
    9.988104E-01    9.988104E-01    9.988093E-01    9.984292E-01    9.968163E-01    9.830860E-01
    9.987664E-01    9.987664E-01    9.987652E-01    9.983563E-01    9.966214E-01    9.818587E-01
    9.987208E-01    9.987207E-01    9.987195E-01    9.982797E-01    9.964136E-01    9.805420E-01
    9.986735E-01    9.986734E-01    9.986721E-01    9.981990E-01    9.961919E-01    9.791292E-01
    9.986245E-01    9.986244E-01    9.986230E-01    9.981141E-01    9.959554E-01    9.776136E-01
    9.985737E-01    9.985736E-01    9.985721E-01    9.980248E-01    9.957031E-01    9.759878E-01
    9.985211E-01    9.985210E-01    9.985194E-01    9.979307E-01    9.954338E-01    9.742439E-01
    9.984666E-01    9.984665E-01    9.984647E-01    9.978316E-01    9.951465E-01    9.723735E-01
    9.984101E-01    9.984100E-01    9.984081E-01    9.977272E-01    9.948397E-01    9.703678E-01
    9.983515E-01    9.983514E-01    9.983494E-01    9.976171E-01    9.945122E-01    9.682171E-01
    9.982909E-01    9.982908E-01    9.982886E-01    9.975011E-01    9.941625E-01    9.659113E-01
    9.982280E-01    9.982279E-01    9.982255E-01    9.973788E-01    9.937890E-01    9.634395E-01
    9.981629E-01    9.981628E-01    9.981603E-01    9.972498E-01    9.933902E-01    9.607903E-01
    9.980955E-01    9.980954E-01    9.980926E-01    9.971136E-01    9.929642E-01    9.579513E-01
    9.980256E-01    9.980255E-01    9.980226E-01    9.969700E-01    9.925091E-01    9.549096E-01
    9.979533E-01    9.979531E-01    9.979500E-01    9.968183E-01    9.920229E-01    9.516513E-01
    9.978784E-01    9.978782E-01    9.978748E-01    9.966581E-01    9.915035E-01    9.481617E-01
    9.978007E-01    9.978006E-01    9.977969E-01    9.964889E-01    9.909485E-01    9.444253E-01
    9.977204E-01    9.977202E-01    9.977163E-01    9.963102E-01    9.903554E-01    9.404256E-01
    9.976372E-01    9.976370E-01    9.976328E-01    9.961213E-01    9.897216E-01    9.361452E-01
    9.975510E-01    9.975508E-01    9.975463E-01    9.959217E-01    9.890443E-01    9.315658E-01
    9.974618E-01    9.974616E-01    9.974567E-01    9.957106E-01    9.883204E-01    9.266679E-01
    9.973695E-01    9.973692E-01    9.973640E-01    9.954873E-01    9.875468E-01    9.214313E-01
    9.972739E-01    9.972736E-01    9.972680E-01    9.952512E-01    9.867200E-01    9.158343E-01
    9.971749E-01    9.971746E-01    9.971686E-01    9.950013E-01    9.858363E-01    9.098547E-01
    9.970725E-01    9.970722E-01    9.970657E-01    9.947369E-01    9.848918E-01    9.034687E-01
    9.969665E-01    9.969662E-01    9.969592E-01    9.944570E-01    9.838823E-01    8.966518E-01
    9.968568E-01    9.968565E-01    9.968490E-01    9.941606E-01    9.828034E-01    8.893785E-01
    9.967433E-01    9.967429E-01    9.967349E-01    9.938468E-01    9.816503E-01    8.816221E-01
    9.966259E-01    9.966255E-01    9.966168E-01    9.935143E-01    9.804181E-01    8.733550E-01
    9.965044E-01    9.965040E-01    9.964947E-01    9.931622E-01    9.791012E-01    8.645487E-01
    9.963788E-01    9.963783E-01    9.963683E-01    9.927890E-01    9.776941E-01    8.551740E-01
    9.962488E-01    9.962483E-01    9.962376E-01    9.923936E-01    9.761906E-01    8.452009E-01
    9.961144E-01    9.961139E-01    9.961024E-01    9.919744E-01    9.745843E-01    8.345989E-01
    9.959754E-01    9.959749E-01    9.959625E-01    9.915301E-01    9.728682E-01    8.233372E-01
    9.958317E-01    9.958311E-01    9.958178E-01    9.910589E-01    9.710352E-01    8.113844E-01
    9.956832E-01    9.956825E-01    9.956683E-01    9.905593E-01    9.690775E-01    7.987097E-01
    9.955296E-01    9.955289E-01    9.955136E-01    9.900294E-01    9.669868E-01    7.852824E-01
    9.953709E-01    9.953702E-01    9.953537E-01    9.894674E-01    9.647546E-01    7.710723E-01
    9.952069E-01    9.952061E-01    9.951885E-01    9.888712E-01    9.623716E-01    7.560505E-01
    9.950374E-01    9.950366E-01    9.950176E-01    9.882387E-01    9.598282E-01    7.401895E-01
    9.948624E-01    9.948614E-01    9.948411E-01    9.875676E-01    9.571140E-01    7.234640E-01
    9.946815E-01    9.946805E-01    9.946587E-01    9.868555E-01    9.542183E-01    7.058512E-01
    9.944948E-01    9.944937E-01    9.944703E-01    9.860999E-01    9.511295E-01    6.873313E-01
    9.943019E-01    9.943008E-01    9.942757E-01    9.852980E-01    9.478358E-01    6.678890E-01
    9.941028E-01    9.941016E-01    9.940747E-01    9.844470E-01    9.443245E-01    6.475133E-01
    9.938972E-01    9.938960E-01    9.938671E-01    9.835438E-01    9.405823E-01    6.261993E-01
    9.936851E-01    9.936837E-01    9.936528E-01    9.825853E-01    9.365953E-01    6.039484E-01
    9.934662E-01    9.934647E-01    9.934315E-01    9.815680E-01    9.323489E-01    5.807700E-01
    9.932404E-01    9.932388E-01    9.932032E-01    9.804884E-01    9.278279E-01    5.566821E-01
    9.930074E-01    9.930057E-01    9.929675E-01    9.793427E-01    9.230164E-01    5.317127E-01
    9.927671E-01    9.927653E-01    9.927244E-01    9.781268E-01    9.178978E-01    5.059011E-01
    9.925194E-01    9.925174E-01    9.924736E-01    9.768366E-01    9.124550E-01    4.792989E-01
    9.922640E-01    9.922619E-01    9.922150E-01    9.754676E-01    9.066702E-01    4.519714E-01
    9.920008E-01    9.919986E-01    9.919483E-01    9.740150E-01    9.005249E-01    4.239989E-01
    9.917296E-01    9.917272E-01    9.916733E-01    9.724741E-01    8.940002E-01    3.954775E-01
    9.914502E-01    9.914476E-01    9.913899E-01    9.708395E-01    8.870766E-01    3.665206E-01
    9.911624E-01    9.911596E-01    9.910979E-01    9.691058E-01    8.797342E-01    3.372593E-01
    9.908661E-01    9.908631E-01    9.907970E-01    9.672673E-01    8.719525E-01    3.078430E-01
    9.905610E-01    9.905579E-01    9.904871E-01    9.653180E-01    8.637110E-01    2.784399E-01
    9.902471E-01    9.902437E-01    9.901679E-01    9.632515E-01    8.549888E-01    2.492367E-01
    9.899240E-01    9.899204E-01    9.898394E-01    9.610614E-01    8.457650E-01    2.204379E-01
    9.895918E-01    9.895879E-01    9.895012E-01    9.587407E-01    8.360186E-01    1.922643E-01
    9.892501E-01    9.892459E-01    9.891532E-01    9.562821E-01    8.257291E-01    1.649513E-01
    9.888988E-01    9.888943E-01    9.887952E-01    9.536783E-01    8.148762E-01    1.387457E-01
    9.885377E-01    9.885330E-01    9.884270E-01    9.509213E-01    8.034403E-01    1.139022E-01
    9.881668E-01    9.881618E-01    9.880485E-01    9.480031E-01    7.914025E-01    9.067812E-02
    9.877858E-01    9.877804E-01    9.876594E-01    9.449153E-01    7.787453E-01    6.932820E-02
    9.873946E-01    9.873888E-01    9.872595E-01    9.416491E-01    7.654524E-01    5.009711E-02
    9.869930E-01    9.869869E-01    9.868488E-01    9.381955E-01    7.515093E-01    3.321173E-02
    9.865810E-01    9.865744E-01    9.864269E-01    9.345451E-01    7.369035E-01    1.887218E-02
    9.861583E-01    9.861513E-01    9.859938E-01    9.306884E-01    7.216253E-01    7.242238E-03
    9.857249E-01    9.857174E-01    9.855494E-01    9.266155E-01    7.056677E-01   -1.560792E-03
    9.852806E-01    9.852726E-01    9.850933E-01    9.223163E-01    6.890270E-01   -7.476205E-03
    9.848254E-01    9.848169E-01    9.846256E-01    9.177804E-01    6.717036E-01   -1.050957E-02
    9.843591E-01    9.843500E-01    9.841461E-01    9.129973E-01    6.537023E-01   -1.074134E-02
    9.838817E-01    9.838720E-01    9.836546E-01    9.079563E-01    6.350325E-01   -8.333516E-03
    9.833930E-01    9.833827E-01    9.831510E-01    9.026466E-01    6.157096E-01   -3.533747E-03
    9.828931E-01    9.828821E-01    9.826352E-01    8.970573E-01    5.957546E-01    3.324269E-03
    9.823818E-01    9.823701E-01    9.821071E-01    8.911773E-01    5.751953E-01    1.182480E-02
    9.818592E-01    9.818466E-01    9.815666E-01    8.849958E-01    5.540669E-01    2.147935E-02
    9.813251E-01    9.813118E-01    9.810137E-01    8.785018E-01    5.324120E-01    3.174183E-02
    9.807796E-01    9.807655E-01    9.804483E-01    8.716846E-01    5.102817E-01    4.202981E-02
    9.802227E-01    9.802077E-01    9.798703E-01    8.645337E-01    4.877357E-01    5.175175E-02
    9.796544E-01    9.796384E-01    9.792797E-01    8.570389E-01    4.648428E-01    6.033940E-02
    9.790748E-01    9.790577E-01    9.786764E-01    8.491902E-01    4.416811E-01    6.728393E-02
    9.784838E-01    9.784657E-01    9.780605E-01    8.409784E-01    4.183382E-01    7.217354E-02
    9.778816E-01    9.778623E-01    9.774319E-01    8.323946E-01    3.949114E-01    7.472942E-02
    9.772682E-01    9.772478E-01    9.767907E-01    8.234309E-01    3.715071E-01    7.483657E-02
    9.766437E-01    9.766220E-01    9.761368E-01    8.140800E-01    3.482409E-01    7.256518E-02
    9.760083E-01    9.759852E-01    9.754704E-01    8.043356E-01    3.252364E-01    6.817846E-02
    9.753620E-01    9.753376E-01    9.747915E-01    7.941926E-01    3.026250E-01    6.212324E-02
    9.747050E-01    9.746792E-01    9.741002E-01    7.836470E-01    2.805442E-01    5.500094E-02
    9.740376E-01    9.740102E-01    9.733966E-01    7.726965E-01    2.591361E-01    4.751821E-02
    9.733598E-01    9.733308E-01    9.726808E-01    7.613400E-01    2.385459E-01    4.041931E-02
    9.726720E-01    9.726412E-01    9.719529E-01    7.495784E-01    2.189194E-01    3.440544E-02
    9.719742E-01    9.719416E-01    9.712131E-01    7.374144E-01    2.004004E-01    3.004933E-02
    9.712668E-01    9.712324E-01    9.704615E-01    7.248527E-01    1.831282E-01    2.771626E-02
    9.705500E-01    9.705136E-01    9.696983E-01    7.119006E-01    1.672338E-01    2.750456E-02
    9.698242E-01    9.697857E-01    9.689238E-01    6.985673E-01    1.528371E-01    2.921821E-02
    9.690895E-01    9.690488E-01    9.681381E-01    6.848649E-01    1.400428E-01    3.238165E-02
    9.683464E-01    9.683034E-01    9.673414E-01    6.708083E-01    1.289366E-01    3.630169E-02
    9.675951E-01    9.675497E-01    9.665342E-01    6.564152E-01    1.195816E-01    4.017297E-02
    9.668361E-01    9.667882E-01    9.657165E-01    6.417062E-01    1.120149E-01    4.321439E-02
    9.660696E-01    9.660191E-01    9.648886E-01    6.267052E-01    1.062438E-01    4.481431E-02
    9.652961E-01    9.652428E-01    9.640510E-01    6.114393E-01    1.022431E-01    4.465556E-02
    9.645159E-01    9.644598E-01    9.632039E-01    5.959391E-01    9.995316E-02    4.279004E-02
    9.637295E-01    9.636704E-01    9.623475E-01    5.802382E-01    9.927819E-02    3.963846E-02
    9.629373E-01    9.628751E-01    9.614824E-01    5.643739E-01    1.000864E-01    3.590443E-02
    9.621398E-01    9.620743E-01    9.606088E-01    5.483866E-01    1.022107E-01    3.241292E-02
    9.613373E-01    9.612684E-01    9.597270E-01    5.323201E-01    1.054513E-01    2.990537E-02
    9.605304E-01    9.604580E-01    9.588375E-01    5.162213E-01    1.095798E-01    2.884246E-02
    9.597196E-01    9.596434E-01    9.579407E-01    5.001400E-01    1.143446E-01    2.927251E-02
    9.589052E-01    9.588252E-01    9.570370E-01    4.841288E-01    1.194779E-01    3.081293E-02
    9.580878E-01    9.580039E-01    9.561267E-01    4.682425E-01    1.247048E-01    3.276368E-02
    9.572680E-01    9.571799E-01    9.552104E-01    4.525382E-01    1.297528E-01    3.432951E-02
    9.564461E-01    9.563537E-01    9.542883E-01    4.370743E-01    1.343627E-01    3.488551E-02
    9.556227E-01    9.555259E-01    9.533610E-01    4.219108E-01    1.382996E-01    3.419331E-02
    9.547984E-01    9.546969E-01    9.524289E-01    4.071076E-01    1.413641E-01    3.248397E-02
    9.539735E-01    9.538673E-01    9.514925E-01    3.927250E-01    1.434029E-01    3.036786E-02
    9.531487E-01    9.530375E-01    9.505521E-01    3.788224E-01    1.443165E-01    2.858308E-02
    9.523244E-01    9.522081E-01    9.496082E-01    3.654575E-01    1.440669E-01    2.768495E-02
    9.515012E-01    9.513796E-01    9.486614E-01    3.526858E-01    1.426799E-01    2.780952E-02
    9.506796E-01    9.505525E-01    9.477120E-01    3.405596E-01    1.402458E-01    2.862529E-02
    9.498596E-01    9.497268E-01    9.467600E-01    3.291274E-01    1.369144E-01    2.950718E-02
    9.497513E-01    9.496178E-01    9.466339E-01    3.276697E-01    1.364168E-01    2.959411E-02
    9.496431E-01    9.495088E-01    9.465079E-01    3.262250E-01    1.359074E-01    2.967012E-02
    9.495349E-01    9.493998E-01    9.463818E-01    3.247933E-01    1.353868E-01    2.973423E-02
    9.494268E-01    9.492909E-01    9.462557E-01    3.233748E-01    1.348556E-01    2.978562E-02
    9.493187E-01    9.491821E-01    9.461295E-01    3.219696E-01    1.343143E-01    2.982357E-02
    9.492107E-01    9.490733E-01    9.460034E-01    3.205777E-01    1.337635E-01    2.984755E-02
    9.491028E-01    9.489646E-01    9.458772E-01    3.191993E-01    1.332038E-01    2.985713E-02
    9.489949E-01    9.488559E-01    9.457511E-01    3.178343E-01    1.326357E-01    2.985206E-02
    9.488871E-01    9.487473E-01    9.456249E-01    3.164830E-01    1.320599E-01    2.983223E-02
    9.487793E-01    9.486388E-01    9.454987E-01    3.151453E-01    1.314769E-01    2.979771E-02
    9.486717E-01    9.485303E-01    9.453725E-01    3.138214E-01    1.308873E-01    2.974868E-02
    9.485641E-01    9.484220E-01    9.452464E-01    3.125113E-01    1.302918E-01    2.968550E-02
    9.484566E-01    9.483137E-01    9.451202E-01    3.112150E-01    1.296910E-01    2.960867E-02
    9.483492E-01    9.482054E-01    9.449940E-01    3.099327E-01    1.290855E-01    2.951881E-02
    9.482418E-01    9.480973E-01    9.448679E-01    3.086645E-01    1.284760E-01    2.941669E-02
    9.481346E-01    9.479893E-01    9.447418E-01    3.074103E-01    1.278630E-01    2.930319E-02
    9.480275E-01    9.478814E-01    9.446157E-01    3.061703E-01    1.272471E-01    2.917932E-02
    9.479205E-01    9.477735E-01    9.444896E-01    3.049445E-01    1.266291E-01    2.904617E-02
    9.478136E-01    9.476658E-01    9.443636E-01    3.037329E-01    1.260096E-01    2.890491E-02
    9.477069E-01    9.475582E-01    9.442377E-01    3.025357E-01    1.253891E-01    2.875682E-02
    9.476002E-01    9.474508E-01    9.441118E-01    3.013528E-01    1.247683E-01    2.860320E-02
    9.474937E-01    9.473435E-01    9.439859E-01    3.001844E-01    1.241479E-01    2.844542E-02
    9.473874E-01    9.472363E-01    9.438601E-01    2.990304E-01    1.235285E-01    2.828487E-02
    9.472812E-01    9.471293E-01    9.437344E-01    2.978910E-01    1.229106E-01    2.812296E-02
    9.471752E-01    9.470224E-01    9.436088E-01    2.967661E-01    1.222950E-01    2.796108E-02
    9.470693E-01    9.469157E-01    9.434833E-01    2.956558E-01    1.216822E-01    2.780063E-02
    9.469637E-01    9.468092E-01    9.433579E-01    2.945602E-01    1.210728E-01    2.764295E-02
    9.468582E-01    9.467028E-01    9.432326E-01    2.934792E-01    1.204675E-01    2.748934E-02
    9.467529E-01    9.465967E-01    9.431074E-01    2.924129E-01    1.198667E-01    2.734103E-02
    9.466478E-01    9.464908E-01    9.429823E-01    2.913614E-01    1.192712E-01    2.719918E-02
    9.465430E-01    9.463851E-01    9.428574E-01    2.903247E-01    1.186815E-01    2.706486E-02
    9.464383E-01    9.462796E-01    9.427327E-01    2.893028E-01    1.180981E-01    2.693901E-02
    9.463339E-01    9.461743E-01    9.426080E-01    2.882957E-01    1.175216E-01    2.682250E-02
    9.462298E-01    9.460693E-01    9.424836E-01    2.873035E-01    1.169526E-01    2.671602E-02
    9.461259E-01    9.459645E-01    9.423593E-01    2.863261E-01    1.163916E-01    2.662018E-02
    9.460223E-01    9.458601E-01    9.422353E-01    2.853636E-01    1.158391E-01    2.653541E-02
    9.459190E-01    9.457559E-01    9.421114E-01    2.844160E-01    1.152956E-01    2.646203E-02
    9.458160E-01    9.456519E-01    9.419878E-01    2.834833E-01    1.147616E-01    2.640018E-02
    9.457133E-01    9.455483E-01    9.418643E-01    2.825655E-01    1.142375E-01    2.634988E-02
    9.456109E-01    9.454451E-01    9.417412E-01    2.816627E-01    1.137239E-01    2.631099E-02
    9.455088E-01    9.453421E-01    9.416182E-01    2.807748E-01    1.132212E-01    2.628323E-02
    9.454071E-01    9.452395E-01    9.414956E-01    2.799018E-01    1.127298E-01    2.626619E-02
    9.453058E-01    9.451373E-01    9.413732E-01    2.790438E-01    1.122500E-01    2.625931E-02
    9.452048E-01    9.450354E-01    9.412511E-01    2.782007E-01    1.117824E-01    2.626193E-02
    9.451042E-01    9.449339E-01    9.411293E-01    2.773725E-01    1.113272E-01    2.627326E-02
    9.450041E-01    9.448328E-01    9.410079E-01    2.765593E-01    1.108849E-01    2.629242E-02
    9.449043E-01    9.447322E-01    9.408868E-01    2.757609E-01    1.104556E-01    2.631844E-02
    9.448051E-01    9.446320E-01    9.407660E-01    2.749774E-01    1.100398E-01    2.635028E-02
    9.447062E-01    9.445322E-01    9.406456E-01    2.742088E-01    1.096377E-01    2.638683E-02
    9.446079E-01    9.444329E-01    9.405256E-01    2.734550E-01    1.092497E-01    2.642695E-02
    9.445100E-01    9.443342E-01    9.404061E-01    2.727161E-01    1.088758E-01    2.646949E-02
    9.444127E-01    9.442359E-01    9.402869E-01    2.719920E-01    1.085163E-01    2.651327E-02
    9.443159E-01    9.441382E-01    9.401682E-01    2.712826E-01    1.081715E-01    2.655713E-02
    9.442197E-01    9.440410E-01    9.400500E-01    2.705880E-01    1.078415E-01    2.659995E-02
    9.441240E-01    9.439444E-01    9.399323E-01    2.699081E-01    1.075264E-01    2.664065E-02
    9.440290E-01    9.438484E-01    9.398151E-01    2.692429E-01    1.072263E-01    2.667821E-02
    9.439345E-01    9.437530E-01    9.396984E-01    2.685923E-01    1.069413E-01    2.671167E-02
    9.438408E-01    9.436582E-01    9.395822E-01    2.679563E-01    1.066716E-01    2.674020E-02
    9.437477E-01    9.435642E-01    9.394667E-01    2.673348E-01    1.064170E-01    2.676305E-02
    9.436552E-01    9.434708E-01    9.393517E-01    2.667278E-01    1.061777E-01    2.677957E-02
    9.435636E-01    9.433781E-01    9.392374E-01    2.661353E-01    1.059536E-01    2.678928E-02
    9.434726E-01    9.432862E-01    9.391238E-01    2.655572E-01    1.057447E-01    2.679177E-02
    9.433825E-01    9.431951E-01    9.390108E-01    2.649934E-01    1.055508E-01    2.678681E-02
    9.432931E-01    9.431048E-01    9.388985E-01    2.644439E-01    1.053720E-01    2.677428E-02
    9.432046E-01    9.430152E-01    9.387870E-01    2.639086E-01    1.052080E-01    2.675420E-02
    9.431170E-01    9.429266E-01    9.386762E-01    2.633874E-01    1.050587E-01    2.672674E-02
    9.430302E-01    9.428388E-01    9.385662E-01    2.628803E-01    1.049240E-01    2.669217E-02
    9.429444E-01    9.427520E-01    9.384571E-01    2.623873E-01    1.048035E-01    2.665088E-02
    9.428595E-01    9.426661E-01    9.383488E-01    2.619081E-01    1.046972E-01    2.660339E-02
    9.427756E-01    9.425812E-01    9.382414E-01    2.614429E-01    1.046046E-01    2.655029E-02
    9.426927E-01    9.424973E-01    9.381349E-01    2.609914E-01    1.045256E-01    2.649226E-02
    9.426109E-01    9.424145E-01    9.380293E-01    2.605536E-01    1.044598E-01    2.643006E-02
    9.425302E-01    9.423327E-01    9.379248E-01    2.601294E-01    1.044069E-01    2.636446E-02
    9.424505E-01    9.422521E-01    9.378212E-01    2.597187E-01    1.043664E-01    2.629631E-02
    9.423721E-01    9.421726E-01    9.377187E-01    2.593215E-01    1.043380E-01    2.622643E-02
    9.422948E-01    9.420943E-01    9.376172E-01    2.589376E-01    1.043214E-01    2.615566E-02
    9.422187E-01    9.420172E-01    9.375169E-01    2.585669E-01    1.043159E-01    2.608480E-02
    9.421439E-01    9.419413E-01    9.374177E-01    2.582093E-01    1.043213E-01    2.601462E-02
    9.420704E-01    9.418667E-01    9.373197E-01    2.578648E-01    1.043369E-01    2.594582E-02
    9.419982E-01    9.417935E-01    9.372229E-01    2.575331E-01    1.043623E-01    2.587905E-02
    9.419274E-01    9.417216E-01    9.371273E-01    2.572143E-01    1.043970E-01    2.581485E-02
    9.418579E-01    9.416510E-01    9.370330E-01    2.569082E-01    1.044404E-01    2.575370E-02
    9.417899E-01    9.415819E-01    9.369400E-01    2.566146E-01    1.044919E-01    2.569593E-02
    9.417233E-01    9.415143E-01    9.368483E-01    2.563335E-01    1.045510E-01    2.564183E-02
    9.416582E-01    9.414481E-01    9.367580E-01    2.560647E-01    1.046171E-01    2.559152E-02
    9.415946E-01    9.413834E-01    9.366691E-01    2.558081E-01    1.046896E-01    2.554506E-02
    9.415326E-01    9.413203E-01    9.365816E-01    2.555635E-01    1.047677E-01    2.550238E-02
    9.414721E-01    9.412587E-01    9.364955E-01    2.553308E-01    1.048511E-01    2.546335E-02
    9.414132E-01    9.411987E-01    9.364110E-01    2.551099E-01    1.049388E-01    2.542772E-02
    9.413560E-01    9.411404E-01    9.363279E-01    2.549007E-01    1.050304E-01    2.539520E-02
    9.413004E-01    9.410837E-01    9.362463E-01    2.547029E-01    1.051253E-01    2.536542E-02
    9.412465E-01    9.410287E-01    9.361663E-01    2.545165E-01    1.052226E-01    2.533798E-02
    9.411943E-01    9.409753E-01    9.360879E-01    2.543412E-01    1.053218E-01    2.531246E-02
    9.411439E-01    9.409237E-01    9.360110E-01    2.541769E-01    1.054223E-01    2.528840E-02
    9.410951E-01    9.408739E-01    9.359358E-01    2.540235E-01    1.055233E-01    2.526538E-02
    9.410482E-01    9.408257E-01    9.358622E-01    2.538807E-01    1.056243E-01    2.524299E-02
    9.410030E-01    9.407794E-01    9.357902E-01    2.537484E-01    1.057247E-01    2.522084E-02
    9.409596E-01    9.407349E-01    9.357199E-01    2.536265E-01    1.058237E-01    2.519859E-02
    9.409180E-01    9.406921E-01    9.356512E-01    2.535146E-01    1.059208E-01    2.517598E-02
    9.408783E-01    9.406512E-01    9.355842E-01    2.534127E-01    1.060155E-01    2.515278E-02
    9.408403E-01    9.406121E-01    9.355189E-01    2.533206E-01    1.061071E-01    2.512884E-02
    9.408043E-01    9.405748E-01    9.354553E-01    2.532381E-01    1.061951E-01    2.510407E-02
    9.407700E-01    9.405394E-01    9.353934E-01    2.531648E-01    1.062790E-01    2.507845E-02
    9.407376E-01    9.405058E-01    9.353332E-01    2.531008E-01    1.063582E-01    2.505203E-02
    9.407071E-01    9.404741E-01    9.352747E-01    2.530457E-01    1.064324E-01    2.502487E-02
    9.406784E-01    9.404441E-01    9.352179E-01    2.529993E-01    1.065010E-01    2.499713E-02
    9.406515E-01    9.404161E-01    9.351628E-01    2.529614E-01    1.065637E-01    2.496896E-02
    9.406265E-01    9.403899E-01    9.351093E-01    2.529318E-01    1.066200E-01    2.494055E-02
    9.406034E-01    9.403655E-01    9.350576E-01    2.529102E-01    1.066696E-01    2.491209E-02
    9.405820E-01    9.403429E-01    9.350075E-01    2.528965E-01    1.067123E-01    2.488377E-02
    9.405625E-01    9.403221E-01    9.349591E-01    2.528904E-01    1.067477E-01    2.485577E-02
    9.405448E-01    9.403031E-01    9.349123E-01    2.528916E-01    1.067757E-01    2.482823E-02
    9.405289E-01    9.402860E-01    9.348671E-01    2.528999E-01    1.067960E-01    2.480127E-02
    9.405147E-01    9.402706E-01    9.348236E-01    2.529151E-01    1.068085E-01    2.477496E-02
    9.405023E-01    9.402569E-01    9.347817E-01    2.529369E-01    1.068131E-01    2.474933E-02
    9.404917E-01    9.402450E-01    9.347413E-01    2.529650E-01    1.068098E-01    2.472438E-02
    9.404828E-01    9.402348E-01    9.347025E-01    2.529992E-01    1.067985E-01    2.470005E-02
    9.404756E-01    9.402263E-01    9.346652E-01    2.530393E-01    1.067792E-01    2.467625E-02
    9.404701E-01    9.402194E-01    9.346295E-01    2.530849E-01    1.067520E-01    2.465284E-02
    9.404662E-01    9.402142E-01    9.345952E-01    2.531358E-01    1.067171E-01    2.462968E-02
    9.404639E-01    9.402107E-01    9.345624E-01    2.531918E-01    1.066745E-01    2.460659E-02
    9.404633E-01    9.402087E-01    9.345310E-01    2.532525E-01    1.066245E-01    2.458341E-02
    9.404642E-01    9.402083E-01    9.345010E-01    2.533177E-01    1.065673E-01    2.455996E-02
    9.404666E-01    9.402094E-01    9.344724E-01    2.533870E-01    1.065031E-01    2.453609E-02
    9.404706E-01    9.402120E-01    9.344451E-01    2.534603E-01    1.064323E-01    2.451166E-02
    9.404761E-01    9.402161E-01    9.344192E-01    2.535373E-01    1.063551E-01    2.448657E-02
    9.404830E-01    9.402217E-01    9.343945E-01    2.536175E-01    1.062720E-01    2.446075E-02
    9.404913E-01    9.402286E-01    9.343710E-01    2.537009E-01    1.061833E-01    2.443418E-02
    9.405010E-01    9.402369E-01    9.343488E-01    2.537870E-01    1.060894E-01    2.440688E-02
    9.405120E-01    9.402466E-01    9.343277E-01    2.538757E-01    1.059908E-01    2.437891E-02
    9.405244E-01    9.402576E-01    9.343078E-01    2.539665E-01    1.058879E-01    2.435036E-02
    9.405380E-01    9.402698E-01    9.342890E-01    2.540593E-01    1.057812E-01    2.432137E-02
    9.405529E-01    9.402833E-01    9.342712E-01    2.541538E-01    1.056711E-01    2.429210E-02
    9.405690E-01    9.402979E-01    9.342544E-01    2.542496E-01    1.055582E-01    2.426274E-02
    9.405862E-01    9.403138E-01    9.342387E-01    2.543464E-01    1.054429E-01    2.423348E-02
    9.406046E-01    9.403307E-01    9.342239E-01    2.544441E-01    1.053256E-01    2.420452E-02
    9.406241E-01    9.403487E-01    9.342100E-01    2.545423E-01    1.052070E-01    2.417605E-02
    9.406446E-01    9.403678E-01    9.341970E-01    2.546407E-01    1.050874E-01    2.414826E-02
    9.406662E-01    9.403879E-01    9.341848E-01    2.547391E-01    1.049674E-01    2.412129E-02
    9.406887E-01    9.404090E-01    9.341735E-01    2.548372E-01    1.048473E-01    2.409527E-02
    9.407122E-01    9.404310E-01    9.341629E-01    2.549348E-01    1.047277E-01    2.407029E-02
    9.407366E-01    9.404540E-01    9.341530E-01    2.550314E-01    1.046090E-01    2.404641E-02
    9.407619E-01    9.404778E-01    9.341438E-01    2.551270E-01    1.044915E-01    2.402364E-02
    9.407880E-01    9.405024E-01    9.341353E-01    2.552212E-01    1.043757E-01    2.400197E-02
    9.408149E-01    9.405278E-01    9.341274E-01    2.553138E-01    1.042618E-01    2.398131E-02
    9.408426E-01    9.405540E-01    9.341201E-01    2.554045E-01    1.041502E-01    2.396158E-02
    9.408710E-01    9.405809E-01    9.341133E-01    2.554932E-01    1.040412E-01    2.394267E-02
    9.409002E-01    9.406084E-01    9.341071E-01    2.555794E-01    1.039350E-01    2.392441E-02
    9.409299E-01    9.406367E-01    9.341013E-01    2.556631E-01    1.038319E-01    2.390666E-02
    9.409603E-01    9.406655E-01    9.340960E-01    2.557440E-01    1.037320E-01    2.388924E-02
    9.409913E-01    9.406950E-01    9.340910E-01    2.558219E-01    1.036355E-01    2.387199E-02
    9.410229E-01    9.407250E-01    9.340865E-01    2.558965E-01    1.035425E-01    2.385474E-02
    9.410549E-01    9.407555E-01    9.340822E-01    2.559677E-01    1.034530E-01    2.383735E-02
    9.410875E-01    9.407864E-01    9.340783E-01    2.560353E-01    1.033671E-01    2.381970E-02
    9.411205E-01    9.408179E-01    9.340747E-01    2.560990E-01    1.032848E-01    2.380169E-02
    9.411539E-01    9.408497E-01    9.340713E-01    2.561587E-01    1.032061E-01    2.378324E-02
    9.411878E-01    9.408820E-01    9.340681E-01    2.562142E-01    1.031308E-01    2.376432E-02
    9.412220E-01    9.409145E-01    9.340651E-01    2.562653E-01    1.030589E-01    2.374493E-02
    9.412565E-01    9.409475E-01    9.340622E-01    2.563119E-01    1.029903E-01    2.372508E-02
    9.412914E-01    9.409807E-01    9.340595E-01    2.563538E-01    1.029247E-01    2.370483E-02
    9.413265E-01    9.410142E-01    9.340568E-01    2.563909E-01    1.028620E-01    2.368425E-02
    9.413618E-01    9.410479E-01    9.340542E-01    2.564231E-01    1.028020E-01    2.366343E-02
    9.413974E-01    9.410818E-01    9.340516E-01    2.564502E-01    1.027444E-01    2.364248E-02
    9.414332E-01    9.411159E-01    9.340490E-01    2.564721E-01    1.026890E-01    2.362150E-02
    9.414691E-01    9.411502E-01    9.340464E-01    2.564887E-01    1.026355E-01    2.360061E-02
    9.415052E-01    9.411845E-01    9.340438E-01    2.564999E-01    1.025836E-01    2.357990E-02
    9.415413E-01    9.412190E-01    9.340410E-01    2.565056E-01    1.025330E-01    2.355944E-02
    9.415776E-01    9.412536E-01    9.340382E-01    2.565058E-01    1.024835E-01    2.353930E-02
    9.416139E-01    9.412882E-01    9.340352E-01    2.565004E-01    1.024348E-01    2.351950E-02
    9.416502E-01    9.413228E-01    9.340321E-01    2.564894E-01    1.023864E-01    2.350006E-02
    9.416865E-01    9.413574E-01    9.340288E-01    2.564726E-01    1.023383E-01    2.348096E-02
    9.417229E-01    9.413920E-01    9.340253E-01    2.564500E-01    1.022900E-01    2.346214E-02
    9.417592E-01    9.414266E-01    9.340216E-01    2.564217E-01    1.022414E-01    2.344355E-02
    9.417954E-01    9.414611E-01    9.340176E-01    2.563876E-01    1.021921E-01    2.342511E-02
    9.418315E-01    9.414955E-01    9.340133E-01    2.563477E-01    1.021419E-01    2.340672E-02
    9.418676E-01    9.415297E-01    9.340088E-01    2.563020E-01    1.020906E-01    2.338830E-02
    9.419035E-01    9.415639E-01    9.340039E-01    2.562505E-01    1.020380E-01    2.336977E-02
    9.419392E-01    9.415979E-01    9.339987E-01    2.561932E-01    1.019839E-01    2.335108E-02
    9.419748E-01    9.416317E-01    9.339931E-01    2.561303E-01    1.019282E-01    2.333218E-02
    9.420102E-01    9.416653E-01    9.339872E-01    2.560617E-01    1.018708E-01    2.331306E-02
    9.420454E-01    9.416987E-01    9.339808E-01    2.559874E-01    1.018116E-01    2.329376E-02
    9.420804E-01    9.417318E-01    9.339741E-01    2.559076E-01    1.017504E-01    2.327433E-02
    9.421151E-01    9.417647E-01    9.339669E-01    2.558223E-01    1.016874E-01    2.325486E-02
    9.421495E-01    9.417974E-01    9.339593E-01    2.557316E-01    1.016224E-01    2.323546E-02
    9.421837E-01    9.418297E-01    9.339512E-01    2.556356E-01    1.015556E-01    2.321626E-02
    9.422176E-01    9.418617E-01    9.339426E-01    2.555343E-01    1.014869E-01    2.319743E-02
    9.422512E-01    9.418935E-01    9.339335E-01    2.554280E-01    1.014164E-01    2.317907E-02
    9.422844E-01    9.419248E-01    9.339239E-01    2.553166E-01    1.013443E-01    2.316130E-02
    9.423173E-01    9.419559E-01    9.339137E-01    2.552004E-01    1.012708E-01    2.314428E-02
    9.423498E-01    9.419865E-01    9.339030E-01    2.550794E-01    1.011959E-01    2.312801E-02
    9.423820E-01    9.420168E-01    9.338918E-01    2.549538E-01    1.011198E-01    2.311253E-02
    9.424137E-01    9.420467E-01    9.338799E-01    2.548238E-01    1.010428E-01    2.309786E-02
    9.424451E-01    9.420761E-01    9.338675E-01    2.546894E-01    1.009651E-01    2.308386E-02
    9.424760E-01    9.421051E-01    9.338545E-01    2.545509E-01    1.008870E-01    2.307049E-02
    9.425065E-01    9.421337E-01    9.338408E-01    2.544084E-01    1.008086E-01    2.305756E-02
    9.425366E-01    9.421619E-01    9.338265E-01    2.542621E-01    1.007302E-01    2.304489E-02
    9.425662E-01    9.421895E-01    9.338116E-01    2.541121E-01    1.006521E-01    2.303235E-02
    9.425953E-01    9.422167E-01    9.337960E-01    2.539586E-01    1.005745E-01    2.301969E-02
    9.426240E-01    9.422434E-01    9.337798E-01    2.538018E-01    1.004978E-01    2.300676E-02
    9.426522E-01    9.422696E-01    9.337628E-01    2.536420E-01    1.004221E-01    2.299339E-02
    9.427697E-01    9.423785E-01    9.336802E-01    2.529083E-01    1.001088E-01    2.292808E-02
    9.428768E-01    9.424767E-01    9.335835E-01    2.521351E-01    9.983862E-02    2.285503E-02
    9.429725E-01    9.425634E-01    9.334719E-01    2.513394E-01    9.962223E-02    2.278534E-02
    9.430564E-01    9.426381E-01    9.333448E-01    2.505379E-01    9.946045E-02    2.272378E-02
    9.431279E-01    9.427002E-01    9.332019E-01    2.497465E-01    9.934453E-02    2.266465E-02
    9.431866E-01    9.427494E-01    9.330426E-01    2.489791E-01    9.925823E-02    2.260415E-02
    9.432321E-01    9.427853E-01    9.328666E-01    2.482477E-01    9.918149E-02    2.254738E-02
    9.432643E-01    9.428076E-01    9.326738E-01    2.475614E-01    9.909464E-02    2.249854E-02
    9.432828E-01    9.428162E-01    9.324640E-01    2.469266E-01    9.898223E-02    2.245199E-02
    9.432877E-01    9.428109E-01    9.322370E-01    2.463463E-01    9.883559E-02    2.239990E-02
    9.432789E-01    9.427918E-01    9.319930E-01    2.458207E-01    9.865373E-02    2.234327E-02
    9.432563E-01    9.427587E-01    9.317319E-01    2.453468E-01    9.844252E-02    2.228980E-02
    9.432201E-01    9.427119E-01    9.314539E-01    2.449191E-01    9.821260E-02    2.224303E-02
    9.431703E-01    9.426513E-01    9.311590E-01    2.445303E-01    9.797669E-02    2.219948E-02
    9.431071E-01    9.425772E-01    9.308475E-01    2.441714E-01    9.774688E-02    2.215560E-02
    9.430307E-01    9.424897E-01    9.305195E-01    2.438326E-01    9.753255E-02    2.211297E-02
    9.429412E-01    9.423890E-01    9.301755E-01    2.435042E-01    9.733911E-02    2.207315E-02
    9.428390E-01    9.422754E-01    9.298155E-01    2.431771E-01    9.716769E-02    2.203229E-02
    9.427242E-01    9.421491E-01    9.294400E-01    2.428434E-01    9.701557E-02    2.198777E-02
    9.425972E-01    9.420104E-01    9.290493E-01    2.424972E-01    9.687729E-02    2.194529E-02
    9.424583E-01    9.418597E-01    9.286437E-01    2.421347E-01    9.674624E-02    2.190988E-02
    9.423078E-01    9.416972E-01    9.282237E-01    2.417545E-01    9.661641E-02    2.187656E-02
    9.421460E-01    9.415233E-01    9.277896E-01    2.413577E-01    9.648410E-02    2.184061E-02
    9.419734E-01    9.413383E-01    9.273419E-01    2.409476E-01    9.634901E-02    2.180544E-02
    9.417901E-01    9.411427E-01    9.268809E-01    2.405294E-01    9.621439E-02    2.177219E-02
    9.415967E-01    9.409368E-01    9.264071E-01    2.401098E-01    9.608579E-02    2.173725E-02
    9.413934E-01    9.407208E-01    9.259209E-01    2.396963E-01    9.596873E-02    2.170286E-02
    9.411807E-01    9.404953E-01    9.254228E-01    2.392963E-01    9.586597E-02    2.167349E-02
    9.409590E-01    9.402607E-01    9.249132E-01    2.389168E-01    9.577539E-02    2.164609E-02
    9.407286E-01    9.400172E-01    9.243926E-01    2.385638E-01    9.568980E-02    2.161644E-02
    9.404898E-01    9.397653E-01    9.238615E-01    2.382414E-01    9.559908E-02    2.158638E-02
    9.402432E-01    9.395053E-01    9.233202E-01    2.379518E-01    9.549408E-02    2.155819E-02
    9.399890E-01    9.392377E-01    9.227692E-01    2.376950E-01    9.537084E-02    2.153053E-02
    9.397277E-01    9.389628E-01    9.222090E-01    2.374690E-01    9.523304E-02    2.150385E-02
    9.394595E-01    9.386810E-01    9.216401E-01    2.372699E-01    9.509093E-02    2.148011E-02
    9.391850E-01    9.383926E-01    9.210628E-01    2.370924E-01    9.495851E-02    2.145643E-02
    9.389043E-01    9.380981E-01    9.204777E-01    2.369303E-01    9.484535E-02    2.143038E-02
    9.386180E-01    9.377977E-01    9.198851E-01    2.367771E-01    9.475455E-02    2.140596E-02
    9.383263E-01    9.374919E-01    9.192855E-01    2.366265E-01    9.468045E-02    2.138374E-02
    9.380296E-01    9.371810E-01    9.186794E-01    2.364732E-01    9.461216E-02    2.136139E-02
    9.377283E-01    9.368653E-01    9.180671E-01    2.363128E-01    9.453932E-02    2.134070E-02
    9.374226E-01    9.365451E-01    9.174490E-01    2.361428E-01    9.445740E-02    2.132028E-02
    9.371128E-01    9.362209E-01    9.168257E-01    2.359619E-01    9.436929E-02    2.129823E-02
    9.367994E-01    9.358928E-01    9.161974E-01    2.357705E-01    9.428258E-02    2.127801E-02
    9.364826E-01    9.355612E-01    9.155646E-01    2.355702E-01    9.420407E-02    2.125963E-02
    9.361627E-01    9.352265E-01    9.149277E-01    2.353635E-01    9.413512E-02    2.124104E-02
    9.358400E-01    9.348889E-01    9.142870E-01    2.351534E-01    9.407083E-02    2.122302E-02
    9.355148E-01    9.345486E-01    9.136430E-01    2.349431E-01    9.400343E-02    2.120500E-02
    9.351873E-01    9.342061E-01    9.129959E-01    2.347353E-01    9.392760E-02    2.118680E-02
    9.348579E-01    9.338614E-01    9.123463E-01    2.345327E-01    9.384413E-02    2.117072E-02
    9.345267E-01    9.335150E-01    9.116943E-01    2.343367E-01    9.375940E-02    2.115517E-02
    9.341941E-01    9.331670E-01    9.110404E-01    2.341487E-01    9.368146E-02    2.113888E-02
    9.338603E-01    9.328178E-01    9.103848E-01    2.339690E-01    9.361517E-02    2.112352E-02
    9.335254E-01    9.324674E-01    9.097281E-01    2.337977E-01    9.355991E-02    2.110807E-02
    9.331898E-01    9.321163E-01    9.090703E-01    2.336343E-01    9.351074E-02    2.109401E-02
    9.328537E-01    9.317645E-01    9.084119E-01    2.334785E-01    9.346185E-02    2.108058E-02
    9.325172E-01    9.314123E-01    9.077532E-01    2.333295E-01    9.340973E-02    2.106631E-02
    9.321805E-01    9.310599E-01    9.070945E-01    2.331869E-01    9.335422E-02    2.105296E-02
    9.318440E-01    9.307075E-01    9.064361E-01    2.330499E-01    9.329752E-02    2.104006E-02
    9.315076E-01    9.303553E-01    9.057782E-01    2.329181E-01    9.324225E-02    2.102793E-02
    9.311717E-01    9.300034E-01    9.051211E-01    2.327908E-01    9.318981E-02    2.101604E-02
    9.308364E-01    9.296521E-01    9.044652E-01    2.326675E-01    9.313986E-02    2.100364E-02
    9.305018E-01    9.293015E-01    9.038106E-01    2.325477E-01    9.309068E-02    2.099244E-02
    9.301682E-01    9.289517E-01    9.031577E-01    2.324312E-01    9.304083E-02    2.098151E-02
    9.298356E-01    9.286030E-01    9.025067E-01    2.323178E-01    9.299063E-02    2.097099E-02
    9.295042E-01    9.282554E-01    9.018578E-01    2.322076E-01    9.294276E-02    2.096032E-02
    9.291741E-01    9.279091E-01    9.012113E-01    2.321012E-01    9.290053E-02    2.095006E-02
    9.288455E-01    9.275642E-01    9.005674E-01    2.319992E-01    9.286480E-02    2.094070E-02
    9.285185E-01    9.272209E-01    8.999263E-01    2.319022E-01    9.283237E-02    2.093117E-02
    9.281932E-01    9.268793E-01    8.992884E-01    2.318107E-01    9.279796E-02    2.092195E-02
    9.278698E-01    9.265395E-01    8.986537E-01    2.317245E-01    9.275862E-02    2.091286E-02
    9.275482E-01    9.262015E-01    8.980225E-01    2.316430E-01    9.271621E-02    2.090465E-02
    9.272287E-01    9.258656E-01    8.973950E-01    2.315650E-01    9.267654E-02    2.089624E-02
    9.269113E-01    9.255318E-01    8.967714E-01    2.314888E-01    9.264172E-02    2.088810E-02
    9.265961E-01    9.252001E-01    8.961519E-01    2.314124E-01    9.261015E-02    2.088026E-02
    9.262832E-01    9.248707E-01    8.955367E-01    2.313342E-01    9.257815E-02    2.087296E-02
    9.259727E-01    9.245437E-01    8.949259E-01    2.312532E-01    9.254493E-02    2.086560E-02
    9.256646E-01    9.242191E-01    8.943199E-01    2.311696E-01    9.251356E-02    2.085852E-02
    9.253590E-01    9.238970E-01    8.937186E-01    2.310846E-01    9.248676E-02    2.085180E-02
    9.250560E-01    9.235775E-01    8.931224E-01    2.310001E-01    9.246318E-02    2.084540E-02
    9.247556E-01    9.232606E-01    8.925313E-01    2.309188E-01    9.243865E-02    2.083889E-02
    9.244579E-01    9.229464E-01    8.919456E-01    2.308430E-01    9.241091E-02    2.083285E-02
    9.241630E-01    9.226350E-01    8.913653E-01    2.307743E-01    9.238188E-02    2.082706E-02
    9.238708E-01    9.223263E-01    8.907907E-01    2.307131E-01    9.235501E-02    2.082139E-02
    9.235815E-01    9.220205E-01    8.902219E-01    2.306584E-01    9.233156E-02    2.081580E-02
    9.232951E-01    9.217176E-01    8.896590E-01    2.306083E-01    9.231017E-02    2.081077E-02
    9.230115E-01    9.214176E-01    8.891023E-01    2.305606E-01    9.228922E-02    2.080564E-02
    9.227309E-01    9.211206E-01    8.885517E-01    2.305133E-01    9.226852E-02    2.080075E-02
    9.224533E-01    9.208265E-01    8.880075E-01    2.304651E-01    9.224875E-02    2.079615E-02
    9.221787E-01    9.205355E-01    8.874698E-01    2.304162E-01    9.223066E-02    2.079169E-02
    9.219071E-01    9.202475E-01    8.869386E-01    2.303675E-01    9.221306E-02    2.078736E-02
    9.216386E-01    9.199626E-01    8.864143E-01    2.303208E-01    9.219470E-02    2.078327E-02
    9.213731E-01    9.196807E-01    8.858967E-01    2.302775E-01    9.217551E-02    2.077942E-02
    9.211106E-01    9.194020E-01    8.853862E-01    2.302382E-01    9.215748E-02    2.077553E-02
    9.208513E-01    9.191264E-01    8.848827E-01    2.302026E-01    9.214253E-02    2.077202E-02
    9.205951E-01    9.188540E-01    8.843864E-01    2.301695E-01    9.212971E-02    2.076861E-02
    9.203419E-01    9.185847E-01    8.838974E-01    2.301371E-01    9.211645E-02    2.076522E-02
    9.200919E-01    9.183185E-01    8.834158E-01    2.301040E-01    9.210234E-02    2.076221E-02
    9.198450E-01    9.180555E-01    8.829417E-01    2.300697E-01    9.208926E-02    2.075923E-02
    9.196012E-01    9.177957E-01    8.824752E-01    2.300346E-01    9.207764E-02    2.075637E-02
    9.193605E-01    9.175391E-01    8.820164E-01    2.300001E-01    9.206569E-02    2.075378E-02
    9.191230E-01    9.172856E-01    8.815653E-01    2.299678E-01    9.205322E-02    2.075119E-02
    9.188885E-01    9.170353E-01    8.811221E-01    2.299388E-01    9.204240E-02    2.074880E-02
    9.186572E-01    9.167881E-01    8.806869E-01    2.299137E-01    9.203403E-02    2.074659E-02
    9.184289E-01    9.165441E-01    8.802596E-01    2.298921E-01    9.202603E-02    2.074442E-02
    9.182037E-01    9.163033E-01    8.798404E-01    2.298731E-01    9.201719E-02    2.074246E-02
    9.179816E-01    9.160656E-01    8.794294E-01    2.298555E-01    9.200849E-02    2.074062E-02
    9.177625E-01    9.158310E-01    8.790266E-01    2.298385E-01    9.200083E-02    2.073883E-02
    9.175465E-01    9.155996E-01    8.786321E-01    2.298220E-01    9.199367E-02    2.073726E-02
    9.173335E-01    9.153713E-01    8.782460E-01    2.298061E-01    9.198688E-02    2.073581E-02
    9.171235E-01    9.151461E-01    8.778682E-01    2.297910E-01    9.198088E-02    2.073438E-02
    9.169165E-01    9.149239E-01    8.774989E-01    2.297771E-01    9.197613E-02    2.073311E-02
    9.167125E-01    9.147049E-01    8.771381E-01    2.297644E-01    9.197186E-02    2.073193E-02
    9.165115E-01    9.144888E-01    8.767859E-01    2.297529E-01    9.196701E-02    2.073094E-02
    9.163133E-01    9.142759E-01    8.764422E-01    2.297425E-01    9.196213E-02    2.072996E-02
    9.161181E-01    9.140659E-01    8.761072E-01    2.297330E-01    9.195852E-02    2.072912E-02
    9.159258E-01    9.138589E-01    8.757809E-01    2.297245E-01    9.195574E-02    2.072843E-02
    9.157364E-01    9.136550E-01    8.754632E-01    2.297168E-01    9.195293E-02    2.072778E-02
    9.155498E-01    9.134540E-01    8.751542E-01    2.297100E-01    9.195086E-02    2.072726E-02
    9.153660E-01    9.132559E-01    8.748540E-01    2.297043E-01    9.194959E-02    2.072680E-02
    9.151850E-01    9.130607E-01    8.745626E-01    2.296999E-01    9.194780E-02    2.072644E-02
    9.150068E-01    9.128684E-01    8.742798E-01    2.296972E-01    9.194605E-02    2.072621E-02
    9.148313E-01    9.126791E-01    8.740059E-01    2.296965E-01    9.194561E-02    2.072606E-02
    9.146585E-01    9.124925E-01    8.737408E-01    2.296974E-01    9.194571E-02    2.072597E-02
    9.144885E-01    9.123088E-01    8.734844E-01    2.296992E-01    9.194581E-02    2.072599E-02
    9.143210E-01    9.121279E-01    8.732367E-01    2.297012E-01    9.194640E-02    2.072607E-02
    9.141562E-01    9.119497E-01    8.729979E-01    2.297029E-01    9.194728E-02    2.072626E-02
    9.139940E-01    9.117743E-01    8.727677E-01    2.297047E-01    9.194811E-02    2.072651E-02
    9.138344E-01    9.116017E-01    8.725463E-01    2.297072E-01    9.194945E-02    2.072685E-02
    9.136773E-01    9.114317E-01    8.723336E-01    2.297113E-01    9.195167E-02    2.072726E-02
    9.135227E-01    9.112644E-01    8.721295E-01    2.297169E-01    9.195413E-02    2.072775E-02
    9.133706E-01    9.110997E-01    8.719341E-01    2.297235E-01    9.195640E-02    2.072829E-02
    9.132210E-01    9.109377E-01    8.717473E-01    2.297305E-01    9.195926E-02    2.072893E-02
    9.130737E-01    9.107783E-01    8.715689E-01    2.297375E-01    9.196235E-02    2.072962E-02
    9.129289E-01    9.106214E-01    8.713991E-01    2.297457E-01    9.196562E-02    2.073040E-02
    9.127864E-01    9.104671E-01    8.712377E-01    2.297550E-01    9.196971E-02    2.073122E-02
    9.126462E-01    9.103152E-01    8.710847E-01    2.297657E-01    9.197381E-02    2.073213E-02
    9.125083E-01    9.101659E-01    8.709399E-01    2.297775E-01    9.197789E-02    2.073309E-02
    9.123726E-01    9.100190E-01    8.708034E-01    2.297895E-01    9.198249E-02    2.073413E-02
    9.122392E-01    9.098746E-01    8.706750E-01    2.298015E-01    9.198729E-02    2.073521E-02
    9.121079E-01    9.097325E-01    8.705547E-01    2.298136E-01    9.199249E-02    2.073636E-02
    9.119788E-01    9.095928E-01    8.704424E-01    2.298263E-01    9.199805E-02    2.073754E-02
    9.118519E-01    9.094555E-01    8.703379E-01    2.298399E-01    9.200357E-02    2.073882E-02
    9.117270E-01    9.093204E-01    8.702412E-01    2.298546E-01    9.200927E-02    2.074015E-02
    9.116041E-01    9.091877E-01    8.701522E-01    2.298699E-01    9.201549E-02    2.074152E-02
    9.114833E-01    9.090572E-01    8.700708E-01    2.298858E-01    9.202170E-02    2.074295E-02
    9.113645E-01    9.089289E-01    8.699967E-01    2.299022E-01    9.202849E-02    2.074442E-02
    9.112476E-01    9.088029E-01    8.699300E-01    2.299192E-01    9.203525E-02    2.074595E-02
    9.111326E-01    9.086789E-01    8.698705E-01    2.299368E-01    9.204209E-02    2.074753E-02
    9.110195E-01    9.085572E-01    8.698181E-01    2.299551E-01    9.204944E-02    2.074915E-02
    9.109082E-01    9.084375E-01    8.697725E-01    2.299738E-01    9.205694E-02    2.075080E-02
    9.107988E-01    9.083199E-01    8.697338E-01    2.299927E-01    9.206455E-02    2.075254E-02
    9.106911E-01    9.082044E-01    8.697017E-01    2.300120E-01    9.207233E-02    2.075430E-02
    9.105851E-01    9.080908E-01    8.696760E-01    2.300315E-01    9.208027E-02    2.075612E-02
    9.104808E-01    9.079793E-01    8.696567E-01    2.300517E-01    9.208859E-02    2.075794E-02
    9.103782E-01    9.078697E-01    8.696435E-01    2.300727E-01    9.209696E-02    2.075983E-02
    9.102772E-01    9.077620E-01    8.696364E-01    2.300944E-01    9.210545E-02    2.076176E-02
    9.101777E-01    9.076562E-01    8.696350E-01    2.301164E-01    9.211419E-02    2.076372E-02
    9.100798E-01    9.075523E-01    8.696394E-01    2.301385E-01    9.212302E-02    2.076571E-02
    9.099834E-01    9.074501E-01    8.696491E-01    2.301609E-01    9.213220E-02    2.076776E-02
    9.098885E-01    9.073498E-01    8.696642E-01    2.301839E-01    9.214129E-02    2.076983E-02
    9.097950E-01    9.072512E-01    8.696844E-01    2.302074E-01    9.215065E-02    2.077193E-02
    9.097028E-01    9.071544E-01    8.697096E-01    2.302309E-01    9.216014E-02    2.077407E-02
    9.096120E-01    9.070592E-01    8.697394E-01    2.302546E-01    9.216981E-02    2.077633E-02
    9.095224E-01    9.069656E-01    8.697738E-01    2.302788E-01    9.217953E-02    2.077843E-02
    9.094341E-01    9.068737E-01    8.698126E-01    2.303036E-01    9.218936E-02    2.078066E-02
    9.093470E-01    9.067833E-01    8.698555E-01    2.303288E-01    9.219943E-02    2.078292E-02
    9.092611E-01    9.066945E-01    8.699024E-01    2.303542E-01    9.220954E-02    2.078519E-02
    9.091762E-01    9.066071E-01    8.699531E-01    2.303796E-01    9.221977E-02    2.078750E-02
    9.090924E-01    9.065212E-01    8.700073E-01    2.304054E-01    9.223005E-02    2.078983E-02
    9.090095E-01    9.064367E-01    8.700649E-01    2.304314E-01    9.224055E-02    2.079216E-02
    9.089277E-01    9.063535E-01    8.701256E-01    2.304576E-01    9.225104E-02    2.079455E-02
    9.088467E-01    9.062717E-01    8.701894E-01    2.304834E-01    9.226165E-02    2.079690E-02
    9.087665E-01    9.061911E-01    8.702559E-01    2.305106E-01    9.227233E-02    2.079935E-02
    9.086871E-01    9.061117E-01    8.703250E-01    2.305375E-01    9.228305E-02    2.080177E-02
    9.086085E-01    9.060335E-01    8.703964E-01    2.305647E-01    9.229391E-02    2.080421E-02
    9.085305E-01    9.059564E-01    8.704701E-01    2.305920E-01    9.230483E-02    2.080666E-02
    9.084531E-01    9.058803E-01    8.705457E-01    2.306193E-01    9.231577E-02    2.080911E-02
    9.083762E-01    9.058053E-01    8.706231E-01    2.306466E-01    9.232676E-02    2.081161E-02
    9.082997E-01    9.057311E-01    8.707021E-01    2.306740E-01    9.233775E-02    2.081412E-02
    9.082237E-01    9.056579E-01    8.707826E-01    2.307017E-01    9.234881E-02    2.081658E-02
    9.081479E-01    9.055854E-01    8.708642E-01    2.307293E-01    9.235989E-02    2.081908E-02
    9.080723E-01    9.055137E-01    8.709469E-01    2.307568E-01    9.237098E-02    2.082158E-02
    9.079969E-01    9.054426E-01    8.710305E-01    2.307848E-01    9.238210E-02    2.082408E-02
    9.079216E-01    9.053721E-01    8.711147E-01    2.308124E-01    9.239317E-02    2.082657E-02
    9.078462E-01    9.053021E-01    8.711994E-01    2.308402E-01    9.240426E-02    2.082908E-02
    9.077707E-01    9.052325E-01    8.712844E-01    2.308676E-01    9.241531E-02    2.083156E-02
    9.076950E-01    9.051632E-01    8.713696E-01    2.308951E-01    9.242596E-02    2.083405E-02
    9.076189E-01    9.050942E-01    8.714548E-01    2.309225E-01    9.243731E-02    2.083653E-02
    9.075423E-01    9.050253E-01    8.715397E-01    2.309499E-01    9.244791E-02    2.083898E-02
    9.074652E-01    9.049564E-01    8.716243E-01    2.309770E-01    9.245909E-02    2.084143E-02
    9.073874E-01    9.048874E-01    8.717084E-01    2.310039E-01    9.246983E-02    2.084386E-02
    9.073088E-01    9.048181E-01    8.717917E-01    2.310305E-01    9.248051E-02    2.084626E-02
    9.072293E-01    9.047486E-01    8.718742E-01    2.310568E-01    9.249107E-02    2.084864E-02
    9.071486E-01    9.046786E-01    8.719556E-01    2.310828E-01    9.250149E-02    2.085100E-02
    9.070667E-01    9.046079E-01    8.720357E-01    2.311085E-01    9.251180E-02    2.085331E-02
    9.069834E-01    9.045365E-01    8.721145E-01    2.311339E-01    9.252193E-02    2.085560E-02
    9.068985E-01    9.044642E-01    8.721917E-01    2.311588E-01    9.253188E-02    2.085784E-02
    9.068118E-01    9.043907E-01    8.722672E-01    2.311832E-01    9.254166E-02    2.086003E-02
    9.067232E-01    9.043160E-01    8.723407E-01    2.312070E-01    9.255121E-02    2.086218E-02
    9.066324E-01    9.042399E-01    8.724121E-01    2.312302E-01    9.256052E-02    2.086430E-02
    9.065393E-01    9.041620E-01    8.724811E-01    2.312528E-01    9.256959E-02    2.086634E-02
    9.064436E-01    9.040823E-01    8.725476E-01    2.312748E-01    9.257836E-02    2.086832E-02
    9.063450E-01    9.040005E-01    8.726113E-01    2.312960E-01    9.258683E-02    2.087022E-02
    9.062434E-01    9.039163E-01    8.726721E-01    2.313163E-01    9.259499E-02    2.087207E-02
    9.061384E-01    9.038296E-01    8.727296E-01    2.313357E-01    9.260272E-02    2.087396E-02
    9.060298E-01    9.037399E-01    8.727836E-01    2.313542E-01    9.261005E-02    2.087548E-02
    9.059173E-01    9.036471E-01    8.728338E-01    2.313716E-01    9.261713E-02    2.087706E-02
    9.058005E-01    9.035507E-01    8.728801E-01    2.313879E-01    9.262365E-02    2.087852E-02
    9.056791E-01    9.034506E-01    8.729219E-01    2.314016E-01    9.262968E-02    2.087988E-02
    9.055528E-01    9.033463E-01    8.729591E-01    2.314167E-01    9.263517E-02    2.088112E-02
    9.054211E-01    9.032375E-01    8.729912E-01    2.314290E-01    9.264007E-02    2.088224E-02
    9.052837E-01    9.031237E-01    8.730179E-01    2.314397E-01    9.264453E-02    2.088321E-02
    9.051401E-01    9.030046E-01    8.730388E-01    2.314490E-01    9.264812E-02    2.088403E-02
    9.049898E-01    9.028796E-01    8.730535E-01    2.314564E-01    9.265085E-02    2.088471E-02
    9.048325E-01    9.027485E-01    8.730614E-01    2.314618E-01    9.265330E-02    2.088521E-02
    9.046675E-01    9.026105E-01    8.730622E-01    2.314653E-01    9.265471E-02    2.088553E-02
    9.044943E-01    9.024652E-01    8.730552E-01    2.314667E-01    9.265525E-02    2.088565E-02
    9.043124E-01    9.023120E-01    8.730399E-01    2.314658E-01    9.265484E-02    2.088556E-02
    9.041211E-01    9.021503E-01    8.730158E-01    2.314624E-01    9.265350E-02    2.088526E-02
    9.039198E-01    9.019795E-01    8.729820E-01    2.314563E-01    9.265106E-02    2.088471E-02
    9.037077E-01    9.017988E-01    8.729381E-01    2.314474E-01    9.264752E-02    2.088392E-02
    9.034842E-01    9.016076E-01    8.728832E-01    2.314355E-01    9.264286E-02    2.088283E-02
    9.032485E-01    9.014050E-01    8.728166E-01    2.314203E-01    9.263671E-02    2.088147E-02
    9.029997E-01    9.011903E-01    8.727374E-01    2.314018E-01    9.262929E-02    2.087983E-02
    9.027369E-01    9.009626E-01    8.726448E-01    2.313792E-01    9.262039E-02    2.087786E-02
    9.024593E-01    9.007210E-01    8.725377E-01    2.313535E-01    9.260995E-02    2.087544E-02
    9.021659E-01    9.004644E-01    8.724153E-01    2.313232E-01    9.259782E-02    2.087270E-02
    9.018555E-01    9.001919E-01    8.722765E-01    2.312885E-01    9.258406E-02    2.086958E-02
    9.015272E-01    8.999023E-01    8.721202E-01    2.312490E-01    9.256808E-02    2.086601E-02
    9.011797E-01    8.995944E-01    8.719451E-01    2.312046E-01    9.255033E-02    2.086200E-02
    9.008118E-01    8.992672E-01    8.717501E-01    2.311548E-01    9.253032E-02    2.085750E-02
    9.004222E-01    8.989191E-01    8.715338E-01    2.310992E-01    9.250817E-02    2.085250E-02
    9.000095E-01    8.985489E-01    8.712949E-01    2.310377E-01    9.248352E-02    2.084694E-02
    8.995723E-01    8.981551E-01    8.710318E-01    2.309691E-01    9.245628E-02    2.084080E-02
    8.991090E-01    8.977362E-01    8.707431E-01    2.308947E-01    9.242632E-02    2.083404E-02
    8.986180E-01    8.972905E-01    8.704271E-01    2.308126E-01    9.239344E-02    2.082663E-02
    8.980976E-01    8.968163E-01    8.700821E-01    2.307227E-01    9.235766E-02    2.081852E-02
    8.975460E-01    8.963118E-01    8.697063E-01    2.306247E-01    9.231822E-02    2.080968E-02
    8.969612E-01    8.957750E-01    8.692978E-01    2.305179E-01    9.227547E-02    2.079998E-02
    8.963414E-01    8.952040E-01    8.688546E-01    2.304020E-01    9.222905E-02    2.078958E-02
    8.956843E-01    8.945967E-01    8.683746E-01    2.302762E-01    9.217874E-02    2.077824E-02
    8.949877E-01    8.939508E-01    8.678557E-01    2.301401E-01    9.212426E-02    2.076596E-02
    8.942494E-01    8.932640E-01    8.672955E-01    2.299931E-01    9.206555E-02    2.075269E-02
    8.934670E-01    8.925339E-01    8.666917E-01    2.298344E-01    9.200190E-02    2.073838E-02
    8.926378E-01    8.917578E-01    8.660417E-01    2.296634E-01    9.193357E-02    2.072295E-02
    8.917592E-01    8.909332E-01    8.653429E-01    2.294796E-01    9.185988E-02    2.070636E-02
    8.908285E-01    8.900571E-01    8.645925E-01    2.292821E-01    9.178078E-02    2.068853E-02
    8.898426E-01    8.891266E-01    8.637876E-01    2.290700E-01    9.169590E-02    2.066939E-02
    8.887987E-01    8.881388E-01    8.629254E-01    2.288426E-01    9.160490E-02    2.064889E-02
    8.876935E-01    8.870904E-01    8.620026E-01    2.285993E-01    9.150748E-02    2.062692E-02
    8.865239E-01    8.859781E-01    8.610161E-01    2.283390E-01    9.140327E-02    2.060345E-02
    8.852863E-01    8.847985E-01    8.599624E-01    2.280608E-01    9.129199E-02    2.057834E-02
    8.839773E-01    8.835480E-01    8.588381E-01    2.277638E-01    9.117304E-02    2.055154E-02
    8.825933E-01    8.822230E-01    8.576397E-01    2.274472E-01    9.104634E-02    2.052297E-02
    8.811306E-01    8.808196E-01    8.563633E-01    2.271098E-01    9.091125E-02    2.049253E-02
    8.795852E-01    8.793341E-01    8.550052E-01    2.267507E-01    9.076751E-02    2.046013E-02
    8.779533E-01    8.777623E-01    8.535615E-01    2.263689E-01    9.061462E-02    2.042568E-02
    8.762308E-01    8.761002E-01    8.520282E-01    2.259622E-01    9.045229E-02    2.038907E-02
    8.744136E-01    8.743437E-01    8.504011E-01    2.255327E-01    9.027994E-02    2.035022E-02
    8.724975E-01    8.724884E-01    8.486760E-01    2.250761E-01    9.009719E-02    2.030904E-02
    8.704782E-01    8.705300E-01    8.468489E-01    2.245924E-01    8.990419E-02    2.026537E-02
    8.683515E-01    8.684642E-01    8.449152E-01    2.240805E-01    8.969860E-02    2.021919E-02
    8.661130E-01    8.662865E-01    8.428709E-01    2.235391E-01    8.948195E-02    2.017034E-02
    8.637584E-01    8.639925E-01    8.407114E-01    2.229671E-01    8.925300E-02    2.011873E-02
    8.612833E-01    8.615779E-01    8.384324E-01    2.223635E-01    8.901131E-02    2.006429E-02
    8.586834E-01    8.590381E-01    8.360297E-01    2.217268E-01    8.875652E-02    2.000683E-02
    8.559543E-01    8.563688E-01    8.334989E-01    2.210565E-01    8.848820E-02    1.994633E-02
    8.530920E-01    8.535658E-01    8.308359E-01    2.203509E-01    8.820567E-02    1.988266E-02
    8.500923E-01    8.506247E-01    8.280366E-01    2.196088E-01    8.790873E-02    1.981573E-02
    8.469511E-01    8.475416E-01    8.250969E-01    2.188298E-01    8.759689E-02    1.974543E-02
    8.436647E-01    8.443125E-01    8.220129E-01    2.180127E-01    8.727092E-02    1.967169E-02
    8.402294E-01    8.409337E-01    8.187811E-01    2.171562E-01    8.692684E-02    1.959440E-02
    8.366416E-01    8.374014E-01    8.153979E-01    2.162594E-01    8.656793E-02    1.951348E-02
    8.328981E-01    8.337125E-01    8.118601E-01    2.153217E-01    8.619243E-02    1.942887E-02
    8.289960E-01    8.298639E-01    8.081647E-01    2.143421E-01    8.580040E-02    1.934048E-02
    8.249326E-01    8.258527E-01    8.043089E-01    2.133200E-01    8.539125E-02    1.924825E-02
    8.207054E-01    8.216765E-01    8.002905E-01    2.122547E-01    8.496482E-02    1.915213E-02
    8.163124E-01    8.173332E-01    7.961072E-01    2.111457E-01    8.452087E-02    1.905206E-02
    8.117520E-01    8.128211E-01    7.917575E-01    2.099925E-01    8.405927E-02    1.894837E-02
    8.070229E-01    8.081386E-01    7.872400E-01    2.087945E-01    8.357983E-02    1.883994E-02
    8.021241E-01    8.032851E-01    7.825538E-01    2.075523E-01    8.308247E-02    1.872783E-02
    7.970553E-01    7.982598E-01    7.776984E-01    2.062641E-01    8.256715E-02    1.861166E-02
    7.918165E-01    7.930628E-01    7.726739E-01    2.049326E-01    8.203384E-02    1.849149E-02
    7.864081E-01    7.876944E-01    7.674805E-01    2.035557E-01    8.148263E-02    1.836720E-02
    7.808310E-01    7.821556E-01    7.621193E-01    2.021341E-01    8.091354E-02    1.823893E-02
    7.750866E-01    7.764476E-01    7.565915E-01    2.006683E-01    8.032680E-02    1.810666E-02
    7.691769E-01    7.705724E-01    7.508990E-01    1.991587E-01    7.972256E-02    1.797049E-02
    7.631041E-01    7.645323E-01    7.450441E-01    1.976062E-01    7.910106E-02    1.783037E-02
    7.568712E-01    7.583300E-01    7.390295E-01    1.960111E-01    7.846260E-02    1.768644E-02
    7.504813E-01    7.519688E-01    7.328585E-01    1.943747E-01    7.780735E-02    1.753879E-02
    7.439382E-01    7.454525E-01    7.265347E-01    1.926959E-01    7.713621E-02    1.738746E-02
    7.372462E-01    7.387851E-01    7.200622E-01    1.909812E-01    7.644912E-02    1.723263E-02
    7.304096E-01    7.319714E-01    7.134455E-01    1.892264E-01    7.574662E-02    1.707425E-02
    7.234336E-01    7.250162E-01    7.066895E-01    1.874348E-01    7.502952E-02    1.691259E-02
    7.163235E-01    7.179249E-01    6.997995E-01    1.856075E-01    7.429805E-02    1.674770E-02
    7.090850E-01    7.107032E-01    6.927810E-01    1.837461E-01    7.355296E-02    1.657976E-02
    7.017240E-01    7.033572E-01    6.856401E-01    1.818523E-01    7.279487E-02    1.640887E-02
    6.942468E-01    6.958931E-01    6.783828E-01    1.799263E-01    7.202441E-02    1.623520E-02
    6.866600E-01    6.883175E-01    6.710156E-01    1.779738E-01    7.124228E-02    1.605890E-02
