   -1.000000E+00   -1.000000E+00   -1.000000E+00   -1.000000E+00   -1.000000E+00   -1.000000E+00
   -9.999997E-01   -9.999997E-01   -9.999997E-01   -9.999997E-01   -9.999997E-01   -9.999997E-01
   -9.999994E-01   -9.999994E-01   -9.999994E-01   -9.999994E-01   -9.999994E-01   -9.999994E-01
   -9.999992E-01   -9.999992E-01   -9.999992E-01   -9.999992E-01   -9.999992E-01   -9.999992E-01
   -9.999990E-01   -9.999990E-01   -9.999990E-01   -9.999990E-01   -9.999990E-01   -9.999989E-01
   -9.999988E-01   -9.999988E-01   -9.999988E-01   -9.999988E-01   -9.999988E-01   -9.999987E-01
   -9.999986E-01   -9.999986E-01   -9.999986E-01   -9.999986E-01   -9.999986E-01   -9.999985E-01
   -9.999984E-01   -9.999984E-01   -9.999984E-01   -9.999984E-01   -9.999984E-01   -9.999983E-01
   -9.999982E-01   -9.999982E-01   -9.999982E-01   -9.999982E-01   -9.999982E-01   -9.999981E-01
   -9.999980E-01   -9.999980E-01   -9.999980E-01   -9.999980E-01   -9.999980E-01   -9.999979E-01
   -9.999978E-01   -9.999978E-01   -9.999978E-01   -9.999978E-01   -9.999978E-01   -9.999977E-01
   -9.999977E-01   -9.999977E-01   -9.999977E-01   -9.999977E-01   -9.999976E-01   -9.999975E-01
   -9.999975E-01   -9.999975E-01   -9.999975E-01   -9.999975E-01   -9.999975E-01   -9.999973E-01
   -9.999973E-01   -9.999973E-01   -9.999973E-01   -9.999973E-01   -9.999973E-01   -9.999972E-01
   -9.999972E-01   -9.999972E-01   -9.999972E-01   -9.999972E-01   -9.999971E-01   -9.999970E-01
   -9.999970E-01   -9.999970E-01   -9.999970E-01   -9.999970E-01   -9.999970E-01   -9.999968E-01
   -9.999968E-01   -9.999968E-01   -9.999968E-01   -9.999968E-01   -9.999968E-01   -9.999966E-01
   -9.999967E-01   -9.999967E-01   -9.999967E-01   -9.999967E-01   -9.999966E-01   -9.999965E-01
   -9.999965E-01   -9.999965E-01   -9.999965E-01   -9.999965E-01   -9.999965E-01   -9.999963E-01
   -9.999963E-01   -9.999963E-01   -9.999963E-01   -9.999963E-01   -9.999963E-01   -9.999961E-01
   -9.999962E-01   -9.999962E-01   -9.999962E-01   -9.999961E-01   -9.999961E-01   -9.999959E-01
   -9.999960E-01   -9.999960E-01   -9.999960E-01   -9.999960E-01   -9.999959E-01   -9.999957E-01
   -9.999958E-01   -9.999958E-01   -9.999958E-01   -9.999958E-01   -9.999958E-01   -9.999955E-01
   -9.999956E-01   -9.999956E-01   -9.999956E-01   -9.999956E-01   -9.999956E-01   -9.999953E-01
   -9.999954E-01   -9.999954E-01   -9.999954E-01   -9.999954E-01   -9.999954E-01   -9.999951E-01
   -9.999952E-01   -9.999952E-01   -9.999952E-01   -9.999952E-01   -9.999952E-01   -9.999949E-01
   -9.999950E-01   -9.999950E-01   -9.999950E-01   -9.999950E-01   -9.999950E-01   -9.999947E-01
   -9.999948E-01   -9.999948E-01   -9.999948E-01   -9.999948E-01   -9.999948E-01   -9.999945E-01
   -9.999946E-01   -9.999946E-01   -9.999946E-01   -9.999946E-01   -9.999946E-01   -9.999943E-01
   -9.999944E-01   -9.999944E-01   -9.999944E-01   -9.999944E-01   -9.999944E-01   -9.999940E-01
   -9.999942E-01   -9.999942E-01   -9.999942E-01   -9.999942E-01   -9.999942E-01   -9.999938E-01
   -9.999940E-01   -9.999940E-01   -9.999940E-01   -9.999940E-01   -9.999939E-01   -9.999935E-01
   -9.999937E-01   -9.999937E-01   -9.999937E-01   -9.999937E-01   -9.999937E-01   -9.999933E-01
   -9.999935E-01   -9.999935E-01   -9.999935E-01   -9.999935E-01   -9.999934E-01   -9.999930E-01
   -9.999932E-01   -9.999932E-01   -9.999932E-01   -9.999932E-01   -9.999932E-01   -9.999927E-01
   -9.999930E-01   -9.999930E-01   -9.999930E-01   -9.999930E-01   -9.999929E-01   -9.999924E-01
   -9.999927E-01   -9.999927E-01   -9.999927E-01   -9.999927E-01   -9.999926E-01   -9.999921E-01
   -9.999924E-01   -9.999924E-01   -9.999924E-01   -9.999924E-01   -9.999924E-01   -9.999918E-01
   -9.999922E-01   -9.999922E-01   -9.999922E-01   -9.999921E-01   -9.999921E-01   -9.999914E-01
   -9.999919E-01   -9.999919E-01   -9.999919E-01   -9.999918E-01   -9.999918E-01   -9.999911E-01
   -9.999915E-01   -9.999915E-01   -9.999915E-01   -9.999915E-01   -9.999914E-01   -9.999907E-01
   -9.999912E-01   -9.999912E-01   -9.999912E-01   -9.999912E-01   -9.999911E-01   -9.999903E-01
   -9.999909E-01   -9.999909E-01   -9.999909E-01   -9.999909E-01   -9.999908E-01   -9.999899E-01
   -9.999905E-01   -9.999905E-01   -9.999905E-01   -9.999905E-01   -9.999904E-01   -9.999895E-01
   -9.999902E-01   -9.999902E-01   -9.999902E-01   -9.999902E-01   -9.999901E-01   -9.999891E-01
   -9.999898E-01   -9.999898E-01   -9.999898E-01   -9.999898E-01   -9.999897E-01   -9.999886E-01
   -9.999894E-01   -9.999894E-01   -9.999894E-01   -9.999894E-01   -9.999893E-01   -9.999882E-01
   -9.999890E-01   -9.999890E-01   -9.999890E-01   -9.999890E-01   -9.999889E-01   -9.999877E-01
   -9.999886E-01   -9.999886E-01   -9.999886E-01   -9.999886E-01   -9.999884E-01   -9.999872E-01
   -9.999882E-01   -9.999882E-01   -9.999882E-01   -9.999882E-01   -9.999880E-01   -9.999866E-01
   -9.999878E-01   -9.999878E-01   -9.999878E-01   -9.999877E-01   -9.999875E-01   -9.999861E-01
   -9.999873E-01   -9.999873E-01   -9.999873E-01   -9.999872E-01   -9.999871E-01   -9.999855E-01
   -9.999868E-01   -9.999868E-01   -9.999868E-01   -9.999868E-01   -9.999866E-01   -9.999849E-01
   -9.999863E-01   -9.999863E-01   -9.999863E-01   -9.999863E-01   -9.999861E-01   -9.999843E-01
   -9.999858E-01   -9.999858E-01   -9.999858E-01   -9.999857E-01   -9.999855E-01   -9.999836E-01
   -9.999853E-01   -9.999853E-01   -9.999853E-01   -9.999852E-01   -9.999850E-01   -9.999829E-01
   -9.999847E-01   -9.999847E-01   -9.999847E-01   -9.999847E-01   -9.999844E-01   -9.999822E-01
   -9.999841E-01   -9.999841E-01   -9.999841E-01   -9.999841E-01   -9.999838E-01   -9.999814E-01
   -9.999835E-01   -9.999835E-01   -9.999835E-01   -9.999835E-01   -9.999832E-01   -9.999806E-01
   -9.999829E-01   -9.999829E-01   -9.999829E-01   -9.999829E-01   -9.999825E-01   -9.999797E-01
   -9.999823E-01   -9.999823E-01   -9.999823E-01   -9.999822E-01   -9.999819E-01   -9.999789E-01
   -9.999816E-01   -9.999816E-01   -9.999816E-01   -9.999815E-01   -9.999812E-01   -9.999779E-01
   -9.999809E-01   -9.999809E-01   -9.999809E-01   -9.999808E-01   -9.999804E-01   -9.999770E-01
   -9.999802E-01   -9.999802E-01   -9.999802E-01   -9.999801E-01   -9.999797E-01   -9.999760E-01
   -9.999795E-01   -9.999795E-01   -9.999795E-01   -9.999794E-01   -9.999789E-01   -9.999749E-01
   -9.999787E-01   -9.999787E-01   -9.999787E-01   -9.999786E-01   -9.999781E-01   -9.999738E-01
   -9.999779E-01   -9.999779E-01   -9.999779E-01   -9.999778E-01   -9.999772E-01   -9.999726E-01
   -9.999771E-01   -9.999771E-01   -9.999771E-01   -9.999769E-01   -9.999764E-01   -9.999714E-01
   -9.999762E-01   -9.999762E-01   -9.999762E-01   -9.999761E-01   -9.999754E-01   -9.999701E-01
   -9.999753E-01   -9.999753E-01   -9.999753E-01   -9.999752E-01   -9.999745E-01   -9.999687E-01
   -9.999744E-01   -9.999744E-01   -9.999744E-01   -9.999742E-01   -9.999735E-01   -9.999673E-01
   -9.999734E-01   -9.999734E-01   -9.999734E-01   -9.999732E-01   -9.999725E-01   -9.999658E-01
   -9.999724E-01   -9.999724E-01   -9.999724E-01   -9.999722E-01   -9.999714E-01   -9.999642E-01
   -9.999714E-01   -9.999714E-01   -9.999714E-01   -9.999712E-01   -9.999703E-01   -9.999626E-01
   -9.999703E-01   -9.999703E-01   -9.999703E-01   -9.999701E-01   -9.999691E-01   -9.999608E-01
   -9.999692E-01   -9.999692E-01   -9.999692E-01   -9.999690E-01   -9.999679E-01   -9.999590E-01
   -9.999680E-01   -9.999680E-01   -9.999680E-01   -9.999678E-01   -9.999667E-01   -9.999571E-01
   -9.999668E-01   -9.999668E-01   -9.999668E-01   -9.999666E-01   -9.999654E-01   -9.999551E-01
   -9.999656E-01   -9.999656E-01   -9.999656E-01   -9.999653E-01   -9.999640E-01   -9.999529E-01
   -9.999643E-01   -9.999643E-01   -9.999643E-01   -9.999640E-01   -9.999626E-01   -9.999507E-01
   -9.999630E-01   -9.999630E-01   -9.999630E-01   -9.999626E-01   -9.999611E-01   -9.999483E-01
   -9.999616E-01   -9.999616E-01   -9.999616E-01   -9.999612E-01   -9.999596E-01   -9.999458E-01
   -9.999601E-01   -9.999601E-01   -9.999601E-01   -9.999597E-01   -9.999580E-01   -9.999431E-01
   -9.999586E-01   -9.999586E-01   -9.999586E-01   -9.999582E-01   -9.999563E-01   -9.999403E-01
   -9.999571E-01   -9.999571E-01   -9.999571E-01   -9.999566E-01   -9.999546E-01   -9.999374E-01
   -9.999555E-01   -9.999555E-01   -9.999555E-01   -9.999550E-01   -9.999528E-01   -9.999343E-01
   -9.999538E-01   -9.999538E-01   -9.999538E-01   -9.999533E-01   -9.999509E-01   -9.999310E-01
   -9.999521E-01   -9.999521E-01   -9.999521E-01   -9.999515E-01   -9.999490E-01   -9.999275E-01
   -9.999503E-01   -9.999503E-01   -9.999503E-01   -9.999496E-01   -9.999469E-01   -9.999238E-01
   -9.999484E-01   -9.999484E-01   -9.999484E-01   -9.999477E-01   -9.999448E-01   -9.999199E-01
   -9.999465E-01   -9.999465E-01   -9.999465E-01   -9.999457E-01   -9.999426E-01   -9.999158E-01
   -9.999445E-01   -9.999445E-01   -9.999445E-01   -9.999437E-01   -9.999403E-01   -9.999115E-01
   -9.999424E-01   -9.999424E-01   -9.999424E-01   -9.999415E-01   -9.999379E-01   -9.999069E-01
   -9.999402E-01   -9.999402E-01   -9.999402E-01   -9.999393E-01   -9.999354E-01   -9.999020E-01
   -9.999380E-01   -9.999380E-01   -9.999380E-01   -9.999370E-01   -9.999328E-01   -9.998968E-01
   -9.999356E-01   -9.999356E-01   -9.999356E-01   -9.999346E-01   -9.999301E-01   -9.998914E-01
   -9.999332E-01   -9.999332E-01   -9.999332E-01   -9.999321E-01   -9.999272E-01   -9.998856E-01
   -9.999307E-01   -9.999307E-01   -9.999307E-01   -9.999295E-01   -9.999243E-01   -9.998794E-01
   -9.999281E-01   -9.999281E-01   -9.999281E-01   -9.999268E-01   -9.999212E-01   -9.998729E-01
   -9.999254E-01   -9.999254E-01   -9.999254E-01   -9.999240E-01   -9.999179E-01   -9.998660E-01
   -9.999226E-01   -9.999226E-01   -9.999226E-01   -9.999211E-01   -9.999146E-01   -9.998587E-01
   -9.999197E-01   -9.999197E-01   -9.999197E-01   -9.999181E-01   -9.999110E-01   -9.998509E-01
   -9.999167E-01   -9.999167E-01   -9.999167E-01   -9.999149E-01   -9.999074E-01   -9.998426E-01
   -9.999136E-01   -9.999136E-01   -9.999136E-01   -9.999117E-01   -9.999035E-01   -9.998338E-01
   -9.999104E-01   -9.999104E-01   -9.999103E-01   -9.999083E-01   -9.998995E-01   -9.998245E-01
   -9.999070E-01   -9.999070E-01   -9.999070E-01   -9.999048E-01   -9.998953E-01   -9.998146E-01
   -9.999035E-01   -9.999035E-01   -9.999035E-01   -9.999011E-01   -9.998909E-01   -9.998040E-01
   -9.998999E-01   -9.998999E-01   -9.998999E-01   -9.998973E-01   -9.998864E-01   -9.997928E-01
   -9.998961E-01   -9.998961E-01   -9.998961E-01   -9.998933E-01   -9.998816E-01   -9.997808E-01
   -9.998922E-01   -9.998922E-01   -9.998922E-01   -9.998892E-01   -9.998766E-01   -9.997681E-01
   -9.998882E-01   -9.998882E-01   -9.998882E-01   -9.998850E-01   -9.998713E-01   -9.997546E-01
   -9.998840E-01   -9.998840E-01   -9.998840E-01   -9.998805E-01   -9.998658E-01   -9.997402E-01
   -9.998796E-01   -9.998796E-01   -9.998796E-01   -9.998759E-01   -9.998601E-01   -9.997249E-01
   -9.998751E-01   -9.998751E-01   -9.998751E-01   -9.998711E-01   -9.998541E-01   -9.997085E-01
   -9.998704E-01   -9.998704E-01   -9.998704E-01   -9.998661E-01   -9.998478E-01   -9.996911E-01
   -9.998656E-01   -9.998656E-01   -9.998656E-01   -9.998609E-01   -9.998412E-01   -9.996726E-01
   -9.998605E-01   -9.998605E-01   -9.998605E-01   -9.998555E-01   -9.998343E-01   -9.996528E-01
   -9.998553E-01   -9.998553E-01   -9.998553E-01   -9.998499E-01   -9.998271E-01   -9.996317E-01
   -9.998499E-01   -9.998499E-01   -9.998499E-01   -9.998441E-01   -9.998195E-01   -9.996092E-01
   -9.998443E-01   -9.998443E-01   -9.998443E-01   -9.998380E-01   -9.998116E-01   -9.995852E-01
   -9.998384E-01   -9.998384E-01   -9.998384E-01   -9.998317E-01   -9.998032E-01   -9.995595E-01
   -9.998324E-01   -9.998324E-01   -9.998324E-01   -9.998251E-01   -9.997945E-01   -9.995322E-01
   -9.998261E-01   -9.998261E-01   -9.998261E-01   -9.998183E-01   -9.997853E-01   -9.995030E-01
   -9.998196E-01   -9.998196E-01   -9.998196E-01   -9.998112E-01   -9.997757E-01   -9.994718E-01
   -9.998128E-01   -9.998128E-01   -9.998128E-01   -9.998038E-01   -9.997656E-01   -9.994384E-01
   -9.998058E-01   -9.998058E-01   -9.998058E-01   -9.997961E-01   -9.997549E-01   -9.994028E-01
   -9.997985E-01   -9.997985E-01   -9.997985E-01   -9.997881E-01   -9.997438E-01   -9.993648E-01
   -9.997910E-01   -9.997910E-01   -9.997909E-01   -9.997797E-01   -9.997321E-01   -9.993241E-01
   -9.997831E-01   -9.997831E-01   -9.997831E-01   -9.997710E-01   -9.997197E-01   -9.992806E-01
   -9.997750E-01   -9.997750E-01   -9.997750E-01   -9.997620E-01   -9.997068E-01   -9.992341E-01
   -9.997666E-01   -9.997666E-01   -9.997666E-01   -9.997526E-01   -9.996931E-01   -9.991844E-01
   -9.997579E-01   -9.997579E-01   -9.997578E-01   -9.997427E-01   -9.996788E-01   -9.991312E-01
   -9.997488E-01   -9.997488E-01   -9.997487E-01   -9.997325E-01   -9.996637E-01   -9.990743E-01
   -9.997394E-01   -9.997394E-01   -9.997393E-01   -9.997219E-01   -9.996478E-01   -9.990134E-01
   -9.997296E-01   -9.997296E-01   -9.997296E-01   -9.997108E-01   -9.996310E-01   -9.989483E-01
   -9.997195E-01   -9.997195E-01   -9.997194E-01   -9.996992E-01   -9.996134E-01   -9.988785E-01
   -9.997090E-01   -9.997090E-01   -9.997089E-01   -9.996872E-01   -9.995947E-01   -9.988039E-01
   -9.996981E-01   -9.996981E-01   -9.996980E-01   -9.996746E-01   -9.995751E-01   -9.987239E-01
   -9.996868E-01   -9.996868E-01   -9.996867E-01   -9.996615E-01   -9.995545E-01   -9.986383E-01
   -9.996751E-01   -9.996751E-01   -9.996750E-01   -9.996479E-01   -9.995326E-01   -9.985466E-01
   -9.996629E-01   -9.996629E-01   -9.996629E-01   -9.996336E-01   -9.995096E-01   -9.984484E-01
   -9.996503E-01   -9.996503E-01   -9.996502E-01   -9.996188E-01   -9.994853E-01   -9.983432E-01
   -9.996373E-01   -9.996373E-01   -9.996372E-01   -9.996033E-01   -9.994597E-01   -9.982304E-01
   -9.996237E-01   -9.996237E-01   -9.996236E-01   -9.995872E-01   -9.994325E-01   -9.981096E-01
   -9.996096E-01   -9.996096E-01   -9.996095E-01   -9.995703E-01   -9.994039E-01   -9.979801E-01
   -9.995950E-01   -9.995950E-01   -9.995949E-01   -9.995527E-01   -9.993736E-01   -9.978414E-01
   -9.995799E-01   -9.995799E-01   -9.995798E-01   -9.995344E-01   -9.993416E-01   -9.976926E-01
   -9.995642E-01   -9.995642E-01   -9.995641E-01   -9.995152E-01   -9.993077E-01   -9.975331E-01
   -9.995479E-01   -9.995479E-01   -9.995478E-01   -9.994952E-01   -9.992719E-01   -9.973621E-01
   -9.995310E-01   -9.995310E-01   -9.995309E-01   -9.994743E-01   -9.992340E-01   -9.971788E-01
   -9.995135E-01   -9.995135E-01   -9.995133E-01   -9.994524E-01   -9.991938E-01   -9.969822E-01
   -9.994954E-01   -9.994953E-01   -9.994952E-01   -9.994296E-01   -9.991513E-01   -9.967714E-01
   -9.994765E-01   -9.994765E-01   -9.994763E-01   -9.994058E-01   -9.991063E-01   -9.965452E-01
   -9.994570E-01   -9.994570E-01   -9.994568E-01   -9.993808E-01   -9.990585E-01   -9.963027E-01
   -9.994367E-01   -9.994367E-01   -9.994365E-01   -9.993548E-01   -9.990079E-01   -9.960425E-01
   -9.994157E-01   -9.994157E-01   -9.994155E-01   -9.993275E-01   -9.989543E-01   -9.957634E-01
   -9.993939E-01   -9.993939E-01   -9.993936E-01   -9.992990E-01   -9.988974E-01   -9.954639E-01
   -9.993713E-01   -9.993713E-01   -9.993710E-01   -9.992692E-01   -9.988370E-01   -9.951426E-01
   -9.993479E-01   -9.993479E-01   -9.993476E-01   -9.992380E-01   -9.987729E-01   -9.947979E-01
   -9.993236E-01   -9.993236E-01   -9.993232E-01   -9.992054E-01   -9.987049E-01   -9.944281E-01
   -9.992984E-01   -9.992984E-01   -9.992980E-01   -9.991712E-01   -9.986326E-01   -9.940312E-01
   -9.992723E-01   -9.992723E-01   -9.992719E-01   -9.991354E-01   -9.985559E-01   -9.936053E-01
   -9.992452E-01   -9.992452E-01   -9.992447E-01   -9.990979E-01   -9.984743E-01   -9.931483E-01
   -9.992171E-01   -9.992171E-01   -9.992166E-01   -9.990586E-01   -9.983877E-01   -9.926579E-01
   -9.991880E-01   -9.991879E-01   -9.991875E-01   -9.990174E-01   -9.982955E-01   -9.921315E-01
   -9.991578E-01   -9.991577E-01   -9.991572E-01   -9.989742E-01   -9.981975E-01   -9.915667E-01
   -9.991264E-01   -9.991264E-01   -9.991259E-01   -9.989290E-01   -9.980933E-01   -9.909605E-01
   -9.990940E-01   -9.990940E-01   -9.990934E-01   -9.988815E-01   -9.979824E-01   -9.903099E-01
   -9.990603E-01   -9.990603E-01   -9.990597E-01   -9.988318E-01   -9.978644E-01   -9.896117E-01
   -9.990254E-01   -9.990254E-01   -9.990247E-01   -9.987795E-01   -9.977388E-01   -9.888623E-01
   -9.989893E-01   -9.989892E-01   -9.989885E-01   -9.987247E-01   -9.976051E-01   -9.880582E-01
   -9.989518E-01   -9.989517E-01   -9.989509E-01   -9.986671E-01   -9.974627E-01   -9.871951E-01
   -9.989129E-01   -9.989128E-01   -9.989120E-01   -9.986067E-01   -9.973110E-01   -9.862690E-01
   -9.988726E-01   -9.988725E-01   -9.988716E-01   -9.985432E-01   -9.971493E-01   -9.852751E-01
   -9.988308E-01   -9.988308E-01   -9.988298E-01   -9.984765E-01   -9.969771E-01   -9.842086E-01
   -9.987875E-01   -9.987875E-01   -9.987864E-01   -9.984063E-01   -9.967935E-01   -9.830641E-01
   -9.987427E-01   -9.987426E-01   -9.987415E-01   -9.983326E-01   -9.965978E-01   -9.818362E-01
   -9.986961E-01   -9.986961E-01   -9.986949E-01   -9.982551E-01   -9.963891E-01   -9.805187E-01
   -9.986479E-01   -9.986479E-01   -9.986466E-01   -9.981735E-01   -9.961665E-01   -9.791052E-01
   -9.985980E-01   -9.985979E-01   -9.985965E-01   -9.980877E-01   -9.959291E-01   -9.775888E-01
   -9.985462E-01   -9.985461E-01   -9.985446E-01   -9.979973E-01   -9.956758E-01   -9.759622E-01
   -9.984926E-01   -9.984925E-01   -9.984908E-01   -9.979022E-01   -9.954056E-01   -9.742175E-01
   -9.984370E-01   -9.984369E-01   -9.984351E-01   -9.978021E-01   -9.951172E-01   -9.723463E-01
   -9.983794E-01   -9.983793E-01   -9.983774E-01   -9.976966E-01   -9.948093E-01   -9.703397E-01
   -9.983197E-01   -9.983196E-01   -9.983176E-01   -9.975854E-01   -9.944807E-01   -9.681881E-01
   -9.982578E-01   -9.982577E-01   -9.982556E-01   -9.974682E-01   -9.941299E-01   -9.658815E-01
   -9.981938E-01   -9.981937E-01   -9.981913E-01   -9.973447E-01   -9.937553E-01   -9.634089E-01
   -9.981274E-01   -9.981273E-01   -9.981248E-01   -9.972144E-01   -9.933552E-01   -9.607588E-01
   -9.980587E-01   -9.980585E-01   -9.980558E-01   -9.970769E-01   -9.929279E-01   -9.579189E-01
   -9.979874E-01   -9.979873E-01   -9.979844E-01   -9.969319E-01   -9.924715E-01   -9.548763E-01
   -9.979137E-01   -9.979135E-01   -9.979104E-01   -9.967788E-01   -9.919840E-01   -9.516171E-01
   -9.978373E-01   -9.978371E-01   -9.978337E-01   -9.966172E-01   -9.914632E-01   -9.481267E-01
   -9.977582E-01   -9.977580E-01   -9.977544E-01   -9.964465E-01   -9.909068E-01   -9.443895E-01
   -9.976762E-01   -9.976760E-01   -9.976721E-01   -9.962662E-01   -9.903122E-01   -9.403890E-01
   -9.975914E-01   -9.975912E-01   -9.975870E-01   -9.960757E-01   -9.896769E-01   -9.361078E-01
   -9.975035E-01   -9.975033E-01   -9.974988E-01   -9.958744E-01   -9.889980E-01   -9.315277E-01
   -9.974126E-01   -9.974123E-01   -9.974075E-01   -9.956616E-01   -9.882726E-01   -9.266291E-01
   -9.973184E-01   -9.973181E-01   -9.973129E-01   -9.954365E-01   -9.874973E-01   -9.213918E-01
   -9.972209E-01   -9.972206E-01   -9.972150E-01   -9.951985E-01   -9.866687E-01   -9.157942E-01
   -9.971200E-01   -9.971197E-01   -9.971137E-01   -9.949468E-01   -9.857832E-01   -9.098140E-01
   -9.970155E-01   -9.970153E-01   -9.970088E-01   -9.946803E-01   -9.848369E-01   -9.034276E-01
   -9.969074E-01   -9.969071E-01   -9.969002E-01   -9.943984E-01   -9.838256E-01   -8.966104E-01
   -9.967956E-01   -9.967953E-01   -9.967878E-01   -9.940999E-01   -9.827448E-01   -8.893368E-01
   -9.966798E-01   -9.966795E-01   -9.966714E-01   -9.937839E-01   -9.815898E-01   -8.815803E-01
   -9.965601E-01   -9.965597E-01   -9.965511E-01   -9.934492E-01   -9.803555E-01   -8.733131E-01
   -9.964362E-01   -9.964358E-01   -9.964265E-01   -9.930947E-01   -9.790366E-01   -8.645070E-01
   -9.963080E-01   -9.963076E-01   -9.962976E-01   -9.927191E-01   -9.776274E-01   -8.551327E-01
   -9.961755E-01   -9.961750E-01   -9.961643E-01   -9.923211E-01   -9.761218E-01   -8.451602E-01
   -9.960384E-01   -9.960379E-01   -9.960264E-01   -9.918994E-01   -9.745133E-01   -8.345590E-01
   -9.958966E-01   -9.958961E-01   -9.958837E-01   -9.914524E-01   -9.727950E-01   -8.232982E-01
   -9.957500E-01   -9.957495E-01   -9.957362E-01   -9.909785E-01   -9.709597E-01   -8.113467E-01
   -9.955985E-01   -9.955979E-01   -9.955836E-01   -9.904760E-01   -9.689997E-01   -7.986736E-01
   -9.954419E-01   -9.954412E-01   -9.954259E-01   -9.899432E-01   -9.669067E-01   -7.852481E-01
   -9.952799E-01   -9.952792E-01   -9.952628E-01   -9.893781E-01   -9.646722E-01   -7.710402E-01
   -9.951126E-01   -9.951118E-01   -9.950942E-01   -9.887788E-01   -9.622868E-01   -7.560211E-01
   -9.949397E-01   -9.949389E-01   -9.949200E-01   -9.881431E-01   -9.597410E-01   -7.401632E-01
   -9.947611E-01   -9.947602E-01   -9.947399E-01   -9.874686E-01   -9.570244E-01   -7.234411E-01
   -9.945766E-01   -9.945756E-01   -9.945538E-01   -9.867531E-01   -9.541263E-01   -7.058322E-01
   -9.943860E-01   -9.943850E-01   -9.943616E-01   -9.859940E-01   -9.510352E-01   -6.873168E-01
   -9.941892E-01   -9.941881E-01   -9.941630E-01   -9.851884E-01   -9.477392E-01   -6.678794E-01
   -9.939860E-01   -9.939848E-01   -9.939579E-01   -9.843337E-01   -9.442255E-01   -6.475093E-01
   -9.937763E-01   -9.937750E-01   -9.937461E-01   -9.834267E-01   -9.404811E-01   -6.262013E-01
   -9.935598E-01   -9.935584E-01   -9.935275E-01   -9.824643E-01   -9.364918E-01   -6.039571E-01
   -9.933364E-01   -9.933349E-01   -9.933017E-01   -9.814430E-01   -9.322433E-01   -5.807860E-01
   -9.931058E-01   -9.931042E-01   -9.930687E-01   -9.803592E-01   -9.277203E-01   -5.567059E-01
   -9.928680E-01   -9.928663E-01   -9.928282E-01   -9.792092E-01   -9.229068E-01   -5.317449E-01
   -9.926228E-01   -9.926210E-01   -9.925801E-01   -9.779890E-01   -9.177865E-01   -5.059423E-01
   -9.923699E-01   -9.923679E-01   -9.923241E-01   -9.766944E-01   -9.123421E-01   -4.793495E-01
   -9.921091E-01   -9.921071E-01   -9.920601E-01   -9.753208E-01   -9.065559E-01   -4.520320E-01
   -9.918404E-01   -9.918382E-01   -9.917879E-01   -9.738636E-01   -9.004094E-01   -4.240698E-01
   -9.915635E-01   -9.915611E-01   -9.915072E-01   -9.723179E-01   -8.938837E-01   -3.955591E-01
   -9.912781E-01   -9.912756E-01   -9.912179E-01   -9.706785E-01   -8.869595E-01   -3.666129E-01
   -9.909843E-01   -9.909815E-01   -9.909198E-01   -9.689399E-01   -8.796166E-01   -3.373623E-01
   -9.906816E-01   -9.906787E-01   -9.906126E-01   -9.670965E-01   -8.718350E-01   -3.079565E-01
   -9.903700E-01   -9.903669E-01   -9.902961E-01   -9.651421E-01   -8.635939E-01   -2.785636E-01
   -9.900493E-01   -9.900460E-01   -9.899703E-01   -9.630706E-01   -8.548725E-01   -2.493700E-01
   -9.897193E-01   -9.897157E-01   -9.896347E-01   -9.608753E-01   -8.456500E-01   -2.205798E-01
   -9.893799E-01   -9.893760E-01   -9.892894E-01   -9.585493E-01   -8.359056E-01   -1.924137E-01
   -9.890307E-01   -9.890266E-01   -9.889339E-01   -9.560856E-01   -8.256186E-01   -1.651066E-01
   -9.886718E-01   -9.886673E-01   -9.885683E-01   -9.534765E-01   -8.147689E-01   -1.389051E-01
   -9.883028E-01   -9.882981E-01   -9.881922E-01   -9.507143E-01   -8.033369E-01   -1.140633E-01
   -9.879237E-01   -9.879186E-01   -9.878054E-01   -9.477909E-01   -7.913038E-01   -9.083854E-02
   -9.875342E-01   -9.875288E-01   -9.874079E-01   -9.446979E-01   -7.786522E-01   -6.948497E-02
   -9.871343E-01   -9.871285E-01   -9.869993E-01   -9.414266E-01   -7.653657E-01   -5.024704E-02
   -9.867237E-01   -9.867176E-01   -9.865796E-01   -9.379680E-01   -7.514300E-01   -3.335137E-02
   -9.863024E-01   -9.862958E-01   -9.861485E-01   -9.343127E-01   -7.368327E-01   -1.899797E-02
   -9.858701E-01   -9.858631E-01   -9.857058E-01   -9.304512E-01   -7.215641E-01   -7.350542E-03
   -9.854269E-01   -9.854194E-01   -9.852515E-01   -9.263737E-01   -7.056172E-01    1.473488E-03
   -9.849724E-01   -9.849644E-01   -9.847853E-01   -9.220701E-01   -6.889885E-01    7.413148E-03
   -9.845066E-01   -9.844981E-01   -9.843071E-01   -9.175300E-01   -6.716784E-01    1.047354E-02
   -9.840295E-01   -9.840204E-01   -9.838167E-01   -9.127431E-01   -6.536915E-01    1.073442E-02
   -9.835409E-01   -9.835312E-01   -9.833140E-01   -9.076986E-01   -6.350376E-01    8.356892E-03
   -9.830407E-01   -9.830304E-01   -9.827989E-01   -9.023858E-01   -6.157318E-01    3.587443E-03
   -9.825289E-01   -9.825179E-01   -9.822713E-01   -8.967937E-01   -5.957953E-01   -3.241580E-03
   -9.820054E-01   -9.819937E-01   -9.817311E-01   -8.909115E-01   -5.752558E-01   -1.171596E-02
   -9.814702E-01   -9.814577E-01   -9.811781E-01   -8.847284E-01   -5.541484E-01   -2.134884E-02
   -9.809232E-01   -9.809099E-01   -9.806122E-01   -8.782333E-01   -5.325157E-01   -3.159575E-02
   -9.803643E-01   -9.803502E-01   -9.800335E-01   -8.714158E-01   -5.104087E-01   -4.187576E-02
   -9.797937E-01   -9.797787E-01   -9.794418E-01   -8.642653E-01   -4.878868E-01   -5.159858E-02
   -9.792113E-01   -9.791953E-01   -9.788371E-01   -8.567717E-01   -4.650187E-01   -6.019677E-02
   -9.786171E-01   -9.786001E-01   -9.782193E-01   -8.489251E-01   -4.418824E-01   -6.716171E-02
   -9.780111E-01   -9.779931E-01   -9.775885E-01   -8.407165E-01   -4.185651E-01   -7.208100E-02
   -9.773935E-01   -9.773743E-01   -9.769445E-01   -8.321369E-01   -3.951637E-01   -7.467441E-02
   -9.767643E-01   -9.767439E-01   -9.762876E-01   -8.231786E-01   -3.717844E-01   -7.482454E-02
   -9.761235E-01   -9.761018E-01   -9.756175E-01   -8.138343E-01   -3.485421E-01   -7.259827E-02
   -9.754713E-01   -9.754483E-01   -9.749345E-01   -8.040979E-01   -3.255603E-01   -6.825480E-02
   -9.748078E-01   -9.747835E-01   -9.742385E-01   -7.939643E-01   -3.029696E-01   -6.223652E-02
   -9.741332E-01   -9.741074E-01   -9.735296E-01   -7.834298E-01   -2.809070E-01   -5.514043E-02
   -9.734476E-01   -9.734203E-01   -9.728080E-01   -7.724918E-01   -2.595140E-01   -4.766934E-02
   -9.727512E-01   -9.727222E-01   -9.720736E-01   -7.611496E-01   -2.389352E-01   -4.056493E-02
   -9.720442E-01   -9.720135E-01   -9.713267E-01   -7.494041E-01   -2.193157E-01   -3.452768E-02
   -9.713268E-01   -9.712943E-01   -9.705674E-01   -7.372581E-01   -2.007988E-01   -3.013194E-02
   -9.705992E-01   -9.705648E-01   -9.697958E-01   -7.247164E-01   -1.835230E-01   -2.774722E-02
   -9.698617E-01   -9.698254E-01   -9.690121E-01   -7.117861E-01   -1.676190E-01   -2.747852E-02
   -9.691146E-01   -9.690762E-01   -9.682165E-01   -6.984767E-01   -1.532062E-01   -2.913824E-02
   -9.683582E-01   -9.683176E-01   -9.674092E-01   -6.848003E-01   -1.403887E-01   -3.225988E-02
   -9.675927E-01   -9.675498E-01   -9.665905E-01   -6.707718E-01   -1.292524E-01   -3.615833E-02
   -9.668185E-01   -9.667733E-01   -9.657606E-01   -6.564087E-01   -1.198602E-01   -4.003360E-02
   -9.660360E-01   -9.659882E-01   -9.649197E-01   -6.417318E-01   -1.122496E-01   -4.310558E-02
   -9.652455E-01   -9.651951E-01   -9.640681E-01   -6.267649E-01   -1.064281E-01   -4.475821E-02
   -9.644473E-01   -9.643942E-01   -9.632061E-01   -6.115349E-01   -1.023716E-01   -4.466453E-02
   -9.636419E-01   -9.635859E-01   -9.623341E-01   -5.960723E-01   -1.000214E-01   -4.286269E-02
   -9.628296E-01   -9.627707E-01   -9.614523E-01   -5.804106E-01   -9.928323E-02   -3.975832E-02
   -9.620110E-01   -9.619489E-01   -9.605611E-01   -5.645867E-01   -1.000269E-01   -3.604241E-02
   -9.611863E-01   -9.611211E-01   -9.596608E-01   -5.486410E-01   -1.020875E-01   -3.253362E-02
   -9.603562E-01   -9.602875E-01   -9.587518E-01   -5.326169E-01   -1.052674E-01   -2.997620E-02
   -9.595209E-01   -9.594487E-01   -9.578345E-01   -5.165609E-01   -1.093406E-01   -2.884345E-02
   -9.586810E-01   -9.586051E-01   -9.569092E-01   -5.005225E-01   -1.140580E-01   -2.920362E-02
   -9.578369E-01   -9.577573E-01   -9.559764E-01   -4.845536E-01   -1.191544E-01   -3.069604E-02
   -9.569892E-01   -9.569056E-01   -9.550364E-01   -4.687089E-01   -1.243570E-01   -3.263731E-02
   -9.561383E-01   -9.560506E-01   -9.540897E-01   -4.530446E-01   -1.293954E-01   -3.423687E-02
   -9.552847E-01   -9.551927E-01   -9.531367E-01   -4.376188E-01   -1.340116E-01   -3.485921E-02
   -9.544289E-01   -9.543325E-01   -9.521778E-01   -4.224906E-01   -1.379716E-01   -3.423503E-02
   -9.535714E-01   -9.534704E-01   -9.512134E-01   -4.077195E-01   -1.410759E-01   -3.258260E-02
   -9.527127E-01   -9.526070E-01   -9.502441E-01   -3.933650E-01   -1.431697E-01   -3.048241E-02
   -9.518532E-01   -9.517426E-01   -9.492701E-01   -3.794857E-01   -1.441518E-01   -2.866519E-02
   -9.509936E-01   -9.508779E-01   -9.482919E-01   -3.661389E-01   -1.439806E-01   -2.769997E-02
   -9.501340E-01   -9.500130E-01   -9.473099E-01   -3.533793E-01   -1.426779E-01   -2.775323E-02
   -9.492744E-01   -9.491480E-01   -9.463238E-01   -3.412591E-01   -1.403288E-01   -2.852733E-02
   -9.484320E-01   -9.483000E-01   -9.453504E-01   -3.298196E-01   -1.370657E-01   -2.941751E-02
   -9.483179E-01   -9.481852E-01   -9.452188E-01   -3.283615E-01   -1.365781E-01   -2.950932E-02
   -9.482038E-01   -9.480703E-01   -9.450870E-01   -3.269164E-01   -1.360786E-01   -2.959100E-02
   -9.480895E-01   -9.479552E-01   -9.449550E-01   -3.254843E-01   -1.355677E-01   -2.966150E-02
   -9.479750E-01   -9.478399E-01   -9.448227E-01   -3.240654E-01   -1.350461E-01   -2.971994E-02
   -9.478602E-01   -9.477244E-01   -9.446901E-01   -3.226597E-01   -1.345141E-01   -2.976554E-02
   -9.477452E-01   -9.476086E-01   -9.445571E-01   -3.212674E-01   -1.339725E-01   -2.979768E-02
   -9.476299E-01   -9.474926E-01   -9.444239E-01   -3.198885E-01   -1.334218E-01   -2.981587E-02
   -9.475144E-01   -9.473763E-01   -9.442903E-01   -3.185231E-01   -1.328626E-01   -2.981976E-02
   -9.473984E-01   -9.472595E-01   -9.441561E-01   -3.171714E-01   -1.322954E-01   -2.980918E-02
   -9.472818E-01   -9.471422E-01   -9.440214E-01   -3.158334E-01   -1.317209E-01   -2.978409E-02
   -9.471647E-01   -9.470242E-01   -9.438860E-01   -3.145094E-01   -1.311397E-01   -2.974460E-02
   -9.470469E-01   -9.469057E-01   -9.437499E-01   -3.131993E-01   -1.305524E-01   -2.969097E-02
   -9.469284E-01   -9.467864E-01   -9.436130E-01   -3.119033E-01   -1.299596E-01   -2.962361E-02
   -9.468091E-01   -9.466663E-01   -9.434752E-01   -3.106214E-01   -1.293620E-01   -2.954307E-02
   -9.466889E-01   -9.465453E-01   -9.433365E-01   -3.093538E-01   -1.287602E-01   -2.945004E-02
   -9.465677E-01   -9.464233E-01   -9.431968E-01   -3.081005E-01   -1.281548E-01   -2.934531E-02
   -9.464456E-01   -9.463004E-01   -9.430560E-01   -3.068617E-01   -1.275465E-01   -2.922980E-02
   -9.463223E-01   -9.461763E-01   -9.429141E-01   -3.056374E-01   -1.269360E-01   -2.910454E-02
   -9.461978E-01   -9.460510E-01   -9.427709E-01   -3.044277E-01   -1.263238E-01   -2.897064E-02
   -9.460721E-01   -9.459245E-01   -9.426264E-01   -3.032327E-01   -1.257106E-01   -2.882928E-02
   -9.459450E-01   -9.457966E-01   -9.424805E-01   -3.020524E-01   -1.250970E-01   -2.868171E-02
   -9.458166E-01   -9.456674E-01   -9.423332E-01   -3.008869E-01   -1.244837E-01   -2.852925E-02
   -9.456867E-01   -9.455367E-01   -9.421843E-01   -2.997362E-01   -1.238713E-01   -2.837323E-02
   -9.455553E-01   -9.454044E-01   -9.420339E-01   -2.986004E-01   -1.232604E-01   -2.821499E-02
   -9.454223E-01   -9.452706E-01   -9.418819E-01   -2.974797E-01   -1.226516E-01   -2.805589E-02
   -9.452876E-01   -9.451351E-01   -9.417281E-01   -2.963739E-01   -1.220456E-01   -2.789729E-02
   -9.451512E-01   -9.449979E-01   -9.415726E-01   -2.952832E-01   -1.214429E-01   -2.774048E-02
   -9.450130E-01   -9.448589E-01   -9.414153E-01   -2.942075E-01   -1.208442E-01   -2.758675E-02
   -9.448730E-01   -9.447180E-01   -9.412560E-01   -2.931470E-01   -1.202500E-01   -2.743731E-02
   -9.447310E-01   -9.445752E-01   -9.410948E-01   -2.921017E-01   -1.196609E-01   -2.729329E-02
   -9.445870E-01   -9.444304E-01   -9.409315E-01   -2.910715E-01   -1.190775E-01   -2.715577E-02
   -9.444409E-01   -9.442835E-01   -9.407661E-01   -2.900566E-01   -1.185002E-01   -2.702570E-02
   -9.442926E-01   -9.441344E-01   -9.405985E-01   -2.890569E-01   -1.179298E-01   -2.690394E-02
   -9.441421E-01   -9.439830E-01   -9.404286E-01   -2.880725E-01   -1.173666E-01   -2.679123E-02
   -9.439893E-01   -9.438293E-01   -9.402563E-01   -2.871033E-01   -1.168112E-01   -2.668819E-02
   -9.438340E-01   -9.436732E-01   -9.400816E-01   -2.861495E-01   -1.162640E-01   -2.659533E-02
   -9.436762E-01   -9.435146E-01   -9.399044E-01   -2.852109E-01   -1.157256E-01   -2.651299E-02
   -9.435159E-01   -9.433534E-01   -9.397245E-01   -2.842876E-01   -1.151965E-01   -2.644140E-02
   -9.433527E-01   -9.431895E-01   -9.395419E-01   -2.833796E-01   -1.146770E-01   -2.638066E-02
   -9.431868E-01   -9.430227E-01   -9.393564E-01   -2.824870E-01   -1.141676E-01   -2.633071E-02
   -9.430180E-01   -9.428530E-01   -9.391680E-01   -2.816096E-01   -1.136687E-01   -2.629139E-02
   -9.428461E-01   -9.426803E-01   -9.389766E-01   -2.807475E-01   -1.131806E-01   -2.626239E-02
   -9.426710E-01   -9.425044E-01   -9.387819E-01   -2.799007E-01   -1.127038E-01   -2.624328E-02
   -9.424927E-01   -9.423252E-01   -9.385840E-01   -2.790692E-01   -1.122386E-01   -2.623354E-02
   -9.423110E-01   -9.421426E-01   -9.383827E-01   -2.782529E-01   -1.117853E-01   -2.623251E-02
   -9.421257E-01   -9.419565E-01   -9.381778E-01   -2.774518E-01   -1.113441E-01   -2.623946E-02
   -9.419367E-01   -9.417667E-01   -9.379693E-01   -2.766658E-01   -1.109155E-01   -2.625359E-02
   -9.417439E-01   -9.415731E-01   -9.377569E-01   -2.758951E-01   -1.104995E-01   -2.627399E-02
   -9.415472E-01   -9.413755E-01   -9.375406E-01   -2.751394E-01   -1.100965E-01   -2.629975E-02
   -9.413462E-01   -9.411737E-01   -9.373201E-01   -2.743988E-01   -1.097067E-01   -2.632986E-02
   -9.411411E-01   -9.409677E-01   -9.370953E-01   -2.736732E-01   -1.093302E-01   -2.636334E-02
   -9.409314E-01   -9.407572E-01   -9.368662E-01   -2.729626E-01   -1.089671E-01   -2.639916E-02
   -9.407171E-01   -9.405421E-01   -9.366324E-01   -2.722669E-01   -1.086176E-01   -2.643631E-02
   -9.404981E-01   -9.403222E-01   -9.363939E-01   -2.715861E-01   -1.082819E-01   -2.647381E-02
   -9.402740E-01   -9.400973E-01   -9.361504E-01   -2.709200E-01   -1.079598E-01   -2.651067E-02
   -9.400449E-01   -9.398673E-01   -9.359018E-01   -2.702687E-01   -1.076516E-01   -2.654600E-02
   -9.398103E-01   -9.396319E-01   -9.356480E-01   -2.696319E-01   -1.073572E-01   -2.657893E-02
   -9.395703E-01   -9.393911E-01   -9.353886E-01   -2.690097E-01   -1.070766E-01   -2.660867E-02
   -9.393246E-01   -9.391445E-01   -9.351236E-01   -2.684020E-01   -1.068097E-01   -2.663451E-02
   -9.390729E-01   -9.388920E-01   -9.348528E-01   -2.678086E-01   -1.065565E-01   -2.665583E-02
   -9.388152E-01   -9.386335E-01   -9.345759E-01   -2.672294E-01   -1.063170E-01   -2.667209E-02
   -9.385512E-01   -9.383687E-01   -9.342929E-01   -2.666644E-01   -1.060909E-01   -2.668287E-02
   -9.382808E-01   -9.380974E-01   -9.340034E-01   -2.661133E-01   -1.058782E-01   -2.668784E-02
   -9.380037E-01   -9.378195E-01   -9.337074E-01   -2.655762E-01   -1.056786E-01   -2.668676E-02
   -9.377197E-01   -9.375348E-01   -9.334047E-01   -2.650528E-01   -1.054920E-01   -2.667950E-02
   -9.374288E-01   -9.372430E-01   -9.330950E-01   -2.645430E-01   -1.053182E-01   -2.666605E-02
   -9.371307E-01   -9.369441E-01   -9.327783E-01   -2.640467E-01   -1.051568E-01   -2.664647E-02
   -9.368252E-01   -9.366378E-01   -9.324542E-01   -2.635638E-01   -1.050078E-01   -2.662092E-02
   -9.365122E-01   -9.363240E-01   -9.321228E-01   -2.630939E-01   -1.048707E-01   -2.658965E-02
   -9.361915E-01   -9.360025E-01   -9.317838E-01   -2.626371E-01   -1.047453E-01   -2.655298E-02
   -9.358630E-01   -9.356733E-01   -9.314371E-01   -2.621931E-01   -1.046312E-01   -2.651129E-02
   -9.355265E-01   -9.353360E-01   -9.310826E-01   -2.617617E-01   -1.045281E-01   -2.646502E-02
   -9.351820E-01   -9.349907E-01   -9.307201E-01   -2.613427E-01   -1.044357E-01   -2.641467E-02
   -9.348292E-01   -9.346372E-01   -9.303495E-01   -2.609361E-01   -1.043536E-01   -2.636077E-02
   -9.344682E-01   -9.342754E-01   -9.299708E-01   -2.605414E-01   -1.042814E-01   -2.630385E-02
   -9.340988E-01   -9.339052E-01   -9.295838E-01   -2.601586E-01   -1.042187E-01   -2.624450E-02
   -9.337209E-01   -9.335266E-01   -9.291886E-01   -2.597875E-01   -1.041651E-01   -2.618328E-02
   -9.333345E-01   -9.331395E-01   -9.287850E-01   -2.594277E-01   -1.041202E-01   -2.612075E-02
   -9.329396E-01   -9.327438E-01   -9.283730E-01   -2.590792E-01   -1.040837E-01   -2.605746E-02
   -9.325362E-01   -9.323397E-01   -9.279526E-01   -2.587416E-01   -1.040550E-01   -2.599394E-02
   -9.321242E-01   -9.319269E-01   -9.275239E-01   -2.584147E-01   -1.040337E-01   -2.593068E-02
   -9.317036E-01   -9.315057E-01   -9.270867E-01   -2.580984E-01   -1.040196E-01   -2.586816E-02
   -9.312747E-01   -9.310760E-01   -9.266413E-01   -2.577923E-01   -1.040120E-01   -2.580678E-02
   -9.308372E-01   -9.306379E-01   -9.261876E-01   -2.574962E-01   -1.040106E-01   -2.574691E-02
   -9.303915E-01   -9.301915E-01   -9.257258E-01   -2.572100E-01   -1.040151E-01   -2.568889E-02
   -9.299376E-01   -9.297369E-01   -9.252559E-01   -2.569332E-01   -1.040249E-01   -2.563299E-02
   -9.294756E-01   -9.292741E-01   -9.247781E-01   -2.566657E-01   -1.040397E-01   -2.557943E-02
   -9.290056E-01   -9.288035E-01   -9.242926E-01   -2.564073E-01   -1.040591E-01   -2.552839E-02
   -9.285279E-01   -9.283251E-01   -9.237995E-01   -2.561577E-01   -1.040827E-01   -2.547997E-02
   -9.280426E-01   -9.278392E-01   -9.232989E-01   -2.559166E-01   -1.041102E-01   -2.543425E-02
   -9.275500E-01   -9.273459E-01   -9.227912E-01   -2.556839E-01   -1.041412E-01   -2.539126E-02
   -9.270503E-01   -9.268456E-01   -9.222766E-01   -2.554592E-01   -1.041753E-01   -2.535097E-02
   -9.265437E-01   -9.263384E-01   -9.217553E-01   -2.552423E-01   -1.042123E-01   -2.531332E-02
   -9.260305E-01   -9.258246E-01   -9.212275E-01   -2.550331E-01   -1.042517E-01   -2.527820E-02
   -9.255111E-01   -9.253045E-01   -9.206937E-01   -2.548312E-01   -1.042933E-01   -2.524548E-02
   -9.249857E-01   -9.247785E-01   -9.201540E-01   -2.546364E-01   -1.043368E-01   -2.521500E-02
   -9.244547E-01   -9.242469E-01   -9.196088E-01   -2.544486E-01   -1.043819E-01   -2.518655E-02
   -9.239183E-01   -9.237099E-01   -9.190585E-01   -2.542674E-01   -1.044283E-01   -2.515993E-02
   -9.233771E-01   -9.231681E-01   -9.185034E-01   -2.540927E-01   -1.044758E-01   -2.513491E-02
   -9.228312E-01   -9.226216E-01   -9.179438E-01   -2.539243E-01   -1.045242E-01   -2.511125E-02
   -9.222811E-01   -9.220710E-01   -9.173802E-01   -2.537620E-01   -1.045731E-01   -2.508871E-02
   -9.217273E-01   -9.215165E-01   -9.168129E-01   -2.536056E-01   -1.046225E-01   -2.506705E-02
   -9.211700E-01   -9.209587E-01   -9.162423E-01   -2.534549E-01   -1.046720E-01   -2.504604E-02
   -9.206097E-01   -9.203978E-01   -9.156688E-01   -2.533097E-01   -1.047214E-01   -2.502543E-02
   -9.200467E-01   -9.198343E-01   -9.150928E-01   -2.531699E-01   -1.047707E-01   -2.500503E-02
   -9.194816E-01   -9.192686E-01   -9.145146E-01   -2.530352E-01   -1.048195E-01   -2.498463E-02
   -9.189147E-01   -9.187011E-01   -9.139348E-01   -2.529056E-01   -1.048677E-01   -2.496408E-02
   -9.183464E-01   -9.181322E-01   -9.133537E-01   -2.527809E-01   -1.049152E-01   -2.494321E-02
   -9.177771E-01   -9.175624E-01   -9.127717E-01   -2.526609E-01   -1.049617E-01   -2.492192E-02
   -9.172072E-01   -9.169920E-01   -9.121892E-01   -2.525455E-01   -1.050071E-01   -2.490011E-02
   -9.166372E-01   -9.164214E-01   -9.116066E-01   -2.524346E-01   -1.050512E-01   -2.487772E-02
   -9.160674E-01   -9.158511E-01   -9.110243E-01   -2.523281E-01   -1.050939E-01   -2.485470E-02
   -9.154982E-01   -9.152814E-01   -9.104426E-01   -2.522259E-01   -1.051350E-01   -2.483106E-02
   -9.149301E-01   -9.147127E-01   -9.098620E-01   -2.521278E-01   -1.051743E-01   -2.480679E-02
   -9.143633E-01   -9.141454E-01   -9.092829E-01   -2.520337E-01   -1.052117E-01   -2.478193E-02
   -9.137982E-01   -9.135798E-01   -9.087055E-01   -2.519436E-01   -1.052471E-01   -2.475653E-02
   -9.132353E-01   -9.130163E-01   -9.081302E-01   -2.518574E-01   -1.052801E-01   -2.473063E-02
   -9.126748E-01   -9.124553E-01   -9.075574E-01   -2.517750E-01   -1.053108E-01   -2.470430E-02
   -9.121171E-01   -9.118971E-01   -9.069874E-01   -2.516963E-01   -1.053390E-01   -2.467761E-02
   -9.115625E-01   -9.113419E-01   -9.064205E-01   -2.516213E-01   -1.053644E-01   -2.465061E-02
   -9.110113E-01   -9.107902E-01   -9.058570E-01   -2.515499E-01   -1.053869E-01   -2.462337E-02
   -9.104637E-01   -9.102421E-01   -9.052972E-01   -2.514819E-01   -1.054064E-01   -2.459594E-02
   -9.099202E-01   -9.096981E-01   -9.047413E-01   -2.514175E-01   -1.054227E-01   -2.456836E-02
   -9.093809E-01   -9.091582E-01   -9.041897E-01   -2.513564E-01   -1.054357E-01   -2.454067E-02
   -9.088461E-01   -9.086229E-01   -9.036425E-01   -2.512988E-01   -1.054452E-01   -2.451290E-02
   -9.083160E-01   -9.080923E-01   -9.031000E-01   -2.512444E-01   -1.054511E-01   -2.448505E-02
   -9.077909E-01   -9.075666E-01   -9.025624E-01   -2.511933E-01   -1.054532E-01   -2.445716E-02
   -9.072709E-01   -9.070461E-01   -9.020300E-01   -2.511454E-01   -1.054515E-01   -2.442923E-02
   -9.067562E-01   -9.065309E-01   -9.015028E-01   -2.511007E-01   -1.054457E-01   -2.440127E-02
   -9.062471E-01   -9.060212E-01   -9.009811E-01   -2.510591E-01   -1.054357E-01   -2.437330E-02
   -9.057437E-01   -9.055173E-01   -9.004651E-01   -2.510206E-01   -1.054216E-01   -2.434534E-02
   -9.052462E-01   -9.050192E-01   -8.999548E-01   -2.509852E-01   -1.054031E-01   -2.431742E-02
   -9.047546E-01   -9.045270E-01   -8.994504E-01   -2.509527E-01   -1.053803E-01   -2.428957E-02
   -9.042691E-01   -9.040410E-01   -8.989521E-01   -2.509233E-01   -1.053529E-01   -2.426184E-02
   -9.037898E-01   -9.035612E-01   -8.984599E-01   -2.508967E-01   -1.053211E-01   -2.423430E-02
   -9.033169E-01   -9.030876E-01   -8.979740E-01   -2.508730E-01   -1.052847E-01   -2.420702E-02
   -9.028503E-01   -9.026205E-01   -8.974943E-01   -2.508521E-01   -1.052438E-01   -2.418006E-02
   -9.023902E-01   -9.021599E-01   -8.970211E-01   -2.508341E-01   -1.051983E-01   -2.415351E-02
   -9.019367E-01   -9.017058E-01   -8.965543E-01   -2.508187E-01   -1.051483E-01   -2.412745E-02
   -9.014897E-01   -9.012583E-01   -8.960940E-01   -2.508060E-01   -1.050938E-01   -2.410195E-02
   -9.010494E-01   -9.008174E-01   -8.956403E-01   -2.507959E-01   -1.050348E-01   -2.407708E-02
   -9.006158E-01   -9.003832E-01   -8.951931E-01   -2.507884E-01   -1.049715E-01   -2.405289E-02
   -9.001889E-01   -8.999557E-01   -8.947525E-01   -2.507834E-01   -1.049039E-01   -2.402944E-02
   -8.997687E-01   -8.995349E-01   -8.943186E-01   -2.507809E-01   -1.048321E-01   -2.400675E-02
   -8.993552E-01   -8.991208E-01   -8.938913E-01   -2.507807E-01   -1.047564E-01   -2.398482E-02
   -8.989485E-01   -8.987135E-01   -8.934706E-01   -2.507829E-01   -1.046768E-01   -2.396364E-02
   -8.985485E-01   -8.983129E-01   -8.930566E-01   -2.507873E-01   -1.045934E-01   -2.394317E-02
   -8.981552E-01   -8.979190E-01   -8.926491E-01   -2.507939E-01   -1.045066E-01   -2.392337E-02
   -8.977686E-01   -8.975318E-01   -8.922482E-01   -2.508025E-01   -1.044165E-01   -2.390415E-02
   -8.973887E-01   -8.971512E-01   -8.918540E-01   -2.508132E-01   -1.043233E-01   -2.388545E-02
   -8.970155E-01   -8.967774E-01   -8.914662E-01   -2.508259E-01   -1.042273E-01   -2.386719E-02
   -8.966488E-01   -8.964101E-01   -8.910850E-01   -2.508404E-01   -1.041287E-01   -2.384925E-02
   -8.962888E-01   -8.960494E-01   -8.907102E-01   -2.508567E-01   -1.040277E-01   -2.383154E-02
   -8.959353E-01   -8.956953E-01   -8.903419E-01   -2.508747E-01   -1.039246E-01   -2.381398E-02
   -8.955883E-01   -8.953477E-01   -8.899799E-01   -2.508942E-01   -1.038198E-01   -2.379650E-02
   -8.952478E-01   -8.950065E-01   -8.896243E-01   -2.509153E-01   -1.037134E-01   -2.377898E-02
   -8.949137E-01   -8.946717E-01   -8.892750E-01   -2.509378E-01   -1.036058E-01   -2.376139E-02
   -8.945859E-01   -8.943433E-01   -8.889320E-01   -2.509616E-01   -1.034973E-01   -2.374366E-02
   -8.942645E-01   -8.940212E-01   -8.885951E-01   -2.509866E-01   -1.033880E-01   -2.372575E-02
   -8.939493E-01   -8.937053E-01   -8.882643E-01   -2.510126E-01   -1.032784E-01   -2.370764E-02
   -8.936403E-01   -8.933956E-01   -8.879396E-01   -2.510397E-01   -1.031687E-01   -2.368928E-02
   -8.933374E-01   -8.930921E-01   -8.876210E-01   -2.510677E-01   -1.030591E-01   -2.367067E-02
   -8.930406E-01   -8.927946E-01   -8.873082E-01   -2.510964E-01   -1.029500E-01   -2.365180E-02
   -8.927498E-01   -8.925031E-01   -8.870014E-01   -2.511259E-01   -1.028415E-01   -2.363267E-02
   -8.924649E-01   -8.922175E-01   -8.867003E-01   -2.511558E-01   -1.027340E-01   -2.361328E-02
   -8.921859E-01   -8.919378E-01   -8.864051E-01   -2.511862E-01   -1.026277E-01   -2.359363E-02
   -8.919127E-01   -8.916639E-01   -8.861155E-01   -2.512169E-01   -1.025227E-01   -2.357372E-02
   -8.916453E-01   -8.913958E-01   -8.858315E-01   -2.512478E-01   -1.024194E-01   -2.355358E-02
   -8.913835E-01   -8.911333E-01   -8.855531E-01   -2.512788E-01   -1.023178E-01   -2.353321E-02
   -8.911274E-01   -8.908764E-01   -8.852801E-01   -2.513098E-01   -1.022181E-01   -2.351264E-02
   -8.908767E-01   -8.906251E-01   -8.850126E-01   -2.513406E-01   -1.021205E-01   -2.349189E-02
   -8.906316E-01   -8.903792E-01   -8.847505E-01   -2.513711E-01   -1.020251E-01   -2.347099E-02
   -8.903919E-01   -8.901388E-01   -8.844936E-01   -2.514012E-01   -1.019321E-01   -2.345000E-02
   -8.901575E-01   -8.899036E-01   -8.842419E-01   -2.514308E-01   -1.018414E-01   -2.342898E-02
   -8.899284E-01   -8.896738E-01   -8.839954E-01   -2.514597E-01   -1.017532E-01   -2.340796E-02
   -8.897045E-01   -8.894491E-01   -8.837540E-01   -2.514878E-01   -1.016676E-01   -2.338704E-02
   -8.894857E-01   -8.892295E-01   -8.835175E-01   -2.515151E-01   -1.015845E-01   -2.336627E-02
   -8.892720E-01   -8.890151E-01   -8.832860E-01   -2.515413E-01   -1.015039E-01   -2.334574E-02
   -8.890633E-01   -8.888056E-01   -8.830594E-01   -2.515664E-01   -1.014259E-01   -2.332552E-02
   -8.888595E-01   -8.886010E-01   -8.828376E-01   -2.515903E-01   -1.013504E-01   -2.330567E-02
   -8.886606E-01   -8.884013E-01   -8.826205E-01   -2.516127E-01   -1.012774E-01   -2.328625E-02
   -8.884664E-01   -8.882064E-01   -8.824081E-01   -2.516337E-01   -1.012068E-01   -2.326731E-02
   -8.882770E-01   -8.880162E-01   -8.822003E-01   -2.516530E-01   -1.011385E-01   -2.324888E-02
   -8.880923E-01   -8.878307E-01   -8.819970E-01   -2.516706E-01   -1.010724E-01   -2.323098E-02
   -8.879122E-01   -8.876497E-01   -8.817982E-01   -2.516864E-01   -1.010085E-01   -2.321360E-02
   -8.877366E-01   -8.874733E-01   -8.816039E-01   -2.517002E-01   -1.009466E-01   -2.319675E-02
   -8.875654E-01   -8.873014E-01   -8.814138E-01   -2.517120E-01   -1.008866E-01   -2.318038E-02
   -8.873987E-01   -8.871338E-01   -8.812281E-01   -2.517216E-01   -1.008284E-01   -2.316443E-02
   -8.872363E-01   -8.869706E-01   -8.810465E-01   -2.517289E-01   -1.007718E-01   -2.314892E-02
   -8.870782E-01   -8.868117E-01   -8.808691E-01   -2.517338E-01   -1.007168E-01   -2.313372E-02
   -8.869243E-01   -8.866569E-01   -8.806958E-01   -2.517363E-01   -1.006631E-01   -2.311880E-02
   -8.867746E-01   -8.865064E-01   -8.805265E-01   -2.517361E-01   -1.006107E-01   -2.310415E-02
   -8.866289E-01   -8.863599E-01   -8.803612E-01   -2.517334E-01   -1.005595E-01   -2.308966E-02
   -8.864873E-01   -8.862174E-01   -8.801998E-01   -2.517279E-01   -1.005093E-01   -2.307534E-02
   -8.863496E-01   -8.860789E-01   -8.800422E-01   -2.517195E-01   -1.004599E-01   -2.306111E-02
   -8.862159E-01   -8.859443E-01   -8.798884E-01   -2.517083E-01   -1.004114E-01   -2.304695E-02
   -8.860860E-01   -8.858135E-01   -8.797383E-01   -2.516940E-01   -1.003635E-01   -2.303289E-02
   -8.859599E-01   -8.856865E-01   -8.795919E-01   -2.516767E-01   -1.003163E-01   -2.301884E-02
   -8.858375E-01   -8.855633E-01   -8.794491E-01   -2.516563E-01   -1.002695E-01   -2.300480E-02
   -8.857189E-01   -8.854437E-01   -8.793099E-01   -2.516326E-01   -1.002233E-01   -2.299074E-02
   -8.852399E-01   -8.849608E-01   -8.787392E-01   -2.514898E-01   -1.000243E-01   -2.292834E-02
   -8.848261E-01   -8.845429E-01   -8.782312E-01   -2.512808E-01   -9.983144E-02   -2.286259E-02
   -8.844730E-01   -8.841857E-01   -8.777815E-01   -2.510037E-01   -9.964670E-02   -2.279270E-02
   -8.841764E-01   -8.838848E-01   -8.773858E-01   -2.506589E-01   -9.947444E-02   -2.272279E-02
   -8.839324E-01   -8.836364E-01   -8.770402E-01   -2.502487E-01   -9.931898E-02   -2.265895E-02
   -8.837372E-01   -8.834367E-01   -8.767410E-01   -2.497776E-01   -9.918221E-02   -2.260284E-02
   -8.835872E-01   -8.832821E-01   -8.764845E-01   -2.492517E-01   -9.906190E-02   -2.255139E-02
   -8.834792E-01   -8.831694E-01   -8.762675E-01   -2.486792E-01   -9.895141E-02   -2.250171E-02
   -8.834099E-01   -8.830953E-01   -8.760867E-01   -2.480694E-01   -9.884075E-02   -2.245217E-02
   -8.833765E-01   -8.830569E-01   -8.759393E-01   -2.474325E-01   -9.871892E-02   -2.240061E-02
   -8.833761E-01   -8.830515E-01   -8.758225E-01   -2.467795E-01   -9.857668E-02   -2.234610E-02
   -8.834061E-01   -8.830763E-01   -8.757335E-01   -2.461213E-01   -9.840900E-02   -2.229182E-02
   -8.834640E-01   -8.831291E-01   -8.756700E-01   -2.454684E-01   -9.821636E-02   -2.224189E-02
   -8.835477E-01   -8.832073E-01   -8.756296E-01   -2.448305E-01   -9.800447E-02   -2.219720E-02
   -8.836548E-01   -8.833090E-01   -8.756102E-01   -2.442160E-01   -9.778258E-02   -2.215614E-02
   -8.837834E-01   -8.834320E-01   -8.756098E-01   -2.436318E-01   -9.756093E-02   -2.211642E-02
   -8.839316E-01   -8.835744E-01   -8.756264E-01   -2.430828E-01   -9.734823E-02   -2.207519E-02
   -8.840975E-01   -8.837346E-01   -8.756583E-01   -2.425719E-01   -9.715003E-02   -2.203152E-02
   -8.842796E-01   -8.839108E-01   -8.757038E-01   -2.421002E-01   -9.696836E-02   -2.198793E-02
   -8.844763E-01   -8.841014E-01   -8.757614E-01   -2.416665E-01   -9.680262E-02   -2.194695E-02
   -8.846862E-01   -8.843051E-01   -8.758296E-01   -2.412684E-01   -9.665114E-02   -2.190932E-02
   -8.849078E-01   -8.845205E-01   -8.759071E-01   -2.409017E-01   -9.651257E-02   -2.187514E-02
   -8.851400E-01   -8.847463E-01   -8.759926E-01   -2.405615E-01   -9.638639E-02   -2.184248E-02
   -8.853815E-01   -8.849813E-01   -8.760849E-01   -2.402425E-01   -9.627244E-02   -2.180797E-02
   -8.856313E-01   -8.852244E-01   -8.761830E-01   -2.399392E-01   -9.616983E-02   -2.177173E-02
   -8.858883E-01   -8.854747E-01   -8.762858E-01   -2.396467E-01   -9.607590E-02   -2.173656E-02
   -8.861516E-01   -8.857312E-01   -8.763925E-01   -2.393609E-01   -9.598601E-02   -2.170371E-02
   -8.864203E-01   -8.859930E-01   -8.765021E-01   -2.390789E-01   -9.589451E-02   -2.167364E-02
   -8.866936E-01   -8.862592E-01   -8.766138E-01   -2.387990E-01   -9.579645E-02   -2.164581E-02
   -8.869707E-01   -8.865292E-01   -8.767268E-01   -2.385211E-01   -9.568925E-02   -2.161750E-02
   -8.872510E-01   -8.868022E-01   -8.768406E-01   -2.382460E-01   -9.557346E-02   -2.158761E-02
   -8.875338E-01   -8.870776E-01   -8.769544E-01   -2.379759E-01   -9.545212E-02   -2.155788E-02
   -8.878184E-01   -8.873547E-01   -8.770677E-01   -2.377134E-01   -9.532912E-02   -2.152986E-02
   -8.881044E-01   -8.876331E-01   -8.771800E-01   -2.374613E-01   -9.520749E-02   -2.150449E-02
   -8.883911E-01   -8.879121E-01   -8.772907E-01   -2.372225E-01   -9.508835E-02   -2.148067E-02
   -8.886783E-01   -8.881914E-01   -8.773993E-01   -2.369989E-01   -9.497265E-02   -2.145631E-02
   -8.889653E-01   -8.884705E-01   -8.775056E-01   -2.367916E-01   -9.486007E-02   -2.143124E-02
   -8.892518E-01   -8.887490E-01   -8.776090E-01   -2.366006E-01   -9.475274E-02   -2.140621E-02
   -8.895375E-01   -8.890265E-01   -8.777093E-01   -2.364244E-01   -9.465386E-02   -2.138290E-02
   -8.898220E-01   -8.893028E-01   -8.778062E-01   -2.362605E-01   -9.456641E-02   -2.136197E-02
   -8.901050E-01   -8.895774E-01   -8.778993E-01   -2.361054E-01   -9.449106E-02   -2.134132E-02
   -8.903862E-01   -8.898501E-01   -8.779885E-01   -2.359550E-01   -9.442490E-02   -2.132013E-02
   -8.906654E-01   -8.901207E-01   -8.780735E-01   -2.358049E-01   -9.436220E-02   -2.129866E-02
   -8.909424E-01   -8.903890E-01   -8.781540E-01   -2.356512E-01   -9.429685E-02   -2.127798E-02
   -8.912168E-01   -8.906547E-01   -8.782300E-01   -2.354907E-01   -9.422521E-02   -2.125934E-02
   -8.914887E-01   -8.909176E-01   -8.783013E-01   -2.353215E-01   -9.414746E-02   -2.124156E-02
   -8.917577E-01   -8.911776E-01   -8.783677E-01   -2.351428E-01   -9.406667E-02   -2.122340E-02
   -8.920237E-01   -8.914345E-01   -8.784291E-01   -2.349551E-01   -9.398629E-02   -2.120481E-02
   -8.922866E-01   -8.916882E-01   -8.784855E-01   -2.347604E-01   -9.390806E-02   -2.118698E-02
   -8.925463E-01   -8.919386E-01   -8.785367E-01   -2.345614E-01   -9.383164E-02   -2.117071E-02
   -8.928027E-01   -8.921856E-01   -8.785827E-01   -2.343615E-01   -9.375631E-02   -2.115519E-02
   -8.930556E-01   -8.924291E-01   -8.786234E-01   -2.341639E-01   -9.368282E-02   -2.113944E-02
   -8.933051E-01   -8.926690E-01   -8.786589E-01   -2.339717E-01   -9.361375E-02   -2.112326E-02
   -8.935510E-01   -8.929052E-01   -8.786890E-01   -2.337871E-01   -9.355190E-02   -2.110813E-02
   -8.937932E-01   -8.931377E-01   -8.787138E-01   -2.336117E-01   -9.349791E-02   -2.109415E-02
   -8.940318E-01   -8.933664E-01   -8.787333E-01   -2.334457E-01   -9.344933E-02   -2.108060E-02
   -8.942667E-01   -8.935914E-01   -8.787474E-01   -2.332889E-01   -9.340202E-02   -2.106663E-02
   -8.944979E-01   -8.938125E-01   -8.787563E-01   -2.331404E-01   -9.335270E-02   -2.105280E-02
   -8.947253E-01   -8.940298E-01   -8.787598E-01   -2.329991E-01   -9.330049E-02   -2.104009E-02
   -8.949489E-01   -8.942432E-01   -8.787582E-01   -2.328638E-01   -9.324649E-02   -2.102813E-02
   -8.951688E-01   -8.944528E-01   -8.787513E-01   -2.327340E-01   -9.319202E-02   -2.101603E-02
   -8.953849E-01   -8.946585E-01   -8.787393E-01   -2.326093E-01   -9.313769E-02   -2.100380E-02
   -8.955972E-01   -8.948604E-01   -8.787223E-01   -2.324899E-01   -9.308383E-02   -2.099228E-02
   -8.958058E-01   -8.950584E-01   -8.787002E-01   -2.323762E-01   -9.303175E-02   -2.098168E-02
   -8.960106E-01   -8.952526E-01   -8.786732E-01   -2.322687E-01   -9.298346E-02   -2.097108E-02
   -8.962116E-01   -8.954430E-01   -8.786413E-01   -2.321676E-01   -9.294027E-02   -2.096032E-02
   -8.964090E-01   -8.956296E-01   -8.786046E-01   -2.320727E-01   -9.290153E-02   -2.095009E-02
   -8.966026E-01   -8.958124E-01   -8.785632E-01   -2.319832E-01   -9.286501E-02   -2.094069E-02
   -8.967926E-01   -8.959915E-01   -8.785172E-01   -2.318978E-01   -9.282880E-02   -2.093135E-02
   -8.969790E-01   -8.961669E-01   -8.784667E-01   -2.318149E-01   -9.279236E-02   -2.092188E-02
   -8.971618E-01   -8.963387E-01   -8.784117E-01   -2.317329E-01   -9.275579E-02   -2.091291E-02
   -8.973410E-01   -8.965068E-01   -8.783525E-01   -2.316506E-01   -9.271845E-02   -2.090464E-02
   -8.975167E-01   -8.966714E-01   -8.782890E-01   -2.315671E-01   -9.268047E-02   -2.089636E-02
   -8.976890E-01   -8.968324E-01   -8.782214E-01   -2.314826E-01   -9.264166E-02   -2.088804E-02
   -8.978578E-01   -8.969900E-01   -8.781498E-01   -2.313975E-01   -9.260452E-02   -2.088032E-02
   -8.980232E-01   -8.971440E-01   -8.780743E-01   -2.313127E-01   -9.257129E-02   -2.087297E-02
   -8.981853E-01   -8.972947E-01   -8.779950E-01   -2.312293E-01   -9.254204E-02   -2.086569E-02
   -8.983440E-01   -8.974421E-01   -8.779121E-01   -2.311482E-01   -9.251492E-02   -2.085846E-02
   -8.984995E-01   -8.975861E-01   -8.778256E-01   -2.310698E-01   -9.248825E-02   -2.085186E-02
   -8.986518E-01   -8.977269E-01   -8.777356E-01   -2.309942E-01   -9.246183E-02   -2.084542E-02
   -8.988010E-01   -8.978644E-01   -8.776424E-01   -2.309211E-01   -9.243592E-02   -2.083891E-02
   -8.989470E-01   -8.979989E-01   -8.775460E-01   -2.308503E-01   -9.240983E-02   -2.083282E-02
   -8.990900E-01   -8.981302E-01   -8.774465E-01   -2.307816E-01   -9.238276E-02   -2.082714E-02
   -8.992299E-01   -8.982584E-01   -8.773440E-01   -2.307153E-01   -9.235546E-02   -2.082136E-02
   -8.993669E-01   -8.983837E-01   -8.772388E-01   -2.306521E-01   -9.232995E-02   -2.081585E-02
   -8.995010E-01   -8.985061E-01   -8.771308E-01   -2.305928E-01   -9.230739E-02   -2.081075E-02
   -8.996323E-01   -8.986255E-01   -8.770203E-01   -2.305382E-01   -9.228710E-02   -2.080570E-02
   -8.997607E-01   -8.987421E-01   -8.769073E-01   -2.304885E-01   -9.226793E-02   -2.080073E-02
   -8.998863E-01   -8.988559E-01   -8.767920E-01   -2.304434E-01   -9.224930E-02   -2.079617E-02
   -9.000093E-01   -8.989670E-01   -8.766745E-01   -2.304019E-01   -9.223121E-02   -2.079172E-02
   -9.001295E-01   -8.990754E-01   -8.765549E-01   -2.303626E-01   -9.221255E-02   -2.078734E-02
   -9.002472E-01   -8.991811E-01   -8.764335E-01   -2.303242E-01   -9.219332E-02   -2.078330E-02
   -9.003623E-01   -8.992843E-01   -8.763102E-01   -2.302855E-01   -9.217462E-02   -2.077941E-02
   -9.004749E-01   -8.993849E-01   -8.761852E-01   -2.302462E-01   -9.215757E-02   -2.077556E-02
   -9.005850E-01   -8.994831E-01   -8.760587E-01   -2.302068E-01   -9.214218E-02   -2.077202E-02
   -9.006927E-01   -8.995788E-01   -8.759307E-01   -2.301680E-01   -9.212808E-02   -2.076862E-02
   -9.007980E-01   -8.996722E-01   -8.758015E-01   -2.301305E-01   -9.211520E-02   -2.076524E-02
   -9.009010E-01   -8.997632E-01   -8.756711E-01   -2.300950E-01   -9.210300E-02   -2.076221E-02
   -9.010017E-01   -8.998520E-01   -8.755396E-01   -2.300614E-01   -9.209026E-02   -2.075925E-02
   -9.011001E-01   -8.999385E-01   -8.754073E-01   -2.300294E-01   -9.207694E-02   -2.075637E-02
   -9.011964E-01   -9.000228E-01   -8.752741E-01   -2.299985E-01   -9.206425E-02   -2.075377E-02
   -9.012905E-01   -9.001050E-01   -8.751403E-01   -2.299685E-01   -9.205292E-02   -2.075122E-02
   -9.013825E-01   -9.001851E-01   -8.750060E-01   -2.299398E-01   -9.204262E-02   -2.074880E-02
   -9.014725E-01   -9.002631E-01   -8.748712E-01   -2.299130E-01   -9.203338E-02   -2.074660E-02
   -9.015604E-01   -9.003391E-01   -8.747362E-01   -2.298888E-01   -9.202524E-02   -2.074443E-02
   -9.016463E-01   -9.004132E-01   -8.746010E-01   -2.298676E-01   -9.201734E-02   -2.074247E-02
   -9.017304E-01   -9.004854E-01   -8.744658E-01   -2.298495E-01   -9.200889E-02   -2.074062E-02
   -9.018125E-01   -9.005557E-01   -8.743307E-01   -2.298336E-01   -9.200054E-02   -2.073884E-02
   -9.018927E-01   -9.006242E-01   -8.741958E-01   -2.298190E-01   -9.199296E-02   -2.073728E-02
   -9.019712E-01   -9.006909E-01   -8.740612E-01   -2.298050E-01   -9.198640E-02   -2.073579E-02
   -9.020478E-01   -9.007558E-01   -8.739271E-01   -2.297912E-01   -9.198082E-02   -2.073438E-02
   -9.021227E-01   -9.008191E-01   -8.737935E-01   -2.297776E-01   -9.197614E-02   -2.073313E-02
   -9.021959E-01   -9.008806E-01   -8.736607E-01   -2.297648E-01   -9.197157E-02   -2.073192E-02
   -9.022675E-01   -9.009406E-01   -8.735286E-01   -2.297529E-01   -9.196683E-02   -2.073094E-02
   -9.023373E-01   -9.009990E-01   -8.733975E-01   -2.297421E-01   -9.196232E-02   -2.072996E-02
   -9.024056E-01   -9.010558E-01   -8.732675E-01   -2.297321E-01   -9.195829E-02   -2.072914E-02
   -9.024724E-01   -9.011111E-01   -8.731385E-01   -2.297229E-01   -9.195504E-02   -2.072843E-02
   -9.025376E-01   -9.011650E-01   -8.730109E-01   -2.297145E-01   -9.195290E-02   -2.072778E-02
   -9.026012E-01   -9.012174E-01   -8.728847E-01   -2.297075E-01   -9.195115E-02   -2.072726E-02
   -9.026635E-01   -9.012684E-01   -8.727599E-01   -2.297021E-01   -9.194929E-02   -2.072680E-02
   -9.027242E-01   -9.013180E-01   -8.726367E-01   -2.296987E-01   -9.194760E-02   -2.072645E-02
   -9.027836E-01   -9.013663E-01   -8.725153E-01   -2.296970E-01   -9.194617E-02   -2.072621E-02
   -9.028416E-01   -9.014134E-01   -8.723957E-01   -2.296965E-01   -9.194532E-02   -2.072606E-02
   -9.028982E-01   -9.014591E-01   -8.722780E-01   -2.296969E-01   -9.194539E-02   -2.072597E-02
   -9.029535E-01   -9.015036E-01   -8.721623E-01   -2.296978E-01   -9.194592E-02   -2.072599E-02
   -9.030075E-01   -9.015469E-01   -8.720487E-01   -2.296994E-01   -9.194646E-02   -2.072607E-02
   -9.030603E-01   -9.015891E-01   -8.719374E-01   -2.297017E-01   -9.194712E-02   -2.072626E-02
   -9.031118E-01   -9.016301E-01   -8.718284E-01   -2.297048E-01   -9.194796E-02   -2.072651E-02
   -9.031621E-01   -9.016700E-01   -8.717218E-01   -2.297083E-01   -9.194941E-02   -2.072685E-02
   -9.032112E-01   -9.017088E-01   -8.716177E-01   -2.297122E-01   -9.195155E-02   -2.072725E-02
   -9.032591E-01   -9.017465E-01   -8.715162E-01   -2.297165E-01   -9.195400E-02   -2.072775E-02
   -9.033059E-01   -9.017833E-01   -8.714175E-01   -2.297218E-01   -9.195654E-02   -2.072830E-02
   -9.033516E-01   -9.018190E-01   -8.713214E-01   -2.297284E-01   -9.195918E-02   -2.072893E-02
   -9.033962E-01   -9.018538E-01   -8.712283E-01   -2.297362E-01   -9.196211E-02   -2.072962E-02
   -9.034397E-01   -9.018876E-01   -8.711381E-01   -2.297456E-01   -9.196569E-02   -2.073040E-02
   -9.034821E-01   -9.019205E-01   -8.710509E-01   -2.297555E-01   -9.196961E-02   -2.073123E-02
   -9.035235E-01   -9.019525E-01   -8.709668E-01   -2.297659E-01   -9.197375E-02   -2.073214E-02
   -9.035639E-01   -9.019836E-01   -8.708859E-01   -2.297769E-01   -9.197798E-02   -2.073309E-02
   -9.036032E-01   -9.020139E-01   -8.708082E-01   -2.297886E-01   -9.198234E-02   -2.073413E-02
   -9.036416E-01   -9.020433E-01   -8.707338E-01   -2.298010E-01   -9.198721E-02   -2.073521E-02
   -9.036791E-01   -9.020720E-01   -8.706628E-01   -2.298137E-01   -9.199251E-02   -2.073636E-02
   -9.037156E-01   -9.020998E-01   -8.705952E-01   -2.298266E-01   -9.199801E-02   -2.073754E-02
   -9.037511E-01   -9.021269E-01   -8.705311E-01   -2.298399E-01   -9.200354E-02   -2.073882E-02
   -9.037857E-01   -9.021533E-01   -8.704705E-01   -2.298540E-01   -9.200926E-02   -2.074016E-02
   -9.038195E-01   -9.021790E-01   -8.704136E-01   -2.298692E-01   -9.201538E-02   -2.074152E-02
   -9.038523E-01   -9.022039E-01   -8.703602E-01   -2.298852E-01   -9.202170E-02   -2.074296E-02
   -9.038843E-01   -9.022282E-01   -8.703106E-01   -2.299019E-01   -9.202852E-02   -2.074442E-02
   -9.039154E-01   -9.022517E-01   -8.702647E-01   -2.299191E-01   -9.203515E-02   -2.074595E-02
   -9.039456E-01   -9.022747E-01   -8.702225E-01   -2.299368E-01   -9.204211E-02   -2.074753E-02
   -9.039750E-01   -9.022970E-01   -8.701841E-01   -2.299551E-01   -9.204935E-02   -2.074915E-02
   -9.040036E-01   -9.023187E-01   -8.701496E-01   -2.299737E-01   -9.205695E-02   -2.075080E-02
   -9.040313E-01   -9.023397E-01   -8.701189E-01   -2.299925E-01   -9.206455E-02   -2.075254E-02
   -9.040583E-01   -9.023602E-01   -8.700920E-01   -2.300117E-01   -9.207227E-02   -2.075430E-02
   -9.040844E-01   -9.023801E-01   -8.700690E-01   -2.300313E-01   -9.208026E-02   -2.075612E-02
   -9.041097E-01   -9.023995E-01   -8.700499E-01   -2.300517E-01   -9.208856E-02   -2.075794E-02
   -9.041342E-01   -9.024182E-01   -8.700346E-01   -2.300726E-01   -9.209696E-02   -2.075983E-02
   -9.041579E-01   -9.024365E-01   -8.700233E-01   -2.300940E-01   -9.210545E-02   -2.076176E-02
   -9.041808E-01   -9.024542E-01   -8.700158E-01   -2.301159E-01   -9.211412E-02   -2.076372E-02
   -9.042029E-01   -9.024713E-01   -8.700122E-01   -2.301384E-01   -9.212305E-02   -2.076571E-02
   -9.042242E-01   -9.024880E-01   -8.700124E-01   -2.301612E-01   -9.213216E-02   -2.076776E-02
   -9.042447E-01   -9.025041E-01   -8.700165E-01   -2.301841E-01   -9.214132E-02   -2.076983E-02
   -9.042645E-01   -9.025197E-01   -8.700243E-01   -2.302071E-01   -9.215060E-02   -2.077193E-02
   -9.042834E-01   -9.025348E-01   -8.700359E-01   -2.302306E-01   -9.216014E-02   -2.077407E-02
   -9.043015E-01   -9.025494E-01   -8.700513E-01   -2.302545E-01   -9.216980E-02   -2.077633E-02
   -9.043188E-01   -9.025634E-01   -8.700703E-01   -2.302789E-01   -9.217952E-02   -2.077843E-02
   -9.043353E-01   -9.025770E-01   -8.700930E-01   -2.303035E-01   -9.218934E-02   -2.078066E-02
   -9.043510E-01   -9.025901E-01   -8.701193E-01   -2.303286E-01   -9.219941E-02   -2.078292E-02
   -9.043658E-01   -9.026026E-01   -8.701491E-01   -2.303541E-01   -9.220956E-02   -2.078519E-02
   -9.043797E-01   -9.026146E-01   -8.701824E-01   -2.303797E-01   -9.221974E-02   -2.078750E-02
   -9.043928E-01   -9.026261E-01   -8.702190E-01   -2.304054E-01   -9.223006E-02   -2.078983E-02
   -9.044050E-01   -9.026371E-01   -8.702590E-01   -2.304313E-01   -9.224053E-02   -2.079216E-02
   -9.044164E-01   -9.026475E-01   -8.703022E-01   -2.304574E-01   -9.225106E-02   -2.079455E-02
   -9.044267E-01   -9.026573E-01   -8.703485E-01   -2.304833E-01   -9.226162E-02   -2.079690E-02
   -9.044362E-01   -9.026666E-01   -8.703979E-01   -2.305106E-01   -9.227233E-02   -2.079935E-02
   -9.044446E-01   -9.026753E-01   -8.704502E-01   -2.305375E-01   -9.228304E-02   -2.080177E-02
   -9.044521E-01   -9.026833E-01   -8.705054E-01   -2.305646E-01   -9.229391E-02   -2.080421E-02
   -9.044585E-01   -9.026908E-01   -8.705633E-01   -2.305919E-01   -9.230481E-02   -2.080666E-02
   -9.044639E-01   -9.026975E-01   -8.706238E-01   -2.306192E-01   -9.231577E-02   -2.080911E-02
   -9.044682E-01   -9.027036E-01   -8.706867E-01   -2.306466E-01   -9.232675E-02   -2.081161E-02
   -9.044713E-01   -9.027090E-01   -8.707520E-01   -2.306740E-01   -9.233775E-02   -2.081412E-02
   -9.044732E-01   -9.027136E-01   -8.708196E-01   -2.307016E-01   -9.234881E-02   -2.081658E-02
   -9.044739E-01   -9.027174E-01   -8.708892E-01   -2.307292E-01   -9.235989E-02   -2.081908E-02
   -9.044733E-01   -9.027203E-01   -8.709607E-01   -2.307568E-01   -9.237097E-02   -2.082158E-02
   -9.044714E-01   -9.027224E-01   -8.710340E-01   -2.307848E-01   -9.238209E-02   -2.082408E-02
   -9.044681E-01   -9.027235E-01   -8.711089E-01   -2.308123E-01   -9.239318E-02   -2.082657E-02
   -9.044633E-01   -9.027237E-01   -8.711852E-01   -2.308401E-01   -9.240425E-02   -2.082908E-02
   -9.044570E-01   -9.027228E-01   -8.712628E-01   -2.308677E-01   -9.241531E-02   -2.083156E-02
   -9.044491E-01   -9.027208E-01   -8.713416E-01   -2.308951E-01   -9.242595E-02   -2.083405E-02
   -9.044395E-01   -9.027176E-01   -8.714212E-01   -2.309224E-01   -9.243731E-02   -2.083653E-02
   -9.044282E-01   -9.027132E-01   -8.715015E-01   -2.309498E-01   -9.244791E-02   -2.083898E-02
   -9.044149E-01   -9.027074E-01   -8.715824E-01   -2.309770E-01   -9.245908E-02   -2.084143E-02
   -9.043998E-01   -9.027002E-01   -8.716636E-01   -2.310039E-01   -9.246983E-02   -2.084386E-02
   -9.043825E-01   -9.026915E-01   -8.717450E-01   -2.310305E-01   -9.248050E-02   -2.084626E-02
   -9.043631E-01   -9.026811E-01   -8.718262E-01   -2.310568E-01   -9.249107E-02   -2.084864E-02
   -9.043414E-01   -9.026690E-01   -8.719071E-01   -2.310828E-01   -9.250149E-02   -2.085100E-02
   -9.043173E-01   -9.026550E-01   -8.719876E-01   -2.311085E-01   -9.251179E-02   -2.085331E-02
   -9.042906E-01   -9.026391E-01   -8.720672E-01   -2.311339E-01   -9.252193E-02   -2.085560E-02
   -9.042611E-01   -9.026210E-01   -8.721459E-01   -2.311588E-01   -9.253188E-02   -2.085784E-02
   -9.042289E-01   -9.026007E-01   -8.722233E-01   -2.311832E-01   -9.254166E-02   -2.086003E-02
   -9.041935E-01   -9.025779E-01   -8.722993E-01   -2.312070E-01   -9.255121E-02   -2.086218E-02
   -9.041550E-01   -9.025525E-01   -8.723735E-01   -2.312302E-01   -9.256052E-02   -2.086430E-02
   -9.041131E-01   -9.025244E-01   -8.724456E-01   -2.312528E-01   -9.256959E-02   -2.086634E-02
   -9.040675E-01   -9.024933E-01   -8.725155E-01   -2.312748E-01   -9.257836E-02   -2.086832E-02
   -9.040182E-01   -9.024589E-01   -8.725829E-01   -2.312960E-01   -9.258683E-02   -2.087022E-02
   -9.039647E-01   -9.024212E-01   -8.726473E-01   -2.313163E-01   -9.259498E-02   -2.087207E-02
   -9.039069E-01   -9.023799E-01   -8.727086E-01   -2.313357E-01   -9.260272E-02   -2.087396E-02
   -9.038446E-01   -9.023346E-01   -8.727664E-01   -2.313542E-01   -9.261005E-02   -2.087548E-02
   -9.037774E-01   -9.022851E-01   -8.728204E-01   -2.313716E-01   -9.261712E-02   -2.087706E-02
   -9.037050E-01   -9.022312E-01   -8.728703E-01   -2.313879E-01   -9.262365E-02   -2.087852E-02
   -9.036272E-01   -9.021725E-01   -8.729156E-01   -2.314016E-01   -9.262968E-02   -2.087988E-02
   -9.035435E-01   -9.021087E-01   -8.729560E-01   -2.314167E-01   -9.263517E-02   -2.088112E-02
   -9.034536E-01   -9.020394E-01   -8.729912E-01   -2.314290E-01   -9.264007E-02   -2.088224E-02
   -9.033572E-01   -9.019643E-01   -8.730207E-01   -2.314396E-01   -9.264453E-02   -2.088321E-02
   -9.032537E-01   -9.018829E-01   -8.730441E-01   -2.314489E-01   -9.264812E-02   -2.088403E-02
   -9.031428E-01   -9.017948E-01   -8.730609E-01   -2.314564E-01   -9.265085E-02   -2.088471E-02
   -9.030240E-01   -9.016996E-01   -8.730706E-01   -2.314618E-01   -9.265330E-02   -2.088521E-02
   -9.028968E-01   -9.015967E-01   -8.730729E-01   -2.314653E-01   -9.265470E-02   -2.088553E-02
   -9.027607E-01   -9.014857E-01   -8.730670E-01   -2.314667E-01   -9.265525E-02   -2.088565E-02
   -9.026150E-01   -9.013660E-01   -8.730525E-01   -2.314658E-01   -9.265484E-02   -2.088556E-02
   -9.024593E-01   -9.012369E-01   -8.730288E-01   -2.314624E-01   -9.265350E-02   -2.088526E-02
   -9.022928E-01   -9.010980E-01   -8.729953E-01   -2.314563E-01   -9.265106E-02   -2.088471E-02
   -9.021149E-01   -9.009484E-01   -8.729512E-01   -2.314474E-01   -9.264752E-02   -2.088392E-02
   -9.019248E-01   -9.007874E-01   -8.728959E-01   -2.314355E-01   -9.264286E-02   -2.088283E-02
   -9.017219E-01   -9.006144E-01   -8.728287E-01   -2.314203E-01   -9.263671E-02   -2.088147E-02
   -9.015052E-01   -9.004285E-01   -8.727486E-01   -2.314018E-01   -9.262929E-02   -2.087983E-02
   -9.012740E-01   -9.002288E-01   -8.726550E-01   -2.313792E-01   -9.262039E-02   -2.087786E-02
   -9.010272E-01   -9.000145E-01   -8.725468E-01   -2.313535E-01   -9.260995E-02   -2.087544E-02
   -9.007640E-01   -8.997846E-01   -8.724232E-01   -2.313232E-01   -9.259782E-02   -2.087270E-02
   -9.004833E-01   -8.995380E-01   -8.722831E-01   -2.312885E-01   -9.258406E-02   -2.086958E-02
   -9.001840E-01   -8.992736E-01   -8.721254E-01   -2.312490E-01   -9.256808E-02   -2.086601E-02
   -8.998650E-01   -8.989904E-01   -8.719490E-01   -2.312046E-01   -9.255033E-02   -2.086200E-02
   -8.995250E-01   -8.986870E-01   -8.717527E-01   -2.311548E-01   -9.253032E-02   -2.085750E-02
   -8.991628E-01   -8.983623E-01   -8.715352E-01   -2.310992E-01   -9.250817E-02   -2.085250E-02
   -8.987770E-01   -8.980147E-01   -8.712951E-01   -2.310377E-01   -9.248352E-02   -2.084694E-02
   -8.983660E-01   -8.976429E-01   -8.710311E-01   -2.309691E-01   -9.245628E-02   -2.084080E-02
   -8.979285E-01   -8.972454E-01   -8.707415E-01   -2.308947E-01   -9.242632E-02   -2.083404E-02
   -8.974628E-01   -8.968205E-01   -8.704247E-01   -2.308126E-01   -9.239344E-02   -2.082663E-02
   -8.969672E-01   -8.963664E-01   -8.700791E-01   -2.307227E-01   -9.235766E-02   -2.081852E-02
   -8.964398E-01   -8.958815E-01   -8.697029E-01   -2.306247E-01   -9.231822E-02   -2.080968E-02
   -8.958789E-01   -8.953638E-01   -8.692942E-01   -2.305179E-01   -9.227547E-02   -2.079998E-02
   -8.952824E-01   -8.948113E-01   -8.688509E-01   -2.304020E-01   -9.222905E-02   -2.078958E-02
   -8.946482E-01   -8.942219E-01   -8.683710E-01   -2.302762E-01   -9.217874E-02   -2.077824E-02
   -8.939741E-01   -8.935934E-01   -8.678523E-01   -2.301401E-01   -9.212426E-02   -2.076596E-02
   -8.932578E-01   -8.929234E-01   -8.672924E-01   -2.299931E-01   -9.206555E-02   -2.075269E-02
   -8.924970E-01   -8.922095E-01   -8.666890E-01   -2.298344E-01   -9.200190E-02   -2.073838E-02
   -8.916890E-01   -8.914492E-01   -8.660394E-01   -2.296634E-01   -9.193357E-02   -2.072295E-02
   -8.908312E-01   -8.906398E-01   -8.653411E-01   -2.294796E-01   -9.185988E-02   -2.070636E-02
   -8.899208E-01   -8.897785E-01   -8.645913E-01   -2.292821E-01   -9.178078E-02   -2.068853E-02
   -8.889550E-01   -8.888623E-01   -8.637870E-01   -2.290700E-01   -9.169590E-02   -2.066939E-02
   -8.879307E-01   -8.878883E-01   -8.629254E-01   -2.288426E-01   -9.160490E-02   -2.064889E-02
   -8.868448E-01   -8.868532E-01   -8.620031E-01   -2.285993E-01   -9.150748E-02   -2.062692E-02
   -8.856940E-01   -8.857537E-01   -8.610170E-01   -2.283390E-01   -9.140327E-02   -2.060345E-02
   -8.844750E-01   -8.845865E-01   -8.599638E-01   -2.280608E-01   -9.129199E-02   -2.057834E-02
   -8.831842E-01   -8.833480E-01   -8.588399E-01   -2.277638E-01   -9.117304E-02   -2.055154E-02
   -8.818181E-01   -8.820345E-01   -8.576417E-01   -2.274472E-01   -9.104634E-02   -2.052297E-02
   -8.803729E-01   -8.806422E-01   -8.563655E-01   -2.271098E-01   -9.091125E-02   -2.049253E-02
   -8.788447E-01   -8.791673E-01   -8.550075E-01   -2.267507E-01   -9.076751E-02   -2.046013E-02
   -8.772297E-01   -8.776058E-01   -8.535639E-01   -2.263689E-01   -9.061462E-02   -2.042568E-02
   -8.755238E-01   -8.759536E-01   -8.520305E-01   -2.259622E-01   -9.045229E-02   -2.038907E-02
   -8.737229E-01   -8.742064E-01   -8.504033E-01   -2.255327E-01   -9.027994E-02   -2.035022E-02
   -8.718228E-01   -8.723602E-01   -8.486781E-01   -2.250761E-01   -9.009719E-02   -2.030904E-02
   -8.698193E-01   -8.704105E-01   -8.468507E-01   -2.245924E-01   -8.990420E-02   -2.026537E-02
   -8.677080E-01   -8.683529E-01   -8.449168E-01   -2.240805E-01   -8.969860E-02   -2.021919E-02
   -8.654847E-01   -8.661832E-01   -8.428722E-01   -2.235391E-01   -8.948195E-02   -2.017034E-02
   -8.631450E-01   -8.638968E-01   -8.407124E-01   -2.229671E-01   -8.925299E-02   -2.011873E-02
   -8.606845E-01   -8.614894E-01   -8.384332E-01   -2.223635E-01   -8.901131E-02   -2.006429E-02
   -8.580990E-01   -8.589565E-01   -8.360303E-01   -2.217268E-01   -8.875652E-02   -2.000683E-02
   -8.553841E-01   -8.562938E-01   -8.334993E-01   -2.210565E-01   -8.848820E-02   -1.994633E-02
   -8.525356E-01   -8.534970E-01   -8.308361E-01   -2.203509E-01   -8.820567E-02   -1.988266E-02
   -8.495495E-01   -8.505619E-01   -8.280366E-01   -2.196088E-01   -8.790873E-02   -1.981573E-02
   -8.464218E-01   -8.474844E-01   -8.250968E-01   -2.188298E-01   -8.759689E-02   -1.974543E-02
   -8.431486E-01   -8.442606E-01   -8.220128E-01   -2.180127E-01   -8.727092E-02   -1.967169E-02
   -8.397261E-01   -8.408868E-01   -8.187810E-01   -2.171562E-01   -8.692684E-02   -1.959440E-02
   -8.361511E-01   -8.373593E-01   -8.153978E-01   -2.162594E-01   -8.656793E-02   -1.951348E-02
   -8.324201E-01   -8.336750E-01   -8.118600E-01   -2.153217E-01   -8.619243E-02   -1.942887E-02
   -8.285303E-01   -8.298306E-01   -8.081647E-01   -2.143421E-01   -8.580040E-02   -1.934048E-02
   -8.244789E-01   -8.258234E-01   -8.043090E-01   -2.133200E-01   -8.539125E-02   -1.924825E-02
   -8.202636E-01   -8.216509E-01   -8.002907E-01   -2.122547E-01   -8.496482E-02   -1.915213E-02
   -8.158823E-01   -8.173112E-01   -7.961075E-01   -2.111457E-01   -8.452087E-02   -1.905206E-02
   -8.113333E-01   -8.128023E-01   -7.917579E-01   -2.099925E-01   -8.405927E-02   -1.894837E-02
   -8.066154E-01   -8.081229E-01   -7.872406E-01   -2.087945E-01   -8.357983E-02   -1.883994E-02
   -8.017277E-01   -8.032722E-01   -7.825545E-01   -2.075523E-01   -8.308247E-02   -1.872783E-02
   -7.966697E-01   -7.982496E-01   -7.776992E-01   -2.062641E-01   -8.256715E-02   -1.861166E-02
   -7.914415E-01   -7.930551E-01   -7.726748E-01   -2.049326E-01   -8.203384E-02   -1.849149E-02
   -7.860435E-01   -7.876890E-01   -7.674815E-01   -2.035557E-01   -8.148263E-02   -1.836720E-02
   -7.804767E-01   -7.821523E-01   -7.621203E-01   -2.021341E-01   -8.091354E-02   -1.823893E-02
   -7.747424E-01   -7.764464E-01   -7.565926E-01   -2.006683E-01   -8.032680E-02   -1.810666E-02
   -7.688425E-01   -7.705730E-01   -7.509001E-01   -1.991587E-01   -7.972256E-02   -1.797049E-02
   -7.627794E-01   -7.645345E-01   -7.450452E-01   -1.976062E-01   -7.910106E-02   -1.783037E-02
   -7.565559E-01   -7.583337E-01   -7.390306E-01   -1.960111E-01   -7.846260E-02   -1.768644E-02
   -7.501753E-01   -7.519739E-01   -7.328595E-01   -1.943747E-01   -7.780735E-02   -1.753879E-02
   -7.436413E-01   -7.454589E-01   -7.265357E-01   -1.926959E-01   -7.713621E-02   -1.738746E-02
   -7.369582E-01   -7.387927E-01   -7.200631E-01   -1.909812E-01   -7.644912E-02   -1.723263E-02
   -7.301303E-01   -7.319799E-01   -7.134464E-01   -1.892264E-01   -7.574662E-02   -1.707425E-02
   -7.231629E-01   -7.250257E-01   -7.066903E-01   -1.874348E-01   -7.502952E-02   -1.691259E-02
   -7.160611E-01   -7.179352E-01   -6.998003E-01   -1.856075E-01   -7.429805E-02   -1.674770E-02
   -7.088307E-01   -7.107143E-01   -6.927818E-01   -1.837461E-01   -7.355296E-02   -1.657976E-02
   -7.014777E-01   -7.033689E-01   -6.856408E-01   -1.818523E-01   -7.279487E-02   -1.640887E-02
   -6.940083E-01   -6.959053E-01   -6.783834E-01   -1.799263E-01   -7.202441E-02   -1.623520E-02
   -6.864291E-01   -6.883302E-01   -6.710162E-01   -1.779738E-01   -7.124228E-02   -1.605890E-02
