   1.639488E-187   1.639488E-187   1.639488E-187   1.639488E-187   1.639488E-187   1.639488E-187
  -3.278978E-187  -3.278978E-187  -3.278978E-187  -3.278978E-187  -3.278978E-187  -3.278978E-187
   1.147643E-186   1.147643E-186   1.147643E-186   1.147643E-186   1.147643E-186   1.147643E-186
  -4.262677E-186  -4.262677E-186  -4.262677E-186  -4.262677E-186  -4.262677E-186  -4.262676E-186
   1.590307E-185   1.590307E-185   1.590307E-185   1.590307E-185   1.590307E-185   1.590307E-185
  -5.934963E-185  -5.934963E-185  -5.934963E-185  -5.934963E-185  -5.934963E-185  -5.934963E-185
   2.214955E-184   2.214955E-184   2.214955E-184   2.214955E-184   2.214955E-184   2.214955E-184
  -8.266329E-184  -8.266329E-184  -8.266329E-184  -8.266329E-184  -8.266329E-184  -8.266328E-184
   3.085037E-183   3.085037E-183   3.085037E-183   3.085037E-183   3.085037E-183   3.085037E-183
  -1.151352E-182  -1.151352E-182  -1.151352E-182  -1.151352E-182  -1.151352E-182  -1.151352E-182
   4.296906E-182   4.296906E-182   4.296906E-182   4.296906E-182   4.296906E-182   4.296905E-182
  -1.603628E-181  -1.603628E-181  -1.603628E-181  -1.603628E-181  -1.603628E-181  -1.603627E-181
   5.984822E-181   5.984822E-181   5.984822E-181   5.984822E-181   5.984822E-181   5.984821E-181
  -2.233567E-180  -2.233567E-180  -2.233567E-180  -2.233567E-180  -2.233567E-180  -2.233566E-180
   8.335788E-180   8.335788E-180   8.335788E-180   8.335788E-180   8.335788E-180   8.335786E-180
  -3.110959E-179  -3.110959E-179  -3.110959E-179  -3.110959E-179  -3.110959E-179  -3.110959E-179
   1.161026E-178   1.161026E-178   1.161026E-178   1.161026E-178   1.161026E-178   1.161026E-178
  -4.333011E-178  -4.333011E-178  -4.333011E-178  -4.333011E-178  -4.333011E-178  -4.333009E-178
   1.617102E-177   1.617102E-177   1.617102E-177   1.617102E-177   1.617102E-177   1.617102E-177
  -6.035110E-177  -6.035110E-177  -6.035110E-177  -6.035110E-177  -6.035110E-177  -6.035108E-177
   2.252334E-176   2.252334E-176   2.252334E-176   2.252334E-176   2.252334E-176   2.252334E-176
  -8.405830E-176  -8.405830E-176  -8.405830E-176  -8.405830E-176  -8.405830E-176  -8.405826E-176
   3.137100E-175   3.137100E-175   3.137100E-175   3.137100E-175   3.137099E-175   3.137098E-175
  -1.170782E-174  -1.170782E-174  -1.170782E-174  -1.170782E-174  -1.170782E-174  -1.170781E-174
   4.369420E-174   4.369420E-174   4.369420E-174   4.369420E-174   4.369419E-174   4.369417E-174
  -1.630690E-173  -1.630690E-173  -1.630690E-173  -1.630690E-173  -1.630690E-173  -1.630689E-173
   6.085822E-173   6.085822E-173   6.085822E-173   6.085822E-173   6.085821E-173   6.085817E-173
  -2.271261E-172  -2.271261E-172  -2.271261E-172  -2.271261E-172  -2.271260E-172  -2.271259E-172
   8.476464E-172   8.476464E-172   8.476464E-172   8.476464E-172   8.476463E-172   8.476457E-172
  -3.163461E-171  -3.163461E-171  -3.163461E-171  -3.163461E-171  -3.163461E-171  -3.163458E-171
   1.180620E-170   1.180620E-170   1.180620E-170   1.180620E-170   1.180620E-170   1.180619E-170
  -4.406137E-170  -4.406137E-170  -4.406137E-170  -4.406137E-170  -4.406136E-170  -4.406132E-170
   1.644394E-169   1.644394E-169   1.644394E-169   1.644394E-169   1.644393E-169   1.644392E-169
  -6.136964E-169  -6.136964E-169  -6.136964E-169  -6.136964E-169  -6.136963E-169  -6.136956E-169
   2.290347E-168   2.290347E-168   2.290347E-168   2.290347E-168   2.290347E-168   2.290344E-168
  -8.547698E-168  -8.547698E-168  -8.547698E-168  -8.547697E-168  -8.547696E-168  -8.547684E-168
   3.190046E-167   3.190046E-167   3.190046E-167   3.190046E-167   3.190045E-167   3.190041E-167
  -1.190542E-166  -1.190542E-166  -1.190542E-166  -1.190542E-166  -1.190542E-166  -1.190540E-166
   4.443167E-166   4.443167E-166   4.443167E-166   4.443166E-166   4.443165E-166   4.443158E-166
  -1.658213E-165  -1.658213E-165  -1.658213E-165  -1.658213E-165  -1.658213E-165  -1.658210E-165
   6.188541E-165   6.188541E-165   6.188541E-165   6.188541E-165   6.188539E-165   6.188527E-165
  -2.309597E-164  -2.309597E-164  -2.309597E-164  -2.309596E-164  -2.309596E-164  -2.309591E-164
   8.619538E-164   8.619538E-164   8.619538E-164   8.619538E-164   8.619535E-164   8.619516E-164
  -3.216858E-163  -3.216858E-163  -3.216858E-163  -3.216858E-163  -3.216857E-163  -3.216849E-163
   1.200549E-162   1.200549E-162   1.200549E-162   1.200549E-162   1.200548E-162   1.200545E-162
  -4.480512E-162  -4.480512E-162  -4.480512E-162  -4.480512E-162  -4.480511E-162  -4.480498E-162
   1.672151E-161   1.672151E-161   1.672151E-161   1.672151E-161   1.672151E-161   1.672145E-161
  -6.240560E-161  -6.240560E-161  -6.240560E-161  -6.240559E-161  -6.240557E-161  -6.240536E-161
   2.329011E-160   2.329011E-160   2.329011E-160   2.329010E-160   2.329010E-160   2.329001E-160
  -8.691995E-160  -8.691995E-160  -8.691995E-160  -8.691994E-160  -8.691990E-160  -8.691956E-160
   3.243900E-159   3.243900E-159   3.243900E-159   3.243899E-159   3.243898E-159   3.243884E-159
  -1.210641E-158  -1.210641E-158  -1.210641E-158  -1.210641E-158  -1.210640E-158  -1.210635E-158
   4.518179E-158   4.518179E-158   4.518179E-158   4.518178E-158   4.518176E-158   4.518154E-158
  -1.686209E-157  -1.686209E-157  -1.686209E-157  -1.686209E-157  -1.686208E-157  -1.686199E-157
   6.293026E-157   6.293026E-157   6.293026E-157   6.293025E-157   6.293021E-157   6.292985E-157
  -2.348592E-156  -2.348592E-156  -2.348592E-156  -2.348592E-156  -2.348590E-156  -2.348576E-156
   8.765076E-156   8.765076E-156   8.765076E-156   8.765074E-156   8.765067E-156   8.765010E-156
  -3.271175E-155  -3.271175E-155  -3.271175E-155  -3.271174E-155  -3.271172E-155  -3.271149E-155
   1.220821E-154   1.220821E-154   1.220821E-154   1.220820E-154   1.220819E-154   1.220810E-154
  -4.556171E-154  -4.556171E-154  -4.556171E-154  -4.556170E-154  -4.556166E-154  -4.556129E-154
   1.700389E-153   1.700389E-153   1.700389E-153   1.700388E-153   1.700387E-153   1.700372E-153
  -6.345946E-153  -6.345946E-153  -6.345946E-153  -6.345945E-153  -6.345938E-153  -6.345878E-153
   2.368343E-152   2.368343E-152   2.368343E-152   2.368342E-152   2.368340E-152   2.368315E-152
  -8.838791E-152  -8.838791E-152  -8.838791E-152  -8.838788E-152  -8.838777E-152  -8.838680E-152
   3.298687E-151   3.298687E-151   3.298687E-151   3.298686E-151   3.298682E-151   3.298643E-151
  -1.231089E-150  -1.231089E-150  -1.231089E-150  -1.231089E-150  -1.231087E-150  -1.231071E-150
   4.594495E-150   4.594495E-150   4.594495E-150   4.594493E-150   4.594486E-150   4.594423E-150
  -1.714692E-149  -1.714692E-149  -1.714692E-149  -1.714691E-149  -1.714688E-149  -1.714663E-149
   6.399330E-149   6.399330E-149   6.399330E-149   6.399327E-149   6.399315E-149   6.399214E-149
  -2.388267E-148  -2.388267E-148  -2.388267E-148  -2.388266E-148  -2.388261E-148  -2.388220E-148
   8.913153E-148   8.913153E-148   8.913153E-148   8.913148E-148   8.913129E-148   8.912965E-148
  -3.326441E-147  -3.326441E-147  -3.326441E-147  -3.326439E-147  -3.326432E-147  -3.326366E-147
   1.241447E-146   1.241447E-146   1.241447E-146   1.241447E-146   1.241444E-146   1.241417E-146
  -4.633156E-146  -4.633156E-146  -4.633156E-146  -4.633153E-146  -4.633141E-146  -4.633034E-146
   1.729121E-145   1.729121E-145   1.729121E-145   1.729120E-145   1.729115E-145   1.729073E-145
  -6.453185E-145  -6.453185E-145  -6.453185E-145  -6.453181E-145  -6.453160E-145  -6.452989E-145
   2.408368E-144   2.408368E-144   2.408368E-144   2.408366E-144   2.408358E-144   2.408289E-144
  -8.988175E-144  -8.988175E-144  -8.988175E-144  -8.988167E-144  -8.988135E-144  -8.987858E-144
   3.354442E-143   3.354442E-143   3.354442E-143   3.354439E-143   3.354426E-143   3.354315E-143
  -1.251898E-142  -1.251898E-142  -1.251898E-142  -1.251897E-142  -1.251892E-142  -1.251847E-142
   4.672162E-142   4.672162E-142   4.672162E-142   4.672157E-142   4.672136E-142   4.671957E-142
  -1.743680E-141  -1.743680E-141  -1.743680E-141  -1.743678E-141  -1.743670E-141  -1.743598E-141
   6.507524E-141   6.507524E-141   6.507524E-141   6.507516E-141   6.507482E-141   6.507192E-141
  -2.428649E-140  -2.428649E-140  -2.428649E-140  -2.428646E-140  -2.428632E-140  -2.428516E-140
   9.063873E-140   9.063873E-140   9.063873E-140   9.063860E-140   9.063806E-140   9.063338E-140
  -3.382696E-139  -3.382696E-139  -3.382696E-139  -3.382691E-139  -3.382669E-139  -3.382481E-139
   1.262444E-138   1.262444E-138   1.262444E-138   1.262442E-138   1.262433E-138   1.262358E-138
  -4.711523E-138  -4.711523E-138  -4.711523E-138  -4.711515E-138  -4.711480E-138  -4.711176E-138
   1.758372E-137   1.758372E-137   1.758372E-137   1.758368E-137   1.758354E-137   1.758232E-137
  -6.562359E-137  -6.562359E-137  -6.562359E-137  -6.562346E-137  -6.562289E-137  -6.561799E-137
   2.449116E-136   2.449116E-136   2.449116E-136   2.449111E-136   2.449088E-136   2.448892E-136
  -9.140268E-136  -9.140268E-136  -9.140268E-136  -9.140246E-136  -9.140154E-136  -9.139365E-136
   3.411210E-135   3.411210E-135   3.411210E-135   3.411202E-135   3.411165E-135   3.410847E-135
  -1.273087E-134  -1.273087E-134  -1.273087E-134  -1.273084E-134  -1.273069E-134  -1.272941E-134
   4.751250E-134   4.751250E-134   4.751250E-134   4.751236E-134   4.751176E-134   4.750664E-134
  -1.773200E-133  -1.773200E-133  -1.773200E-133  -1.773194E-133  -1.773170E-133  -1.772965E-133
   6.617708E-133   6.617708E-133   6.617708E-133   6.617685E-133   6.617588E-133   6.616762E-133
  -2.469776E-132  -2.469776E-132  -2.469776E-132  -2.469767E-132  -2.469728E-132  -2.469396E-132
   9.217383E-132   9.217383E-132   9.217383E-132   9.217346E-132   9.217191E-132   9.215857E-132
  -3.439995E-131  -3.439995E-131  -3.439995E-131  -3.439980E-131  -3.439918E-131  -3.439382E-131
   1.283832E-130   1.283832E-130   1.283832E-130   1.283826E-130   1.283801E-130   1.283585E-130
  -4.791356E-130  -4.791356E-130  -4.791356E-130  -4.791332E-130  -4.791231E-130  -4.790367E-130
   1.788170E-129   1.788170E-129   1.788170E-129   1.788161E-129   1.788120E-129   1.787773E-129
  -6.673590E-129  -6.673590E-129  -6.673590E-129  -6.673551E-129  -6.673388E-129  -6.671993E-129
   2.490636E-128   2.490636E-128   2.490636E-128   2.490620E-128   2.490555E-128   2.489994E-128
  -9.295249E-128  -9.295249E-128  -9.295249E-128  -9.295187E-128  -9.294924E-128  -9.292671E-128
   3.469061E-127   3.469061E-127   3.469061E-127   3.469036E-127   3.468931E-127   3.468026E-127
  -1.294682E-126  -1.294682E-126  -1.294682E-126  -1.294672E-126  -1.294629E-126  -1.294266E-126
   4.831859E-126   4.831859E-126   4.831859E-126   4.831818E-126   4.831648E-126   4.830187E-126
  -1.803290E-125  -1.803290E-125  -1.803290E-125  -1.803274E-125  -1.803205E-125  -1.802619E-125
   6.730031E-125   6.730031E-125   6.730030E-125   6.729966E-125   6.729690E-125   6.727333E-125
  -2.511705E-124  -2.511705E-124  -2.511705E-124  -2.511679E-124  -2.511568E-124  -2.510622E-124
   9.373903E-124   9.373903E-124   9.373902E-124   9.373798E-124   9.373353E-124   9.369549E-124
  -3.498423E-123  -3.498423E-123  -3.498423E-123  -3.498381E-123  -3.498203E-123  -3.496674E-123
   1.305643E-122   1.305643E-122   1.305643E-122   1.305626E-122   1.305554E-122   1.304940E-122
  -4.872779E-122  -4.872779E-122  -4.872779E-122  -4.872711E-122  -4.872423E-122  -4.869957E-122
   1.818566E-121   1.818566E-121   1.818566E-121   1.818539E-121   1.818423E-121   1.817432E-121
  -6.787062E-121  -6.787062E-121  -6.787062E-121  -6.786952E-121  -6.786487E-121  -6.782506E-121
   2.532997E-120   2.532997E-120   2.532997E-120   2.532953E-120   2.532766E-120   2.531167E-120
  -9.453392E-120  -9.453392E-120  -9.453391E-120  -9.453214E-120  -9.452464E-120  -9.446039E-120
   3.528100E-119   3.528100E-119   3.528100E-119   3.528029E-119   3.527727E-119   3.525146E-119
  -1.316723E-118  -1.316723E-118  -1.316723E-118  -1.316694E-118  -1.316573E-118  -1.315536E-118
   4.914145E-118   4.914145E-118   4.914145E-118   4.914030E-118   4.913543E-118   4.909378E-118
  -1.834011E-117  -1.834011E-117  -1.834010E-117  -1.833964E-117  -1.833769E-117  -1.832096E-117
   6.844724E-117   6.844724E-117   6.844724E-117   6.844539E-117   6.843753E-117   6.837031E-117
  -2.554526E-116  -2.554526E-116  -2.554526E-116  -2.554451E-116  -2.554136E-116  -2.551435E-116
   9.533776E-116   9.533776E-116   9.533775E-116   9.533477E-116   9.532209E-116   9.521360E-116
  -3.558114E-115  -3.558114E-115  -3.558113E-115  -3.557994E-115  -3.557484E-115  -3.553126E-115
   1.327929E-114   1.327929E-114   1.327929E-114   1.327881E-114   1.327677E-114   1.325926E-114
  -4.955990E-114  -4.955990E-114  -4.955990E-114  -4.955796E-114  -4.954974E-114  -4.947940E-114
   1.849636E-113   1.849636E-113   1.849635E-113   1.849558E-113   1.849227E-113   1.846402E-113
  -6.903069E-113  -6.903069E-113  -6.903068E-113  -6.902756E-113  -6.901429E-113  -6.890079E-113
   2.576313E-112   2.576313E-112   2.576312E-112   2.576187E-112   2.575654E-112   2.571094E-112
  -9.615133E-112  -9.615133E-112  -9.615131E-112  -9.614627E-112  -9.612486E-112  -9.594169E-112
   3.588495E-111   3.588495E-111   3.588494E-111   3.588292E-111   3.587432E-111   3.580073E-111
  -1.339275E-110  -1.339275E-110  -1.339275E-110  -1.339193E-110  -1.338848E-110  -1.335892E-110
   4.998359E-110   4.998359E-110   4.998358E-110   4.998031E-110   4.996643E-110   4.984769E-110
  -1.865458E-109  -1.865458E-109  -1.865458E-109  -1.865327E-109  -1.864769E-109  -1.859999E-109
   6.962162E-109   6.962162E-109   6.962160E-109   6.961633E-109   6.959393E-109   6.940233E-109
  -2.598382E-108  -2.598382E-108  -2.598382E-108  -2.598170E-108  -2.597270E-108  -2.589573E-108
   9.697559E-108   9.697559E-108   9.697556E-108   9.696705E-108   9.693091E-108   9.662173E-108
  -3.619280E-107  -3.619280E-107  -3.619279E-107  -3.618937E-107  -3.617485E-107  -3.605066E-107
   1.350773E-106   1.350773E-106   1.350773E-106   1.350636E-106   1.350052E-106   1.345064E-106
  -5.041308E-106  -5.041308E-106  -5.041306E-106  -5.040754E-106  -5.038411E-106  -5.018373E-106
   1.881501E-105   1.881501E-105   1.881500E-105   1.881279E-105   1.880337E-105   1.872288E-105
  -7.022087E-105  -7.022086E-105  -7.022084E-105  -7.021193E-105  -7.017413E-105  -6.985081E-105
   2.620767E-104   2.620767E-104   2.620766E-104   2.620408E-104   2.618890E-104   2.605903E-104
  -9.781180E-104  -9.781180E-104  -9.781176E-104  -9.779739E-104  -9.773638E-104  -9.721475E-104
   3.650519E-103   3.650519E-103   3.650517E-103   3.649940E-103   3.647489E-103   3.626538E-103
  -1.362444E-102  -1.362444E-102  -1.362443E-102  -1.362211E-102  -1.361227E-102  -1.352811E-102
   5.084909E-102   5.084909E-102   5.084906E-102   5.083975E-102   5.080020E-102   5.046220E-102
  -1.897791E-101  -1.897791E-101  -1.897790E-101  -1.897416E-101  -1.895827E-101  -1.882252E-101
   7.082951E-101   7.082951E-101   7.082947E-101   7.081444E-101   7.075063E-101   7.020538E-101
  -2.643509E-100  -2.643509E-100  -2.643507E-100  -2.642903E-100  -2.640341E-100  -2.618442E-100
   9.866157E-100   9.866157E-100   9.866150E-100   9.863725E-100   9.853430E-100   9.765479E-100
  -3.682273E-099  -3.682273E-099  -3.682270E-099  -3.681296E-099  -3.677161E-099  -3.641839E-099
   1.374310E-098   1.374310E-098   1.374309E-098   1.373918E-098   1.372257E-098   1.358071E-098
  -5.129255E-098  -5.129255E-098  -5.129250E-098  -5.127679E-098  -5.121007E-098  -5.064037E-098
   1.914364E-097   1.914364E-097   1.914363E-097   1.913731E-097   1.911051E-097   1.888173E-097
  -7.144894E-097  -7.144894E-097  -7.144887E-097  -7.142351E-097  -7.131587E-097  -7.039712E-097
   2.666661E-096   2.666661E-096   2.666658E-096   2.665640E-096   2.661316E-096   2.624422E-096
  -9.952697E-096  -9.952697E-096  -9.952685E-096  -9.948594E-096  -9.931229E-096  -9.783079E-096
   3.714623E-095   3.714622E-095   3.714618E-095   3.712975E-095   3.706000E-095   3.646511E-095
  -1.386403E-094  -1.386403E-094  -1.386401E-094  -1.385741E-094  -1.382940E-094  -1.359053E-094
   5.174465E-094   5.174464E-094   5.174457E-094   5.171806E-094   5.160555E-094   5.064645E-094
  -1.931267E-093  -1.931267E-093  -1.931264E-093  -1.930199E-093  -1.925681E-093  -1.887172E-093
   7.208093E-093   7.208092E-093   7.208080E-093   7.203804E-093   7.185655E-093   7.031048E-093
  -2.690292E-092  -2.690292E-092  -2.690287E-092  -2.688570E-092  -2.681281E-092  -2.619211E-092
   1.004106E-091   1.004106E-091   1.004104E-091   1.003415E-091   1.000487E-091   9.755688E-092
  -3.747669E-091  -3.747669E-091  -3.747661E-091  -3.744891E-091  -3.733135E-091  -3.633102E-091
   1.398763E-090   1.398762E-090   1.398759E-090   1.397647E-090   1.392925E-090   1.352771E-090
  -5.220691E-090  -5.220691E-090  -5.220678E-090  -5.216209E-090  -5.197249E-090  -5.036069E-090
   1.948558E-089   1.948558E-089   1.948553E-089   1.946758E-089   1.939144E-089   1.874451E-089
  -7.272775E-089  -7.272774E-089  -7.272754E-089  -7.265546E-089  -7.234969E-089  -6.975322E-089
   2.714490E-088   2.714490E-088   2.714482E-088   2.711587E-088   2.699309E-088   2.595106E-088
  -1.013160E-087  -1.013160E-087  -1.013157E-087  -1.011994E-087  -1.007063E-087  -9.652472E-088
   3.781544E-087   3.781544E-087   3.781531E-087   3.776862E-087   3.757063E-087   3.589268E-087
  -1.411439E-086  -1.411438E-086  -1.411433E-086  -1.409558E-086  -1.401608E-086  -1.334283E-086
   5.268130E-086   5.268129E-086   5.268108E-086   5.260579E-086   5.228657E-086   4.958544E-086
  -1.966313E-085  -1.966313E-085  -1.966304E-085  -1.963281E-085  -1.950463E-085  -1.842103E-085
   7.339231E-085   7.339230E-085   7.339196E-085   7.327055E-085   7.275592E-085   6.840925E-085
  -2.739368E-084  -2.739367E-084  -2.739353E-084  -2.734478E-084  -2.713816E-084  -2.539476E-084
   1.022473E-083   1.022473E-083   1.022468E-083   1.020510E-083   1.012214E-083   9.422958E-084
  -3.816415E-083  -3.816414E-083  -3.816392E-083  -3.808532E-083  -3.775227E-083  -3.494853E-083
   1.424496E-082   1.424496E-082   1.424487E-082   1.421331E-082   1.407960E-082   1.295544E-082
  -5.317028E-082  -5.317027E-082  -5.316992E-082  -5.304320E-082  -5.250644E-082  -4.799970E-082
   1.984627E-081   1.984626E-081   1.984612E-081   1.979524E-081   1.957977E-081   1.777329E-081
  -7.407831E-081  -7.407829E-081  -7.407772E-081  -7.387344E-081  -7.300850E-081  -6.576846E-081
   2.765066E-080   2.765065E-080   2.765043E-080   2.756841E-080   2.722123E-080   2.432003E-080
  -1.032102E-079  -1.032101E-079  -1.032092E-079  -1.028799E-079  -1.014864E-079  -8.986285E-080
   3.852493E-079   3.852491E-079   3.852454E-079   3.839235E-079   3.783305E-079   3.317697E-079
  -1.438016E-078  -1.438016E-078  -1.438001E-078  -1.432694E-078  -1.410247E-078  -1.223774E-078
   5.367702E-078   5.367700E-078   5.367640E-078   5.346337E-078   5.256250E-078   4.509598E-078
  -2.003622E-077  -2.003621E-077  -2.003597E-077  -1.995045E-077  -1.958893E-077  -1.659996E-077
   7.479043E-077   7.479038E-077   7.478943E-077   7.444614E-077   7.299545E-077   6.103298E-077
  -2.791767E-076  -2.791765E-076  -2.791727E-076  -2.777947E-076  -2.719738E-076  -2.241101E-076
   1.042114E-075   1.042114E-075   1.042098E-075   1.036567E-075   1.013212E-075   8.217554E-076
  -3.890045E-075  -3.890043E-075  -3.889981E-075  -3.867782E-075  -3.774080E-075  -3.008475E-075
   1.452102E-074   1.452101E-074   1.452076E-074   1.443167E-074   1.405576E-074   1.099521E-074
  -5.420547E-074  -5.420543E-074  -5.420443E-074  -5.384685E-074  -5.233892E-074  -4.010842E-074
   2.023450E-073   2.023448E-073   2.023408E-073   2.009058E-073   1.948573E-073   1.460000E-073
  -7.553452E-073  -7.553445E-073  -7.553284E-073  -7.495695E-073  -7.253104E-073  -5.302168E-073
   2.819695E-072   2.819692E-072   2.819628E-072   2.796518E-072   2.699228E-072   1.920525E-072
  -1.052598E-071  -1.052597E-071  -1.052571E-071  -1.043298E-071  -1.004284E-071  -6.936111E-072
   3.929406E-071   3.929402E-071   3.929298E-071   3.892090E-071   3.735659E-071   2.496796E-071
  -1.466883E-070  -1.466881E-070  -1.466839E-070  -1.451910E-070  -1.389193E-070  -8.954343E-071
   5.476057E-070   5.476050E-070   5.475883E-070   5.415988E-070   5.164568E-070   3.197758E-070
  -2.044301E-069  -2.044298E-069  -2.044231E-069  -2.020203E-069  -1.919426E-069  -1.136451E-069
   7.631788E-069   7.631776E-069   7.631507E-069   7.535115E-069   7.131217E-069   4.016269E-069
  -2.849130E-068  -2.849125E-068  -2.849017E-068  -2.810352E-068  -2.648497E-068  -1.410125E-068
   1.063660E-067   1.063659E-067   1.063615E-067   1.048106E-067   9.832551E-068   4.912992E-068
  -3.970988E-067  -3.970981E-067  -3.970807E-067  -3.908603E-067  -3.648800E-067  -1.696029E-067
   1.482516E-066   1.482512E-066   1.482443E-066   1.457496E-066   1.353431E-066   5.789684E-067
  -5.534840E-066  -5.534827E-066  -5.534548E-066  -5.434505E-066  -5.017738E-066  -1.949108E-066
   2.066409E-065   2.066404E-065   2.066291E-065   2.026175E-065   1.859295E-065   6.446387E-066
  -7.714945E-065  -7.714925E-065  -7.714475E-065  -7.553626E-065  -6.885533E-065  -2.082747E-065
   2.880416E-064   2.880408E-064   2.880227E-064   2.815739E-064   2.548326E-064   6.514972E-065
  -1.075433E-063  -1.075430E-063  -1.075357E-063  -1.049504E-063  -9.424913E-064  -1.942898E-064
   4.015294E-063   4.015282E-063   4.014991E-063   3.911359E-063   3.483210E-063   5.359244E-064
  -1.499193E-062  -1.499188E-062  -1.499072E-062  -1.457534E-062  -1.286277E-062  -1.269850E-063
   5.597632E-062   5.597611E-062   5.597144E-062   5.430671E-062   4.745821E-062   1.930088E-063
  -2.090054E-061  -2.090045E-061  -2.089858E-061  -2.023147E-061  -1.749351E-061   3.560707E-063
   7.804001E-061   7.803967E-061   7.803217E-061   7.535909E-061   6.441616E-061  -5.435684E-062
  -2.913963E-060  -2.913950E-060  -2.913649E-060  -2.806553E-060  -2.369322E-060   3.587972E-061
   1.088073E-059   1.088067E-059   1.087947E-059   1.045044E-059   8.704019E-060  -1.927921E-060
  -4.062926E-059  -4.062904E-059  -4.062421E-059  -3.890575E-059  -3.193243E-059   9.405254E-060
   1.517146E-058   1.517138E-058   1.516944E-058   1.448120E-058   1.169781E-058  -4.333792E-059
  -5.665309E-058  -5.665275E-058  -5.664499E-058  -5.388897E-058  -4.278340E-058   1.921900E-058
   2.115571E-057   2.115557E-057   2.115247E-057   2.004899E-057   1.561973E-057  -8.287747E-058
  -7.900230E-057  -7.900174E-057  -7.898929E-057  -7.457176E-057  -5.691415E-057   3.496855E-057
   2.950258E-056   2.950236E-056   2.949737E-056   2.772918E-056   2.069307E-056  -1.449335E-056
  -1.101765E-055  -1.101756E-055  -1.101556E-055  -1.030793E-055  -7.505593E-056   5.916129E-056
   4.114588E-055   4.114552E-055   4.113752E-055   3.830603E-055   2.715077E-055  -2.382504E-055
  -1.536642E-054  -1.536628E-054  -1.536307E-054  -1.423030E-054  -9.792191E-055   9.476426E-055
   5.738892E-054   5.738835E-054   5.737552E-054   5.284454E-054   3.519806E-054  -3.725342E-054
  -2.143348E-053  -2.143326E-053  -2.142812E-053  -1.961613E-053  -1.260409E-053   1.447912E-053
   8.005105E-053   8.005013E-053   8.002956E-053   7.278466E-053   4.494024E-053  -5.563988E-053
  -2.989861E-052  -2.989824E-052  -2.989001E-052  -2.699389E-052  -1.594494E-052   2.113454E-052
   1.116721E-051   1.116707E-051   1.116377E-051   1.000632E-051   5.625335E-052  -7.931121E-052
  -4.171084E-051  -4.171025E-051  -4.169706E-051  -3.707229E-051  -1.971554E-051   2.937994E-051
   1.557985E-050   1.557962E-050   1.557434E-050   1.372690E-050   6.856399E-051  -1.073057E-050
  -5.819536E-050  -5.819442E-050  -5.817331E-050  -5.079528E-050  -2.362428E-050   3.857693E-050
   2.173823E-049   2.173786E-049   2.172941E-049   1.878367E-049   8.048880E-050  -1.361973E-049
  -8.120282E-049  -8.120131E-049  -8.116753E-049  -6.940974E-049  -2.704316E-049   4.707038E-049
   3.033397E-048   3.033336E-048   3.031986E-048   2.562816E-048   8.926345E-049  -1.585082E-048
  -1.133180E-047  -1.133156E-047  -1.132615E-047  -9.454608E-048  -2.878316E-048   5.164634E-048
   4.233309E-047   4.233213E-047   4.231054E-047   3.484723E-047   8.986568E-048  -1.609907E-047
  -1.581514E-046  -1.581476E-046  -1.580613E-046  -1.283093E-046  -2.675448E-047   4.705098E-047
   5.908516E-046   5.908363E-046   5.904913E-046   4.719288E-046   7.370984E-047  -1.236027E-046
  -2.207476E-045  -2.207415E-045  -2.206036E-045  -1.733737E-045  -1.746911E-046   2.595630E-046
   8.247573E-045   8.247328E-045   8.241821E-045   6.361123E-045   2.676850E-046  -2.086959E-046
  -3.081549E-044  -3.081451E-044  -3.079251E-044  -2.330661E-044   4.661440E-046  -1.992531E-045
   1.151396E-043   1.151357E-043   1.150479E-043   8.526380E-044  -7.302453E-045   1.716184E-044
  -4.302233E-043  -4.302077E-043  -4.298570E-043  -3.114081E-043   4.827450E-044  -9.657126E-044
   1.607594E-042   1.607532E-042   1.606132E-042   1.135291E-042  -2.591869E-043   4.622042E-043
  -6.007205E-042  -6.006956E-042  -6.001368E-042  -4.130666E-042   1.262631E-042  -2.012450E-042
   2.244824E-041   2.244725E-041   2.242495E-041   1.499626E-041  -5.808653E-042   8.175840E-042
  -8.388923E-041  -8.388528E-041  -8.379632E-041  -5.431235E-041   2.571827E-041  -3.129731E-041
   3.135049E-040   3.134892E-040   3.131343E-040   1.961803E-040  -1.107398E-040   1.130292E-040
  -1.171648E-039  -1.171585E-039  -1.170170E-039  -7.065223E-040   4.666533E-040  -3.827660E-040
   4.378892E-039   4.378642E-039   4.373001E-039   2.536074E-039  -1.932261E-039   1.195714E-039
  -1.636615E-038  -1.636515E-038  -1.634266E-038  -9.069650E-039   7.882900E-039  -3.317145E-039
   6.117074E-038   6.116676E-038   6.107716E-038   3.230038E-038  -3.174309E-038   7.346817E-039
  -2.286422E-037  -2.286263E-037  -2.282694E-037  -1.144906E-037   1.263266E-037  -7.145883E-039
   8.546425E-037   8.545793E-037   8.531576E-037   4.036300E-037  -4.972562E-037  -4.860744E-038
  -3.194688E-036  -3.194436E-036  -3.188775E-036  -1.414124E-036   1.936968E-036   4.368024E-037
   1.194231E-035   1.194131E-035   1.191878E-035   4.918505E-036  -7.468367E-036  -2.398789E-036
  -4.464416E-035  -4.464017E-035  -4.455049E-035  -1.696091E-035   2.850335E-035   1.083800E-035
   1.669004E-034   1.668846E-034   1.665277E-034   5.788862E-035  -1.076582E-034  -4.300896E-035
  -6.239747E-034  -6.239116E-034  -6.224924E-034  -1.951065E-034   4.022538E-034   1.519551E-034
   2.332886E-033   2.332635E-033   2.326992E-033   6.473076E-034  -1.485849E-033  -4.698496E-034
  -8.722429E-033  -8.721432E-033  -8.699000E-033  -2.104393E-033   5.420900E-033   1.186435E-033
   3.261362E-032   3.260966E-032   3.252051E-032   6.657269E-033  -1.950939E-032  -1.810291E-033
  -1.219491E-031  -1.219333E-031  -1.215792E-031  -2.026080E-032   6.914317E-032  -3.573944E-033
   4.560119E-031   4.559494E-031   4.545430E-031   5.809884E-032  -2.407538E-031   4.841780E-032
  -1.705268E-030  -1.705020E-030  -1.699436E-030  -1.501174E-031   8.209152E-031  -2.783610E-031
   6.377170E-030   6.376185E-030   6.354023E-030   3.070281E-031  -2.728201E-030   1.218436E-030
  -2.384969E-029  -2.384578E-029  -2.375786E-029  -1.882039E-031   8.773956E-030  -4.404324E-030
   8.919846E-029   8.918297E-029   8.883422E-029  -2.904903E-030  -2.698859E-029   1.293347E-029
  -3.336201E-028  -3.335587E-028  -3.321759E-028   2.437043E-029   7.773990E-029  -2.649955E-029
   1.247866E-027   1.247622E-027   1.242142E-027  -1.414518E-028  -2.004434E-028   1.290056E-030
  -4.667720E-027  -4.666756E-027  -4.645041E-027   7.154182E-028   4.060742E-028   3.438198E-028
   1.746078E-026   1.745696E-026   1.737095E-026  -3.362187E-027  -2.427385E-028  -2.235814E-027
  -6.531980E-026  -6.530467E-026  -6.496416E-026   1.508657E-026  -3.705710E-027   9.762257E-027
   2.443707E-025   2.443109E-025   2.429632E-025  -6.554659E-026   3.003214E-026  -3.243509E-026
  -9.142760E-025  -9.140391E-025  -9.087071E-025   2.779927E-025  -1.669122E-025   7.532358E-026
   3.420818E-024   3.419881E-024   3.398794E-024  -1.156802E-024   7.996671E-025  -4.201745E-026
  -1.279994E-023  -1.279624E-023  -1.271287E-023   4.739091E-024  -3.516046E-024  -7.363163E-025
   4.789743E-023   4.788279E-023   4.755336E-023  -1.915801E-023   1.455062E-023   5.092940E-024
  -1.792435E-022  -1.791857E-022  -1.778844E-022   7.654774E-023  -5.733082E-023  -2.138553E-023
   6.708153E-022   6.705871E-022   6.654484E-022  -3.026511E-022   2.160931E-022   6.234648E-023
  -2.510682E-021  -2.509781E-021  -2.489498E-021   1.185037E-021  -7.794492E-022  -9.314524E-023
   9.397463E-021   9.393909E-021   9.313881E-021  -4.597705E-021   2.680475E-021  -2.828096E-022
  -3.517719E-020  -3.516318E-020  -3.484755E-020   1.768155E-020  -8.709102E-021   2.791694E-021
   1.316875E-019   1.316323E-019   1.303880E-019  -6.741330E-020   2.624149E-020  -1.238527E-020
  -4.930179E-019  -4.928002E-019  -4.878968E-019   2.548166E-019  -7.037896E-020   3.421182E-020
   1.845939E-018   1.845081E-018   1.825766E-018  -9.548081E-019   1.495852E-019  -3.206554E-020
  -6.912137E-018  -6.908759E-018  -6.832706E-018   3.545677E-018  -1.215386E-019  -2.616715E-019
   2.587737E-017   2.586408E-017   2.556484E-017  -1.303971E-017  -1.134939E-018   1.830727E-018
  -1.408868E-016  -1.408091E-016  -1.390743E-016   6.900567E-017   1.626443E-017  -8.738779E-018
  -3.816121E-016  -3.814000E-016  -3.766654E-016   1.859964E-016   4.691779E-017  -2.182778E-017
  -1.141365E-015  -1.140727E-015  -1.126474E-015   5.535123E-016   1.475056E-016  -5.968050E-017
  -3.348921E-015  -3.347034E-015  -3.304939E-015   1.615593E-015   4.535660E-016  -1.569405E-016
  -9.757818E-015  -9.752286E-015  -9.628827E-015   4.681850E-015   1.379885E-015  -4.005198E-016
  -2.814590E-014  -2.812983E-014  -2.777138E-014   1.342832E-014   4.142941E-015  -9.815695E-016
  -8.054140E-014  -8.049513E-014  -7.946266E-014   3.820139E-014   1.230211E-014  -2.290414E-015
  -2.282432E-013  -2.281112E-013  -2.251661E-013   1.076003E-013   3.607977E-014  -4.971295E-015
  -6.405004E-013  -6.401276E-013  -6.318088E-013   3.000506E-013   1.045152E-013  -9.595971E-015
  -1.779337E-012  -1.778294E-012  -1.755033E-012   8.281217E-013   2.990027E-013  -1.443259E-014
  -4.891254E-012  -4.888369E-012  -4.824006E-012   2.261083E-012   8.445383E-013  -6.062443E-015
  -1.329866E-011  -1.329076E-011  -1.311462E-011   6.104660E-012   2.354332E-012   7.396425E-014
  -3.574439E-011  -3.572303E-011  -3.524648E-011   1.628973E-011   6.475204E-012   4.368478E-013
  -9.492766E-011  -9.487056E-011  -9.359668E-011   4.293820E-011   1.756260E-011   1.772272E-012
  -2.489568E-010  -2.488060E-010  -2.454433E-010   1.117403E-010   4.695367E-011   6.183760E-012
  -6.443980E-010  -6.440053E-010  -6.352440E-010   2.869208E-010   1.236740E-010   1.975918E-011
  -1.645246E-009  -1.644237E-009  -1.621721E-009   7.265156E-010   3.207659E-010   5.936135E-011
  -4.140937E-009  -4.138380E-009  -4.081338E-009   1.813010E-009   8.187764E-010   1.699153E-010
  -1.026840E-008  -1.026201E-008  -1.011963E-008   4.456249E-009   2.055762E-009   4.668720E-010
  -2.507211E-008  -2.505642E-008  -2.470649E-008   1.078195E-008   5.074269E-009   1.236896E-009
  -6.024443E-008  -6.020649E-008  -5.936012E-008   2.566458E-008   1.230645E-008   3.168270E-009
  -1.423778E-007  -1.422875E-007  -1.402741E-007   6.006712E-008   2.931039E-008   7.859345E-009
  -3.307790E-007  -3.305679E-007  -3.258592E-007   1.381570E-007   6.851997E-008   1.889910E-008
  -7.550699E-007  -7.545848E-007  -7.437652E-007   3.121192E-007   1.571471E-007   4.407448E-008
  -1.692724E-006  -1.691629E-006  -1.667213E-006   6.922638E-007   3.534166E-007   9.969270E-008
  -3.725166E-006  -3.722741E-006  -3.668651E-006   1.506718E-006   7.790560E-007   2.186629E-007
  -8.044380E-006  -8.039108E-006  -7.921525E-006   3.216793E-006   1.682576E-006   4.648445E-007
  -1.704004E-005  -1.702879E-005  -1.677806E-005   6.734148E-006   3.559116E-006   9.570254E-007
  -3.539486E-005  -3.537135E-005  -3.484706E-005   1.381864E-005   7.370949E-006   1.906097E-006
  -7.207435E-005  -7.202615E-005  -7.095136E-005   2.778713E-005   1.494121E-005   3.667074E-006
  -1.438431E-004  -1.437463E-004  -1.415868E-004   5.474034E-005   2.963544E-005   6.800712E-006
  -2.813070E-004  -2.811163E-004  -2.768647E-004   1.056245E-004   5.750406E-005   1.212286E-005
  -5.390003E-004  -5.386325E-004  -5.304309E-004   1.995907E-004   1.091338E-004   2.068605E-005
  -1.011734E-003  -1.011039E-003  -9.955389E-004   3.692984E-004   2.025447E-004   3.357822E-005
  -1.860294E-003  -1.859007E-003  -1.830313E-003   6.690146E-004   3.675558E-004   5.132752E-005
  -3.350592E-003  -3.348258E-003  -3.296221E-003   1.186563E-003   6.521074E-004   7.256494E-005
  -5.911384E-003  -5.907238E-003  -5.814798E-003   2.060319E-003   1.131024E-003   9.142010E-005
  -1.021653E-002  -1.020932E-002  -1.004845E-002   3.502459E-003   1.917587E-003   9.293554E-005
  -1.729810E-002  -1.728580E-002  -1.701152E-002   5.829433E-003   3.177967E-003   4.563229E-005
  -2.869604E-002  -2.867549E-002  -2.821729E-002   9.500079E-003   5.148038E-003  -1.096643E-004
  -4.664826E-002  -4.661461E-002  -4.586451E-002   1.516073E-002   8.151206E-003  -4.754005E-004
  -7.432116E-002  -7.426717E-002  -7.306358E-002   2.369519E-002   1.261479E-002  -1.217308E-003
  -1.160748E-001  -1.159899E-001  -1.140967E-001   3.627532E-002   1.908110E-002  -2.587743E-003
  -1.777492E-001  -1.776182E-001  -1.746980E-001   5.440590E-002   2.820796E-002  -4.949520E-003
  -2.669473E-001  -2.667492E-001  -2.623316E-001   7.995450E-002   4.075236E-002  -8.795203E-003
  -3.932831E-001  -3.929890E-001  -3.864329E-001   1.151559E-001   5.753014E-002  -1.475445E-002
  -5.685480E-001  -5.681196E-001  -5.585712E-001   1.625787E-001   7.934543E-002  -2.357998E-002
  -8.067483E-001  -8.061358E-001  -7.924851E-001   2.250426E-001   1.068850E-001  -3.610178E-002
  -1.123959E+000  -1.123099E+000  -1.103936E+000   3.054780E-001   1.405765E-001  -5.314014E-002
  -1.537949E+000  -1.536763E+000  -1.510339E+000   4.067221E-001   1.804140E-001  -7.537173E-002
  -2.067533E+000  -2.065926E+000  -2.030125E+000   5.312552E-001   2.257612E-001  -1.031493E-001
  -2.731656E+000  -2.729517E+000  -2.681839E+000   6.808872E-001   2.751482E-001  -1.362848E-001
  -3.548200E+000  -3.545398E+000  -3.482967E+000   8.564137E-001   3.260847E-001  -1.738173E-001
  -4.532575E+000  -4.528966E+000  -4.448558E+000   1.057271E+000   3.749160E-001  -2.137962E-001
  -5.696175E+000  -5.691602E+000  -5.589701E+000   1.281225E+000   4.167506E-001  -2.531204E-001
  -7.044806E+000  -7.039101E+000  -6.911992E+000   1.524127E+000   4.454855E-001  -2.874773E-001
  -8.577214E+000  -8.570207E+000  -8.414087E+000   1.779782E+000   4.539484E-001  -3.114198E-001
  -1.028387E+001  -1.027539E+001  -1.008652E+001   2.039950E+000   4.341669E-001  -3.186128E-001
  -1.214613E+001  -1.213603E+001  -1.191088E+001   2.294511E+000   3.777628E-001  -3.022557E-001
  -1.413592E+001  -1.412404E+001  -1.385951E+001   2.531787E+000   2.764515E-001  -2.556688E-001
  -1.621594E+001  -1.620218E+001  -1.589572E+001   2.739029E+000   1.226177E-001  -1.729992E-001
  -1.834056E+001  -1.832484E+001  -1.797468E+001   2.903021E+000  -9.007699E-002  -4.998047E-002
  -2.045727E+001  -2.043955E+001  -2.004481E+001   3.010788E+000  -3.661046E-001   1.153388E-001
  -2.250862E+001  -2.248891E+001  -2.204976E+001   3.050328E+000  -7.075515E-001   3.219915E-001
  -2.443465E+001  -2.441299E+001  -2.393070E+001   3.011339E+000  -1.113720E+000   5.657015E-001
  -2.617544E+001  -2.615195E+001  -2.562896E+001   2.885873E+000  -1.580887E+000   8.387768E-001
  -2.767390E+001  -2.764874E+001  -2.708862E+001   2.668861E+000  -2.102256E+000   1.130326E+000
  -2.887829E+001  -2.885168E+001  -2.825910E+001   2.358489E+000  -2.668098E+000   1.426807E+000
  -2.974463E+001  -2.971681E+001  -2.909740E+001   1.956377E+000  -3.266087E+000   1.712867E+000
  -3.023852E+001  -3.020979E+001  -2.957003E+001   1.467573E+000  -3.881811E+000   1.972410E+000
  -3.033662E+001  -3.030729E+001  -2.965430E+001   9.003428E-001  -4.499402E+000   2.189789E+000
  -3.002742E+001  -2.999783E+001  -2.933918E+001   2.658051E-001  -5.102264E+000   2.351017E+000
  -2.931147E+001  -2.928198E+001  -2.862544E+001  -4.225844E-001  -5.673830E+000   2.444861E+000
  -2.820103E+001  -2.817197E+001  -2.752535E+001  -1.149644E+000  -6.198309E+000   2.463739E+000
  -2.671916E+001  -2.669088E+001  -2.606175E+001  -1.899132E+000  -6.661368E+000   2.404319E+000
  -2.489844E+001  -2.487127E+001  -2.426679E+001  -2.654433E+000  -7.050711E+000   2.267778E+000
  -2.277934E+001  -2.275357E+001  -2.218033E+001  -3.399209E+000  -7.356537E+000   2.059697E+000
  -2.040835E+001  -2.038425E+001  -1.984811E+001  -4.117999E+000  -7.571840E+000   1.789628E+000
  -1.783606E+001  -1.781384E+001  -1.731982E+001  -4.796724E+000  -7.692565E+000   1.470368E+000
  -1.511521E+001  -1.509506E+001  -1.464727E+001  -5.423094E+000  -7.717607E+000   1.117021E+000
  -1.229888E+001  -1.228095E+001  -1.188253E+001  -5.986897E+000  -7.648681E+000   7.459436E-001
  -9.438825E+000  -9.423209E+000  -9.076342E+000  -6.480172E+000  -7.490076E+000   3.736530E-001
  -6.584043E+000  -6.570796E+000  -6.276715E+000  -6.897278E+000  -7.248318E+000   1.580013E-002
  -3.779611E+000  -3.768748E+000  -3.527784E+000  -7.234857E+000  -6.931770E+000  -3.137250E-001
  -1.065800E+000  -1.057299E+000  -8.689448E-001  -7.491717E+000  -6.550196E+000  -6.034970E-001
   1.522539E+000   1.528734E+000   1.665739E+000  -7.668646E+000  -6.114318E+000  -8.450311E-001
   3.956323E+000   3.960299E+000   4.047878E+000  -7.768178E+000  -5.635380E+000  -1.033020E+000
   6.212353E+000   6.214221E+000   6.254855E+000  -7.794325E+000  -5.124746E+000  -1.165339E+000
   8.273214E+000   8.273105E+000   8.269737E+000  -7.752293E+000  -4.593537E+000  -1.242841E+000
   1.012702E+001   1.012508E+001   1.008101E+001  -7.648199E+000  -4.052326E+000  -1.268988E+000
   1.176701E+001   1.176340E+001   1.168218E+001  -7.488794E+000  -3.510893E+000  -1.249351E+000
   1.319106E+001   1.318595E+001   1.307129E+001  -7.281207E+000  -2.978034E+000  -1.191048E+000
   1.440113E+001   1.439469E+001   1.425040E+001  -7.032715E+000  -2.461435E+000  -1.102141E+000
   1.540267E+001   1.539507E+001   1.522496E+001  -6.750542E+000  -1.967598E+000  -9.910699E-001
   1.620404E+001   1.619544E+001   1.600326E+001  -6.441691E+000  -1.501818E+000  -8.661234E-001
   1.681590E+001   1.680647E+001   1.659585E+001  -6.112809E+000  -1.068198E+000  -7.350037E-001
   1.725068E+001   1.724058E+001   1.701499E+001  -5.770080E+000  -6.697044E-001  -6.044823E-001
   1.752208E+001   1.751145E+001   1.727418E+001  -5.419156E+000  -3.082468E-001  -4.801682E-001
   1.764458E+001   1.763357E+001   1.738767E+001  -5.065105E+000   1.522547E-002  -3.663765E-001
   1.763309E+001   1.762181E+001   1.737011E+001  -4.712387E+000   3.006095E-001  -2.660984E-001
   1.750253E+001   1.749110E+001   1.723617E+001  -4.364854E+000   5.485307E-001  -1.810547E-001
   1.726761E+001   1.725615E+001   1.700029E+001  -4.025756E+000   7.602223E-001  -1.118170E-001
   1.694258E+001   1.693116E+001   1.667644E+001  -3.697772E+000   9.374071E-001  -5.798069E-002
   1.654100E+001   1.652972E+001   1.627794E+001  -3.383043E+000   1.082186E+000  -1.836091E-002
   1.607568E+001   1.606459E+001   1.581733E+001  -3.083211E+000   1.196935E+000   8.787976E-003
   1.555850E+001   1.554768E+001   1.530627E+001  -2.799472E+000   1.284210E+000   2.556594E-002
   1.500042E+001   1.498991E+001   1.475547E+001  -2.532617E+000   1.346664E+000   3.423211E-002
   1.441140E+001   1.440124E+001   1.417468E+001  -2.283087E+000   1.386981E+000   3.702770E-002
   1.380042E+001   1.379065E+001   1.357270E+001  -2.051019E+000   1.407808E+000   3.604767E-002
   1.317548E+001   1.316612E+001   1.295735E+001  -1.836294E+000   1.411715E+000   3.313448E-002
   1.254363E+001   1.253470E+001   1.233552E+001  -1.638577E+000   1.401149E+000   2.980131E-002
   1.191104E+001   1.190255E+001   1.171323E+001  -1.457363E+000   1.378412E+000   2.720848E-002
   1.128301E+001   1.127496E+001   1.109565E+001  -1.292008E+000   1.345637E+000   2.614948E-002
   1.066405E+001   1.065646E+001   1.048720E+001  -1.141766E+000   1.304774E+000   2.707295E-002
   1.005797E+001   1.005082E+001   9.891569E+000  -1.005816E+000   1.257587E+000   3.011723E-002
   9.467868E+000   9.461169E+000   9.311793E+000  -8.832865E-001   1.205650E+000   3.516317E-002
   8.896279E+000   8.890014E+000   8.750325E+000  -7.732789E-001   1.150352E+000   4.189580E-002
   8.345177E+000   8.339335E+000   8.209085E+000  -6.748851E-001   1.092902E+000   4.985546E-002
   7.816060E+000   7.810629E+000   7.689525E+000  -5.872024E-001   1.034338E+000   5.850428E-002
   7.310000E+000   7.304965E+000   7.192679E+000  -5.093459E-001   9.755403E-001   6.727824E-002
   6.827701E+000   6.823045E+000   6.719221E+000  -4.404580E-001   9.172427E-001   7.563202E-002
   6.369540E+000   6.365247E+000   6.269510E+000  -3.797168E-001   8.600447E-001   8.307651E-002
   5.935620E+000   5.931673E+000   5.843634E+000  -3.263406E-001   8.044260E-001   8.920649E-002
   5.525809E+000   5.522190E+000   5.441451E+000  -2.795929E-001   7.507594E-001   9.371131E-002
   5.139776E+000   5.136466E+000   5.062628E+000  -2.387843E-001   6.993244E-001   9.639754E-002
   4.777025E+000   4.774007E+000   4.706671E+000  -2.032738E-001   6.503190E-001   9.717293E-002
   4.436927E+000   4.434183E+000   4.372956E+000  -1.724694E-001   6.038718E-001   9.604916E-002
   4.118745E+000   4.116258E+000   4.060752E+000  -1.458276E-001   5.600527E-001   9.312779E-002
   3.821656E+000   3.819410E+000   3.769251E+000  -1.228521E-001   5.188829E-001   8.858196E-002
   3.544778E+000   3.542755E+000   3.497580E+000  -1.030922E-001   4.803438E-001   8.265048E-002
   3.287181E+000   3.285366E+000   3.244825E+000  -8.614079E-002   4.443853E-001   7.561084E-002
   3.047906E+000   3.046284E+000   3.010042E+000  -7.163212E-002   4.109324E-001   6.775621E-002
   2.825978E+000   2.824535E+000   2.792275E+000  -5.923913E-002   3.798916E-001   5.938721E-002
   2.620419E+000   2.619141E+000   2.590561E+000  -4.867088E-002   3.511561E-001   5.080252E-002
   2.430258E+000   2.429133E+000   2.403947E+000  -3.966984E-002   3.246104E-001   4.227823E-002
   2.254537E+000   2.253552E+000   2.231493E+000  -3.200917E-002   3.001335E-001   3.406243E-002
   2.092320E+000   2.091464E+000   2.072281E+000  -2.549002E-002   2.776025E-001   2.637272E-002
   1.942699E+000   1.941961E+000   1.925420E+000  -1.993894E-002   2.568948E-001   1.937462E-002
   1.804797E+000   1.804169E+000   1.790051E+000  -1.520534E-002   2.378898E-001   1.320961E-002
   1.677775E+000   1.677246E+000   1.665349E+000  -1.115915E-002   2.204703E-001   7.957446E-003
   1.560831E+000   1.560393E+000   1.550530E+000  -7.688473E-003   2.045241E-001   3.676439E-003
   1.453203E+000   1.452849E+000   1.444847E+000  -4.697566E-003   1.899436E-001   3.788202E-004
   1.354174E+000   1.353896E+000   1.347596E+000  -2.104844E-003   1.766275E-001  -1.960437E-003
   1.263065E+000   1.262857E+000   1.258113E+000   1.588930E-004   1.644800E-001  -3.389203E-003
   1.179242E+000   1.179098E+000   1.175776E+000   2.152083E-003   1.534112E-001  -3.982223E-003
   1.102113E+000   1.102027E+000   1.100006E+000   3.923864E-003   1.433371E-001  -3.822004E-003
   1.031125E+000   1.031094E+000   1.030260E+000   5.515382E-003   1.341792E-001  -3.014579E-003
   9.657682E-001   9.657851E-001   9.660386E-001   6.960952E-003   1.258646E-001  -1.685771E-003
   9.055673E-001   9.056288E-001   9.068765E-001   8.289081E-003   1.183251E-001   5.850564E-005
   8.500856E-001   8.501880E-001   8.523458E-001   9.523357E-003   1.114974E-001   2.091261E-003
   7.989206E-001   7.990606E-001   8.020521E-001   1.068322E-002   1.053227E-001   4.293457E-003
   7.517028E-001   7.518771E-001   7.556330E-001   1.178465E-002   9.974615E-002   6.571899E-003
   7.080931E-001   7.082990E-001   7.127566E-001   1.284071E-002   9.471678E-002   8.835145E-003
   6.677814E-001   6.680162E-001   6.731186E-001   1.386206E-002   9.018704E-002   1.097577E-002
   6.304840E-001   6.307455E-001   6.364411E-001   1.485733E-002   8.611266E-002   1.295398E-002
   5.959422E-001   5.962282E-001   6.024705E-001   1.583352E-002   8.245229E-002   1.466817E-002
   5.639199E-001   5.642286E-001   5.709753E-001   1.679624E-002   7.916738E-002   1.610919E-002
   5.342022E-001   5.345319E-001   5.417448E-001   1.775000E-002   7.622191E-002   1.724019E-002
   5.065934E-001   5.069425E-001   5.145870E-001   1.869835E-002   7.358220E-002   1.806662E-002
   4.809154E-001   4.812825E-001   4.893272E-001   1.964412E-002   7.121683E-002   1.857603E-002
   4.570063E-001   4.573902E-001   4.658067E-001   2.058947E-002   6.909639E-002   1.878888E-002
   4.347188E-001   4.351182E-001   4.438809E-001   2.153609E-002   6.719345E-002   1.874963E-002
   4.139190E-001   4.143330E-001   4.234185E-001   2.248522E-002   6.548240E-002   1.846142E-002
   3.944853E-001   3.949128E-001   4.043000E-001   2.343777E-002   6.393933E-002   1.801587E-002
   3.763068E-001   3.767471E-001   3.864166E-001   2.439435E-002   6.254203E-002   1.741950E-002
   3.592830E-001   3.597352E-001   3.696697E-001   2.535534E-002   6.126982E-002   1.675375E-002
   3.433222E-001   3.437857E-001   3.539692E-001   2.632092E-002   6.010354E-002   1.605973E-002
   3.283410E-001   3.288151E-001   3.392332E-001   2.729112E-002   5.902547E-002   1.538210E-002
   3.142636E-001   3.147476E-001   3.253871E-001   2.826580E-002   5.801930E-002   1.475347E-002
   3.010206E-001   3.015141E-001   3.123629E-001   2.924473E-002   5.707004E-002   1.422975E-002
   2.885490E-001   2.890515E-001   3.000987E-001   3.022757E-002   5.616400E-002   1.379053E-002
   2.767912E-001   2.773022E-001   2.885378E-001   3.121389E-002   5.528876E-002   1.345678E-002
   2.656946E-001   2.662137E-001   2.776286E-001   3.220319E-002   5.443309E-002   1.324032E-002
   2.552113E-001   2.557381E-001   2.673237E-001   3.319491E-002   5.358695E-002   1.310672E-002
   2.452972E-001   2.458314E-001   2.575801E-001   3.418844E-002   5.274144E-002   1.304696E-002
   2.359121E-001   2.364534E-001   2.483582E-001   3.518308E-002   5.188876E-002   1.300310E-002
   2.270191E-001   2.275672E-001   2.396216E-001   3.617814E-002   5.102214E-002   1.299952E-002
   2.185846E-001   2.191392E-001   2.313372E-001   3.717286E-002   5.013587E-002   1.293883E-002
   2.105774E-001   2.111383E-001   2.234744E-001   3.816644E-002   4.922521E-002   1.281163E-002
   2.029691E-001   2.035360E-001   2.160052E-001   3.915807E-002   4.828635E-002   1.257980E-002
   1.957334E-001   1.963062E-001   2.089037E-001   4.014691E-002   4.731638E-002   1.223542E-002
   1.888463E-001   1.894247E-001   2.021464E-001   4.113208E-002   4.631325E-002   1.174367E-002
   1.822855E-001   1.828694E-001   1.957112E-001   4.211270E-002   4.527574E-002   1.113070E-002
   1.760306E-001   1.766198E-001   1.895780E-001   4.308785E-002   4.420336E-002   1.037924E-002
   1.700626E-001   1.706569E-001   1.837282E-001   4.405661E-002   4.309637E-002   9.526779E-003
   1.643640E-001   1.649634E-001   1.781446E-001   4.501806E-002   4.195568E-002   8.595130E-003
   1.589188E-001   1.595230E-001   1.728112E-001   4.597124E-002   4.078282E-002   7.644103E-003
   1.537118E-001   1.543209E-001   1.677133E-001   4.691520E-002   3.957991E-002   6.715974E-003
   1.487294E-001   1.493431E-001   1.628372E-001   4.784900E-002   3.834956E-002   5.836428E-003
   1.439585E-001   1.445767E-001   1.581702E-001   4.877167E-002   3.709487E-002   5.089444E-003
   1.393873E-001   1.400100E-001   1.537007E-001   4.968226E-002   3.581935E-002   4.466843E-003
   1.350046E-001   1.356317E-001   1.494175E-001   5.057982E-002   3.452686E-002   4.104193E-003
   1.308002E-001   1.314316E-001   1.453107E-001   5.146340E-002   3.322159E-002   3.875521E-003
   1.267644E-001   1.274000E-001   1.413706E-001   5.233207E-002   3.190798E-002   3.885926E-003
   1.228884E-001   1.235281E-001   1.375885E-001   5.318490E-002   3.059069E-002   4.164494E-003
   1.191635E-001   1.198073E-001   1.339559E-001   5.402096E-002   2.927452E-002   4.611533E-003
   1.155827E-001   1.162304E-001   1.304659E-001   5.483940E-002   2.796441E-002   5.401298E-003
   1.121361E-001   1.127878E-001   1.271088E-001   5.563920E-002   2.666533E-002   6.190174E-003
   1.088265E-001   1.094821E-001   1.238871E-001   5.642000E-002   2.538237E-002   6.964789E-003
   1.056112E-001   1.062707E-001   1.207595E-001   5.717919E-002   2.412020E-002   7.802294E-003
   1.026213E-001   1.032844E-001   1.178517E-001   5.792222E-002   2.288484E-002   8.660572E-003
   9.037351E-002   9.105274E-002   1.059677E-001   6.089818E-002   1.788311E-002   1.102627E-002
   7.985623E-002   8.055096E-002   9.579916E-002   6.339506E-002   1.383466E-002   1.006246E-002
   7.079292E-002   7.150264E-002   8.707165E-002   6.536753E-002   1.100572E-002   7.936089E-003
   6.293058E-002   6.365491E-002   7.953541E-002   6.678575E-002   9.536046E-003   6.988759E-003
   5.607987E-002   5.681851E-002   7.300304E-002   6.763760E-002   9.432142E-003   6.979457E-003
   5.008637E-002   5.083910E-002   6.732174E-002   6.792954E-002   1.056830E-002   6.157803E-003
   4.482584E-002   4.559248E-002   6.236847E-002   6.768645E-002   1.270626E-002   4.954305E-003
   4.019634E-002   4.097676E-002   5.804218E-002   6.695070E-002   1.551889E-002   4.989756E-003
   3.611359E-002   3.690768E-002   5.425931E-002   6.578013E-002   1.862381E-002   6.412472E-003
   3.250721E-002   3.331490E-002   5.095000E-002   6.424536E-002   2.161821E-002   7.534332E-003
   2.931792E-002   3.013915E-002   4.805537E-002   6.242632E-002   2.412507E-002   7.070448E-003
   2.649538E-002   2.733010E-002   4.552538E-002   6.040815E-002   2.583758E-002   5.691260E-003
   2.399653E-002   2.484471E-002   4.331720E-002   5.827686E-002   2.656419E-002   4.772027E-003
   2.178432E-002   2.264594E-002   4.139393E-002   5.611484E-002   2.625952E-002   4.720528E-003
   1.982663E-002   2.070167E-002   3.972354E-002   5.399658E-002   2.503873E-002   4.820713E-003
   1.809550E-002   1.898393E-002   3.827815E-002   5.198473E-002   2.315787E-002   4.707837E-003
   1.656643E-002   1.746825E-002   3.703327E-002   5.012703E-002   2.096571E-002   4.879130E-003
   1.521787E-002   1.613308E-002   3.596739E-002   4.845398E-002   1.882768E-002   5.530148E-003
   1.403082E-002   1.495939E-002   3.506144E-002   4.697781E-002   1.704248E-002   5.293533E-003
   1.298838E-002   1.393032E-002   3.429853E-002   4.569255E-002   1.577115E-002   4.342970E-003
   1.207557E-002   1.303086E-002   3.366359E-002   4.457543E-002   1.500465E-002   3.588207E-003
   1.127899E-002   1.224762E-002   3.314318E-002   4.358952E-002   1.458326E-002   3.935771E-003
   1.058665E-002   1.156862E-002   3.272524E-002   4.268742E-002   1.427004E-002   4.276819E-003
   9.987824E-003   1.098311E-002   3.239894E-002   4.181574E-002   1.384418E-002   4.138153E-003
   9.472840E-003   1.048143E-002   3.215455E-002   4.092023E-002   1.320370E-002   4.255380E-003
   9.033002E-003   1.005488E-002   3.198327E-002   3.995090E-002   1.241364E-002   4.048851E-003
   8.660467E-003   9.695620E-003   3.187716E-002   3.886699E-002   1.168882E-002   3.722457E-003
   8.348147E-003   9.396555E-003   3.182905E-002   3.764118E-002   1.131094E-002   3.142760E-003
   8.089633E-003   9.151274E-003   3.183242E-002   3.626277E-002   1.149642E-002   3.312327E-003
   7.879121E-003   8.953972E-003   3.188137E-002   3.473942E-002   1.228793E-002   3.736928E-003
   7.711354E-003   8.799391E-003   3.197054E-002   3.309737E-002   1.350358E-002   3.688821E-003
   7.581564E-003   8.682759E-003   3.209506E-002   3.137981E-002   1.476963E-002   3.449569E-003
   7.485427E-003   8.599752E-003   3.225051E-002   2.964380E-002   1.565345E-002   3.329236E-003
   7.419017E-003   8.546441E-003   3.243285E-002   2.795565E-002   1.583088E-002   3.001897E-003
   7.378773E-003   8.519263E-003   3.263844E-002   2.638521E-002   1.519404E-002   2.780217E-003
   7.361460E-003   8.514983E-003   3.286393E-002   2.499972E-002   1.392308E-002   3.116090E-003
   7.364145E-003   8.530664E-003   3.310630E-002   2.385748E-002   1.238981E-002   3.274001E-003
   7.384165E-003   8.563643E-003   3.336277E-002   2.300219E-002   1.102664E-002   2.949722E-003
   7.419104E-003   8.611503E-003   3.363085E-002   2.245847E-002   1.012051E-002   2.751936E-003
   7.466774E-003   8.672053E-003   3.390824E-002   2.222893E-002   9.735640E-003   2.685325E-003
   7.525190E-003   8.743309E-003   3.419288E-002   2.229331E-002   9.732285E-003   2.541451E-003
   7.592560E-003   8.823475E-003   3.448287E-002   2.260975E-002   9.857434E-003   2.751305E-003
   7.667259E-003   8.910927E-003   3.477650E-002   2.311816E-002   9.899900E-003   2.854852E-003
   7.747822E-003   9.004200E-003   3.507221E-002   2.374535E-002   9.796337E-003   2.502751E-003
   7.832929E-003   9.101971E-003   3.536861E-002   2.441157E-002   9.636006E-003   2.335719E-003
   7.921389E-003   9.203050E-003   3.566441E-002   2.503767E-002   9.576945E-003   2.389596E-003
   8.012134E-003   9.306368E-003   3.595847E-002   2.555221E-002   9.730134E-003   2.389443E-003
   8.104206E-003   9.410967E-003   3.624973E-002   2.589770E-002   1.006088E-002   2.414000E-003
   8.196748E-003   9.515987E-003   3.653727E-002   2.603554E-002   1.039913E-002   2.387940E-003
   8.288994E-003   9.620666E-003   3.682025E-002   2.594835E-002   1.051973E-002   2.086417E-003
   8.380266E-003   9.724323E-003   3.709790E-002   2.564078E-002   1.026479E-002   2.125983E-003
   8.469962E-003   9.826356E-003   3.736954E-002   2.513725E-002   9.632997E-003   2.228241E-003
   8.557549E-003   9.926235E-003   3.763459E-002   2.447799E-002   8.782850E-003   2.149342E-003
   8.642563E-003   1.002349E-002   3.789248E-002   2.371327E-002   7.982918E-003   2.114014E-003
   8.724597E-003   1.011772E-002   3.814276E-002   2.289696E-002   7.458253E-003   1.915954E-003
   8.803299E-003   1.020858E-002   3.838499E-002   2.207990E-002   7.316750E-003   1.841701E-003
   8.878365E-003   1.029575E-002   3.861882E-002   2.130425E-002   7.484713E-003   2.038130E-003
   8.949538E-003   1.037899E-002   3.884390E-002   2.059921E-002   7.771185E-003   1.927310E-003
   9.016603E-003   1.045807E-002   3.905998E-002   1.997884E-002   7.962904E-003   1.843626E-003
   9.079380E-003   1.053282E-002   3.926679E-002   1.944266E-002   7.991294E-003   1.765901E-003
   9.137724E-003   1.060310E-002   3.946414E-002   1.897729E-002   7.861168E-003   1.770391E-003
   9.191522E-003   1.066879E-002   3.965186E-002   1.856054E-002   7.728938E-003   1.859432E-003
   9.240689E-003   1.072981E-002   3.982979E-002   1.816744E-002   7.657256E-003   1.687233E-003
   9.285165E-003   1.078609E-002   3.999783E-002   1.777496E-002   7.592350E-003   1.647215E-003
   9.324911E-003   1.083762E-002   4.015588E-002   1.736701E-002   7.430182E-003   1.633209E-003
   9.359914E-003   1.088436E-002   4.030387E-002   1.693779E-002   7.045827E-003   1.691181E-003
   9.390174E-003   1.092632E-002   4.044175E-002   1.649315E-002   6.524394E-003   1.621710E-003
   9.415711E-003   1.096353E-002   4.056948E-002   1.604983E-002   6.104364E-003   1.510587E-003
   9.436559E-003   1.099602E-002   4.068706E-002   1.563227E-002   5.986350E-003   1.549612E-003
   9.452766E-003   1.102384E-002   4.079448E-002   1.526799E-002   6.185940E-003   1.540007E-003
   9.464392E-003   1.104706E-002   4.089175E-002   1.498195E-002   5.966948E-003   1.514123E-003
   9.471507E-003   1.106573E-002   4.097890E-002   1.479106E-002   6.628287E-003   1.332492E-003
   9.474191E-003   1.107995E-002   4.105597E-002   1.469973E-002   6.512523E-003   1.439193E-003
   9.472530E-003   1.108980E-002   4.112299E-002   1.469771E-002   6.272089E-003   1.432275E-003
   9.466619E-003   1.109539E-002   4.118002E-002   1.476012E-002   6.057085E-003   1.515038E-004
   9.456560E-003   1.109681E-002   4.122712E-002   1.485059E-002   5.925351E-003   1.318986E-003
   9.442459E-003   1.109417E-002   4.126437E-002   1.492676E-002   5.797317E-003   1.360671E-003
   9.424425E-003   1.108758E-002   4.129182E-002   1.494649E-002   5.570170E-003   1.401328E-003
   9.402573E-003   1.107717E-002   4.130957E-002   1.487884E-002   5.325697E-003   1.266828E-003
   9.377020E-003   1.106305E-002   4.131769E-002   1.470280E-002   5.187547E-003   1.225628E-003
   9.347885E-003   1.104535E-002   4.131628E-002   1.441830E-002   5.246597E-003   1.276298E-003
   9.315290E-003   1.102418E-002   4.130542E-002   1.404273E-002   5.422157E-003   1.228913E-003
   9.279357E-003   1.099967E-002   4.128520E-002   1.360834E-002   5.503073E-003   1.190811E-003
   9.240209E-003   1.097196E-002   4.125573E-002   1.315551E-002   5.428158E-003   8.963584E-004
   9.197971E-003   1.094116E-002   4.121710E-002   1.272494E-002   5.195492E-003   1.134790E-003
   9.152766E-003   1.090740E-002   4.116941E-002   1.234862E-002   4.953560E-003   1.121854E-003
   9.104717E-003   1.087081E-002   4.111277E-002   1.204428E-002   4.810472E-003   1.080897E-003
   9.053947E-003   1.083151E-002   4.104728E-002   1.181419E-002   4.746882E-003   8.859447E-004
   9.000579E-003   1.078963E-002   4.097304E-002   1.164331E-002   4.678817E-003   1.075470E-003
   8.944733E-003   1.074530E-002   4.089016E-002   1.150846E-002   4.305444E-003   1.053351E-003
   8.886528E-003   1.069863E-002   4.079876E-002   1.138511E-002   4.591122E-003   1.059257E-003
   8.826083E-003   1.064975E-002   4.069893E-002   1.125447E-002   4.645061E-003   1.036000E-003
   8.763514E-003   1.059878E-002   4.059078E-002   1.110959E-002   4.656488E-003   8.371539E-004
   8.698935E-003   1.054583E-002   4.047444E-002   1.095619E-002   4.588641E-003   1.041013E-003
   8.632457E-003   1.049102E-002   4.035000E-002   1.080935E-002   4.349490E-003   9.831307E-004
   8.564193E-003   1.043447E-002   4.021758E-002   1.068678E-002   4.169232E-003   9.742290E-004
   8.494249E-003   1.037628E-002   4.007729E-002   1.059923E-002   4.104246E-003   9.048520E-004
   8.422732E-003   1.031657E-002   3.992925E-002   1.054788E-002   4.067246E-003   9.492007E-004
   8.349744E-003   1.025544E-002   3.977356E-002   1.050907E-002   4.132912E-003   9.409378E-004
   8.275387E-003   1.019299E-002   3.961035E-002   1.047190E-002   4.090178E-003   9.204196E-004
   8.199759E-003   1.012934E-002   3.943974E-002   1.039354E-002   4.085305E-003  -8.831678E-004
   8.122957E-003   1.006457E-002   3.926183E-002   1.025761E-002   4.050213E-003   9.265834E-004
   8.045074E-003   9.998797E-003   3.907675E-002   1.005735E-002   3.952190E-003   8.959936E-004
   7.966201E-003   9.932101E-003   3.888463E-002   9.813239E-003   3.780055E-003   8.110213E-004
   7.886427E-003   9.864580E-003   3.868557E-002   9.545743E-003   3.613931E-003   8.720087E-004
   7.805839E-003   9.796324E-003   3.847971E-002   9.288695E-003   3.685379E-003   7.316130E-004
   7.724519E-003   9.727422E-003   3.826718E-002   9.079091E-003   3.744043E-003   8.069399E-004
   7.642550E-003   9.657958E-003   3.804810E-002   8.931497E-003   3.668548E-003   8.419971E-004
   7.560010E-003   9.588015E-003   3.782260E-002   8.839465E-003   3.605391E-003   7.787058E-004
   7.476977E-003   9.517676E-003   3.759081E-002   8.784484E-003  -2.796002E-003   8.121227E-004
   7.393523E-003   9.447017E-003   3.735288E-002   8.739375E-003   3.512819E-003   8.071679E-004
   7.309721E-003   9.376117E-003   3.710895E-002   8.699080E-003   3.389552E-003   6.417882E-004
   7.225641E-003   9.305048E-003   3.685914E-002   8.626700E-003   3.354762E-003   7.900527E-004
   7.141350E-003   9.233883E-003   3.660362E-002   8.536404E-003   3.376148E-003   4.531939E-003
   7.056913E-003   9.162692E-003   3.634254E-002   8.440479E-003   3.420024E-003   7.493449E-004
   6.972395E-003   9.091543E-003   3.607603E-002   8.350878E-003   3.168752E-003   1.995013E-004
   6.887856E-003   9.020501E-003   3.580427E-002   8.272528E-003   3.226243E-003   7.402642E-004
   6.803356E-003   8.949632E-003   3.552741E-002   8.198856E-003   3.224069E-003   6.027074E-004
   6.718951E-003   8.878997E-003   3.524563E-002   8.113765E-003   3.158326E-003  -1.684283E-003
   6.634698E-003   8.808657E-003   3.495909E-002   8.003382E-003   3.122219E-003   7.411112E-004
   6.550651E-003   8.738670E-003   3.466796E-002   7.864648E-003   3.126400E-003   7.038691E-004
   6.466862E-003   8.669095E-003   3.437244E-002   7.707878E-003   3.119897E-003   6.962218E-004
   6.383382E-003   8.599986E-003   3.407270E-002   7.557716E-003   3.057949E-003   6.294920E-004
   6.300259E-003   8.531398E-003   3.376894E-002   7.432830E-003   2.996617E-003   6.462151E-004
   6.217542E-003   8.463385E-003   3.346135E-002   7.361468E-003   2.726379E-003   1.603916E-003
   6.135276E-003   8.395997E-003   3.315015E-002   7.320184E-003   2.942426E-003   6.789117E-004
   6.053508E-003   8.329285E-003   3.283553E-002   7.304807E-003   2.046704E-003   6.569360E-004
   5.972281E-003   8.263298E-003   3.251772E-002   7.280454E-003   2.878156E-003   5.155722E-004
   5.891638E-003   8.198086E-003   3.219693E-002   6.994318E-003   2.883007E-003   6.665985E-004
   5.811622E-003   8.133695E-003   3.187339E-002   7.154603E-003   2.816225E-003   2.790840E-004
   5.732272E-003   8.070172E-003   3.154734E-002   6.905821E-003   2.765086E-003  -9.558992E-005
   5.653630E-003   8.007563E-003   3.121902E-002   6.980608E-003   2.781486E-003  -1.583201E-004
   5.575735E-003   7.945912E-003   3.088868E-002   6.865772E-003   2.455787E-003   5.819470E-004
   5.498626E-003   7.885266E-003   3.055656E-002   6.832832E-003   2.709783E-003   6.013302E-004
   5.422341E-003   7.825668E-003   3.022294E-002   6.739836E-003   2.703469E-003   5.884182E-004
   5.346920E-003   7.767163E-003   2.988807E-002   6.658688E-003   2.650665E-003   4.362359E-003
   5.272399E-003   7.709794E-003   2.955223E-002   6.568382E-003   2.625391E-003   6.420683E-004
   5.198818E-003   7.653604E-003   2.921569E-002   6.469941E-003   2.060988E-003   5.115041E-004
   5.126213E-003   7.598639E-003   2.887876E-002   6.438102E-003   2.613927E-003   7.260349E-004
   5.054622E-003   7.544942E-003   2.854171E-002   6.384731E-003   2.560164E-003   5.849361E-004
   4.984084E-003   7.492556E-003   2.820484E-002   4.754549E-003   1.596050E-003   7.719567E-004
   4.914638E-003   7.441528E-003   2.786846E-002   6.379096E-003   2.487027E-003  -8.300710E-004
   4.846322E-003   7.391903E-003   2.753289E-002   6.326692E-003   2.297760E-003   5.716001E-004
   4.779177E-003   7.343725E-003   2.719842E-002   6.245935E-003   2.466387E-003   2.628225E-004
   4.713243E-003   7.297044E-003   2.686539E-002   4.771700E-003   2.462329E-003   3.646306E-004
   4.648561E-003   7.251906E-003   2.653412E-002   6.100150E-003   2.436509E-003   1.070434E-003
   4.585175E-003   7.208360E-003   2.620494E-002   6.055182E-003   2.407608E-003   5.630564E-004
   4.523129E-003   7.166458E-003   2.587818E-002   6.005887E-003   2.362620E-003   4.964159E-004
   4.462467E-003   7.126252E-003   2.555418E-002   5.957704E-003   2.404442E-003   5.343982E-004
   4.403239E-003   7.087794E-003   2.523328E-002   5.905217E-003   2.320188E-003   4.891325E-004
   4.345492E-003   7.051142E-003   2.491582E-002   5.825354E-003   2.328544E-003   5.662970E-004
   4.289279E-003   7.016354E-003   2.460215E-002   5.838012E-003   2.331315E-003   4.872671E-004
   4.234653E-003   6.983489E-003   2.429262E-002   5.819154E-003   2.276035E-003   5.231360E-004
   4.181670E-003   6.952611E-003   2.398757E-002   5.791317E-003   2.278240E-003   6.408760E-004
   4.130390E-003   6.923785E-003   2.368736E-002   5.713160E-003   2.097914E-003   3.632130E-004
   4.080874E-003   6.897080E-003   2.339233E-002   5.666229E-003   1.690455E-003   5.389917E-004
   4.033188E-003   6.872570E-003   2.310283E-002   5.605733E-003   2.237373E-003   5.183733E-004
   3.987402E-003   6.850329E-003   2.281921E-002   5.549037E-003   2.217112E-003  -7.494248E-004
   3.943589E-003   6.830437E-003   2.254181E-002   5.256695E-003   2.228220E-003  -1.615605E-003
   3.901826E-003   6.812980E-003   2.227098E-002   5.495104E-003   2.162287E-003   7.833142E-003
   3.862194E-003   6.798045E-003   2.200707E-002   5.499312E-003   2.177959E-003   5.435421E-004
   3.824782E-003   6.785727E-003   2.175039E-002   5.409128E-003   2.161213E-003   4.948283E-004
   3.789682E-003   6.776124E-003   2.150129E-002   5.438458E-003   2.099218E-003   4.887766E-004
   3.756991E-003   6.769342E-003   2.126010E-002   5.427396E-003   2.156940E-003  -2.926161E-003
   3.726815E-003   6.765492E-003   2.102712E-002   5.366045E-003   2.149096E-003  -2.306411E-002
   3.699263E-003   6.764691E-003   2.080268E-002   5.351190E-003   2.067137E-003   4.886897E-004
   3.674456E-003   6.767064E-003   2.058709E-002   5.307203E-003   1.305596E-003   8.090690E-004
   3.652517E-003   6.772743E-003   2.038064E-002   5.279961E-003   2.105723E-003   4.063876E-004
   3.633582E-003   6.781870E-003   2.018363E-002   5.266096E-003   2.009095E-003   6.298632E-004
   3.617792E-003   6.794593E-003   1.999634E-002   5.252131E-003   2.105448E-003  -3.094731E-004
   3.605302E-003   6.811070E-003   1.981905E-002   5.176200E-003   1.632495E-003   1.203460E-004
   3.596272E-003   6.831472E-003   1.965201E-002   5.218622E-003   1.169488E-003   4.687744E-004
   3.590876E-003   6.855975E-003   1.949549E-002   5.062532E-003   2.057451E-003   1.951682E-004
   3.589298E-003   6.884772E-003   1.934974E-002   5.076693E-003   1.514056E-003   3.691630E-004
   3.591736E-003   6.918065E-003   1.921499E-002   5.080040E-003   2.061745E-003   4.479106E-004
   3.598399E-003   6.956069E-003   1.909147E-002   5.116953E-003   1.372313E-003   3.367364E-004
   3.609511E-003   6.999013E-003   1.897941E-002   5.113026E-003   2.052628E-003  -5.251794E-003
   3.625311E-003   7.047143E-003   1.887901E-002   5.100824E-003   2.044706E-003   4.709008E-004
   3.646055E-003   7.100718E-003   1.879047E-002   5.055814E-003   2.022573E-003   9.408968E-003
   3.672013E-003   7.160014E-003   1.871400E-002   4.895854E-003   2.034144E-003   3.892572E-004
   3.703477E-003   7.225327E-003   1.864978E-002   5.093564E-003   2.038190E-003   4.299887E-004
   3.740755E-003   7.296969E-003   1.859800E-002   5.083629E-003   1.211496E-003   2.088248E-004
   3.784178E-003   7.375275E-003   1.855885E-002   5.028587E-003   2.026601E-003   2.792981E-003
   3.834097E-003   7.460600E-003   1.853248E-002   5.077817E-003   1.953967E-003  -1.453841E-004
   3.890889E-003   7.553323E-003   1.851910E-002   5.054298E-003   6.050177E-004  -1.386821E-003
   3.954953E-003   7.653848E-003   1.851887E-002   4.532833E-003   2.014684E-003   1.150734E-003
   4.026717E-003   7.762602E-003   1.853198E-002   4.967056E-003   2.040864E-003   4.492491E-004
   4.106636E-003   7.880045E-003   1.855862E-002   5.060032E-003   1.923724E-003  -3.336863E-003
   4.195196E-003   8.006662E-003   1.859898E-002   5.082652E-003   2.008363E-003   7.796105E-004
   4.292914E-003   8.142972E-003   1.865327E-002   5.112559E-003   2.039905E-003   4.510681E-004
   4.400342E-003   8.289527E-003   1.872172E-002   5.039022E-003   2.008830E-003   2.034279E-004
   4.518070E-003   8.446915E-003   1.880457E-002   5.139345E-003   2.056396E-003   6.959081E-004
   4.646724E-003   8.615761E-003   1.890208E-002   5.087876E-003   2.043702E-003   4.644509E-004
   4.786972E-003   8.796732E-003   1.901454E-002   5.155239E-003   2.053262E-003  -2.823506E-003
   4.939527E-003   8.990537E-003   1.914228E-002   5.179380E-003   2.000528E-003   6.884797E-004
   5.105147E-003   9.197931E-003   1.928564E-002   5.176461E-003   2.094654E-003   3.960341E-002
   5.284641E-003   9.419718E-003   1.944502E-002   5.205741E-003   2.103947E-003  -3.677399E-004
   5.478871E-003   9.656752E-003   1.962086E-002   5.303908E-003   2.125015E-003  -1.030523E-003
   5.688754E-003   9.909944E-003   1.981365E-002   5.307174E-003   2.122778E-003  -7.100469E-003
   5.915266E-003   1.018026E-002   2.002394E-002   5.374445E-003   2.083195E-003   5.193758E-004
   6.159448E-003   1.046874E-002   2.025232E-002   5.254827E-003   2.117091E-003   8.212099E-004
   6.422407E-003   1.077647E-002   2.049949E-002  -4.597156E-003   2.195867E-003  -8.293310E-004
   6.705322E-003   1.110462E-002   2.076617E-002   5.266685E-003   1.774832E-003   5.152508E-004
   7.009447E-003   1.145443E-002   2.105321E-002   5.539047E-003   2.037884E-003   1.087926E-003
   7.336117E-003   1.182721E-002   2.136151E-002   5.628897E-003   2.135569E-003   5.168731E-004
   7.686751E-003   1.222438E-002   2.169208E-002   5.748780E-003   1.160679E-003   6.967495E-003
   8.062861E-003   1.264742E-002   2.204602E-002   5.808704E-003   2.081285E-003   3.576037E-003
   8.466052E-003   1.309791E-002   2.242456E-002   5.904410E-003   2.164864E-003   4.025865E-004
   8.898031E-003   1.357754E-002   2.282901E-002   5.956004E-003   1.606534E-003   2.133384E-004
   9.360614E-003   1.408810E-002   2.326083E-002   6.059680E-003   2.241253E-003   2.503605E-004
   9.855729E-003   1.463148E-002   2.372159E-002   5.576824E-003   8.848447E-004   3.518759E-004
   1.038542E-002   1.520971E-002   2.421299E-002   6.319283E-003   2.548811E-003   6.868302E-004
   1.095188E-002   1.582492E-002   2.473690E-002   6.452999E-003   2.610691E-003   3.109479E-004
   1.155739E-002   1.647938E-002   2.529531E-002   4.960104E-003   1.637910E-003   4.847664E-005
   1.220443E-002   1.717551E-002   2.589038E-002  -2.684803E-003   2.692187E-003   4.984374E-004
   1.289559E-002   1.791585E-002   2.652442E-002   6.876075E-003   2.750830E-003   6.253599E-004
   1.363362E-002   1.870313E-002   2.719993E-002   7.045238E-003   2.967418E-003   6.382634E-004
   1.442146E-002   1.954021E-002   2.791956E-002   7.168016E-003   2.933677E-003   1.261501E-003
   1.526221E-002   2.043014E-002   2.868618E-002   7.409697E-003   2.096246E-001   6.773417E-004
   1.615914E-002   2.137613E-002   2.950280E-002   7.583121E-003   1.930461E-003   5.039614E-004
   1.711573E-002   2.238160E-002   3.037268E-002   7.808776E-003   3.135842E-003  -9.960496E-003
   1.813568E-002   2.345015E-002   3.129924E-002   8.044860E-003   3.027719E-003   1.051418E-003
   1.922286E-002   2.458560E-002   3.228613E-002   7.255540E-003   3.711304E-003   7.659016E-004
   2.038139E-002   2.579198E-002   3.333720E-002   8.534549E-003   3.420346E-003   7.935202E-004
   2.161562E-002   2.707354E-002   3.445655E-002   8.007794E-003   3.483743E-003   7.684683E-004
   2.293013E-002   2.843478E-002   3.564848E-002   9.075800E-003   3.389073E-003  -3.336497E-003
   2.432978E-002   2.988044E-002   3.691752E-002   9.404794E-003   1.120944E-002   9.126184E-004
   2.581966E-002   3.141550E-002   3.826848E-002   9.665038E-003  -1.315494E-002   3.031824E-003
   2.740515E-002   3.304523E-002   3.970636E-002   1.014125E-002   1.066687E-003   1.342431E-003
   2.909191E-002   3.477516E-002   4.123645E-002   9.817271E-003   3.783799E-003  -1.411650E-002
   3.088589E-002   3.661111E-002   4.286428E-002   1.086872E-002   4.422288E-003   1.252661E-003
   3.279334E-002   3.855917E-002   4.459564E-002   1.124014E-002   4.462390E-003   7.178124E-004
   3.482082E-002   4.062577E-002   4.643660E-002   1.178814E-002   4.579136E-003   1.628481E-003
   3.697522E-002   4.281761E-002   4.839348E-002   1.164857E-002   3.897422E-003   2.676329E-003
   3.926372E-002   4.514172E-002   5.047289E-002   1.282955E-002   5.031624E-003   2.854058E-003
   4.169386E-002   4.760545E-002   5.268170E-002   1.338880E-002   4.550048E-003   1.751657E-003
   4.427350E-002   5.021645E-002   5.502707E-002   1.397756E-002   5.548773E-003   1.191581E-003
   4.701082E-002   5.298271E-002   5.751645E-002   1.452324E-002   5.915669E-003   4.219385E-004
   4.991435E-002   5.591255E-002   6.015755E-002   1.520622E-002   6.135354E-003   1.543616E-002
   5.299296E-002   5.901459E-002   6.295838E-002   1.588896E-002   5.163440E-003   3.778722E-005
   5.625582E-002   6.229777E-002   6.592720E-002   1.672255E-002   6.680814E-003   2.647506E-003
   5.971244E-002   6.577135E-002   6.907256E-002   1.748535E-002   7.024367E-003  -8.358435E-003
   6.337263E-002   6.944488E-002   7.240325E-002   1.824606E-002   7.338102E-003  -8.905824E-004
   6.724649E-002   7.332817E-002   7.592834E-002   1.916250E-002   7.693908E-003   2.464983E-003
   7.134440E-002   7.743132E-002   7.965709E-002   2.013396E-002   4.513833E-003  -6.853654E-005
   7.567698E-002   8.176464E-002   8.359902E-002   2.089987E-002   1.064078E-002   1.826659E-003
   8.025507E-002   8.633867E-002   8.776380E-002   2.217321E-002   9.825133E-003  -4.316625E-003
   8.508971E-002   9.116411E-002   9.216130E-002   2.330050E-002   8.760068E-003   4.532965E-003
   9.019205E-002   9.625180E-002   9.680148E-002   2.445339E-002   9.784721E-003  -2.739828E-003
   9.557337E-002   1.016126E-001   1.016944E-001   2.569423E-002   1.030237E-002   2.957271E-003
   1.012450E-001   1.072576E-001   1.068502E-001   2.696380E-002   1.080737E-002   4.608818E-004
   1.072181E-001   1.131976E-001   1.122789E-001   2.809705E-002   1.086353E-002   3.052915E-003
   1.135040E-001   1.194434E-001   1.179905E-001   2.972381E-002   1.158676E-002   2.718329E-003
   1.201137E-001   1.260058E-001   1.239949E-001   3.125163E-002   1.223134E-002   1.465963E-003
   1.270578E-001   1.328949E-001   1.303017E-001   3.286442E-002   1.318727E-002   2.864508E-003
   1.343468E-001   1.401210E-001   1.369203E-001   3.037655E-002   1.600803E-002   3.035977E-003
   1.419906E-001   1.476934E-001   1.438594E-001   3.537683E-002   2.161101E-002   3.595938E-003
   1.499986E-001   1.556213E-001   1.511276E-001   3.808860E-002   1.525991E-002   3.529787E-003
   1.583794E-001   1.639128E-001   1.587325E-001   3.998901E-002   1.625699E-002   1.822800E-003
   1.671408E-001   1.725754E-001   1.666812E-001   4.200110E-002   1.707199E-002  -1.993835E-002
   1.762897E-001   1.816157E-001   1.749798E-001   4.175812E-002   2.295760E-002   3.864681E-003
   1.858318E-001   1.910391E-001   1.836335E-001   4.625918E-002   1.823796E-002   2.812986E-003
   1.957715E-001   2.008497E-001   1.926462E-001   4.852861E-002   2.055189E-002   5.441396E-003
   2.061120E-001   2.110502E-001   2.020206E-001   5.069655E-002   2.059745E-002   5.254925E-003
   2.168547E-001   2.216421E-001   2.117580E-001   5.030908E-002   2.131438E-002  -8.061563E-003
   2.279995E-001   2.326248E-001   2.218582E-001   5.589252E-002   2.239103E-002   2.175195E-002
   2.395441E-001   2.439960E-001   2.323191E-001   5.836027E-002   2.413224E-002  -1.987289E-001
   2.514846E-001   2.557515E-001   2.431369E-001   6.110968E-002   2.422475E-002   7.006713E-003
   2.638146E-001   2.678850E-001   2.543059E-001   6.379828E-002   2.847874E-002   5.669056E-003
   2.765255E-001   2.803878E-001   2.658182E-001   6.694556E-002   2.633006E-002   4.674954E-003
   2.896064E-001   2.932490E-001   2.776637E-001   6.982884E-002   2.798424E-002   5.871418E-003
   3.030439E-001   3.064553E-001   2.898301E-001   7.270842E-002   2.865614E-002   6.622751E-003
   3.168219E-001   3.199907E-001   3.023027E-001   7.494633E-002   1.808598E-002   6.889467E-003
   3.309217E-001   3.338368E-001   3.150645E-001   7.822940E-002   2.419295E-002   7.188579E-003
   3.453221E-001   3.479726E-001   3.280961E-001   8.253120E-002   3.227038E-002   7.424954E-003
   3.599991E-001   3.623744E-001   3.413755E-001   8.596285E-002   3.432326E-002   2.619578E-002
   3.749260E-001   3.770160E-001   3.548786E-001   8.936273E-002   3.573441E-002   8.098957E-003
   3.900737E-001   3.918689E-001   3.685788E-001   9.278588E-002   3.792146E-002  -5.531150E-002
   4.054107E-001   4.069019E-001   3.824473E-001   9.619257E-002   3.857806E-002   9.929999E-003
   4.209029E-001   4.220817E-001   3.964533E-001   9.980258E-002   3.994036E-002   7.754018E-003
   4.365142E-001   4.373729E-001   4.105639E-001   1.033722E-001   4.139011E-002  -3.837529E-003
   4.522067E-001   4.527382E-001   4.247445E-001   1.062320E-001   5.006913E-002   2.884354E-002
   4.679404E-001   4.681386E-001   4.389590E-001   1.099469E-001   4.405947E-002   1.791119E-004
   4.836741E-001   4.835336E-001   4.531699E-001   1.134880E-001   3.482327E-002   1.028863E-002
   4.993653E-001   4.988818E-001   4.673387E-001   1.176619E-001   4.776522E-002   2.590783E-002
   5.149707E-001   5.141406E-001   4.814260E-001   1.203915E-001   4.854561E-002   1.093043E-002
   5.304463E-001   5.292671E-001   4.953920E-001   1.247049E-001   5.059342E-002   1.126980E-002
   5.457480E-001   5.442182E-001   5.091967E-001   1.280573E-001   5.139553E-002   1.153254E-002
   5.608317E-001   5.589509E-001   5.228003E-001   1.316137E-001   5.651436E-002   1.182320E-002
   5.756539E-001   5.734226E-001   5.361631E-001   1.349477E-001   5.402727E-002  -4.477509E-002
   5.901719E-001   5.875916E-001   5.492466E-001   1.382641E-001   5.542062E-002   1.231296E-002
   6.043439E-001   6.014173E-001   5.620130E-001   1.413904E-001   5.657110E-002   9.728867E-003
   6.181299E-001   6.148604E-001   5.744260E-001   1.445750E-001   6.022699E-002   1.129030E-002
   6.314913E-001   6.278835E-001   5.864507E-001   1.476644E-001   5.801781E-002   1.331375E-002
   6.443917E-001   6.404511E-001   5.980543E-001   1.505267E-001   6.031508E-002   1.282583E-002
   6.567971E-001   6.525301E-001   6.092058E-001   1.532012E-001   7.329684E-002   1.384787E-002
   6.686757E-001   6.640895E-001   6.198767E-001   1.540344E-001   6.247697E-002   1.385035E-002
   6.799986E-001   6.751012E-001   6.300408E-001   1.586762E-001   6.227340E-002   1.432489E-002
   6.907395E-001   6.855399E-001   6.396745E-001   1.610227E-001   5.255578E-002   3.128583E-002
   7.008761E-001   6.953829E-001   6.487568E-001   1.631881E-001   6.493951E-002   1.481601E-002
