   -3.654762E-23   -1.096774E-20   -2.556521E-19   -8.811492E-17   -4.611944E-16   -3.654762E-15
   -4.082194E-23   -1.225043E-20   -2.855511E-19   -9.842014E-17   -5.151320E-16   -4.082194E-15
   -4.559614E-23   -1.368315E-20   -3.189469E-19   -1.099306E-16   -5.753777E-16   -4.559614E-15
   -5.092869E-23   -1.528341E-20   -3.562483E-19   -1.227871E-16   -6.426692E-16   -5.092869E-15
   -5.688489E-23   -1.707084E-20   -3.979122E-19   -1.371473E-16   -7.178305E-16   -5.688489E-15
   -6.353768E-23   -1.906730E-20   -4.444487E-19   -1.531869E-16   -8.017820E-16   -6.353768E-15
   -7.096852E-23   -2.129725E-20   -4.964277E-19   -1.711024E-16   -8.955517E-16   -7.096851E-15
   -7.926840E-23   -2.378800E-20   -5.544857E-19   -1.911131E-16   -1.000288E-15   -7.926839E-15
   -8.853896E-23   -2.657005E-20   -6.193337E-19   -2.134641E-16   -1.117273E-15   -8.853896E-15
   -9.889373E-23   -2.967745E-20   -6.917657E-19   -2.384290E-16   -1.247940E-15   -9.889372E-15
   -1.104595E-22   -3.314827E-20   -7.726688E-19   -2.663137E-16   -1.393888E-15   -1.104595E-14
   -1.233779E-22   -3.702501E-20   -8.630335E-19   -2.974594E-16   -1.556906E-15   -1.233779E-14
   -1.378071E-22   -4.135514E-20   -9.639665E-19   -3.322477E-16   -1.738988E-15   -1.378071E-14
   -1.539238E-22   -4.619168E-20   -1.076704E-18   -3.711045E-16   -1.942365E-15   -1.539238E-14
   -1.719254E-22   -5.159386E-20   -1.202626E-18   -4.145057E-16   -2.169527E-15   -1.719254E-14
   -1.920323E-22   -5.762782E-20   -1.343274E-18   -4.629827E-16   -2.423256E-15   -1.920323E-14
   -2.144908E-22   -6.436747E-20   -1.500372E-18   -5.171290E-16   -2.706659E-15   -2.144907E-14
   -2.395757E-22   -7.189532E-20   -1.675842E-18   -5.776079E-16   -3.023206E-15   -2.395756E-14
   -2.675944E-22   -8.030356E-20   -1.871834E-18   -6.451598E-16   -3.376773E-15   -2.675943E-14
   -2.988898E-22   -8.969515E-20   -2.090747E-18   -7.206120E-16   -3.771690E-15   -2.988897E-14
   -3.338453E-22   -1.001851E-19   -2.335262E-18   -8.048883E-16   -4.212794E-15   -3.338451E-14
   -3.728888E-22   -1.119018E-19   -2.608373E-18   -8.990208E-16   -4.705484E-15   -3.728887E-14
   -4.164985E-22   -1.249889E-19   -2.913425E-18   -1.004162E-15   -5.255795E-15   -4.164983E-14
   -4.652084E-22   -1.396064E-19   -3.254152E-18   -1.121600E-15   -5.870465E-15   -4.652082E-14
   -5.196150E-22   -1.559335E-19   -3.634728E-18   -1.252772E-15   -6.557021E-15   -5.196147E-14
   -5.803844E-22   -1.741701E-19   -4.059813E-18   -1.399285E-15   -7.323870E-15   -5.803840E-14
   -6.482608E-22   -1.945394E-19   -4.534611E-18   -1.562932E-15   -8.180402E-15   -6.482603E-14
   -7.240754E-22   -2.172909E-19   -5.064937E-18   -1.745718E-15   -9.137106E-15   -7.240748E-14
   -8.087565E-22   -2.427033E-19   -5.657285E-18   -1.949881E-15   -1.020570E-14   -8.087558E-14
   -9.033411E-22   -2.710876E-19   -6.318908E-18   -2.177921E-15   -1.139926E-14   -9.033402E-14
   -1.008987E-21   -3.027914E-19   -7.057908E-18   -2.432630E-15   -1.273241E-14   -1.008986E-13
   -1.126989E-21   -3.382030E-19   -7.883334E-18   -2.717127E-15   -1.422147E-14   -1.126988E-13
   -1.258791E-21   -3.777560E-19   -8.805293E-18   -3.034897E-15   -1.588468E-14   -1.258789E-13
   -1.406007E-21   -4.219348E-19   -9.835076E-18   -3.389829E-15   -1.774240E-14   -1.406005E-13
   -1.570440E-21   -4.712802E-19   -1.098529E-17   -3.786271E-15   -1.981738E-14   -1.570438E-13
   -1.754103E-21   -5.263965E-19   -1.227002E-17   -4.229076E-15   -2.213502E-14   -1.754100E-13
   -1.959246E-21   -5.879587E-19   -1.370501E-17   -4.723667E-15   -2.472372E-14   -1.959243E-13
   -2.188380E-21   -6.567205E-19   -1.530781E-17   -5.276101E-15   -2.761516E-14   -2.188376E-13
   -2.444311E-21   -7.335241E-19   -1.709806E-17   -5.893141E-15   -3.084476E-14   -2.444306E-13
   -2.730173E-21   -8.193097E-19   -1.909768E-17   -6.582344E-15   -3.445205E-14   -2.730168E-13
   -3.049467E-21   -9.151279E-19   -2.133115E-17   -7.352148E-15   -3.848121E-14   -3.049460E-13
   -3.406102E-21   -1.022152E-18   -2.382582E-17   -8.211981E-15   -4.298158E-14   -3.406093E-13
   -3.804444E-21   -1.141692E-18   -2.661225E-17   -9.172370E-15   -4.800827E-14   -3.804434E-13
   -4.249373E-21   -1.275213E-18   -2.972454E-17   -1.024508E-14   -5.362282E-14   -4.249361E-13
   -4.746335E-21   -1.424349E-18   -3.320081E-17   -1.144323E-14   -5.989398E-14   -4.746321E-13
   -5.301417E-21   -1.590925E-18   -3.708363E-17   -1.278151E-14   -6.689855E-14   -5.301399E-13
   -5.921414E-21   -1.776983E-18   -4.142054E-17   -1.427630E-14   -7.472229E-14   -5.921393E-13
   -6.613919E-21   -1.984800E-18   -4.626464E-17   -1.594591E-14   -8.346101E-14   -6.613894E-13
   -7.387412E-21   -2.216921E-18   -5.167525E-17   -1.781077E-14   -9.322170E-14   -7.387381E-13
   -8.251363E-21   -2.476188E-18   -5.771863E-17   -1.989372E-14   -1.041239E-13   -8.251326E-13
   -9.216351E-21   -2.765775E-18   -6.446876E-17   -2.222027E-14   -1.163011E-13   -9.216307E-13
   -1.029419E-20   -3.089230E-18   -7.200831E-17   -2.481891E-14   -1.299023E-13   -1.029414E-12
   -1.149809E-20   -3.450511E-18   -8.042959E-17   -2.772145E-14   -1.450943E-13   -1.149802E-12
   -1.284277E-20   -3.854044E-18   -8.983572E-17   -3.096343E-14   -1.620628E-13   -1.284269E-12
   -1.434471E-20   -4.304768E-18   -1.003419E-16   -3.458456E-14   -1.810158E-13   -1.434462E-12
   -1.602231E-20   -4.808204E-18   -1.120767E-16   -3.862916E-14   -2.021853E-13   -1.602219E-12
   -1.789609E-20   -5.370515E-18   -1.251839E-16   -4.314677E-14   -2.258305E-13   -1.789595E-12
   -1.998900E-20   -5.998586E-18   -1.398239E-16   -4.819271E-14   -2.522409E-13   -1.998884E-12
   -2.232667E-20   -6.700108E-18   -1.561760E-16   -5.382874E-14   -2.817400E-13   -2.232648E-12
   -2.493773E-20   -7.483671E-18   -1.744404E-16   -6.012389E-14   -3.146888E-13   -2.493749E-12
   -2.785413E-20   -8.358869E-18   -1.948408E-16   -6.715524E-14   -3.514909E-13   -2.785385E-12
   -3.111160E-20   -9.336417E-18   -2.176269E-16   -7.500887E-14   -3.925968E-13   -3.111127E-12
   -3.475002E-20   -1.042829E-17   -2.430778E-16   -8.378096E-14   -4.385099E-13   -3.474962E-12
   -3.881394E-20   -1.164784E-17   -2.715051E-16   -9.357889E-14   -4.897923E-13   -3.881345E-12
   -4.335311E-20   -1.301002E-17   -3.032568E-16   -1.045227E-13   -5.470719E-13   -4.335252E-12
   -4.842311E-20   -1.453150E-17   -3.387217E-16   -1.167462E-13   -6.110501E-13   -4.842241E-12
   -5.408603E-20   -1.623091E-17   -3.783340E-16   -1.303993E-13   -6.825102E-13   -5.408518E-12
   -6.041119E-20   -1.812906E-17   -4.225788E-16   -1.456490E-13   -7.623272E-13   -6.041017E-12
   -6.747604E-20   -2.024918E-17   -4.719977E-16   -1.626821E-13   -8.514783E-13   -6.747482E-12
   -7.536709E-20   -2.261724E-17   -5.271959E-16   -1.817071E-13   -9.510550E-13   -7.536562E-12
   -8.418094E-20   -2.526223E-17   -5.888492E-16   -2.029570E-13   -1.062277E-12   -8.417917E-12
   -9.402552E-20   -2.821653E-17   -6.577124E-16   -2.266918E-13   -1.186505E-12   -9.402339E-12
   -1.050214E-19   -3.151632E-17   -7.346287E-16   -2.532023E-13   -1.325260E-12   -1.050188E-11
   -1.173031E-19   -3.520199E-17   -8.205398E-16   -2.828131E-13   -1.480243E-12   -1.173000E-11
   -1.310210E-19   -3.931868E-17   -9.164976E-16   -3.158865E-13   -1.653349E-12   -1.310173E-11
   -1.463432E-19   -4.391678E-17   -1.023677E-15   -3.528277E-13   -1.846698E-12   -1.463388E-11
   -1.634572E-19   -4.905258E-17   -1.143390E-15   -3.940888E-13   -2.062658E-12   -1.634518E-11
   -1.825725E-19   -5.478898E-17   -1.277102E-15   -4.401750E-13   -2.303872E-12   -1.825661E-11
   -2.039232E-19   -6.119620E-17   -1.426451E-15   -4.916505E-13   -2.573294E-12   -2.039154E-11
   -2.277706E-19   -6.835267E-17   -1.593265E-15   -5.491457E-13   -2.874222E-12   -2.277613E-11
   -2.544067E-19   -7.634603E-17   -1.779586E-15   -6.133643E-13   -3.210341E-12   -2.543955E-11
   -2.841577E-19   -8.527413E-17   -1.987695E-15   -6.850926E-13   -3.585765E-12   -2.841442E-11
   -3.173877E-19   -9.524627E-17   -2.220140E-15   -7.652088E-13   -4.005090E-12   -3.173715E-11
   -3.545036E-19   -1.063845E-16   -2.479767E-15   -8.546936E-13   -4.473450E-12   -3.544842E-11
   -3.959597E-19   -1.188253E-16   -2.769755E-15   -9.546425E-13   -4.996579E-12   -3.959364E-11
   -4.422637E-19   -1.327208E-16   -3.093653E-15   -1.066279E-12   -5.580881E-12   -4.422356E-11
   -4.939822E-19   -1.482413E-16   -3.455426E-15   -1.190970E-12   -6.233508E-12   -4.939485E-11
   -5.517486E-19   -1.655767E-16   -3.859504E-15   -1.330243E-12   -6.962451E-12   -5.517080E-11
   -6.162699E-19   -1.849391E-16   -4.310834E-15   -1.485801E-12   -7.776633E-12   -6.162211E-11
   -6.883361E-19   -2.065658E-16   -4.814939E-15   -1.659549E-12   -8.686020E-12   -6.882774E-11
   -7.688293E-19   -2.307213E-16   -5.377992E-15   -1.853614E-12   -9.701744E-12   -7.687587E-11
   -8.587348E-19   -2.577015E-16   -6.006886E-15   -2.070372E-12   -1.083624E-11   -8.586499E-11
   -9.591534E-19   -2.878365E-16   -6.709317E-15   -2.312476E-12   -1.210339E-11   -9.590513E-11
   -1.071314E-18   -3.214953E-16   -7.493886E-15   -2.582890E-12   -1.351872E-11   -1.071191E-10
   -1.196590E-18   -3.590899E-16   -8.370197E-15   -2.884924E-12   -1.509953E-11   -1.196442E-10
   -1.336515E-18   -4.010805E-16   -9.348975E-15   -3.222276E-12   -1.686520E-11   -1.336337E-10
   -1.492801E-18   -4.479811E-16   -1.044220E-14   -3.599073E-12   -1.883731E-11   -1.492587E-10
   -1.667361E-18   -5.003657E-16   -1.166326E-14   -4.019929E-12   -2.104002E-11   -1.667105E-10
   -1.862333E-18   -5.588756E-16   -1.302709E-14   -4.489995E-12   -2.350029E-11   -1.862024E-10
   -2.080102E-18   -6.242269E-16   -1.455040E-14   -5.015025E-12   -2.624822E-11   -2.079731E-10
   -2.323334E-18   -6.972195E-16   -1.625182E-14   -5.601445E-12   -2.931745E-11   -2.322889E-10
   -2.595007E-18   -7.787469E-16   -1.815218E-14   -6.256431E-12   -3.274554E-11   -2.594471E-10
   -2.898445E-18   -8.698069E-16   -2.027474E-14   -6.988002E-12   -3.657445E-11   -2.897800E-10
   -3.237362E-18   -9.715140E-16   -2.264548E-14   -7.805111E-12   -4.085103E-11   -3.236587E-10
   -3.615906E-18   -1.085113E-15   -2.529341E-14   -8.717757E-12   -4.562763E-11   -3.614974E-10
   -4.038710E-18   -1.211994E-15   -2.825094E-14   -9.737112E-12   -5.096270E-11   -4.037590E-10
   -4.510949E-18   -1.353710E-15   -3.155428E-14   -1.087565E-11   -5.692152E-11   -4.509603E-10
   -5.038402E-18   -1.511996E-15   -3.524383E-14   -1.214730E-11   -6.357702E-11   -5.036783E-10
   -5.627524E-18   -1.688788E-15   -3.936476E-14   -1.356763E-11   -7.101063E-11   -5.625578E-10
   -6.285524E-18   -1.886251E-15   -4.396750E-14   -1.515402E-11   -7.931331E-11   -6.283184E-10
   -7.020455E-18   -2.106799E-15   -4.910837E-14   -1.692589E-11   -8.858665E-11   -7.017642E-10
   -7.841311E-18   -2.353133E-15   -5.485029E-14   -1.890491E-11   -9.894411E-11   -7.837928E-10
   -8.758134E-18   -2.628267E-15   -6.126351E-14   -2.111529E-11   -1.105124E-10   -8.754067E-10
   -9.782146E-18   -2.935567E-15   -6.842651E-14   -2.358410E-11   -1.234331E-10   -9.777255E-10
   -1.092587E-17   -3.278793E-15   -7.642694E-14   -2.634153E-11   -1.378642E-10   -1.091999E-09
   -1.220331E-17   -3.662146E-15   -8.536268E-14   -2.942132E-11   -1.539824E-10   -1.219624E-09
   -1.363010E-17   -4.090315E-15   -9.534308E-14   -3.286115E-11   -1.719846E-10   -1.362160E-09
   -1.522368E-17   -4.568539E-15   -1.064902E-13   -3.670311E-11   -1.920913E-10   -1.521346E-09
   -1.700355E-17   -5.102670E-15   -1.189405E-13   -4.099420E-11   -2.145482E-10   -1.699126E-09
   -1.899150E-17   -5.699241E-15   -1.328463E-13   -4.578692E-11   -2.396302E-10   -1.897672E-09
   -2.121183E-17   -6.365551E-15   -1.483776E-13   -5.113989E-11   -2.676438E-10   -2.119407E-09
   -2.369172E-17   -7.109752E-15   -1.657245E-13   -5.711859E-11   -2.989318E-10   -2.367037E-09
   -2.646150E-17   -7.940946E-15   -1.850992E-13   -6.379617E-11   -3.338767E-10   -2.643583E-09
   -2.955504E-17   -8.869302E-15   -2.067387E-13   -7.125429E-11   -3.729059E-10   -2.952418E-09
   -3.301020E-17   -9.906174E-15   -2.309077E-13   -7.958417E-11   -4.164966E-10   -3.297309E-09
   -3.686922E-17   -1.106425E-14   -2.579017E-13   -8.888770E-11   -4.651817E-10   -3.682461E-09
   -4.117932E-17   -1.235768E-14   -2.880510E-13   -9.927865E-11   -5.195564E-10   -4.112569E-09
   -4.599319E-17   -1.380230E-14   -3.217243E-13   -1.108841E-10   -5.802854E-10   -4.592872E-09
   -5.136973E-17   -1.541577E-14   -3.593333E-13   -1.238459E-10   -6.481111E-10   -5.129221E-09
   -5.737466E-17   -1.721781E-14   -4.013381E-13   -1.383227E-10   -7.238625E-10   -5.728147E-09
   -6.408144E-17   -1.923048E-14   -4.482523E-13   -1.544914E-10   -8.084652E-10   -6.396940E-09
   -7.157206E-17   -2.147837E-14   -5.006494E-13   -1.725497E-10   -9.029533E-10   -7.143737E-09
   -7.993811E-17   -2.398898E-14   -5.591703E-13   -1.927183E-10   -1.008481E-09   -7.977619E-09
   -8.928189E-17   -2.679299E-14   -6.245304E-13   -2.152439E-10   -1.126338E-09   -8.908723E-09
   -9.971763E-17   -2.992470E-14   -6.975288E-13   -2.404018E-10   -1.257964E-09   -9.948361E-09
   -1.113729E-16   -3.342238E-14   -7.790579E-13   -2.684995E-10   -1.404966E-09   -1.110916E-08
   -1.243902E-16   -3.732879E-14   -8.701142E-13   -2.998803E-10   -1.569141E-09   -1.240520E-08
   -1.389286E-16   -4.169169E-14   -9.718110E-13   -3.349279E-10   -1.752492E-09   -1.385220E-08
   -1.551658E-16   -4.656439E-14   -1.085391E-12   -3.740704E-10   -1.957259E-09   -1.546771E-08
   -1.733003E-16   -5.200645E-14   -1.212243E-12   -4.177863E-10   -2.185941E-09   -1.727128E-08
   -1.935537E-16   -5.808438E-14   -1.353916E-12   -4.666096E-10   -2.441329E-09   -1.928474E-08
   -2.161735E-16   -6.487245E-14   -1.512142E-12   -5.211367E-10   -2.726541E-09   -2.153245E-08
   -2.414361E-16   -7.245360E-14   -1.688855E-12   -5.820338E-10   -3.045055E-09   -2.404155E-08
   -2.696501E-16   -8.092046E-14   -1.886213E-12   -6.500447E-10   -3.400759E-09   -2.684233E-08
   -3.011602E-16   -9.037648E-14   -2.106627E-12   -7.259999E-10   -3.797990E-09   -2.996856E-08
   -3.363514E-16   -1.009371E-13   -2.352791E-12   -8.108272E-10   -4.241593E-09   -3.345788E-08
   -3.756534E-16   -1.127315E-13   -2.627710E-12   -9.055622E-10   -4.736975E-09   -3.735228E-08
   -4.195464E-16   -1.259035E-13   -2.934743E-12   -1.011361E-09   -5.290174E-09   -4.169855E-08
   -4.685664E-16   -1.406141E-13   -3.277640E-12   -1.129517E-09   -5.907932E-09   -4.654882E-08
   -5.233119E-16   -1.570430E-13   -3.660587E-12   -1.261470E-09   -6.597775E-09   -5.196121E-08
   -5.844515E-16   -1.753906E-13   -4.088260E-12   -1.408831E-09   -7.368103E-09   -5.800046E-08
   -6.527314E-16   -1.958810E-13   -4.565881E-12   -1.573400E-09   -8.228295E-09   -6.473867E-08
   -7.289854E-16   -2.187644E-13   -5.099280E-12   -1.757182E-09   -9.188822E-09   -7.225617E-08
   -8.141439E-16   -2.443200E-13   -5.694967E-12   -1.962421E-09   -1.026137E-08   -8.064237E-08
   -9.092465E-16   -2.728598E-13   -6.360212E-12   -2.191618E-09   -1.145898E-08   -8.999681E-08
   -1.015454E-15   -3.047319E-13   -7.103134E-12   -2.447570E-09   -1.279622E-08   -1.004303E-07
   -1.134061E-15   -3.403253E-13   -7.932797E-12   -2.733397E-09   -1.428933E-08   -1.120661E-07
   -1.266516E-15   -3.800743E-13   -8.859323E-12   -3.052583E-09   -1.595646E-08   -1.250412E-07
   -1.414434E-15   -4.244635E-13   -9.894012E-12   -3.409018E-09   -1.781785E-08   -1.395082E-07
   -1.579618E-15   -4.740346E-13   -1.104948E-11   -3.807044E-09   -1.989608E-08   -1.556364E-07
   -1.764084E-15   -5.293918E-13   -1.233983E-11   -4.251511E-09   -2.221636E-08   -1.736142E-07
   -1.970081E-15   -5.912101E-13   -1.378078E-11   -4.747832E-09   -2.480683E-08   -1.936505E-07
   -2.200119E-15   -6.602433E-13   -1.538990E-11   -5.302049E-09   -2.769885E-08   -2.159777E-07
   -2.457002E-15   -7.373325E-13   -1.718681E-11   -5.920910E-09   -3.092746E-08   -2.408531E-07
   -2.743861E-15   -8.234173E-13   -1.919339E-11   -6.611946E-09   -3.453171E-08   -2.685626E-07
   -3.064191E-15   -9.195465E-13   -2.143411E-11   -7.383564E-09   -3.855518E-08   -2.994228E-07
   -3.421894E-15   -1.026891E-12   -2.393625E-11   -8.245148E-09   -4.304647E-08   -3.337845E-07
   -3.821327E-15   -1.146759E-12   -2.673029E-11   -9.207175E-09   -4.805980E-08   -3.720359E-07
   -4.267353E-15   -1.280609E-12   -2.985025E-11   -1.028134E-08   -5.365564E-08   -4.146068E-07
   -4.765403E-15   -1.430071E-12   -3.333412E-11   -1.148069E-08   -5.990139E-08   -4.619720E-07
   -5.321539E-15   -1.596964E-12   -3.722430E-11   -1.281979E-08   -6.687226E-08   -5.146560E-07
   -5.942528E-15   -1.783319E-12   -4.156812E-11   -1.431491E-08   -7.465203E-08   -5.732374E-07
   -6.635925E-15   -1.991404E-12   -4.641845E-11   -1.598418E-08   -8.333416E-08   -6.383542E-07
   -7.410165E-15   -2.223749E-12   -5.183426E-11   -1.784787E-08   -9.302279E-08   -7.107086E-07
   -8.274663E-15   -2.483180E-12   -5.788143E-11   -1.992856E-08   -1.038340E-07   -7.910731E-07
   -9.239929E-15   -2.772850E-12   -6.463347E-11   -2.225148E-08   -1.158970E-07   -8.802957E-07
   -1.031769E-14   -3.096281E-12   -7.217243E-11   -2.484476E-08   -1.293561E-07   -9.793066E-07
   -1.152105E-14   -3.457402E-12   -8.058992E-11   -2.773981E-08   -1.443716E-07   -1.089124E-06
   -1.286462E-14   -3.860600E-12   -8.998820E-11   -3.097166E-08   -1.611223E-07   -1.210860E-06
   -1.436472E-14   -4.310772E-12   -1.004814E-10   -3.457939E-08   -1.798073E-07   -1.345729E-06
   -1.603956E-14   -4.813381E-12   -1.121968E-10   -3.860661E-08   -2.006481E-07   -1.495050E-06
   -1.790946E-14   -5.374527E-12   -1.252768E-10   -4.310196E-08   -2.238914E-07   -1.660256E-06
   -1.999711E-14   -6.001020E-12   -1.398798E-10   -4.811970E-08   -2.498116E-07   -1.842898E-06
   -2.232783E-14   -6.700455E-12   -1.561832E-10   -5.372036E-08   -2.787140E-07   -2.044648E-06
   -2.492988E-14   -7.481314E-12   -1.743844E-10   -5.997143E-08   -3.109382E-07   -2.267303E-06
   -2.783478E-14   -8.353058E-12   -1.947041E-10   -6.694818E-08   -3.468615E-07   -2.512787E-06
   -3.107773E-14   -9.326250E-12   -2.173884E-10   -7.473458E-08   -3.869036E-07   -2.783148E-06
   -3.469801E-14   -1.041267E-11   -2.427121E-10   -8.342421E-08   -4.315306E-07   -3.080556E-06
   -3.873943E-14   -1.162548E-11   -2.709816E-10   -9.312144E-08   -4.812603E-07   -3.407293E-06
   -4.325089E-14   -1.297934E-11   -3.025390E-10   -1.039426E-07   -5.366673E-07   -3.765740E-06
   -4.828696E-14   -1.449064E-11   -3.377659E-10   -1.160174E-07   -5.983895E-07   -4.158359E-06
   -5.390852E-14   -1.617764E-11   -3.770883E-10   -1.294903E-07   -6.671343E-07   -4.587665E-06
   -6.018350E-14   -1.806072E-11   -4.209812E-10   -1.445225E-07   -7.436859E-07   -5.056190E-06
   -6.718768E-14   -2.016263E-11   -4.699747E-10   -1.612935E-07   -8.289133E-07   -5.566433E-06
   -7.500561E-14   -2.250875E-11   -5.246603E-10   -1.800032E-07   -9.237786E-07   -6.120798E-06
   -8.373161E-14   -2.512737E-11   -5.856977E-10   -2.008744E-07   -1.029347E-06   -6.721512E-06
   -9.347093E-14   -2.805008E-11   -6.538229E-10   -2.241553E-07   -1.146795E-06   -7.370527E-06
   -1.043409E-13   -3.131210E-11   -7.298569E-10   -2.501222E-07   -1.277425E-06   -8.069389E-06
   -1.164725E-13   -3.495272E-11   -8.147156E-10   -2.790827E-07   -1.422672E-06   -8.819084E-06
   -1.300118E-13   -3.901578E-11   -9.094204E-10   -3.113796E-07   -1.584121E-06   -9.619844E-06
   -1.451216E-13   -4.355014E-11   -1.015111E-09   -3.473939E-07   -1.763519E-06   -1.047091E-05
   -1.619836E-13   -4.861033E-11   -1.133057E-09   -3.875500E-07   -1.962788E-06   -1.137026E-05
   -1.808005E-13   -5.425715E-11   -1.264676E-09   -4.323198E-07   -2.184041E-06   -1.231425E-05
   -2.017980E-13   -6.055839E-11   -1.411549E-09   -4.822285E-07   -2.429599E-06   -1.329719E-05
   -2.252283E-13   -6.758968E-11   -1.575438E-09   -5.378597E-07   -2.702008E-06   -1.431092E-05
   -2.513722E-13   -7.543530E-11   -1.758307E-09   -5.998626E-07   -3.004055E-06   -1.534416E-05
   -2.805430E-13   -8.418927E-11   -1.962347E-09   -6.689585E-07   -3.338786E-06   -1.638187E-05
   -3.130899E-13   -9.395638E-11   -2.190002E-09   -7.459489E-07   -3.709525E-06   -1.740444E-05
   -3.494022E-13   -1.048535E-10   -2.443993E-09   -8.317239E-07   -4.119890E-06   -1.838680E-05
   -3.899140E-13   -1.170108E-10   -2.727357E-09   -9.272718E-07   -4.573813E-06   -1.929733E-05
   -4.351091E-13   -1.305735E-10   -3.043476E-09   -1.033690E-06   -5.075553E-06   -2.009663E-05
   -4.855267E-13   -1.457035E-10   -3.396124E-09   -1.152194E-06   -5.629713E-06   -2.073620E-05
   -5.417679E-13   -1.625811E-10   -3.789502E-09   -1.284136E-06   -6.241248E-06   -2.115681E-05
   -6.045025E-13   -1.814074E-10   -4.228297E-09   -1.431010E-06   -6.915476E-06   -2.128683E-05
   -6.744770E-13   -2.024063E-10   -4.717727E-09   -1.594474E-06   -7.658079E-06   -2.104030E-05
   -7.525231E-13   -2.258274E-10   -5.263610E-09   -1.776364E-06   -8.475100E-06   -2.031483E-05
   -8.395677E-13   -2.519489E-10   -5.872427E-09   -1.978711E-06   -9.372927E-06   -1.898945E-05
   -9.366433E-13   -2.810805E-10   -6.551398E-09   -2.203761E-06   -1.035828E-05   -1.692230E-05
   -1.044900E-12   -3.135676E-10   -7.308567E-09   -2.453998E-06   -1.143815E-05   -1.394825E-05
   -1.165619E-12   -3.497946E-10   -8.152895E-09   -2.732165E-06   -1.261977E-05   -9.876703E-06
   -1.300228E-12   -3.901898E-10   -9.094360E-09   -3.041289E-06   -1.391054E-05   -4.489471E-06
   -1.450317E-12   -4.352301E-10   -1.014408E-08   -3.384710E-06   -1.531789E-05    2.460887E-06
   -1.617654E-12   -4.854468E-10   -1.131442E-08   -3.766106E-06   -1.684918E-05    1.125218E-05
   -1.804212E-12   -5.414313E-10   -1.261918E-08   -4.189528E-06   -1.851153E-05    2.219277E-05
   -2.012184E-12   -6.038423E-10   -1.407369E-08   -4.659429E-06   -2.031157E-05    3.562051E-05
   -2.244015E-12   -6.734127E-10   -1.569503E-08   -5.180702E-06   -2.225520E-05    5.189991E-05
   -2.502423E-12   -7.509588E-10   -1.750222E-08   -5.758714E-06   -2.434723E-05    7.141704E-05
   -2.790436E-12   -8.373891E-10   -1.951643E-08   -6.399349E-06   -2.659097E-05    9.457141E-05
   -3.111423E-12   -9.337144E-10   -2.176119E-08   -7.109041E-06   -2.898773E-05    1.217642E-04
   -3.469133E-12   -1.041060E-09   -2.426273E-08   -7.894823E-06   -3.153619E-05    1.533817E-04
   -3.867737E-12   -1.160678E-09   -2.705021E-08   -8.764365E-06   -3.423168E-05    1.897733E-04
   -4.311878E-12   -1.293960E-09   -3.015605E-08   -9.726016E-06   -3.706530E-05    2.312230E-04
   -4.806717E-12   -1.442456E-09   -3.361635E-08   -1.078885E-05   -4.002283E-05    2.779128E-04
   -5.357997E-12   -1.607890E-09   -3.747125E-08   -1.196269E-05   -4.308356E-05    3.298780E-04
   -5.972106E-12   -1.792177E-09   -4.176537E-08   -1.325819E-05   -4.621880E-05    3.869532E-04
   -6.656144E-12   -1.997450E-09   -4.654835E-08   -1.468681E-05   -4.939018E-05    4.487088E-04
   -7.418009E-12   -2.226077E-09   -5.187536E-08   -1.626087E-05   -5.254773E-05    5.143777E-04
   -8.266480E-12   -2.480694E-09   -5.780774E-08   -1.799360E-05   -5.562760E-05    5.827748E-04
   -9.211313E-12   -2.764227E-09   -6.441366E-08   -1.989909E-05   -5.854945E-05    6.522108E-04
   -1.026335E-11   -3.079931E-09   -7.176888E-08   -2.199234E-05   -6.121358E-05    7.204046E-04
   -1.143465E-11   -3.431424E-09   -7.995759E-08   -2.428918E-05   -6.349757E-05    7.844012E-04
   -1.273861E-11   -3.822722E-09   -8.907331E-08   -2.680629E-05   -6.525262E-05    8.405037E-04
   -1.419008E-11   -4.258290E-09   -9.921993E-08   -2.956108E-05   -6.629946E-05    8.842326E-04
   -1.580560E-11   -4.743085E-09   -1.105128E-07   -3.257156E-05   -6.642389E-05    9.103272E-04
   -1.760353E-11   -5.282615E-09   -1.230801E-07   -3.585626E-05   -6.537198E-05    9.128095E-04
   -1.960423E-11   -5.882993E-09   -1.370641E-07   -3.943396E-05   -6.284496E-05    8.851327E-04
   -2.183032E-11   -6.551008E-09   -1.526227E-07   -4.332345E-05   -5.849392E-05    8.204407E-04
   -2.430693E-11   -7.294195E-09   -1.699311E-07   -4.754321E-05   -5.191440E-05    7.119634E-04
   -2.706192E-11   -8.120918E-09   -1.891838E-07   -5.211094E-05   -4.264120E-05    5.535737E-04
   -3.012622E-11   -9.040458E-09   -2.105968E-07   -5.704306E-05   -3.014341E-05    3.405207E-04
   -3.353416E-11   -1.006311E-08   -2.344093E-07   -6.235403E-05   -1.382030E-05    7.034696E-05
   -3.732380E-11   -1.120030E-08   -2.608869E-07   -6.805561E-05    7.001779E-06   -2.560291E-04
   -4.153736E-11   -1.246470E-08   -2.903241E-07   -7.415583E-05    3.307075E-05   -6.331091E-04
   -4.622167E-11   -1.387036E-08   -3.230473E-07   -8.065790E-05    6.520781E-05   -1.049576E-03
   -5.142866E-11   -1.543285E-08   -3.594184E-07   -8.755879E-05    1.043033E-04   -1.487160E-03
   -5.721587E-11   -1.716945E-08   -3.998386E-07   -9.484767E-05    1.513083E-04   -1.919796E-03
   -6.364710E-11   -1.909929E-08   -4.447522E-07   -1.025040E-04    2.072212E-04   -2.313343E-03
   -7.079303E-11   -2.124358E-08   -4.946518E-07   -1.104951E-04    2.730675E-04   -2.626154E-03
   -7.873200E-11   -2.362584E-08   -5.500827E-07   -1.187742E-04    3.498711E-04   -2.810858E-03
   -8.755078E-11   -2.627208E-08   -6.116489E-07   -1.272765E-04    4.386168E-04   -2.817657E-03
   -9.734545E-11   -2.921114E-08   -6.800194E-07   -1.359167E-04    5.402009E-04   -2.599415E-03
   -1.082225E-10   -3.247496E-08   -7.559344E-07   -1.445846E-04    6.553682E-04   -2.118584E-03
   -1.202996E-10   -3.609887E-08   -8.402135E-07   -1.531408E-04    7.846349E-04   -1.355784E-03
   -1.337073E-10   -4.012202E-08   -9.337634E-07   -1.614118E-04    9.281951E-04   -3.193762E-04
   -1.485900E-10   -4.458770E-08   -1.037587E-06   -1.691844E-04    1.085810E-03    9.451243E-04
   -1.651073E-10   -4.954384E-08   -1.152795E-06   -1.761998E-04    1.256680E-03    2.347589E-03
   -1.834359E-10   -5.504345E-08   -1.280613E-06   -1.821467E-04    1.439299E-03    3.750116E-03
   -2.037714E-10   -6.114517E-08   -1.422399E-06   -1.866539E-04    1.631296E-03    4.970912E-03
   -2.263300E-10   -6.791386E-08   -1.579653E-06   -1.892829E-04    1.829264E-03    5.797901E-03
   -2.513506E-10   -7.542123E-08   -1.754031E-06   -1.895191E-04    2.028589E-03    6.014023E-03
   -2.790975E-10   -8.374655E-08   -1.947367E-06   -1.867634E-04    2.223277E-03    5.434522E-03
   -3.098629E-10   -9.297743E-08   -2.161682E-06   -1.803234E-04    2.405810E-03    3.953771E-03
   -3.439695E-10   -1.032107E-07   -2.399213E-06   -1.694041E-04    2.567027E-03    1.595451E-03
   -3.817741E-10   -1.145534E-07   -2.662426E-06   -1.530996E-04    2.696071E-03   -1.444324E-03
   -4.236706E-10   -1.271236E-07   -2.954047E-06   -1.303853E-04    2.780416E-03   -4.775144E-03
   -4.700942E-10   -1.410520E-07   -3.277083E-06   -1.001104E-04    2.806003E-03   -7.827662E-03
   -5.215256E-10   -1.564826E-07   -3.634852E-06   -6.099352E-05    2.757540E-03   -9.920060E-03
   -5.784954E-10   -1.735746E-07   -4.031017E-06   -1.161912E-05    2.618966E-03   -1.038177E-02
   -6.415895E-10   -1.925038E-07   -4.469618E-06    4.956166E-05    2.374155E-03   -8.726130E-03
   -7.114544E-10   -2.134639E-07   -4.955108E-06    1.242267E-04    2.007859E-03   -4.843661E-03
   -7.888036E-10   -2.366691E-07   -5.492401E-06    2.141729E-04    1.506938E-03    8.343855E-04
   -8.744245E-10   -2.623553E-07   -6.086912E-06    3.213001E-04    8.618677E-04    7.268869E-03
   -9.691855E-10   -2.907831E-07   -6.744609E-06    4.475865E-04    6.851889E-05    1.290957E-02
   -1.074045E-09   -3.222396E-07   -7.472071E-06    5.950544E-04   -8.698405E-04    1.599846E-02
   -1.190058E-09   -3.570418E-07   -8.276545E-06    7.657253E-04   -1.940410E-03    1.506529E-02
   -1.318392E-09   -3.955387E-07   -9.166012E-06    9.615613E-04   -3.118727E-03    9.518232E-03
   -1.460329E-09   -4.381156E-07   -1.014926E-05    1.184392E-03   -4.366739E-03    1.436725E-04
   -1.617285E-09   -4.851967E-07   -1.123598E-05    1.435823E-03   -5.631345E-03   -1.072619E-02
   -1.790820E-09   -5.372498E-07   -1.243682E-05    1.717130E-03   -6.843715E-03   -1.959477E-02
   -1.982655E-09   -5.947903E-07   -1.376352E-05    2.029130E-03   -7.919770E-03   -2.280686E-02
   -2.194682E-09   -6.583860E-07   -1.522897E-05    2.372031E-03   -8.762223E-03   -1.799770E-02
   -2.428990E-09   -7.286626E-07   -1.684739E-05    2.745267E-03   -9.264554E-03   -5.501709E-03
   -2.687878E-09   -8.063093E-07   -1.863441E-05    3.147309E-03   -9.317269E-03    9.394670E-03
   -2.973881E-09   -8.920862E-07   -2.060725E-05    3.575457E-03   -8.816620E-03    2.390539E-02
   -3.289801E-09   -9.868327E-07   -2.278489E-05    4.025633E-03   -7.675766E-03    2.988737E-02
   -3.638753E-09   -1.091483E-06   -2.518843E-05    4.492176E-03   -5.838013E-03    2.306279E-02
   -4.024279E-09   -1.207097E-06   -2.784184E-05    4.967712E-03   -3.291342E-03    4.540040E-03
   -4.450692E-09   -1.334969E-06   -3.077432E-05    5.443305E-03   -8.262874E-05   -1.832261E-02
   -4.924339E-09   -1.477000E-06   -3.402902E-05    5.909658E-03    3.671810E-03   -3.432575E-02
   -5.385569E-09   -1.615303E-06   -3.719627E-05    6.295165E-03    7.201262E-03   -3.383018E-02
   -5.460231E-09   -1.637691E-06   -3.770880E-05    6.353921E-03    7.753944E-03   -3.229885E-02
   -5.536525E-09   -1.660568E-06   -3.823250E-05    6.412692E-03    8.309269E-03   -3.043495E-02
   -5.614610E-09   -1.683982E-06   -3.876846E-05    6.471591E-03    8.866805E-03   -2.825069E-02
   -5.694683E-09   -1.707992E-06   -3.931804E-05    6.530772E-03    9.426214E-03   -2.576161E-02
   -5.776929E-09   -1.732654E-06   -3.988251E-05    6.590371E-03    9.987173E-03   -2.298627E-02
   -5.861747E-09   -1.758086E-06   -4.046463E-05    6.650756E-03    1.054975E-02   -1.994692E-02
   -5.948572E-09   -1.784121E-06   -4.106048E-05    6.711198E-03    1.111229E-02   -1.666532E-02
   -6.038074E-09   -1.810958E-06   -4.167469E-05    6.772364E-03    1.167533E-02   -1.317032E-02
   -6.131178E-09   -1.838875E-06   -4.231363E-05    6.835188E-03    1.224001E-02   -9.492938E-03
   -6.227947E-09   -1.867892E-06   -4.297774E-05    6.899623E-03    1.280587E-02   -5.663676E-03
   -6.328771E-09   -1.898124E-06   -4.366969E-05    6.965974E-03    1.337310E-02   -1.715504E-03
   -6.434050E-09   -1.929692E-06   -4.439224E-05    7.034544E-03    1.394192E-02    2.317188E-03
   -6.544236E-09   -1.962731E-06   -4.514850E-05    7.105676E-03    1.451268E-02    6.398838E-03
   -6.659807E-09   -1.997386E-06   -4.594176E-05    7.179723E-03    1.508578E-02    1.049300E-02
   -6.781262E-09   -2.033804E-06   -4.677544E-05    7.257042E-03    1.566167E-02    1.456259E-02
   -6.909115E-09   -2.072142E-06   -4.765308E-05    7.337987E-03    1.624081E-02    1.857007E-02
   -7.043894E-09   -2.112556E-06   -4.857831E-05    7.422903E-03    1.682368E-02    2.247761E-02
   -7.186137E-09   -2.155208E-06   -4.955482E-05    7.512122E-03    1.741071E-02    2.624729E-02
   -7.336393E-09   -2.200263E-06   -5.058639E-05    7.605963E-03    1.800231E-02    2.984120E-02
   -7.495220E-09   -2.247888E-06   -5.167685E-05    7.704732E-03    1.859885E-02    3.322166E-02
   -7.663189E-09   -2.298255E-06   -5.283012E-05    7.808719E-03    1.920061E-02    3.635135E-02
   -7.840884E-09   -2.351538E-06   -5.405019E-05    7.918199E-03    1.980784E-02    3.919354E-02
   -8.028902E-09   -2.407917E-06   -5.534119E-05    8.033434E-03    2.042064E-02    4.171230E-02
   -8.227861E-09   -2.467576E-06   -5.670733E-05    8.154673E-03    2.103907E-02    4.387273E-02
   -8.438397E-09   -2.530707E-06   -5.815296E-05    8.282155E-03    2.166305E-02    4.564132E-02
   -8.661166E-09   -2.597506E-06   -5.968262E-05    8.416104E-03    2.229241E-02    4.698618E-02
   -8.896852E-09   -2.668178E-06   -6.130096E-05    8.556736E-03    2.292682E-02    4.787746E-02
   -9.146165E-09   -2.742936E-06   -6.301286E-05    8.704258E-03    2.356583E-02    4.828770E-02
   -9.409843E-09   -2.822002E-06   -6.482338E-05    8.858865E-03    2.420886E-02    4.819226E-02
   -9.688660E-09   -2.905607E-06   -6.673781E-05    9.020743E-03    2.485515E-02    4.756980E-02
   -9.983421E-09   -2.993993E-06   -6.876168E-05    9.190071E-03    2.550377E-02    4.640271E-02
   -1.029497E-08   -3.087413E-06   -7.090075E-05    9.367017E-03    2.615363E-02    4.467763E-02
   -1.062419E-08   -3.186132E-06   -7.316109E-05    9.551738E-03    2.680345E-02    4.238596E-02
   -1.097201E-08   -3.290429E-06   -7.554904E-05    9.744386E-03    2.745172E-02    3.952439E-02
   -1.133941E-08   -3.400594E-06   -7.807126E-05    9.945098E-03    2.809674E-02    3.609539E-02
   -1.172740E-08   -3.516934E-06   -8.073476E-05    1.015401E-02    2.873659E-02    3.210771E-02
   -1.213705E-08   -3.639771E-06   -8.354686E-05    1.037123E-02    2.936910E-02    2.757690E-02
   -1.256951E-08   -3.769444E-06   -8.651531E-05    1.059686E-02    2.999186E-02    2.252567E-02
   -1.302594E-08   -3.906308E-06   -8.964821E-05    1.083102E-02    3.060218E-02    1.698434E-02
   -1.350761E-08   -4.050737E-06   -9.295411E-05    1.107376E-02    3.119713E-02    1.099112E-02
   -1.401583E-08   -4.203126E-06   -9.644198E-05    1.132516E-02    3.177345E-02    4.592332E-03
   -1.455196E-08   -4.363887E-06   -1.001213E-04    1.158527E-02    3.232763E-02   -2.157433E-03
   -1.511748E-08   -4.533455E-06   -1.040019E-04    1.185411E-02    3.285579E-02   -9.195332E-03
   -1.571389E-08   -4.712289E-06   -1.080943E-04    1.213170E-02    3.335377E-02   -1.645038E-02
   -1.634280E-08   -4.900867E-06   -1.124093E-04    1.241802E-02    3.381704E-02   -2.384371E-02
   -1.700590E-08   -5.099695E-06   -1.169586E-04    1.271303E-02    3.424074E-02   -3.128904E-02
   -1.770495E-08   -5.309302E-06   -1.217542E-04    1.301666E-02    3.461964E-02   -3.869326E-02
   -1.844180E-08   -5.530243E-06   -1.268087E-04    1.332883E-02    3.494812E-02   -4.595721E-02
   -1.921839E-08   -5.763099E-06   -1.321355E-04    1.364939E-02    3.522020E-02   -5.297674E-02
   -2.003676E-08   -6.008480E-06   -1.377483E-04    1.397819E-02    3.542949E-02   -5.964385E-02
   -2.089902E-08   -6.267023E-06   -1.436616E-04    1.431500E-02    3.556921E-02   -6.584812E-02
   -2.180740E-08   -6.539392E-06   -1.498908E-04    1.465957E-02    3.563216E-02   -7.147831E-02
   -2.276422E-08   -6.826284E-06   -1.564515E-04    1.501161E-02    3.561075E-02   -7.642417E-02
   -2.377189E-08   -7.128421E-06   -1.633603E-04    1.537074E-02    3.549697E-02   -8.057839E-02
   -2.483292E-08   -7.446559E-06   -1.706343E-04    1.573655E-02    3.528240E-02   -8.383877E-02
   -2.594993E-08   -7.781480E-06   -1.782915E-04    1.610856E-02    3.495825E-02   -8.611048E-02
   -2.712564E-08   -8.133999E-06   -1.863502E-04    1.648621E-02    3.451533E-02   -8.730845E-02
   -2.836286E-08   -8.504959E-06   -1.948298E-04    1.686888E-02    3.394407E-02   -8.735975E-02
   -2.966451E-08   -8.895235E-06   -2.037501E-04    1.725586E-02    3.323456E-02   -8.620609E-02
   -3.103358E-08   -9.305727E-06   -2.131316E-04    1.764635E-02    3.237660E-02   -8.380612E-02
   -3.247320E-08   -9.737368E-06   -2.229956E-04    1.803947E-02    3.135968E-02   -8.013777E-02
   -3.398655E-08   -1.019111E-05   -2.333637E-04    1.843423E-02    3.017305E-02   -7.520025E-02
   -3.557693E-08   -1.066795E-05   -2.442584E-04    1.882955E-02    2.880579E-02   -6.901592E-02
   -3.724769E-08   -1.116889E-05   -2.557027E-04    1.922424E-02    2.724682E-02   -6.163169E-02
   -3.900230E-08   -1.169497E-05   -2.677201E-04    1.961697E-02    2.548502E-02   -5.312006E-02
   -4.084427E-08   -1.224723E-05   -2.803345E-04    2.000632E-02    2.350926E-02   -4.357965E-02
   -4.277719E-08   -1.282677E-05   -2.935704E-04    2.039074E-02    2.130852E-02   -3.313511E-02
   -4.480472E-08   -1.343466E-05   -3.074525E-04    2.076854E-02    1.887195E-02   -2.193636E-02
   -4.693054E-08   -1.407203E-05   -3.220062E-04    2.113790E-02    1.618901E-02   -1.015718E-02
   -4.915842E-08   -1.473999E-05   -3.372568E-04    2.149687E-02    1.324955E-02    2.007060E-03
   -5.149211E-08   -1.543967E-05   -3.532300E-04    2.184334E-02    1.004397E-02    1.434234E-02
   -5.393542E-08   -1.617221E-05   -3.699516E-04    2.217507E-02    6.563286E-03    2.661983E-02
   -5.649217E-08   -1.693876E-05   -3.874476E-04    2.248968E-02    2.799356E-03    3.860039E-02
   -5.916616E-08   -1.774045E-05   -4.057436E-04    2.278463E-02   -1.255039E-03    5.003985E-02
   -6.196119E-08   -1.857844E-05   -4.248657E-04    2.305724E-02   -5.606014E-03    6.069486E-02
   -6.488104E-08   -1.945383E-05   -4.448392E-04    2.330468E-02   -1.025842E-02    7.032923E-02
   -6.792945E-08   -2.036777E-05   -4.656896E-04    2.352397E-02   -1.521570E-02    7.872065E-02
   -7.111010E-08   -2.132135E-05   -4.874418E-04    2.371200E-02   -2.047969E-02    8.566747E-02
   -7.442662E-08   -2.231566E-05   -5.101203E-04    2.386552E-02   -2.605047E-02    9.099553E-02
   -7.788256E-08   -2.335176E-05   -5.337492E-04    2.398113E-02   -3.192621E-02    9.456460E-02
   -8.148137E-08   -2.443069E-05   -5.583516E-04    2.405531E-02   -3.810296E-02    9.627425E-02
   -8.522640E-08   -2.555345E-05   -5.839503E-04    2.408444E-02   -4.457457E-02    9.606898E-02
   -8.912089E-08   -2.672101E-05   -6.105670E-04    2.406475E-02   -5.133244E-02    9.394218E-02
   -9.316795E-08   -2.793430E-05   -6.382226E-04    2.399239E-02   -5.836547E-02    8.993878E-02
   -9.737053E-08   -2.919421E-05   -6.669369E-04    2.386343E-02   -6.565988E-02    8.415646E-02
   -1.017314E-07   -3.050158E-05   -6.967288E-04    2.367383E-02   -7.319912E-02    7.674496E-02
   -1.062533E-07   -3.185721E-05   -7.276159E-04    2.341951E-02   -8.096376E-02    6.790374E-02
   -1.109387E-07   -3.326182E-05   -7.596147E-04    2.309631E-02   -8.893144E-02    5.787767E-02
   -1.157897E-07   -3.471611E-05   -7.927403E-04    2.270006E-02   -9.707682E-02    4.695085E-02
   -1.208086E-07   -3.622070E-05   -8.270067E-04    2.222656E-02   -1.053715E-01    3.543868E-02
   -1.259972E-07   -3.777616E-05   -8.624262E-04    2.167160E-02   -1.137843E-01    2.367844E-02
   -1.313573E-07   -3.938298E-05   -8.990098E-04    2.103098E-02   -1.222807E-01    1.201845E-02
   -1.368901E-07   -4.104162E-05   -9.367671E-04    2.030054E-02   -1.308235E-01    8.063922E-04
   -1.425971E-07   -4.275245E-05   -9.757062E-04    1.947618E-02   -1.393729E-01   -9.622885E-03
   -1.484793E-07   -4.451578E-05   -1.015834E-03    1.855386E-02   -1.478862E-01   -1.895962E-02
   -1.545375E-07   -4.633185E-05   -1.057155E-03    1.752962E-02   -1.563184E-01   -2.693087E-02
   -1.607722E-07   -4.820084E-05   -1.099672E-03    1.639964E-02   -1.646222E-01   -3.331123E-02
   -1.671840E-07   -5.012287E-05   -1.143389E-03    1.516020E-02   -1.727483E-01   -3.793198E-02
   -1.737728E-07   -5.209799E-05   -1.188305E-03    1.380777E-02   -1.806457E-01   -4.068830E-02
   -1.805388E-07   -5.412618E-05   -1.234420E-03    1.233895E-02   -1.882622E-01   -4.154392E-02
   -1.874816E-07   -5.620737E-05   -1.281731E-03    1.075056E-02   -1.955445E-01   -4.053314E-02
   -1.946008E-07   -5.834141E-05   -1.330234E-03    9.039619E-03   -2.024386E-01   -3.775989E-02
   -2.018958E-07   -6.052812E-05   -1.379925E-03    7.203391E-03   -2.088906E-01   -3.339372E-02
   -2.093657E-07   -6.276724E-05   -1.430796E-03    5.239377E-03   -2.148466E-01   -2.766297E-02
   -2.170095E-07   -6.505847E-05   -1.482841E-03    3.145347E-03   -2.202535E-01   -2.084515E-02
   -2.248260E-07   -6.740145E-05   -1.536051E-03    9.193575E-04   -2.250596E-01   -1.325513E-02
   -2.328139E-07   -6.979577E-05   -1.590415E-03   -1.440235E-03   -2.292148E-01   -5.231392E-03
   -2.409716E-07   -7.224100E-05   -1.645923E-03   -3.934761E-03   -2.326714E-01    2.878752E-03
   -2.492976E-07   -7.473663E-05   -1.702562E-03   -6.565218E-03   -2.353842E-01    1.073450E-02
   -2.577901E-07   -7.728214E-05   -1.760321E-03   -9.332265E-03   -2.373117E-01    1.801659E-02
   -2.664473E-07   -7.987697E-05   -1.819185E-03   -1.223621E-02   -2.384158E-01    2.444129E-02
   -2.752671E-07   -8.252053E-05   -1.879141E-03   -1.527698E-02   -2.386631E-01    2.977267E-02
   -2.842474E-07   -8.521219E-05   -1.940173E-03   -1.845415E-02   -2.380247E-01    3.383247E-02
   -2.933863E-07   -8.795131E-05   -2.002266E-03   -2.176691E-02   -2.364770E-01    3.650703E-02
   -3.026813E-07   -9.073723E-05   -2.065405E-03   -2.521405E-02   -2.340022E-01    3.775100E-02
   -3.121304E-07   -9.356927E-05   -2.129572E-03   -2.879398E-02   -2.305885E-01    3.758757E-02
   -3.217311E-07   -9.644673E-05   -2.194752E-03   -3.250471E-02   -2.262303E-01    3.610521E-02
   -3.314811E-07   -9.936891E-05   -2.260927E-03   -3.634384E-02   -2.209288E-01    3.345118E-02
   -3.413781E-07   -1.023351E-04   -2.328080E-03   -4.030859E-02   -2.146924E-01    2.982208E-02
   -3.514197E-07   -1.053446E-04   -2.396196E-03   -4.439576E-02   -2.075362E-01    2.545214E-02
   -3.616035E-07   -1.083967E-04   -2.465256E-03   -4.860177E-02   -1.994827E-01    2.059973E-02
   -3.719272E-07   -1.114907E-04   -2.535243E-03   -5.292263E-02   -1.905619E-01    1.553305E-02
   -3.823884E-07   -1.146258E-04   -2.606142E-03   -5.735398E-02   -1.808107E-01    1.051570E-02
   -3.929849E-07   -1.178014E-04   -2.677935E-03   -6.189104E-02   -1.702737E-01    5.792952E-03
   -4.037142E-07   -1.210168E-04   -2.750605E-03   -6.652868E-02   -1.590022E-01    1.579494E-03
   -4.145743E-07   -1.242714E-04   -2.824138E-03   -7.126139E-02   -1.470545E-01   -1.950643E-03
   -4.255629E-07   -1.275644E-04   -2.898516E-03   -7.608328E-02   -1.344955E-01   -4.671564E-03
   -4.366779E-07   -1.308952E-04   -2.973725E-03   -8.098814E-02   -1.213962E-01   -6.509975E-03
   -4.479172E-07   -1.342633E-04   -3.049750E-03   -8.596938E-02   -1.078335E-01   -7.446506E-03
   -4.592788E-07   -1.376680E-04   -3.126576E-03   -9.102009E-02   -9.388960E-02   -7.513930E-03
   -4.707609E-07   -1.411086E-04   -3.204189E-03   -9.613306E-02   -7.965132E-02   -6.792506E-03
   -4.823615E-07   -1.445848E-04   -3.282575E-03   -1.013007E-01   -6.520964E-02   -5.402844E-03
   -4.940788E-07   -1.480959E-04   -3.361722E-03   -1.065153E-01   -5.065898E-02   -3.496822E-03
   -5.059112E-07   -1.516414E-04   -3.441617E-03   -1.117687E-01   -3.609648E-02   -1.247177E-03
   -5.178571E-07   -1.552209E-04   -3.522248E-03   -1.170525E-01   -2.162119E-02    1.163538E-03
   -5.299148E-07   -1.588338E-04   -3.603605E-03   -1.223581E-01   -7.333314E-03    3.553976E-03
   -5.420831E-07   -1.624798E-04   -3.685675E-03   -1.276767E-01    6.666657E-03    5.754330E-03
   -5.543604E-07   -1.661584E-04   -3.768448E-03   -1.329991E-01    2.027880E-02    7.615449E-03
   -5.667455E-07   -1.698692E-04   -3.851916E-03   -1.383162E-01    3.340462E-02    9.016279E-03
   -5.792372E-07   -1.736119E-04   -3.936068E-03   -1.436185E-01    4.594796E-02    9.869333E-03
   -5.918344E-07   -1.773862E-04   -4.020897E-03   -1.488964E-01    5.781588E-02    1.012402E-02
   -6.045359E-07   -1.811917E-04   -4.106393E-03   -1.541402E-01    6.891949E-02    9.767804E-03
   -6.173410E-07   -1.850280E-04   -4.192550E-03   -1.593400E-01    7.917486E-02    8.825351E-03
   -6.302485E-07   -1.888951E-04   -4.279361E-03   -1.644858E-01    8.850380E-02    7.355789E-03
   -6.432578E-07   -1.927925E-04   -4.366818E-03   -1.695676E-01    9.683468E-02    5.448466E-03
   -6.563680E-07   -1.967202E-04   -4.454916E-03   -1.745753E-01    1.041031E-01    3.217486E-03
   -6.695785E-07   -2.006777E-04   -4.543649E-03   -1.794987E-01    1.102528E-01    7.953968E-04
   -6.828887E-07   -2.046651E-04   -4.633011E-03   -1.843276E-01    1.152359E-01   -1.673637E-03
   -6.962979E-07   -2.086821E-04   -4.722999E-03   -1.890519E-01    1.190138E-01   -4.040864E-03
   -7.098057E-07   -2.127285E-04   -4.813607E-03   -1.936614E-01    1.215575E-01   -6.159925E-03
   -7.234117E-07   -2.168043E-04   -4.904831E-03   -1.981460E-01    1.228482E-01   -7.893573E-03
   -7.371154E-07   -2.209092E-04   -4.996668E-03   -2.024957E-01    1.228772E-01   -9.119967E-03
   -7.509165E-07   -2.250432E-04   -5.089114E-03   -2.067005E-01    1.216465E-01   -9.738417E-03
   -7.648147E-07   -2.292063E-04   -5.182166E-03   -2.107505E-01    1.191688E-01   -9.674466E-03
   -7.788098E-07   -2.333983E-04   -5.275822E-03   -2.146360E-01    1.154675E-01   -8.884192E-03
   -7.929015E-07   -2.376191E-04   -5.370078E-03   -2.183475E-01    1.105766E-01   -7.357603E-03
   -8.070898E-07   -2.418688E-04   -5.464933E-03   -2.218755E-01    1.045404E-01   -5.120963E-03
   -8.213744E-07   -2.461472E-04   -5.560385E-03   -2.252110E-01    9.741345E-02   -2.237857E-03
   -8.357553E-07   -2.504544E-04   -5.656432E-03   -2.283449E-01    8.925999E-02    1.191215E-03
   -8.502324E-07   -2.547903E-04   -5.753073E-03   -2.312685E-01    8.015347E-02    5.030937E-03
   -8.648057E-07   -2.591549E-04   -5.850306E-03   -2.339734E-01    7.017593E-02    9.115149E-03
   -8.794752E-07   -2.635483E-04   -5.948129E-03   -2.364514E-01    5.941731E-02    1.325282E-02
   -8.942410E-07   -2.679704E-04   -6.046543E-03   -2.386948E-01    4.797468E-02    1.723603E-02
   -9.091032E-07   -2.724212E-04   -6.145546E-03   -2.406960E-01    3.595136E-02    2.084988E-02
   -9.240617E-07   -2.769008E-04   -6.245138E-03   -2.424478E-01    2.345595E-02    2.388395E-02
   -9.391168E-07   -2.814092E-04   -6.345319E-03   -2.439436E-01    1.060133E-02    2.614489E-02
   -9.542685E-07   -2.859465E-04   -6.446087E-03   -2.451769E-01   -2.496389E-03    2.746941E-02
   -9.695170E-07   -2.905126E-04   -6.547443E-03   -2.461420E-01   -1.571902E-02    2.773688E-02
   -9.848626E-07   -2.951077E-04   -6.649387E-03   -2.468332E-01   -2.894744E-02    2.688047E-02
   -1.000305E-06   -2.997318E-04   -6.751919E-03   -2.472456E-01   -4.206276E-02    2.489595E-02
   -1.015846E-06   -3.043849E-04   -6.855039E-03   -2.473747E-01   -5.494750E-02    2.184702E-02
   -1.031483E-06   -3.090672E-04   -6.958747E-03   -2.472165E-01   -6.748683E-02    1.786643E-02
   -1.047219E-06   -3.137787E-04   -7.063044E-03   -2.467674E-01   -7.956966E-02    1.315229E-02
   -1.063053E-06   -3.185194E-04   -7.167930E-03   -2.460245E-01   -9.108988E-02    7.959209E-03
   -1.078985E-06   -3.232895E-04   -7.273405E-03   -2.449855E-01   -1.019474E-01    2.584480E-03
   -1.095017E-06   -3.280891E-04   -7.379471E-03   -2.436485E-01   -1.120491E-01   -2.650126E-03
   -1.111147E-06   -3.329182E-04   -7.486127E-03   -2.420123E-01   -1.213101E-01   -7.419932E-03
   -1.127376E-06   -3.377769E-04   -7.593375E-03   -2.400762E-01   -1.296543E-01   -1.142083E-02
   -1.143705E-06   -3.426653E-04   -7.701216E-03   -2.378403E-01   -1.370156E-01   -1.439288E-02
   -1.160135E-06   -3.475836E-04   -7.809649E-03   -2.353052E-01   -1.433381E-01   -1.614207E-02
   -1.176664E-06   -3.525317E-04   -7.918677E-03   -2.324722E-01   -1.485773E-01   -1.655822E-02
   -1.193295E-06   -3.575100E-04   -8.028300E-03   -2.293430E-01   -1.526999E-01   -1.562723E-02
   -1.210026E-06   -3.625183E-04   -8.138519E-03   -2.259203E-01   -1.556847E-01   -1.343605E-02
   -1.226860E-06   -3.675569E-04   -8.249335E-03   -2.222074E-01   -1.575228E-01   -1.016962E-02
   -1.243795E-06   -3.726259E-04   -8.360750E-03   -2.182080E-01   -1.582172E-01   -6.099186E-03
   -1.260832E-06   -3.777254E-04   -8.472764E-03   -2.139268E-01   -1.577832E-01   -1.562758E-03
   -1.277972E-06   -3.828554E-04   -8.585378E-03   -2.093689E-01   -1.562480E-01    3.061338E-03
   -1.295215E-06   -3.880162E-04   -8.698594E-03   -2.045402E-01   -1.536506E-01    7.385652E-03
   -1.312562E-06   -3.932078E-04   -8.812414E-03   -1.994474E-01   -1.500409E-01    1.104709E-02
   -1.330012E-06   -3.984304E-04   -8.926838E-03   -1.940975E-01   -1.454795E-01    1.373969E-02
   -1.347568E-06   -4.036842E-04   -9.041867E-03   -1.884986E-01   -1.400366E-01    1.524363E-02
   -1.365228E-06   -4.089691E-04   -9.157503E-03   -1.826591E-01   -1.337917E-01    1.544750E-02
   -1.382993E-06   -4.142854E-04   -9.273748E-03   -1.765882E-01   -1.268319E-01    1.436146E-02
   -1.400864E-06   -4.196333E-04   -9.390602E-03   -1.702958E-01   -1.192514E-01    1.211946E-02
   -1.418841E-06   -4.250127E-04   -9.508068E-03   -1.637922E-01   -1.111502E-01    8.969832E-03
   -1.436926E-06   -4.304240E-04   -9.626145E-03   -1.570886E-01   -1.026325E-01    5.254536E-03
   -1.455117E-06   -4.358671E-04   -9.744837E-03   -1.501966E-01   -9.380621E-02    1.378634E-03
   -1.473416E-06   -4.413423E-04   -9.864145E-03   -1.431283E-01   -8.478083E-02   -2.227581E-03
   -1.491823E-06   -4.468497E-04   -9.984069E-03   -1.358966E-01   -7.566653E-02   -5.150327E-03
   -1.510339E-06   -4.523895E-04   -1.010461E-02   -1.285148E-01   -6.657270E-02   -7.034001E-03
   -1.592922E-06   -4.770953E-04   -1.064114E-02   -9.469104E-02   -2.950828E-02    7.242049E-04
   -1.677653E-06   -5.024402E-04   -1.118975E-02   -5.952322E-02   -2.618943E-03    2.184388E-02
   -1.764577E-06   -5.284374E-04   -1.175057E-02   -2.440936E-02    9.312927E-03    2.220725E-02
   -1.853743E-06   -5.551009E-04   -1.232373E-02    9.183858E-03    5.558196E-03   -3.112682E-03
   -1.945199E-06   -5.824449E-04   -1.290938E-02    3.979122E-02   -1.059106E-02   -1.873826E-02
   -2.038995E-06   -6.104842E-04   -1.350764E-02    6.602585E-02   -3.290104E-02   -4.516343E-03
   -2.135184E-06   -6.392341E-04   -1.411866E-02    8.665863E-02   -5.402139E-02    1.433364E-02
   -2.233821E-06   -6.687102E-04   -1.474258E-02    1.006958E-01   -6.753279E-02    1.184432E-02
   -2.334959E-06   -6.989287E-04   -1.537952E-02    1.074493E-01   -6.962472E-02    6.935955E-04
   -2.438657E-06   -7.299062E-04   -1.602963E-02    1.065950E-01   -5.992893E-02    2.901628E-03
   -2.544972E-06   -7.616596E-04   -1.669302E-02    9.821307E-02   -4.130956E-02    1.200627E-02
   -2.653965E-06   -7.942064E-04   -1.736983E-02    8.280588E-02   -1.875472E-02    8.965641E-03
   -2.765698E-06   -8.275644E-04   -1.806017E-02    6.129045E-02    2.196528E-03   -5.279755E-03
   -2.880232E-06   -8.617519E-04   -1.876417E-02    3.496231E-02    1.693560E-02   -1.101901E-02
   -2.997634E-06   -8.967877E-04   -1.948193E-02    5.431039E-03    2.271502E-02    2.699381E-03
   -3.117969E-06   -9.326909E-04   -2.021357E-02   -2.547098E-02    1.884654E-02    1.816349E-02
   -3.241304E-06   -9.694812E-04   -2.095917E-02   -5.580227E-02    6.319431E-03    1.124160E-02
   -3.367711E-06   -1.007179E-03   -2.171883E-02   -8.364207E-02   -1.277844E-02   -4.418040E-03
   -3.497259E-06   -1.045804E-03   -2.249265E-02   -1.072275E-01   -3.565193E-02    9.640613E-04
   -3.630022E-06   -1.085377E-03   -2.328068E-02   -1.250876E-01   -5.885623E-02    1.035398E-02
   -3.766074E-06   -1.125921E-03   -2.408301E-02   -1.361637E-01   -7.822898E-02   -3.621814E-03
   -3.905491E-06   -1.167457E-03   -2.489968E-02   -1.399034E-01   -8.915497E-02   -9.613148E-03
   -4.048352E-06   -1.210007E-03   -2.573075E-02   -1.363190E-01   -8.756190E-02    1.329310E-02
   -4.194736E-06   -1.253594E-03   -2.657625E-02   -1.260010E-01   -7.161965E-02    1.876214E-02
   -4.344725E-06   -1.298242E-03   -2.743621E-02   -1.100834E-01   -4.349572E-02   -3.519551E-03
   -4.498402E-06   -1.343974E-03   -2.831063E-02   -9.015711E-02   -1.007037E-02   -5.556682E-03
   -4.655853E-06   -1.390816E-03   -2.919953E-02   -6.813842E-02    1.837762E-02    7.180027E-03
   -4.817164E-06   -1.438791E-03   -3.010287E-02   -4.609994E-02    3.168398E-02    1.311330E-03
   -4.982426E-06   -1.487925E-03   -3.102063E-02   -2.607838E-02    2.440495E-02   -2.588496E-03
   -5.151729E-06   -1.538244E-03   -3.195277E-02   -9.877103E-03   -6.629146E-04    1.018478E-02
   -5.325167E-06   -1.589775E-03   -3.289921E-02    1.116424E-03   -3.233542E-02    1.236024E-02
   -5.502835E-06   -1.642544E-03   -3.385989E-02    6.077655E-03   -5.528246E-02   -3.177399E-03
   -5.684830E-06   -1.696580E-03   -3.483469E-02    4.837933E-03   -5.737585E-02   -7.292982E-03
   -5.871252E-06   -1.751910E-03   -3.582350E-02   -2.090720E-03   -3.666635E-02    7.345247E-03
   -6.062203E-06   -1.808563E-03   -3.682618E-02   -1.356626E-02   -3.857035E-03    6.645326E-03
   -6.257787E-06   -1.866568E-03   -3.784257E-02   -2.794150E-02    2.210751E-02   -1.406664E-03
   -6.458110E-06   -1.925956E-03   -3.887248E-02   -4.325260E-02    2.402323E-02    1.102977E-02
   -6.663281E-06   -1.986756E-03   -3.991570E-02   -5.745159E-02   -3.073555E-03    3.362289E-03
   -6.873410E-06   -2.048999E-03   -4.097200E-02   -6.865577E-02   -4.727470E-02   -1.183317E-02
   -7.088612E-06   -2.112719E-03   -4.204113E-02   -7.538257E-02   -8.488365E-02    8.493672E-03
   -7.309002E-06   -2.177946E-03   -4.312278E-02   -7.673787E-02   -9.347228E-02    9.531946E-03
   -7.534698E-06   -2.244713E-03   -4.421666E-02   -7.252987E-02   -6.568216E-02   -2.310123E-03
   -7.765822E-06   -2.313055E-03   -4.532240E-02   -6.328954E-02   -1.495893E-02    7.282889E-03
   -8.002498E-06   -2.383006E-03   -4.643965E-02   -5.019095E-02    3.141116E-02   -4.976437E-04
   -8.244850E-06   -2.454600E-03   -4.756798E-02   -3.488000E-02    4.857793E-02   -5.164813E-03
   -8.493010E-06   -2.527874E-03   -4.870696E-02   -1.923457E-02    2.959227E-02    9.824438E-03
   -8.747108E-06   -2.602863E-03   -4.985611E-02   -5.091901E-03   -1.043088E-02    7.493708E-03
   -9.007279E-06   -2.679604E-03   -5.101492E-02    6.013822E-03   -4.478000E-02   -3.963416E-03
   -9.273661E-06   -2.758136E-03   -5.218283E-02    1.306004E-02   -5.331684E-02    3.949517E-03
   -9.546394E-06   -2.838496E-03   -5.335927E-02    1.565451E-02   -3.553948E-02   -1.012613E-04
   -9.825623E-06   -2.920724E-03   -5.454359E-02    1.404283E-02   -9.182497E-03    5.156605E-04
   -1.011149E-05   -3.004860E-03   -5.573513E-02    9.004126E-03    4.213412E-03    1.371140E-02
   -1.040416E-05   -3.090944E-03   -5.693318E-02    1.655989E-03   -4.594573E-03   -6.585292E-03
   -1.070376E-05   -3.179018E-03   -5.813697E-02   -6.790146E-03   -2.706353E-02    1.809874E-03
   -1.101047E-05   -3.269124E-03   -5.934570E-02   -1.527002E-02   -4.526140E-02    3.963200E-03
   -1.132444E-05   -3.361305E-03   -6.055853E-02   -2.304920E-02   -4.609809E-02    5.337593E-04
   -1.164584E-05   -3.455605E-03   -6.177454E-02   -2.980412E-02   -2.959008E-02    9.673612E-03
   -1.197482E-05   -3.552068E-03   -6.299280E-02   -3.558142E-02   -6.092114E-03   -5.144094E-03
   -1.231157E-05   -3.650740E-03   -6.421230E-02   -4.064627E-02    1.242589E-02    7.993927E-04
   -1.265625E-05   -3.751667E-03   -6.543198E-02   -4.526211E-02    1.852829E-02    7.127319E-03
   -1.300905E-05   -3.854897E-03   -6.665074E-02   -4.946811E-02    1.007247E-02   -1.379678E-04
   -1.337014E-05   -3.960476E-03   -6.786741E-02   -5.292929E-02   -1.033571E-02    6.138736E-03
   -1.373972E-05   -4.068455E-03   -6.908077E-02   -5.492226E-02   -3.403301E-02   -6.163490E-03
   -1.411796E-05   -4.178882E-03   -7.028955E-02   -5.448625E-02   -4.708024E-02    6.960279E-03
   -1.450507E-05   -4.291808E-03   -7.149241E-02   -5.072092E-02   -3.881796E-02    3.685857E-03
   -1.490124E-05   -4.407285E-03   -7.268795E-02   -4.316023E-02   -1.404530E-02    1.015109E-04
   -1.530668E-05   -4.525366E-03   -7.387471E-02   -3.211118E-02    5.881621E-03    1.420403E-03
   -1.572158E-05   -4.646102E-03   -7.505117E-02   -1.883285E-02    1.292870E-03   -5.210895E-04
   -1.614617E-05   -4.769549E-03   -7.621575E-02   -5.454650E-03   -2.290901E-02    8.932864E-03
   -1.658065E-05   -4.895763E-03   -7.736681E-02    5.404674E-03   -3.751469E-02   -3.607510E-03
   -1.702525E-05   -5.024798E-03   -7.850262E-02    1.126649E-02   -1.976860E-02    3.227725E-03
   -1.748019E-05   -5.156712E-03   -7.962141E-02    1.052550E-02    1.635852E-02   -2.482926E-04
   -1.794571E-05   -5.291563E-03   -8.072135E-02    3.074410E-03    2.993836E-02    7.696127E-03
   -1.842203E-05   -5.429411E-03   -8.180052E-02   -9.405251E-03   -4.711070E-04   -3.828216E-03
   -1.890939E-05   -5.570315E-03   -8.285694E-02   -2.365085E-02   -4.673553E-02    3.766907E-03
   -1.940805E-05   -5.714336E-03   -8.388859E-02   -3.555996E-02   -5.944437E-02    4.310559E-04
   -1.991824E-05   -5.861537E-03   -8.489335E-02   -4.132824E-02   -2.612754E-02    6.533255E-03
   -2.044023E-05   -6.011980E-03   -8.586905E-02   -3.868401E-02    1.291888E-02   -4.807424E-03
   -2.097428E-05   -6.165730E-03   -8.681346E-02   -2.782463E-02    1.465715E-02    5.310487E-03
   -2.152065E-05   -6.322851E-03   -8.772428E-02   -1.168364E-02   -1.385077E-02    1.557310E-03
   -2.207962E-05   -6.483411E-03   -8.859915E-02    4.681151E-03   -2.925514E-02    2.441104E-03
   -2.265146E-05   -6.647475E-03   -8.943564E-02    1.551804E-02   -1.207258E-02   -2.538570E-03
   -2.323646E-05   -6.815114E-03   -9.023128E-02    1.626446E-02    1.023336E-02    7.475857E-03
   -2.383491E-05   -6.986395E-03   -9.098352E-02    5.286302E-03    5.434469E-03   -2.893012E-03
   -2.444710E-05   -7.161389E-03   -9.168978E-02   -1.517675E-02   -2.045327E-02    4.660443E-03
   -2.507334E-05   -7.340169E-03   -9.234739E-02   -3.932705E-02   -3.690322E-02   -2.164822E-03
   -2.571393E-05   -7.522805E-03   -9.295366E-02   -5.945588E-02   -2.934646E-02    6.618924E-03
   -2.636920E-05   -7.709373E-03   -9.350585E-02   -6.849392E-02   -8.520266E-03   -2.785952E-03
   -2.703947E-05   -7.899947E-03   -9.400117E-02   -6.262030E-02    8.257615E-03    2.786825E-03
   -2.772506E-05   -8.094603E-03   -9.443680E-02   -4.293552E-02    8.716231E-03    3.399158E-03
   -2.842631E-05   -8.293417E-03   -9.480988E-02   -1.543327E-02   -8.281467E-03   -1.928675E-03
   -2.914358E-05   -8.496468E-03   -9.511751E-02    1.091000E-02   -2.386346E-02    4.976189E-03
   -2.987720E-05   -8.703835E-03   -9.535679E-02    2.735843E-02   -1.603281E-02   -1.528382E-03
   -3.062753E-05   -8.915598E-03   -9.552479E-02    2.876579E-02    1.786563E-03    3.310755E-03
   -3.139496E-05   -9.131839E-03   -9.561857E-02    1.567229E-02   -6.659796E-03    1.043493E-03
   -3.217984E-05   -9.352639E-03   -9.563519E-02   -5.835030E-03   -3.331999E-02    8.042484E-04
   -3.298257E-05   -9.578083E-03   -9.557171E-02   -2.659607E-02   -2.652021E-02    2.353244E-03
   -3.380353E-05   -9.808254E-03   -9.542520E-02   -3.824404E-02    1.459611E-02   -6.720560E-04
   -3.464312E-05   -1.004324E-02   -9.519276E-02   -3.680553E-02    2.334863E-02    4.607617E-03
   -3.550176E-05   -1.028312E-02   -9.487153E-02   -2.437112E-02   -1.695793E-02   -2.744927E-04
   -3.637985E-05   -1.052800E-02   -9.445866E-02   -7.978523E-03   -3.641592E-02   -1.120900E-03
   -3.727783E-05   -1.077795E-02   -9.395138E-02    3.845110E-03   -7.745235E-03    4.911214E-03
   -3.819613E-05   -1.103306E-02   -9.334698E-02    5.244421E-03    6.078338E-03    5.621822E-04
   -3.913520E-05   -1.129343E-02   -9.264282E-02   -4.170652E-03   -1.845209E-02    8.196667E-05
   -4.009548E-05   -1.155916E-02   -9.183635E-02   -1.933835E-02   -2.377944E-02    2.103834E-03
   -4.107745E-05   -1.183032E-02   -9.092512E-02   -3.255373E-02    4.536736E-03    1.071034E-03
   -4.208158E-05   -1.210702E-02   -8.990681E-02   -3.753977E-02    1.319105E-02   -3.717807E-04
   -4.310834E-05   -1.238935E-02   -8.877921E-02   -3.253323E-02   -9.749603E-03    2.388880E-03
   -4.415825E-05   -1.267740E-02   -8.754029E-02   -2.071065E-02   -2.522391E-02    5.055119E-03
   -4.523179E-05   -1.297128E-02   -8.618815E-02   -7.873973E-03   -1.778312E-02   -3.164610E-03
   -4.632949E-05   -1.327107E-02   -8.472109E-02    1.017985E-03   -2.092374E-03    7.797452E-05
   -4.745188E-05   -1.357688E-02   -8.313760E-02    4.230966E-03    6.993642E-04    4.835544E-03
   -4.859949E-05   -1.388881E-02   -8.143640E-02    3.157423E-03   -1.228388E-02   -1.582163E-03
   -4.977288E-05   -1.420696E-02   -7.961643E-02    1.739081E-04   -8.270247E-03    1.264504E-04
   -5.097260E-05   -1.453142E-02   -7.767690E-02   -3.606296E-03    9.071139E-03    1.372742E-03
   -5.219924E-05   -1.486229E-02   -7.561728E-02   -8.748254E-03   -1.146971E-02    5.513448E-03
   -5.345337E-05   -1.519969E-02   -7.343735E-02   -1.577355E-02   -3.480085E-02    1.084587E-03
   -5.473560E-05   -1.554370E-02   -7.113719E-02   -2.303751E-02   -1.470022E-03   -2.144279E-03
   -5.604653E-05   -1.589444E-02   -6.871723E-02   -2.662020E-02    1.557668E-02    2.106254E-03
   -5.738681E-05   -1.625201E-02   -6.617825E-02   -2.308613E-02   -1.702949E-02    2.295364E-03
   -5.875705E-05   -1.661650E-02   -6.352142E-02   -1.317724E-02   -1.152798E-02    4.218857E-03
   -6.015793E-05   -1.698803E-02   -6.074830E-02   -2.894850E-03    7.842945E-03   -2.426752E-03
   -6.159010E-05   -1.736670E-02   -5.786086E-02    9.483394E-05   -1.880955E-02   -6.768696E-04
   -6.305424E-05   -1.775261E-02   -5.486154E-02   -7.198338E-03   -2.157056E-02   -1.509438E-03
   -6.455105E-05   -1.814587E-02   -5.175323E-02   -1.923765E-02    7.261404E-03    3.588931E-03
   -6.608125E-05   -1.854657E-02   -4.853929E-02   -2.498443E-02    3.923679E-03    2.448423E-03
   -6.764555E-05   -1.895484E-02   -4.522360E-02   -1.679465E-02   -1.250185E-02    2.648994E-03
   -6.924471E-05   -1.937076E-02   -4.181055E-02    1.731291E-03   -1.196585E-02   -8.241658E-04
   -7.087947E-05   -1.979444E-02   -3.830506E-02    1.661142E-02   -3.346071E-03   -9.473016E-04
   -7.255061E-05   -2.022599E-02   -3.471261E-02    1.417996E-02   -1.075208E-02   -1.598427E-03
   -7.425893E-05   -2.066551E-02   -3.103926E-02   -6.467868E-03   -1.161071E-02    8.139924E-04
   -7.600523E-05   -2.111311E-02   -2.729164E-02   -3.072097E-02    1.324448E-02    1.485960E-03
   -7.779033E-05   -2.156887E-02   -2.347694E-02   -3.960652E-02   -8.591796E-03    3.834382E-03
   -7.961509E-05   -2.203292E-02   -1.960300E-02   -2.627703E-02   -2.471223E-02    2.756680E-03
   -8.148035E-05   -2.250534E-02   -1.567823E-02   -2.749383E-03    7.336992E-03    4.039680E-03
   -8.338701E-05   -2.298623E-02   -1.171165E-02    1.056369E-02   -1.086691E-02    1.306803E-03
   -8.533596E-05   -2.347569E-02   -7.712900E-03    3.705170E-03   -7.712212E-03    3.078691E-03
   -8.732811E-05   -2.397382E-02   -3.692201E-03   -1.368567E-02    1.098710E-02    4.092801E-04
   -8.936441E-05   -2.448072E-02    3.396153E-04   -2.250411E-02   -2.001744E-02    3.099281E-03
   -9.144581E-05   -2.499647E-02    4.371140E-03   -1.374246E-02   -1.102045E-02    3.620848E-04
   -9.357330E-05   -2.552117E-02    8.390397E-03    2.708192E-03    3.110319E-03    1.697299E-03
   -9.574787E-05   -2.605490E-02    1.238487E-02    9.247737E-03   -5.817435E-03   -6.193766E-05
   -9.797054E-05   -2.659776E-02    1.634150E-02   -6.319694E-04   -5.081413E-03    6.901670E-04
   -1.002424E-04   -2.714982E-02    2.024678E-02   -1.656887E-02   -1.309457E-03    2.501322E-03
   -1.025644E-04   -2.771116E-02    2.408671E-02   -2.396847E-02   -1.826600E-02    8.941705E-04
   -1.049377E-04   -2.828188E-02    2.784691E-02   -1.922866E-02   -7.031523E-04    2.976136E-03
   -1.073635E-04   -2.886203E-02    3.151262E-02   -1.020135E-02    6.408775E-03    1.599080E-03
   -1.098428E-04   -2.945170E-02    3.506880E-02   -4.296762E-03   -1.818685E-02    3.584608E-03
   -1.123768E-04   -3.005095E-02    3.850013E-02   -1.530572E-03    5.233204E-03    3.080684E-03
   -1.149666E-04   -3.065984E-02    4.179115E-02   -2.978465E-05   -1.864375E-02    3.232850E-04
   -1.176136E-04   -3.127843E-02    4.492630E-02   -1.985171E-03    3.294812E-03    2.015281E-03
   -1.203190E-04   -3.190679E-02    4.788998E-02   -8.666180E-03    1.187495E-03   -1.168126E-03
   -1.230839E-04   -3.254495E-02    5.066668E-02   -1.359049E-02   -1.420109E-02   -2.176756E-03
   -1.259098E-04   -3.319297E-02    5.324108E-02   -9.430267E-03   -1.939676E-03    1.062971E-03
   -1.287978E-04   -3.385088E-02    5.559811E-02   -1.552385E-03   -7.430084E-03    1.443870E-04
   -1.317494E-04   -3.451872E-02    5.772311E-02   -4.040955E-03   -6.860790E-04    2.415423E-03
   -1.347659E-04   -3.519652E-02    5.960189E-02   -1.756734E-02    3.112135E-04    3.060414E-03
   -1.378488E-04   -3.588429E-02    6.122093E-02   -2.269795E-02   -1.881268E-02   -1.259664E-03
   -1.409994E-04   -3.658205E-02    6.256743E-02   -6.599407E-03    7.655078E-03   -1.105752E-03
   -1.442193E-04   -3.728981E-02    6.362951E-02    1.301672E-02   -1.268373E-02    1.182437E-03
   -1.475099E-04   -3.800756E-02    6.439629E-02    9.053203E-03    7.385693E-03    2.413037E-03
   -1.508727E-04   -3.873530E-02    6.485808E-02   -1.382446E-02   -1.824305E-02   -1.101351E-04
   -1.543094E-04   -3.947301E-02    6.500650E-02   -2.322070E-02    2.333342E-03    1.506243E-04
   -1.578215E-04   -4.022066E-02    6.483462E-02   -8.005842E-03   -3.914720E-03    4.149382E-04
   -1.614106E-04   -4.097822E-02    6.433713E-02    4.529588E-03   -3.497523E-03    1.698359E-03
   -1.650784E-04   -4.174563E-02    6.351044E-02   -6.055602E-03   -6.332415E-03   -3.412389E-04
   -1.688266E-04   -4.252285E-02    6.235288E-02   -1.979689E-02   -8.127686E-03    3.618671E-04
   -1.726569E-04   -4.330979E-02    6.086479E-02   -1.166954E-02    7.037076E-03    2.380722E-03
   -1.765711E-04   -4.410639E-02    5.904866E-02    5.753848E-03   -1.500437E-02   -1.104406E-03
   -1.805710E-04   -4.491254E-02    5.690926E-02    5.936699E-03    3.483047E-03   -2.390081E-04
   -1.846584E-04   -4.572815E-02    5.445375E-02   -7.535455E-03   -1.295412E-02    3.010330E-03
   -1.888353E-04   -4.655310E-02    5.169178E-02   -1.372352E-02    9.451716E-03   -5.726809E-04
   -1.931036E-04   -4.738724E-02    4.863553E-02   -1.066108E-02   -1.635428E-02    5.655971E-04
   -1.974651E-04   -4.823045E-02    4.529985E-02   -7.812429E-03    1.888742E-03    3.640555E-04
   -2.019220E-04   -4.908254E-02    4.170224E-02   -4.851887E-03   -5.035006E-03   -7.182057E-04
   -2.064762E-04   -4.994335E-02    3.786291E-02   -2.495424E-03   -1.230705E-04    2.799421E-03
   -2.111299E-04   -5.081268E-02    3.380473E-02   -6.134008E-03   -1.216703E-02   -8.833425E-05
   -2.158851E-04   -5.169032E-02    2.955325E-02   -7.189565E-03    5.647375E-03    1.717795E-03
   -2.207442E-04   -5.257603E-02    2.513660E-02    1.337370E-03   -9.878764E-03   -2.105247E-03
   -2.257092E-04   -5.346957E-02    2.058542E-02    1.320241E-04   -2.186649E-04    1.129337E-03
   -2.307824E-04   -5.437066E-02    1.593269E-02   -1.709902E-02   -5.969828E-03   -7.769301E-04
   -2.359662E-04   -5.527903E-02    1.121360E-02   -1.757637E-02   -2.594352E-03    2.769881E-03
   -2.412630E-04   -5.619435E-02    6.465326E-03    3.902266E-03   -8.874819E-04    5.237634E-04
   -2.466751E-04   -5.711630E-02    1.726779E-03    5.328980E-03   -9.694932E-03    1.731712E-03
   -2.522049E-04   -5.804452E-02   -2.961674E-03   -1.291381E-02    3.971111E-03    7.681407E-04
   -2.578551E-04   -5.897864E-02   -7.558542E-03   -8.236053E-03   -9.802926E-03   -1.013738E-03
   -2.636281E-04   -5.991825E-02   -1.202158E-02    5.485440E-03    1.851389E-03    9.609972E-04
   -2.695266E-04   -6.086291E-02   -1.630821E-02   -7.581976E-03   -6.797736E-03   -1.354913E-03
   -2.755532E-04   -6.181219E-02   -2.037594E-02   -1.837740E-02   -3.495088E-03   -9.352325E-04
   -2.817107E-04   -6.276560E-02   -2.418289E-02   -3.273611E-03    1.098108E-03    9.165308E-04
   -2.880018E-04   -6.372263E-02   -2.768825E-02    4.046100E-03   -8.255362E-03   -7.787632E-04
   -2.944293E-04   -6.468274E-02   -3.085289E-02   -4.292201E-03   -4.630240E-04   -8.900833E-04
   -3.009961E-04   -6.564537E-02   -3.363988E-02   -6.387242E-03   -5.252784E-03    1.255130E-03
   -3.077052E-04   -6.660992E-02   -3.601509E-02   -6.096003E-03   -1.438040E-04    1.320438E-03
   -3.145595E-04   -6.757576E-02   -3.794778E-02   -5.917073E-03   -2.204828E-03   -3.025744E-04
   -3.215621E-04   -6.854223E-02   -3.941120E-02   -5.297740E-03   -1.053798E-02   -7.545619E-04
   -3.287161E-04   -6.950864E-02   -4.038316E-02   -8.983837E-03    2.982398E-03    1.296617E-04
   -3.360247E-04   -7.047426E-02   -4.084661E-02   -8.226572E-04   -4.317961E-04    8.963045E-04
   -3.434910E-04   -7.143833E-02   -4.079017E-02    5.393446E-03   -7.797557E-03    8.819760E-04
   -3.511184E-04   -7.240005E-02   -4.020863E-02   -1.249881E-02   -1.762295E-03    9.884352E-05
   -3.589102E-04   -7.335859E-02   -3.910336E-02   -1.124835E-02   -3.265504E-03   -1.085176E-03
   -3.668698E-04   -7.431307E-02   -3.748272E-02    4.017637E-03   -4.344504E-03   -1.488246E-03
   -3.750007E-04   -7.526260E-02   -3.536234E-02   -9.273901E-03   -1.935378E-04   -8.033252E-04
   -3.833063E-04   -7.620621E-02   -3.276526E-02   -6.615063E-03    2.158460E-03   -5.277763E-04
   -3.917904E-04   -7.714294E-02   -2.972211E-02    7.310262E-03   -8.276854E-03   -1.650435E-04
   -4.004564E-04   -7.807174E-02   -2.627097E-02   -9.611882E-03   -8.384762E-03    5.222656E-04
   -4.093081E-04   -7.899155E-02   -2.245729E-02   -1.107897E-02    4.277376E-03   -2.017356E-04
   -4.183493E-04   -7.990127E-02   -1.833350E-02   -1.553455E-04   -5.193151E-03   -4.138125E-04
   -4.275839E-04   -8.079974E-02   -1.395863E-02   -4.084414E-03   -5.140933E-03   -1.330097E-03
   -4.370155E-04   -8.168578E-02   -9.397622E-03   -3.055800E-03    2.726104E-03   -1.016764E-03
   -4.466483E-04   -8.255815E-02   -4.720575E-03   -2.945291E-03    1.648268E-03   -4.723652E-04
   -4.564862E-04   -8.341557E-02   -1.819810E-06   -3.376094E-03   -2.612080E-03    9.666433E-04
   -4.665333E-04   -8.425673E-02    4.681187E-03   -9.974156E-03   -1.058260E-02    9.799928E-04
   -4.767936E-04   -8.508027E-02    9.249103E-03   -4.289986E-03   -4.355109E-04    1.056286E-03
   -4.872714E-04   -8.588478E-02    1.362207E-02    5.114981E-03   -8.784159E-04    1.880769E-04
   -4.979708E-04   -8.666881E-02    1.772123E-02   -1.074743E-02   -3.840862E-03   -2.464052E-04
   -5.088960E-04   -8.743089E-02    2.147026E-02   -8.106677E-04   -8.907169E-03    2.553588E-04
   -5.200515E-04   -8.816948E-02    2.479712E-02   -4.401112E-03   -7.631496E-03    6.013645E-04
   -5.314415E-04   -8.888300E-02    2.763564E-02   -1.090577E-02    5.100793E-04    4.102770E-04
   -5.430704E-04   -8.956986E-02    2.992729E-02    6.726626E-03   -5.758135E-04   -8.766162E-05
   -5.549427E-04   -9.022839E-02    3.162283E-02   -6.974084E-03   -1.671111E-04    5.053404E-04
   -5.670629E-04   -9.085692E-02    3.268380E-02   -5.005478E-03   -8.894023E-03    7.607059E-04
   -5.794353E-04   -9.145372E-02    3.308403E-02   -3.585524E-03   -5.901094E-03   -1.192998E-04
   -5.920645E-04   -9.201703E-02    3.281083E-02   -5.042883E-03   -7.667083E-03    6.057108E-04
   -6.049551E-04   -9.254506E-02    3.186603E-02   -1.542232E-03    3.629250E-04   -3.949542E-04
   -6.181116E-04   -9.303598E-02    3.026666E-02    2.356522E-04   -1.694969E-03    4.970612E-04
   -6.315385E-04   -9.348795E-02    2.804536E-02   -9.475745E-03    1.914485E-03   -1.297447E-04
   -6.452404E-04   -9.389908E-02    2.525041E-02   -2.435430E-03   -4.330956E-03    1.147125E-04
   -6.592218E-04   -9.426747E-02    2.194531E-02   -1.189882E-03   -2.594490E-03    2.139699E-04
   -6.734872E-04   -9.459121E-02    1.820792E-02   -5.329686E-03   -7.706844E-03   -2.643464E-05
   -6.880411E-04   -9.486835E-02    1.412925E-02    2.493253E-03   -3.395403E-03    5.943373E-05
   -7.028880E-04   -9.509694E-02    9.811634E-03   -1.287051E-02   -6.157952E-03    5.978784E-04
   -7.180323E-04   -9.527502E-02    5.366582E-03    3.655053E-03   -1.139943E-03   -1.086027E-05
   -7.334782E-04   -9.540063E-02    9.121626E-04   -5.430604E-03   -4.321067E-03    5.062251E-04
   -7.492301E-04   -9.547181E-02   -3.429986E-03   -6.149593E-04   -1.042636E-03    9.648333E-04
   -7.652922E-04   -9.548658E-02   -7.537952E-03   -5.212279E-03   -3.425033E-03   -1.027033E-03
   -7.816683E-04   -9.544302E-02   -1.129308E-02   -4.841279E-03    2.668438E-05    6.841150E-04
   -7.983626E-04   -9.533919E-02   -1.458363E-02    8.319460E-04    1.324589E-03    1.025224E-03
   -8.153789E-04   -9.517317E-02   -1.730849E-02   -3.340383E-03    2.246371E-03    2.120973E-05
   -8.327206E-04   -9.494310E-02   -1.938072E-02   -4.299702E-03    2.775062E-03   -2.391821E-04
   -8.503914E-04   -9.464714E-02   -2.073096E-02   -2.909586E-03   -1.613374E-03   -4.010724E-04
   -8.683944E-04   -9.428349E-02   -2.131037E-02   -2.543673E-03    1.708895E-03    8.407750E-04
   -8.867328E-04   -9.385041E-02   -2.109307E-02    7.154101E-04    2.731699E-05    8.769248E-04
   -9.054092E-04   -9.334622E-02   -2.007803E-02   -7.124393E-03    2.726732E-03    6.936623E-04
   -9.244261E-04   -9.276930E-02   -1.829002E-02   -5.990886E-04   -1.440376E-03    1.201836E-03
   -9.437859E-04   -9.211813E-02   -1.577986E-02   -2.738980E-03   -3.321267E-03   -5.653630E-05
   -9.634903E-04   -9.139124E-02   -1.262360E-02   -1.959540E-04   -2.313448E-04    3.747517E-04
   -9.835408E-04   -9.058728E-02   -8.920816E-03   -5.224082E-03   -4.392944E-03    5.729078E-04
   -1.003939E-03   -8.970501E-02   -4.791804E-03   -1.655310E-03   -4.645890E-03   -7.567628E-05
   -1.024684E-03   -8.874329E-02   -3.739342E-04   -1.014762E-03   -5.540397E-03    3.438023E-04
   -1.045778E-03   -8.770111E-02    4.182927E-03   -9.669726E-04   -3.785767E-03    9.130322E-04
   -1.067220E-03   -8.657758E-02    8.721704E-03   -5.780728E-03   -2.102911E-03    8.811992E-04
   -1.089009E-03   -8.537196E-02    1.308395E-02    1.698113E-03   -2.737269E-03    6.961785E-04
   -1.111144E-03   -8.408367E-02    1.711606E-02   -3.735117E-03    3.152462E-03    6.366706E-04
   -1.133622E-03   -8.271228E-02    2.067548E-02    8.695106E-04    1.969238E-03    3.743957E-04
   -1.156442E-03   -8.125752E-02    2.363685E-02   -5.816196E-03   -8.515650E-04   -1.707405E-04
   -1.179599E-03   -7.971932E-02    2.589759E-02    1.857855E-03    9.884362E-04   -3.174721E-04
   -1.203091E-03   -7.809776E-02    2.738274E-02   -1.017928E-03   -4.983175E-03    3.247667E-04
   -1.226912E-03   -7.639314E-02    2.804876E-02   -4.044467E-03   -4.744649E-03    8.716604E-04
   -1.251056E-03   -7.460595E-02    2.788611E-02    6.154726E-04   -2.913932E-04    5.004371E-04
   -1.275518E-03   -7.273685E-02    2.692038E-02   -4.512043E-04   -6.804366E-04    2.010716E-04
   -1.300290E-03   -7.078676E-02    2.521179E-02   -2.168470E-03    2.588716E-03    8.168918E-04
   -1.325364E-03   -6.875675E-02    2.285316E-02    3.269527E-04    8.787829E-04    7.188150E-04
   -1.350731E-03   -6.664814E-02    1.996626E-02   -2.809120E-03   -2.789934E-03   -4.263597E-04
   -1.376381E-03   -6.446243E-02    1.669678E-02    3.818918E-03   -4.206617E-03   -6.100845E-05
   -1.402304E-03   -6.220137E-02    1.320795E-02   -4.783701E-03   -7.750537E-04    8.301703E-04
   -1.428488E-03   -5.986687E-02    9.673329E-03    1.604141E-03    2.103838E-03    1.432645E-04
   -1.454920E-03   -5.746106E-02    6.268907E-03    9.958015E-04    1.214656E-04    5.755855E-04
   -1.481586E-03   -5.498628E-02    3.165066E-03   -3.384580E-04    1.645505E-03    1.279455E-03
   -1.508472E-03   -5.244503E-02    5.187085E-04   -2.353188E-03   -4.479028E-03    2.163487E-04
   -1.535563E-03   -4.984001E-02   -1.533964E-03    5.800896E-03   -2.267052E-03    6.439357E-04
   -1.562841E-03   -4.717409E-02   -2.883655E-03   -4.331744E-03    2.696247E-03    7.283023E-04
   -1.590290E-03   -4.445028E-02   -3.452817E-03    4.431488E-03    1.824885E-03   -2.345318E-04
   -1.617891E-03   -4.167176E-02   -3.198884E-03   -1.585238E-03   -1.343497E-04    6.755465E-04
   -1.645625E-03   -3.884181E-02   -2.115707E-03    4.119539E-03   -2.286024E-03    3.951849E-04
   -1.673472E-03   -3.596385E-02   -2.331449E-04   -4.552216E-04   -6.438230E-04    1.330297E-04
   -1.701412E-03   -3.304138E-02    2.385161E-03    2.421388E-03   -5.930604E-04    1.197686E-03
   -1.729424E-03   -3.007797E-02    5.645662E-03    1.649000E-03    4.875444E-03    5.588710E-04
   -1.757486E-03   -2.707729E-02    9.430192E-03    4.814841E-03    7.136688E-04    5.442573E-04
   -1.785575E-03   -2.404300E-02    1.360234E-02   -2.174878E-03   -2.578163E-03    1.152392E-03
   -1.813670E-03   -2.097881E-02    1.801454E-02    7.140097E-03   -1.129678E-04    1.983524E-04
   -1.841746E-03   -1.788844E-02    2.251542E-02    1.874259E-03    4.103600E-05    4.023401E-05
   -1.869781E-03   -1.477559E-02    2.695708E-02    2.155061E-03    3.190836E-03    8.162793E-04
   -1.897751E-03   -1.164391E-02    3.120183E-02    4.850242E-03    3.280257E-03    6.032025E-04
   -1.925633E-03   -8.497009E-03    3.512806E-02    4.188182E-03    1.328113E-03    4.150670E-04
   -1.953403E-03   -5.338436E-03    3.863507E-02    3.939729E-03   -1.359689E-03    1.100531E-03
   -1.981038E-03   -2.171647E-03    4.164650E-02    4.505049E-03   -6.445317E-04    1.420152E-03
   -2.008516E-03    9.999971E-04    4.411240E-02    4.220514E-03    1.217135E-03    8.079346E-04
   -2.035814E-03    4.173248E-03    4.600988E-02    8.327287E-03    1.972826E-03    2.084996E-04
   -2.062909E-03    7.344981E-03    4.734235E-02    1.788464E-03    4.702281E-03    3.606010E-04
   -2.089780E-03    1.051220E-02    4.813767E-02    8.180605E-03    4.180663E-03    8.791795E-04
   -2.116407E-03    1.367206E-02    4.844515E-02    6.000289E-03    3.126563E-03    1.040206E-03
   -2.142768E-03    1.682185E-02    4.833189E-02    7.597843E-03    2.056263E-03    9.537371E-04
   -2.168845E-03    1.995902E-02    4.787854E-02    5.207882E-03    1.088978E-03    1.347044E-03
   -2.194619E-03    2.308118E-02    4.717483E-02    8.589848E-03    1.664231E-03    1.671610E-03
   -2.220072E-03    2.618609E-02    4.631512E-02    8.383628E-03   -1.153527E-03    1.094361E-03
   -2.245189E-03    2.927168E-02    4.539412E-02    8.471022E-03    1.026855E-03    1.392521E-03
   -2.269952E-03    3.233604E-02    4.450302E-02    6.788671E-03    2.276254E-03    1.311029E-03
   -2.294349E-03    3.537739E-02    4.372622E-02    1.061334E-02    3.632890E-04    6.877732E-04
   -2.318364E-03    3.839415E-02    4.313857E-02    1.010484E-02    1.655105E-03    8.280101E-04
