    5.000000E-01    5.000000E-01    5.000000E-01    5.000000E-01    5.000000E-01    5.000000E-01
    5.000003E-01    5.000003E-01    5.000003E-01    5.000003E-01    5.000003E-01    5.000003E-01
    5.000005E-01    5.000005E-01    5.000005E-01    5.000005E-01    5.000005E-01    5.000006E-01
    5.000008E-01    5.000008E-01    5.000008E-01    5.000008E-01    5.000008E-01    5.000008E-01
    5.000010E-01    5.000010E-01    5.000010E-01    5.000010E-01    5.000010E-01    5.000011E-01
    5.000012E-01    5.000012E-01    5.000012E-01    5.000012E-01    5.000012E-01    5.000013E-01
    5.000014E-01    5.000014E-01    5.000014E-01    5.000014E-01    5.000014E-01    5.000015E-01
    5.000016E-01    5.000016E-01    5.000016E-01    5.000016E-01    5.000016E-01    5.000017E-01
    5.000018E-01    5.000018E-01    5.000018E-01    5.000018E-01    5.000018E-01    5.000019E-01
    5.000019E-01    5.000019E-01    5.000019E-01    5.000020E-01    5.000020E-01    5.000021E-01
    5.000021E-01    5.000021E-01    5.000021E-01    5.000021E-01    5.000022E-01    5.000023E-01
    5.000023E-01    5.000023E-01    5.000023E-01    5.000023E-01    5.000023E-01    5.000025E-01
    5.000025E-01    5.000025E-01    5.000025E-01    5.000025E-01    5.000025E-01    5.000027E-01
    5.000026E-01    5.000026E-01    5.000026E-01    5.000026E-01    5.000027E-01    5.000029E-01
    5.000028E-01    5.000028E-01    5.000028E-01    5.000028E-01    5.000028E-01    5.000031E-01
    5.000029E-01    5.000029E-01    5.000029E-01    5.000030E-01    5.000030E-01    5.000033E-01
    5.000031E-01    5.000031E-01    5.000031E-01    5.000031E-01    5.000032E-01    5.000035E-01
    5.000033E-01    5.000033E-01    5.000033E-01    5.000033E-01    5.000033E-01    5.000037E-01
    5.000034E-01    5.000034E-01    5.000034E-01    5.000034E-01    5.000035E-01    5.000039E-01
    5.000036E-01    5.000036E-01    5.000036E-01    5.000036E-01    5.000037E-01    5.000041E-01
    5.000038E-01    5.000038E-01    5.000038E-01    5.000038E-01    5.000038E-01    5.000043E-01
    5.000039E-01    5.000039E-01    5.000039E-01    5.000040E-01    5.000040E-01    5.000046E-01
    5.000041E-01    5.000041E-01    5.000041E-01    5.000041E-01    5.000042E-01    5.000048E-01
    5.000043E-01    5.000043E-01    5.000043E-01    5.000043E-01    5.000044E-01    5.000050E-01
    5.000045E-01    5.000045E-01    5.000045E-01    5.000045E-01    5.000046E-01    5.000053E-01
    5.000047E-01    5.000047E-01    5.000047E-01    5.000047E-01    5.000048E-01    5.000055E-01
    5.000049E-01    5.000049E-01    5.000049E-01    5.000049E-01    5.000050E-01    5.000058E-01
    5.000051E-01    5.000051E-01    5.000051E-01    5.000051E-01    5.000052E-01    5.000060E-01
    5.000053E-01    5.000053E-01    5.000053E-01    5.000053E-01    5.000054E-01    5.000063E-01
    5.000055E-01    5.000055E-01    5.000055E-01    5.000055E-01    5.000056E-01    5.000066E-01
    5.000057E-01    5.000057E-01    5.000057E-01    5.000057E-01    5.000058E-01    5.000069E-01
    5.000059E-01    5.000059E-01    5.000059E-01    5.000059E-01    5.000061E-01    5.000073E-01
    5.000061E-01    5.000061E-01    5.000061E-01    5.000062E-01    5.000063E-01    5.000076E-01
    5.000064E-01    5.000064E-01    5.000064E-01    5.000064E-01    5.000066E-01    5.000079E-01
    5.000066E-01    5.000066E-01    5.000066E-01    5.000067E-01    5.000068E-01    5.000083E-01
    5.000069E-01    5.000069E-01    5.000069E-01    5.000069E-01    5.000071E-01    5.000087E-01
    5.000071E-01    5.000071E-01    5.000071E-01    5.000072E-01    5.000074E-01    5.000091E-01
    5.000074E-01    5.000074E-01    5.000074E-01    5.000075E-01    5.000077E-01    5.000095E-01
    5.000077E-01    5.000077E-01    5.000077E-01    5.000078E-01    5.000080E-01    5.000100E-01
    5.000080E-01    5.000080E-01    5.000080E-01    5.000081E-01    5.000083E-01    5.000104E-01
    5.000083E-01    5.000083E-01    5.000083E-01    5.000084E-01    5.000086E-01    5.000109E-01
    5.000086E-01    5.000086E-01    5.000086E-01    5.000087E-01    5.000090E-01    5.000115E-01
    5.000089E-01    5.000089E-01    5.000089E-01    5.000090E-01    5.000093E-01    5.000120E-01
    5.000093E-01    5.000093E-01    5.000093E-01    5.000094E-01    5.000097E-01    5.000126E-01
    5.000096E-01    5.000096E-01    5.000096E-01    5.000097E-01    5.000101E-01    5.000132E-01
    5.000100E-01    5.000100E-01    5.000100E-01    5.000101E-01    5.000105E-01    5.000138E-01
    5.000104E-01    5.000104E-01    5.000104E-01    5.000105E-01    5.000109E-01    5.000145E-01
    5.000108E-01    5.000108E-01    5.000108E-01    5.000109E-01    5.000113E-01    5.000152E-01
    5.000112E-01    5.000112E-01    5.000112E-01    5.000113E-01    5.000118E-01    5.000160E-01
    5.000116E-01    5.000116E-01    5.000116E-01    5.000117E-01    5.000122E-01    5.000168E-01
    5.000120E-01    5.000120E-01    5.000120E-01    5.000122E-01    5.000127E-01    5.000176E-01
    5.000125E-01    5.000125E-01    5.000125E-01    5.000126E-01    5.000132E-01    5.000185E-01
    5.000129E-01    5.000129E-01    5.000129E-01    5.000131E-01    5.000138E-01    5.000194E-01
    5.000134E-01    5.000134E-01    5.000134E-01    5.000136E-01    5.000143E-01    5.000204E-01
    5.000139E-01    5.000139E-01    5.000139E-01    5.000141E-01    5.000149E-01    5.000214E-01
    5.000145E-01    5.000145E-01    5.000145E-01    5.000146E-01    5.000155E-01    5.000225E-01
    5.000150E-01    5.000150E-01    5.000150E-01    5.000152E-01    5.000161E-01    5.000237E-01
    5.000156E-01    5.000156E-01    5.000156E-01    5.000158E-01    5.000167E-01    5.000249E-01
    5.000161E-01    5.000161E-01    5.000161E-01    5.000164E-01    5.000174E-01    5.000262E-01
    5.000168E-01    5.000168E-01    5.000168E-01    5.000170E-01    5.000181E-01    5.000276E-01
    5.000174E-01    5.000174E-01    5.000174E-01    5.000177E-01    5.000189E-01    5.000291E-01
    5.000180E-01    5.000180E-01    5.000180E-01    5.000183E-01    5.000196E-01    5.000306E-01
    5.000187E-01    5.000187E-01    5.000187E-01    5.000190E-01    5.000204E-01    5.000323E-01
    5.000194E-01    5.000194E-01    5.000194E-01    5.000198E-01    5.000213E-01    5.000340E-01
    5.000201E-01    5.000201E-01    5.000201E-01    5.000205E-01    5.000221E-01    5.000359E-01
    5.000209E-01    5.000209E-01    5.000209E-01    5.000213E-01    5.000230E-01    5.000378E-01
    5.000217E-01    5.000217E-01    5.000217E-01    5.000221E-01    5.000240E-01    5.000399E-01
    5.000225E-01    5.000225E-01    5.000225E-01    5.000230E-01    5.000250E-01    5.000421E-01
    5.000233E-01    5.000233E-01    5.000233E-01    5.000239E-01    5.000260E-01    5.000445E-01
    5.000242E-01    5.000242E-01    5.000242E-01    5.000248E-01    5.000271E-01    5.000470E-01
    5.000251E-01    5.000251E-01    5.000251E-01    5.000257E-01    5.000282E-01    5.000496E-01
    5.000261E-01    5.000261E-01    5.000261E-01    5.000267E-01    5.000294E-01    5.000524E-01
    5.000271E-01    5.000271E-01    5.000271E-01    5.000277E-01    5.000306E-01    5.000554E-01
    5.000281E-01    5.000281E-01    5.000281E-01    5.000288E-01    5.000319E-01    5.000586E-01
    5.000291E-01    5.000291E-01    5.000291E-01    5.000299E-01    5.000333E-01    5.000620E-01
    5.000302E-01    5.000302E-01    5.000302E-01    5.000311E-01    5.000347E-01    5.000656E-01
    5.000314E-01    5.000314E-01    5.000314E-01    5.000323E-01    5.000362E-01    5.000695E-01
    5.000325E-01    5.000325E-01    5.000325E-01    5.000335E-01    5.000377E-01    5.000736E-01
    5.000338E-01    5.000338E-01    5.000338E-01    5.000348E-01    5.000393E-01    5.000779E-01
    5.000350E-01    5.000350E-01    5.000350E-01    5.000362E-01    5.000410E-01    5.000826E-01
    5.000363E-01    5.000363E-01    5.000363E-01    5.000376E-01    5.000428E-01    5.000875E-01
    5.000377E-01    5.000377E-01    5.000377E-01    5.000390E-01    5.000447E-01    5.000928E-01
    5.000391E-01    5.000391E-01    5.000391E-01    5.000405E-01    5.000466E-01    5.000984E-01
    5.000406E-01    5.000406E-01    5.000406E-01    5.000421E-01    5.000486E-01    5.001045E-01
    5.000421E-01    5.000421E-01    5.000421E-01    5.000438E-01    5.000508E-01    5.001109E-01
    5.000437E-01    5.000437E-01    5.000437E-01    5.000455E-01    5.000530E-01    5.001177E-01
    5.000453E-01    5.000453E-01    5.000453E-01    5.000472E-01    5.000554E-01    5.001250E-01
    5.000470E-01    5.000470E-01    5.000470E-01    5.000491E-01    5.000579E-01    5.001328E-01
    5.000488E-01    5.000488E-01    5.000488E-01    5.000510E-01    5.000604E-01    5.001411E-01
    5.000506E-01    5.000506E-01    5.000506E-01    5.000530E-01    5.000632E-01    5.001500E-01
    5.000525E-01    5.000525E-01    5.000525E-01    5.000551E-01    5.000660E-01    5.001596E-01
    5.000545E-01    5.000545E-01    5.000545E-01    5.000573E-01    5.000690E-01    5.001697E-01
    5.000565E-01    5.000565E-01    5.000565E-01    5.000595E-01    5.000722E-01    5.001806E-01
    5.000587E-01    5.000587E-01    5.000587E-01    5.000619E-01    5.000755E-01    5.001922E-01
    5.000609E-01    5.000609E-01    5.000609E-01    5.000643E-01    5.000790E-01    5.002046E-01
    5.000631E-01    5.000631E-01    5.000632E-01    5.000669E-01    5.000827E-01    5.002179E-01
    5.000655E-01    5.000655E-01    5.000655E-01    5.000695E-01    5.000865E-01    5.002321E-01
    5.000680E-01    5.000680E-01    5.000680E-01    5.000723E-01    5.000906E-01    5.002473E-01
    5.000705E-01    5.000705E-01    5.000705E-01    5.000752E-01    5.000949E-01    5.002636E-01
    5.000732E-01    5.000732E-01    5.000732E-01    5.000782E-01    5.000994E-01    5.002810E-01
    5.000759E-01    5.000759E-01    5.000759E-01    5.000813E-01    5.001041E-01    5.002996E-01
    5.000788E-01    5.000788E-01    5.000788E-01    5.000846E-01    5.001092E-01    5.003196E-01
    5.000817E-01    5.000817E-01    5.000817E-01    5.000880E-01    5.001144E-01    5.003410E-01
    5.000848E-01    5.000848E-01    5.000848E-01    5.000915E-01    5.001200E-01    5.003639E-01
    5.000880E-01    5.000880E-01    5.000880E-01    5.000952E-01    5.001259E-01    5.003884E-01
    5.000913E-01    5.000913E-01    5.000913E-01    5.000991E-01    5.001321E-01    5.004147E-01
    5.000947E-01    5.000947E-01    5.000947E-01    5.001031E-01    5.001386E-01    5.004428E-01
    5.000982E-01    5.000982E-01    5.000983E-01    5.001073E-01    5.001455E-01    5.004730E-01
    5.001019E-01    5.001019E-01    5.001020E-01    5.001117E-01    5.001528E-01    5.005053E-01
    5.001057E-01    5.001057E-01    5.001058E-01    5.001162E-01    5.001606E-01    5.005400E-01
    5.001097E-01    5.001097E-01    5.001097E-01    5.001210E-01    5.001687E-01    5.005772E-01
    5.001138E-01    5.001138E-01    5.001139E-01    5.001260E-01    5.001773E-01    5.006170E-01
    5.001181E-01    5.001181E-01    5.001181E-01    5.001312E-01    5.001865E-01    5.006598E-01
    5.001225E-01    5.001225E-01    5.001226E-01    5.001366E-01    5.001961E-01    5.007056E-01
    5.001271E-01    5.001271E-01    5.001272E-01    5.001423E-01    5.002063E-01    5.007548E-01
    5.001319E-01    5.001319E-01    5.001319E-01    5.001482E-01    5.002172E-01    5.008075E-01
    5.001368E-01    5.001368E-01    5.001369E-01    5.001544E-01    5.002286E-01    5.008641E-01
    5.001420E-01    5.001420E-01    5.001420E-01    5.001608E-01    5.002408E-01    5.009249E-01
    5.001473E-01    5.001473E-01    5.001473E-01    5.001676E-01    5.002537E-01    5.009900E-01
    5.001528E-01    5.001528E-01    5.001529E-01    5.001747E-01    5.002673E-01    5.010599E-01
    5.001585E-01    5.001585E-01    5.001586E-01    5.001821E-01    5.002818E-01    5.011350E-01
    5.001645E-01    5.001645E-01    5.001646E-01    5.001898E-01    5.002972E-01    5.012156E-01
    5.001706E-01    5.001706E-01    5.001707E-01    5.001979E-01    5.003135E-01    5.013021E-01
    5.001770E-01    5.001770E-01    5.001771E-01    5.002064E-01    5.003308E-01    5.013949E-01
    5.001837E-01    5.001837E-01    5.001838E-01    5.002153E-01    5.003492E-01    5.014946E-01
    5.001906E-01    5.001906E-01    5.001907E-01    5.002246E-01    5.003687E-01    5.016016E-01
    5.001977E-01    5.001977E-01    5.001978E-01    5.002343E-01    5.003894E-01    5.017166E-01
    5.002051E-01    5.002051E-01    5.002052E-01    5.002445E-01    5.004115E-01    5.018400E-01
    5.002128E-01    5.002128E-01    5.002129E-01    5.002552E-01    5.004350E-01    5.019726E-01
    5.002208E-01    5.002208E-01    5.002209E-01    5.002664E-01    5.004599E-01    5.021149E-01
    5.002290E-01    5.002290E-01    5.002292E-01    5.002782E-01    5.004865E-01    5.022678E-01
    5.002376E-01    5.002376E-01    5.002378E-01    5.002905E-01    5.005147E-01    5.024321E-01
    5.002465E-01    5.002465E-01    5.002467E-01    5.003035E-01    5.005448E-01    5.026086E-01
    5.002557E-01    5.002557E-01    5.002559E-01    5.003171E-01    5.005768E-01    5.027981E-01
    5.002653E-01    5.002653E-01    5.002655E-01    5.003313E-01    5.006109E-01    5.030017E-01
    5.002752E-01    5.002752E-01    5.002754E-01    5.003463E-01    5.006472E-01    5.032205E-01
    5.002855E-01    5.002855E-01    5.002858E-01    5.003620E-01    5.006859E-01    5.034556E-01
    5.002962E-01    5.002962E-01    5.002965E-01    5.003786E-01    5.007272E-01    5.037081E-01
    5.003073E-01    5.003073E-01    5.003076E-01    5.003959E-01    5.007712E-01    5.039795E-01
    5.003188E-01    5.003188E-01    5.003191E-01    5.004142E-01    5.008181E-01    5.042711E-01
    5.003307E-01    5.003307E-01    5.003310E-01    5.004334E-01    5.008682E-01    5.045844E-01
    5.003431E-01    5.003431E-01    5.003434E-01    5.004536E-01    5.009216E-01    5.049211E-01
    5.003559E-01    5.003559E-01    5.003563E-01    5.004749E-01    5.009786E-01    5.052830E-01
    5.003692E-01    5.003692E-01    5.003696E-01    5.004973E-01    5.010394E-01    5.056718E-01
    5.003830E-01    5.003831E-01    5.003834E-01    5.005209E-01    5.011044E-01    5.060897E-01
    5.003974E-01    5.003974E-01    5.003978E-01    5.005457E-01    5.011737E-01    5.065387E-01
    5.004122E-01    5.004122E-01    5.004127E-01    5.005719E-01    5.012478E-01    5.070213E-01
    5.004276E-01    5.004276E-01    5.004281E-01    5.005995E-01    5.013270E-01    5.075400E-01
    5.004436E-01    5.004436E-01    5.004441E-01    5.006286E-01    5.014116E-01    5.080973E-01
    5.004601E-01    5.004602E-01    5.004607E-01    5.006593E-01    5.015020E-01    5.086963E-01
    5.004773E-01    5.004774E-01    5.004779E-01    5.006916E-01    5.015986E-01    5.093401E-01
    5.004951E-01    5.004952E-01    5.004958E-01    5.007258E-01    5.017020E-01    5.100319E-01
    5.005136E-01    5.005137E-01    5.005144E-01    5.007619E-01    5.018125E-01    5.107754E-01
    5.005328E-01    5.005328E-01    5.005336E-01    5.008000E-01    5.019307E-01    5.115744E-01
    5.005527E-01    5.005527E-01    5.005535E-01    5.008402E-01    5.020571E-01    5.124331E-01
    5.005733E-01    5.005733E-01    5.005742E-01    5.008828E-01    5.021924E-01    5.133557E-01
    5.005947E-01    5.005947E-01    5.005956E-01    5.009277E-01    5.023372E-01    5.143472E-01
    5.006168E-01    5.006169E-01    5.006179E-01    5.009753E-01    5.024921E-01    5.154127E-01
    5.006398E-01    5.006399E-01    5.006409E-01    5.010256E-01    5.026579E-01    5.165574E-01
    5.006637E-01    5.006637E-01    5.006649E-01    5.010789E-01    5.028355E-01    5.177874E-01
    5.006884E-01    5.006884E-01    5.006897E-01    5.011352E-01    5.030256E-01    5.191090E-01
    5.007140E-01    5.007141E-01    5.007154E-01    5.011949E-01    5.032291E-01    5.205287E-01
    5.007406E-01    5.007407E-01    5.007421E-01    5.012581E-01    5.034471E-01    5.220539E-01
    5.007682E-01    5.007682E-01    5.007698E-01    5.013251E-01    5.036807E-01    5.236923E-01
    5.007967E-01    5.007968E-01    5.007985E-01    5.013960E-01    5.039308E-01    5.254520E-01
    5.008264E-01    5.008264E-01    5.008282E-01    5.014713E-01    5.041988E-01    5.273421E-01
    5.008571E-01    5.008572E-01    5.008591E-01    5.015511E-01    5.044860E-01    5.293718E-01
    5.008889E-01    5.008890E-01    5.008911E-01    5.016358E-01    5.047936E-01    5.315514E-01
    5.009220E-01    5.009221E-01    5.009243E-01    5.017256E-01    5.051234E-01    5.338915E-01
    5.009562E-01    5.009563E-01    5.009587E-01    5.018209E-01    5.054768E-01    5.364038E-01
    5.009917E-01    5.009918E-01    5.009944E-01    5.019222E-01    5.058556E-01    5.391006E-01
    5.010285E-01    5.010286E-01    5.010314E-01    5.020297E-01    5.062616E-01    5.419949E-01
    5.010666E-01    5.010667E-01    5.010697E-01    5.021440E-01    5.066969E-01    5.451008E-01
    5.011061E-01    5.011063E-01    5.011095E-01    5.022654E-01    5.071635E-01    5.484331E-01
    5.011471E-01    5.011473E-01    5.011507E-01    5.023944E-01    5.076638E-01    5.520078E-01
    5.011896E-01    5.011897E-01    5.011935E-01    5.025316E-01    5.082003E-01    5.558416E-01
    5.012336E-01    5.012338E-01    5.012378E-01    5.026775E-01    5.087754E-01    5.599526E-01
    5.012792E-01    5.012794E-01    5.012837E-01    5.028327E-01    5.093922E-01    5.643597E-01
    5.013265E-01    5.013267E-01    5.013314E-01    5.029978E-01    5.100535E-01    5.690831E-01
    5.013755E-01    5.013757E-01    5.013807E-01    5.031736E-01    5.107627E-01    5.741441E-01
    5.014263E-01    5.014265E-01    5.014319E-01    5.033607E-01    5.115233E-01    5.795652E-01
    5.014789E-01    5.014792E-01    5.014850E-01    5.035600E-01    5.123389E-01    5.853702E-01
    5.015334E-01    5.015337E-01    5.015399E-01    5.037722E-01    5.132136E-01    5.915844E-01
    5.015899E-01    5.015902E-01    5.015969E-01    5.039982E-01    5.141516E-01    5.982339E-01
    5.016485E-01    5.016488E-01    5.016560E-01    5.042391E-01    5.151575E-01    6.053465E-01
    5.017091E-01    5.017095E-01    5.017172E-01    5.044957E-01    5.162363E-01    6.129513E-01
    5.017720E-01    5.017724E-01    5.017807E-01    5.047693E-01    5.173931E-01    6.210784E-01
    5.018371E-01    5.018375E-01    5.018464E-01    5.050610E-01    5.186337E-01    6.297595E-01
    5.019045E-01    5.019049E-01    5.019146E-01    5.053721E-01    5.199640E-01    6.390273E-01
    5.019744E-01    5.019748E-01    5.019852E-01    5.057038E-01    5.213905E-01    6.489156E-01
    5.020467E-01    5.020472E-01    5.020584E-01    5.060576E-01    5.229199E-01    6.594594E-01
    5.021216E-01    5.021222E-01    5.021342E-01    5.064352E-01    5.245598E-01    6.706944E-01
    5.021993E-01    5.021998E-01    5.022127E-01    5.068380E-01    5.263179E-01    6.826571E-01
    5.022796E-01    5.022802E-01    5.022941E-01    5.072679E-01    5.282026E-01    6.953843E-01
    5.023628E-01    5.023635E-01    5.023784E-01    5.077267E-01    5.302228E-01    7.089131E-01
    5.024490E-01    5.024497E-01    5.024658E-01    5.082166E-01    5.323881E-01    7.232804E-01
    5.025382E-01    5.025390E-01    5.025562E-01    5.087395E-01    5.347087E-01    7.385225E-01
    5.026305E-01    5.026314E-01    5.026499E-01    5.092979E-01    5.371953E-01    7.546745E-01
    5.027261E-01    5.027270E-01    5.027470E-01    5.098941E-01    5.398596E-01    7.717700E-01
    5.028251E-01    5.028261E-01    5.028475E-01    5.105309E-01    5.427138E-01    7.898399E-01
    5.029275E-01    5.029286E-01    5.029516E-01    5.112111E-01    5.457709E-01    8.089121E-01
    5.030335E-01    5.030346E-01    5.030594E-01    5.119376E-01    5.490448E-01    8.290102E-01
    5.031432E-01    5.031444E-01    5.031711E-01    5.127136E-01    5.525502E-01    8.501525E-01
    5.032567E-01    5.032580E-01    5.032866E-01    5.135427E-01    5.563027E-01    8.723506E-01
    5.033741E-01    5.033755E-01    5.034063E-01    5.144285E-01    5.603189E-01    8.956081E-01
    5.034956E-01    5.034971E-01    5.035302E-01    5.153749E-01    5.646162E-01    9.199188E-01
    5.036213E-01    5.036228E-01    5.036584E-01    5.163860E-01    5.692130E-01    9.452651E-01
    5.037512E-01    5.037529E-01    5.037912E-01    5.174665E-01    5.741290E-01    9.716151E-01
    5.038856E-01    5.038875E-01    5.039286E-01    5.186209E-01    5.793847E-01    9.989212E-01
    5.040246E-01    5.040266E-01    5.040708E-01    5.198544E-01    5.850017E-01    1.027117E+00
    5.041683E-01    5.041704E-01    5.042179E-01    5.211725E-01    5.910026E-01    1.056113E+00
    5.043169E-01    5.043191E-01    5.043702E-01    5.225808E-01    5.974115E-01    1.085797E+00
    5.044704E-01    5.044729E-01    5.045277E-01    5.240856E-01    6.042530E-01    1.116026E+00
    5.046291E-01    5.046318E-01    5.046907E-01    5.256934E-01    6.115533E-01    1.146625E+00
    5.047931E-01    5.047960E-01    5.048592E-01    5.274111E-01    6.193395E-01    1.177385E+00
    5.049626E-01    5.049656E-01    5.050336E-01    5.292462E-01    6.276395E-01    1.208052E+00
    5.051377E-01    5.051409E-01    5.052140E-01    5.312065E-01    6.364826E-01    1.238331E+00
    5.053185E-01    5.053220E-01    5.054004E-01    5.333004E-01    6.458986E-01    1.267873E+00
    5.055053E-01    5.055090E-01    5.055933E-01    5.355368E-01    6.559183E-01    1.296279E+00
    5.056981E-01    5.057022E-01    5.057926E-01    5.379252E-01    6.665732E-01    1.323088E+00
    5.058972E-01    5.059016E-01    5.059987E-01    5.404755E-01    6.778950E-01    1.347778E+00
    5.061028E-01    5.061074E-01    5.062118E-01    5.431982E-01    6.899161E-01    1.369760E+00
    5.063149E-01    5.063199E-01    5.064319E-01    5.461048E-01    7.026687E-01    1.388376E+00
    5.065338E-01    5.065392E-01    5.066594E-01    5.492069E-01    7.161849E-01    1.402899E+00
    5.067597E-01    5.067654E-01    5.068945E-01    5.525171E-01    7.304959E-01    1.412529E+00
    5.069926E-01    5.069988E-01    5.071374E-01    5.560488E-01    7.456324E-01    1.416399E+00
    5.072329E-01    5.072395E-01    5.073882E-01    5.598157E-01    7.616233E-01    1.413581E+00
    5.074806E-01    5.074877E-01    5.076473E-01    5.638327E-01    7.784955E-01    1.403087E+00
    5.077360E-01    5.077437E-01    5.079149E-01    5.681152E-01    7.962732E-01    1.383889E+00
    5.079992E-01    5.080074E-01    5.081911E-01    5.726794E-01    8.149774E-01    1.354931E+00
    5.082704E-01    5.082792E-01    5.084763E-01    5.775423E-01    8.346245E-01    1.315152E+00
    5.085498E-01    5.085593E-01    5.087707E-01    5.827219E-01    8.552259E-01    1.263516E+00
    5.088376E-01    5.088478E-01    5.090745E-01    5.882367E-01    8.767866E-01    1.199044E+00
    5.091340E-01    5.091448E-01    5.093880E-01    5.941062E-01    8.993041E-01    1.120861E+00
    5.094390E-01    5.094507E-01    5.097114E-01    6.003508E-01    9.227670E-01    1.028246E+00
    5.097530E-01    5.097655E-01    5.100450E-01    6.069913E-01    9.471532E-01    9.206918E-01
    5.100760E-01    5.100894E-01    5.103890E-01    6.140497E-01    9.724288E-01    7.979747E-01
    5.104083E-01    5.104226E-01    5.107438E-01    6.215484E-01    9.985457E-01    6.602289E-01
    5.107500E-01    5.107654E-01    5.111095E-01    6.295108E-01    1.025440E+00    5.080292E-01
    5.111013E-01    5.111177E-01    5.114865E-01    6.379605E-01    1.053029E+00    3.424774E-01
    5.114623E-01    5.114799E-01    5.118750E-01    6.469221E-01    1.081210E+00    1.652875E-01
    5.118332E-01    5.118521E-01    5.122753E-01    6.564203E-01    1.109858E+00   -2.113250E-02
    5.122142E-01    5.122345E-01    5.126877E-01    6.664802E-01    1.138820E+00   -2.136113E-01
    5.126054E-01    5.126271E-01    5.131125E-01    6.771271E-01    1.167916E+00   -4.081634E-01
    5.130070E-01    5.130302E-01    5.135499E-01    6.883865E-01    1.196935E+00   -5.999679E-01
    5.134191E-01    5.134439E-01    5.140002E-01    7.002835E-01    1.225630E+00   -7.833877E-01
    5.138417E-01    5.138683E-01    5.144637E-01    7.128428E-01    1.253719E+00   -9.520420E-01
    5.142752E-01    5.143036E-01    5.149407E-01    7.260886E-01    1.280878E+00   -1.098945E+00
    5.147194E-01    5.147499E-01    5.154316E-01    7.400439E-01    1.306743E+00   -1.216722E+00
    5.151747E-01    5.152073E-01    5.159364E-01    7.547306E-01    1.330903E+00   -1.297920E+00
    5.156410E-01    5.156758E-01    5.164557E-01    7.701689E-01    1.352903E+00   -1.335406E+00
    5.161184E-01    5.161557E-01    5.169896E-01    7.863767E-01    1.372239E+00   -1.322872E+00
    5.166071E-01    5.166469E-01    5.175384E-01    8.033693E-01    1.388359E+00   -1.255419E+00
    5.171070E-01    5.171496E-01    5.181025E-01    8.211590E-01    1.400667E+00   -1.130219E+00
    5.176183E-01    5.176638E-01    5.186822E-01    8.397540E-01    1.408519E+00   -9.471953E-01
    5.181410E-01    5.181896E-01    5.192776E-01    8.591583E-01    1.411232E+00   -7.096939E-01
    5.186750E-01    5.187270E-01    5.198892E-01    8.793705E-01    1.408087E+00   -4.250487E-01
    5.192205E-01    5.192760E-01    5.205172E-01    9.003833E-01    1.398338E+00   -1.049663E-01
    5.197774E-01    5.198366E-01    5.211619E-01    9.221822E-01    1.381224E+00    2.343830E-01
    5.203457E-01    5.204089E-01    5.218236E-01    9.447452E-01    1.355977E+00    5.726771E-01
    5.209254E-01    5.209929E-01    5.225026E-01    9.680410E-01    1.321846E+00    8.862614E-01
    5.215164E-01    5.215884E-01    5.231992E-01    9.920287E-01    1.278111E+00    1.149556E+00
    5.221186E-01    5.221954E-01    5.239137E-01    1.016656E+00    1.224112E+00    1.337083E+00
    5.227320E-01    5.228139E-01    5.246464E-01    1.041857E+00    1.159273E+00    1.426059E+00
    5.233565E-01    5.234439E-01    5.253975E-01    1.067555E+00    1.083136E+00    1.399424E+00
    5.239920E-01    5.240851E-01    5.261675E-01    1.093656E+00    9.953975E-01    1.249017E+00
    5.246383E-01    5.247375E-01    5.269565E-01    1.120050E+00    8.959455E-01    9.785034E-01
    5.252952E-01    5.254009E-01    5.277650E-01    1.146609E+00    7.849031E-01    6.055309E-01
    5.259627E-01    5.260753E-01    5.285931E-01    1.173187E+00    6.626721E-01    1.625170E-01
    5.266405E-01    5.267604E-01    5.294413E-01    1.199617E+00    5.299766E-01   -3.045228E-01
    5.273284E-01    5.274560E-01    5.303098E-01    1.225711E+00    3.879066E-01   -7.395615E-01
    5.280261E-01    5.281620E-01    5.311989E-01    1.251257E+00    2.379566E-01   -1.082739E+00
    5.287336E-01    5.288781E-01    5.321090E-01    1.276021E+00    8.205932E-02   -1.278855E+00
    5.294503E-01    5.296041E-01    5.330404E-01    1.299743E+00   -7.739196E-02   -1.287325E+00
    5.301762E-01    5.303397E-01    5.339935E-01    1.322140E+00   -2.375331E-01   -1.092090E+00
    5.309109E-01    5.310847E-01    5.349685E-01    1.342904E+00   -3.950369E-01   -7.094278E-01
    5.316541E-01    5.318387E-01    5.359659E-01    1.361701E+00   -5.461429E-01   -1.912945E-01
    5.324054E-01    5.326016E-01    5.369860E-01    1.378173E+00   -6.867130E-01    3.779473E-01
    5.331645E-01    5.333728E-01    5.380292E-01    1.391943E+00   -8.123176E-01    8.927406E-01
    5.339310E-01    5.341522E-01    5.390959E-01    1.402609E+00   -9.183557E-01    1.245202E+00
    5.347045E-01    5.349394E-01    5.401864E-01    1.409754E+00   -1.000211E+00    1.349197E+00
    5.354847E-01    5.357340E-01    5.413013E-01    1.412947E+00   -1.053442E+00    1.164831E+00
    5.362712E-01    5.365356E-01    5.424409E-01    1.411747E+00   -1.074016E+00    7.167068E-01
    5.370634E-01    5.373438E-01    5.436058E-01    1.405707E+00   -1.058559E+00    9.887681E-02
    5.378610E-01    5.381583E-01    5.447963E-01    1.394386E+00   -1.004642E+00   -5.388566E-01
    5.386635E-01    5.389786E-01    5.460130E-01    1.377351E+00   -9.110675E-01   -1.024349E+00
    5.394704E-01    5.398043E-01    5.472565E-01    1.354188E+00   -7.781582E-01   -1.210904E+00
    5.402814E-01    5.406350E-01    5.485272E-01    1.324516E+00   -6.080098E-01   -1.027241E+00
    5.410958E-01    5.414702E-01    5.498258E-01    1.287990E+00   -4.046977E-01   -5.126376E-01
    5.419132E-01    5.423096E-01    5.511529E-01    1.244322E+00   -1.744009E-01    1.795994E-01
    5.427331E-01    5.431526E-01    5.525092E-01    1.193289E+00    7.458361E-02    8.198619E-01
    5.435551E-01    5.439988E-01    5.538952E-01    1.134750E+00    3.319656E-01    1.176680E+00
    5.443785E-01    5.448478E-01    5.553119E-01    1.068659E+00    5.857505E-01    1.107401E+00
    5.452030E-01    5.456991E-01    5.567598E-01    9.950848E-01    8.227112E-01    6.232298E-01
    5.460279E-01    5.465523E-01    5.582398E-01    9.142202E-01    1.029048E+00   -9.002748E-02
    5.468528E-01    5.474069E-01    5.597528E-01    8.264020E-01    1.191226E+00   -7.341509E-01
    5.476771E-01    5.482624E-01    5.612996E-01    7.321227E-01    1.296968E+00   -1.021907E+00
    5.485004E-01    5.491184E-01    5.628812E-01    6.320437E-01    1.336337E+00   -8.151443E-01
    5.493221E-01    5.499745E-01    5.644986E-01    5.270053E-01    1.302846E+00   -2.088862E-01
    5.501423E-01    5.508307E-01    5.661533E-01    4.181710E-01    1.195144E+00    4.947542E-01
    5.502506E-01    5.509439E-01    5.663750E-01    4.035463E-01    1.175406E+00    5.749097E-01
    5.503588E-01    5.510571E-01    5.665973E-01    3.888773E-01    1.154422E+00    6.493727E-01
    5.504670E-01    5.511703E-01    5.668203E-01    3.741671E-01    1.132210E+00    7.174110E-01
    5.505751E-01    5.512834E-01    5.670440E-01    3.594188E-01    1.108788E+00    7.783527E-01
    5.506832E-01    5.513965E-01    5.672683E-01    3.446357E-01    1.084177E+00    8.315938E-01
    5.507912E-01    5.515096E-01    5.674933E-01    3.298211E-01    1.058398E+00    8.766047E-01
    5.508992E-01    5.516226E-01    5.677190E-01    3.149784E-01    1.031476E+00    9.129372E-01
    5.510071E-01    5.517356E-01    5.679453E-01    3.001109E-01    1.003437E+00    9.402295E-01
    5.511149E-01    5.518486E-01    5.681724E-01    2.852221E-01    9.743090E-01    9.582114E-01
    5.512227E-01    5.519616E-01    5.684000E-01    2.703157E-01    9.441212E-01    9.667076E-01
    5.513304E-01    5.520745E-01    5.686284E-01    2.553950E-01    9.129053E-01    9.656413E-01
    5.514380E-01    5.521873E-01    5.688574E-01    2.404639E-01    8.806945E-01    9.550356E-01
    5.515455E-01    5.523001E-01    5.690871E-01    2.255259E-01    8.475239E-01    9.350146E-01
    5.516529E-01    5.524129E-01    5.693175E-01    2.105849E-01    8.134303E-01    9.058033E-01
    5.517602E-01    5.525256E-01    5.695486E-01    1.956446E-01    7.784525E-01    8.677260E-01
    5.518675E-01    5.526382E-01    5.697803E-01    1.807089E-01    7.426309E-01    8.212043E-01
    5.519746E-01    5.527507E-01    5.700126E-01    1.657817E-01    7.060074E-01    7.667531E-01
    5.520816E-01    5.528632E-01    5.702457E-01    1.508670E-01    6.686260E-01    7.049765E-01
    5.521885E-01    5.529756E-01    5.704794E-01    1.359688E-01    6.305320E-01    6.365616E-01
    5.522953E-01    5.530879E-01    5.707138E-01    1.210912E-01    5.917727E-01    5.622719E-01
    5.524019E-01    5.532001E-01    5.709488E-01    1.062383E-01    5.523965E-01    4.829398E-01
    5.525084E-01    5.533122E-01    5.711845E-01    9.141431E-02    5.124539E-01    3.994572E-01
    5.526148E-01    5.534242E-01    5.714208E-01    7.662347E-02    4.719964E-01    3.127669E-01
    5.527210E-01    5.535361E-01    5.716578E-01    6.187006E-02    4.310772E-01    2.238512E-01
    5.528271E-01    5.536478E-01    5.718954E-01    4.715843E-02    3.897510E-01    1.337216E-01
    5.529329E-01    5.537594E-01    5.721336E-01    3.249295E-02    3.480735E-01    4.340701E-02
    5.530386E-01    5.538709E-01    5.723725E-01    1.787807E-02    3.061021E-01   -4.605855E-02
    5.531441E-01    5.539822E-01    5.726120E-01    3.318274E-03    2.638949E-01   -1.336479E-01
    5.532494E-01    5.540933E-01    5.728522E-01   -1.118190E-02    2.215117E-01   -2.183535E-01
    5.533545E-01    5.542043E-01    5.730929E-01   -2.561787E-02    1.790129E-01   -2.991996E-01
    5.534594E-01    5.543151E-01    5.733343E-01   -3.998502E-02    1.364602E-01   -3.752551E-01
    5.535640E-01    5.544257E-01    5.735763E-01   -5.427865E-02    9.391601E-02   -4.456450E-01
    5.536684E-01    5.545361E-01    5.738189E-01   -6.849407E-02    5.144377E-02   -5.095624E-01
    5.537726E-01    5.546463E-01    5.740620E-01   -8.262649E-02    9.107501E-03   -5.662794E-01
    5.538765E-01    5.547562E-01    5.743058E-01   -9.667113E-02   -3.302807E-02   -6.151567E-01
    5.539801E-01    5.548659E-01    5.745502E-01   -1.106231E-01   -7.489768E-02   -6.556534E-01
    5.540834E-01    5.549754E-01    5.747951E-01   -1.244776E-01   -1.164356E-01   -6.873346E-01
    5.541865E-01    5.550846E-01    5.750406E-01   -1.382297E-01   -1.575757E-01   -7.098783E-01
    5.542892E-01    5.551936E-01    5.752866E-01   -1.518743E-01   -1.982518E-01   -7.230808E-01
    5.543916E-01    5.553022E-01    5.755332E-01   -1.654065E-01   -2.383973E-01   -7.268604E-01
    5.544937E-01    5.554106E-01    5.757803E-01   -1.788212E-01   -2.779458E-01   -7.212597E-01
    5.545954E-01    5.555187E-01    5.760280E-01   -1.921135E-01   -3.168310E-01   -7.064465E-01
    5.546968E-01    5.556264E-01    5.762762E-01   -2.052781E-01   -3.549867E-01   -6.827120E-01
    5.547978E-01    5.557338E-01    5.765249E-01   -2.183100E-01   -3.923470E-01   -6.504684E-01
    5.548983E-01    5.558408E-01    5.767741E-01   -2.312039E-01   -4.288467E-01   -6.102436E-01
    5.549985E-01    5.559475E-01    5.770238E-01   -2.439547E-01   -4.644211E-01   -5.626750E-01
    5.550983E-01    5.560538E-01    5.772740E-01   -2.565572E-01   -4.990061E-01   -5.085010E-01
    5.551976E-01    5.561596E-01    5.775247E-01   -2.690060E-01   -5.325388E-01   -4.485513E-01
    5.552964E-01    5.562651E-01    5.777758E-01   -2.812960E-01   -5.649569E-01   -3.837346E-01
    5.553948E-01    5.563701E-01    5.780273E-01   -2.934218E-01   -5.961995E-01   -3.150265E-01
    5.554927E-01    5.564747E-01    5.782793E-01   -3.053781E-01   -6.262071E-01   -2.434547E-01
    5.555900E-01    5.565788E-01    5.785317E-01   -3.171596E-01   -6.549214E-01   -1.700836E-01
    5.556868E-01    5.566823E-01    5.787845E-01   -3.287608E-01   -6.822859E-01   -9.599816E-02
    5.557831E-01    5.567854E-01    5.790377E-01   -3.401765E-01   -7.082458E-01   -2.228683E-02
    5.558788E-01    5.568879E-01    5.792912E-01   -3.514011E-01   -7.327481E-01    4.997558E-02
    5.559738E-01    5.569899E-01    5.795451E-01   -3.624294E-01   -7.557419E-01    1.197454E-01
    5.560683E-01    5.570913E-01    5.797993E-01   -3.732558E-01   -7.771788E-01    1.860275E-01
    5.561621E-01    5.571921E-01    5.800538E-01   -3.838750E-01   -7.970123E-01    2.478916E-01
    5.562552E-01    5.572922E-01    5.803087E-01   -3.942815E-01   -8.151989E-01    3.044885E-01
    5.563476E-01    5.573917E-01    5.805638E-01   -4.044698E-01   -8.316974E-01    3.550647E-01
    5.564393E-01    5.574906E-01    5.808191E-01   -4.144345E-01   -8.464698E-01    3.989760E-01
    5.565303E-01    5.575887E-01    5.810747E-01   -4.241701E-01   -8.594808E-01    4.356986E-01
    5.566205E-01    5.576860E-01    5.813305E-01   -4.336712E-01   -8.706987E-01    4.648391E-01
    5.567098E-01    5.577827E-01    5.815865E-01   -4.429322E-01   -8.800947E-01    4.861416E-01
    5.567984E-01    5.578785E-01    5.818427E-01   -4.519478E-01   -8.876439E-01    4.994922E-01
    5.568860E-01    5.579735E-01    5.820990E-01   -4.607124E-01   -8.933248E-01    5.049219E-01
    5.569728E-01    5.580677E-01    5.823554E-01   -4.692207E-01   -8.971198E-01    5.026051E-01
    5.570587E-01    5.581609E-01    5.826119E-01   -4.774671E-01   -8.990154E-01    4.928562E-01
    5.571436E-01    5.582533E-01    5.828685E-01   -4.854463E-01   -8.990020E-01    4.761233E-01
    5.572275E-01    5.583447E-01    5.831251E-01   -4.931528E-01   -8.970746E-01    4.529785E-01
    5.573104E-01    5.584352E-01    5.833818E-01   -5.005812E-01   -8.932324E-01    4.241056E-01
    5.573922E-01    5.585246E-01    5.836384E-01   -5.077261E-01   -8.874793E-01    3.902858E-01
    5.574730E-01    5.586130E-01    5.838950E-01   -5.145823E-01   -8.798238E-01    3.523800E-01
    5.575526E-01    5.587004E-01    5.841515E-01   -5.211443E-01   -8.702794E-01    3.113097E-01
    5.576311E-01    5.587866E-01    5.844079E-01   -5.274068E-01   -8.588643E-01    2.680368E-01
    5.577084E-01    5.588717E-01    5.846642E-01   -5.333647E-01   -8.456022E-01    2.235407E-01
    5.577845E-01    5.589556E-01    5.849204E-01   -5.390126E-01   -8.305215E-01    1.787965E-01
    5.578593E-01    5.590384E-01    5.851764E-01   -5.443454E-01   -8.136563E-01    1.347521E-01
    5.579329E-01    5.591198E-01    5.854322E-01   -5.493580E-01   -7.950456E-01    9.230546E-02
    5.580051E-01    5.592000E-01    5.856877E-01   -5.540452E-01   -7.747343E-01    5.228437E-02
    5.580760E-01    5.592789E-01    5.859430E-01   -5.584021E-01   -7.527723E-01    1.542643E-02
    5.581455E-01    5.593565E-01    5.861980E-01   -5.624237E-01   -7.292153E-01   -1.763781E-02
    5.582135E-01    5.594327E-01    5.864526E-01   -5.661050E-01   -7.041244E-01   -4.639906E-02
    5.582801E-01    5.595075E-01    5.867070E-01   -5.694414E-01   -6.775662E-01   -7.048018E-02
    5.583452E-01    5.595809E-01    5.869610E-01   -5.724280E-01   -6.496127E-01   -8.964333E-02
    5.584089E-01    5.596527E-01    5.872145E-01   -5.750603E-01   -6.203414E-01   -1.037930E-01
    5.584709E-01    5.597231E-01    5.874677E-01   -5.773337E-01   -5.898350E-01   -1.129748E-01
    5.585314E-01    5.597920E-01    5.877204E-01   -5.792437E-01   -5.581815E-01   -1.173699E-01
    5.585903E-01    5.598593E-01    5.879727E-01   -5.807862E-01   -5.254740E-01   -1.172856E-01
    5.586476E-01    5.599251E-01    5.882245E-01   -5.819568E-01   -4.918103E-01   -1.131411E-01
    5.587032E-01    5.599892E-01    5.884758E-01   -5.827517E-01   -4.572931E-01   -1.054509E-01
    5.587571E-01    5.600517E-01    5.887265E-01   -5.831669E-01   -4.220295E-01   -9.480384E-02
    5.588093E-01    5.601126E-01    5.889767E-01   -5.831987E-01   -3.861306E-01   -8.184095E-02
    5.588598E-01    5.601718E-01    5.892264E-01   -5.828436E-01   -3.497115E-01   -6.723096E-02
    5.589086E-01    5.602293E-01    5.894755E-01   -5.820982E-01   -3.128907E-01   -5.164552E-02
    5.589555E-01    5.602851E-01    5.897240E-01   -5.809594E-01   -2.757900E-01   -3.573450E-02
    5.590007E-01    5.603391E-01    5.899720E-01   -5.794243E-01   -2.385337E-01   -2.010262E-02
    5.590442E-01    5.603914E-01    5.902193E-01   -5.774901E-01   -2.012482E-01   -5.288174E-03
    5.590858E-01    5.604420E-01    5.904660E-01   -5.751545E-01   -1.640619E-01    8.255176E-03
    5.591255E-01    5.604908E-01    5.907121E-01   -5.724152E-01   -1.271041E-01    2.017278E-02
    5.591635E-01    5.605378E-01    5.909576E-01   -5.692703E-01   -9.050491E-02    3.021894E-02
    5.591996E-01    5.605830E-01    5.912025E-01   -5.657183E-01   -5.439419E-02    3.826194E-02
    5.592339E-01    5.606265E-01    5.914468E-01   -5.617577E-01   -1.890128E-02    4.428394E-02
    5.592663E-01    5.606681E-01    5.916904E-01   -5.573877E-01    1.584584E-02    4.837571E-02
    5.592969E-01    5.607080E-01    5.919335E-01   -5.526076E-01    4.972123E-02    5.072637E-02
    5.593256E-01    5.607461E-01    5.921759E-01   -5.474171E-01    8.260164E-02    5.160874E-02
    5.593525E-01    5.607824E-01    5.924177E-01   -5.418162E-01    1.143673E-01    5.136083E-02
    5.593775E-01    5.608169E-01    5.926589E-01   -5.358056E-01    1.449025E-01    5.036444E-02
    5.594007E-01    5.608496E-01    5.928996E-01   -5.293860E-01    1.740967E-01    4.902187E-02
    5.594221E-01    5.608805E-01    5.931397E-01   -5.225587E-01    2.018447E-01    4.773192E-02
    5.594416E-01    5.609097E-01    5.933792E-01   -5.153256E-01    2.280478E-01    4.686637E-02
    5.594593E-01    5.609371E-01    5.936183E-01   -5.076887E-01    2.526144E-01    4.674810E-02
    5.594753E-01    5.609628E-01    5.938568E-01   -4.996507E-01    2.754606E-01    4.763208E-02
    5.594895E-01    5.609868E-01    5.940948E-01   -4.912148E-01    2.965110E-01    4.969014E-02
    5.595019E-01    5.610091E-01    5.943323E-01   -4.823846E-01    3.156990E-01    5.300036E-02
    5.595125E-01    5.610296E-01    5.945694E-01   -4.731641E-01    3.329679E-01    5.754172E-02
    5.595215E-01    5.610486E-01    5.948061E-01   -4.635580E-01    3.482708E-01    6.319421E-02
    5.595287E-01    5.610659E-01    5.950424E-01   -4.535714E-01    3.615718E-01    6.974457E-02
    5.595343E-01    5.610815E-01    5.952783E-01   -4.432099E-01    3.728456E-01    7.689727E-02
    5.595382E-01    5.610956E-01    5.955139E-01   -4.324797E-01    3.820786E-01    8.429020E-02
    5.595405E-01    5.611081E-01    5.957492E-01   -4.213876E-01    3.892684E-01    9.151431E-02
    5.595412E-01    5.611191E-01    5.959842E-01   -4.099407E-01    3.944248E-01    9.813605E-02
    5.595403E-01    5.611285E-01    5.962190E-01   -3.981470E-01    3.975692E-01    1.037215E-01
    5.595378E-01    5.611365E-01    5.964536E-01   -3.860147E-01    3.987348E-01    1.078611E-01
    5.595339E-01    5.611430E-01    5.966880E-01   -3.735526E-01    3.979669E-01    1.101928E-01
    5.595285E-01    5.611481E-01    5.969223E-01   -3.607704E-01    3.953222E-01    1.104239E-01
    5.595216E-01    5.611519E-01    5.971565E-01   -3.476778E-01    3.908687E-01    1.083485E-01
    5.595133E-01    5.611542E-01    5.973906E-01   -3.342854E-01    3.846855E-01    1.038619E-01
    5.595037E-01    5.611553E-01    5.976247E-01   -3.206043E-01    3.768620E-01    9.696819E-02
    5.594926E-01    5.611550E-01    5.978589E-01   -3.066460E-01    3.674978E-01    8.778399E-02
    5.594803E-01    5.611536E-01    5.980931E-01   -2.924227E-01    3.567014E-01    7.653530E-02
    5.594667E-01    5.611509E-01    5.983274E-01   -2.779468E-01    3.445902E-01    6.354934E-02
    5.594519E-01    5.611470E-01    5.985619E-01   -2.632314E-01    3.312890E-01    4.924101E-02
    5.594358E-01    5.611420E-01    5.987965E-01   -2.482902E-01    3.169294E-01    3.409494E-02
    5.594186E-01    5.611359E-01    5.990314E-01   -2.331372E-01    3.016491E-01    1.864407E-02
    5.594002E-01    5.611287E-01    5.992666E-01   -2.177869E-01    2.855901E-01    3.445668E-03
    5.593808E-01    5.611205E-01    5.995020E-01   -2.022542E-01    2.688983E-01   -1.094378E-02
    5.593603E-01    5.611112E-01    5.997379E-01   -1.865544E-01    2.517220E-01   -2.399370E-02
    5.593388E-01    5.611011E-01    5.999741E-01   -1.707034E-01    2.342109E-01   -3.522336E-02
    5.593163E-01    5.610900E-01    6.002107E-01   -1.547174E-01    2.165145E-01   -4.422334E-02
    5.592928E-01    5.610780E-01    6.004479E-01   -1.386127E-01    1.987814E-01   -5.067363E-02
    5.592684E-01    5.610652E-01    6.006855E-01   -1.224063E-01    1.811575E-01   -5.435754E-02
    5.592432E-01    5.610516E-01    6.009238E-01   -1.061155E-01    1.637852E-01   -5.517069E-02
    5.592171E-01    5.610372E-01    6.011626E-01   -8.975751E-02    1.468017E-01   -5.312488E-02
    5.591902E-01    5.610221E-01    6.014021E-01   -7.335028E-02    1.303383E-01   -4.834654E-02
    5.591626E-01    5.610063E-01    6.016422E-01   -5.691174E-02    1.145189E-01   -4.107002E-02
    5.591342E-01    5.609898E-01    6.018831E-01   -4.046011E-02    9.945902E-02   -3.162603E-02
    5.591051E-01    5.609727E-01    6.021248E-01   -2.401381E-02    8.526458E-02   -2.042573E-02
    5.590754E-01    5.609550E-01    6.023673E-01   -7.591391E-03    7.203113E-02   -7.941358E-03
    5.590450E-01    5.609368E-01    6.026106E-01    8.788441E-03    5.984285E-02    5.315807E-03
    5.590141E-01    5.609180E-01    6.028548E-01    2.510689E-02    4.877178E-02    1.881912E-02
    5.589826E-01    5.608987E-01    6.031000E-01    4.134507E-02    3.887712E-02    3.205080E-02
    5.589505E-01    5.608790E-01    6.033461E-01    5.748409E-02    3.020467E-02    4.452541E-02
    5.589180E-01    5.608589E-01    6.035932E-01    7.350502E-02    2.278635E-02    5.581188E-02
    5.588850E-01    5.608384E-01    6.038414E-01    8.938898E-02    1.663995E-02    6.555256E-02
    5.588516E-01    5.608175E-01    6.040906E-01    1.051171E-01    1.176885E-02    7.347866E-02
    5.588178E-01    5.607963E-01    6.043410E-01    1.206707E-01    8.162052E-03    7.942109E-02
    5.587837E-01    5.607748E-01    6.045925E-01    1.360312E-01    5.794264E-03    8.331613E-02
    5.587492E-01    5.607530E-01    6.048452E-01    1.511801E-01    4.626124E-03    8.520551E-02
    5.587143E-01    5.607311E-01    6.050991E-01    1.660991E-01    4.604612E-03    8.523069E-02
    5.586793E-01    5.607089E-01    6.053543E-01    1.807703E-01    5.663580E-03    8.362162E-02
    5.586440E-01    5.606865E-01    6.056108E-01    1.951759E-01    7.724433E-03    8.068017E-02
    5.586084E-01    5.606640E-01    6.058687E-01    2.092985E-01    1.069695E-02    7.675933E-02
    5.585727E-01    5.606414E-01    6.061278E-01    2.231210E-01    1.448022E-02    7.223897E-02
    5.585368E-01    5.606187E-01    6.063884E-01    2.366267E-01    1.896372E-02    6.749971E-02
    5.585008E-01    5.605960E-01    6.066504E-01    2.497992E-01    2.402854E-02    6.289634E-02
    5.584647E-01    5.605732E-01    6.069139E-01    2.626228E-01    2.954859E-02    5.873258E-02
    5.584285E-01    5.605504E-01    6.071788E-01    2.750821E-01    3.539209E-02    5.523894E-02
    5.583922E-01    5.605276E-01    6.074453E-01    2.871622E-01    4.142297E-02    5.255543E-02
    5.583559E-01    5.605049E-01    6.077133E-01    2.988488E-01    4.750240E-02    5.072040E-02
    5.583196E-01    5.604822E-01    6.079829E-01    3.101283E-01    5.349043E-02    4.966706E-02
    5.582833E-01    5.604596E-01    6.082542E-01    3.209875E-01    5.924757E-02    4.922804E-02
    5.582471E-01    5.604372E-01    6.085270E-01    3.314140E-01    6.463640E-02    4.914834E-02
    5.582109E-01    5.604149E-01    6.088015E-01    3.413961E-01    6.952328E-02    4.910626E-02
    5.581748E-01    5.603927E-01    6.090778E-01    3.509227E-01    7.377989E-02    4.874108E-02
    5.581388E-01    5.603707E-01    6.093557E-01    3.599836E-01    7.728485E-02    4.768582E-02
    5.581029E-01    5.603490E-01    6.096354E-01    3.685692E-01    7.992527E-02    4.560274E-02
    5.580672E-01    5.603274E-01    6.099169E-01    3.766709E-01    8.159812E-02    4.221899E-02
    5.580317E-01    5.603062E-01    6.102001E-01    3.842808E-01    8.221170E-02    3.735930E-02
    5.579963E-01    5.602851E-01    6.104852E-01    3.913918E-01    8.168680E-02    3.097277E-02
    5.579611E-01    5.602644E-01    6.107722E-01    3.979978E-01    7.995790E-02    2.315116E-02
    5.579262E-01    5.602440E-01    6.110610E-01    4.040935E-01    7.697412E-02    1.413628E-02
    5.578915E-01    5.602239E-01    6.113517E-01    4.096747E-01    7.270008E-02    4.315094E-03
    5.578571E-01    5.602042E-01    6.116444E-01    4.147380E-01    6.711655E-02   -5.798120E-03
    5.578230E-01    5.601848E-01    6.119390E-01    4.192809E-01    6.022100E-02   -1.559195E-02
    5.577892E-01    5.601658E-01    6.122356E-01    4.233019E-01    5.202786E-02   -2.439893E-02
    5.577556E-01    5.601471E-01    6.125341E-01    4.268007E-01    4.256866E-02   -3.154453E-02
    5.577224E-01    5.601290E-01    6.128347E-01    4.297776E-01    3.189199E-02   -3.640097E-02
    5.576896E-01    5.601112E-01    6.131373E-01    4.322344E-01    2.006315E-02   -3.844108E-02
    5.576571E-01    5.600939E-01    6.134420E-01    4.341734E-01    7.163777E-03   -3.728783E-02
    5.576250E-01    5.600770E-01    6.137487E-01    4.355982E-01   -6.708917E-03   -3.275513E-02
    5.575933E-01    5.600606E-01    6.140575E-01    4.365134E-01   -2.144294E-02   -2.487563E-02
    5.575620E-01    5.600447E-01    6.143685E-01    4.369247E-01   -3.691261E-02   -1.391210E-02
    5.575311E-01    5.600293E-01    6.146816E-01    4.368385E-01   -5.297975E-02   -3.511709E-04
    5.575006E-01    5.600144E-01    6.149968E-01    4.362625E-01   -6.949508E-02    1.512207E-02
    5.574706E-01    5.600001E-01    6.153142E-01    4.352053E-01   -8.629979E-02    3.166659E-02
    5.574410E-01    5.599863E-01    6.156339E-01    4.336766E-01   -1.032272E-01    4.834261E-02
    5.574120E-01    5.599730E-01    6.159557E-01    4.316868E-01   -1.201044E-01    6.417954E-02
    5.573833E-01    5.599603E-01    6.162797E-01    4.292476E-01   -1.367545E-01    7.824839E-02
    5.573552E-01    5.599482E-01    6.166060E-01    4.263713E-01   -1.529983E-01    8.973335E-02
    5.572379E-01    5.599022E-01    6.180654E-01    4.089314E-01   -2.150388E-01    9.863055E-02
    5.571311E-01    5.598685E-01    6.195696E-01    3.846817E-01   -2.518633E-01    5.399378E-02
    5.570355E-01    5.598478E-01    6.211199E-01    3.552298E-01   -2.533100E-01    1.600202E-02
    5.569519E-01    5.598407E-01    6.227175E-01    3.223937E-01   -2.154720E-01    1.439716E-02
    5.568806E-01    5.598480E-01    6.243632E-01    2.881179E-01   -1.418414E-01    1.607530E-02
    5.568222E-01    5.598699E-01    6.260581E-01    2.543743E-01   -4.284712E-02   -2.787594E-03
    5.567769E-01    5.599068E-01    6.278029E-01    2.230555E-01    6.614110E-02   -6.940278E-03
    5.567450E-01    5.599591E-01    6.295983E-01    1.958654E-01    1.678952E-01    3.579658E-02
    5.567267E-01    5.600270E-01    6.314451E-01    1.742125E-01    2.467767E-01    8.677851E-02
    5.567220E-01    5.601107E-01    6.333437E-01    1.591146E-01    2.917511E-01    8.387768E-02
    5.567311E-01    5.602101E-01    6.352948E-01    1.511215E-01    2.982980E-01    3.103534E-02
    5.567540E-01    5.603254E-01    6.372988E-01    1.502626E-01    2.688558E-01   -9.706340E-03
    5.567905E-01    5.604565E-01    6.393560E-01    1.560259E-01    2.118154E-01   -4.499041E-03
    5.568405E-01    5.606034E-01    6.414669E-01    1.673730E-01    1.394171E-01    1.837858E-02
    5.569040E-01    5.607660E-01    6.436318E-01    1.827919E-01    6.510673E-02    2.703109E-02
    5.569808E-01    5.609441E-01    6.458509E-01    2.003893E-01    9.275549E-04    3.702986E-02
    5.570705E-01    5.611377E-01    6.481244E-01    2.180167E-01   -4.458569E-02    6.525780E-02
    5.571731E-01    5.613464E-01    6.504525E-01    2.334264E-01   -6.771663E-02    6.955295E-02
    5.572882E-01    5.615701E-01    6.528355E-01    2.444465E-01   -6.992810E-02    1.677826E-02
    5.574155E-01    5.618085E-01    6.552733E-01    2.491642E-01   -5.720247E-02   -2.705364E-02
    5.575548E-01    5.620615E-01    6.577662E-01    2.461014E-01   -3.835609E-02    3.315247E-03
    5.577056E-01    5.623287E-01    6.603140E-01    2.343688E-01   -2.246658E-02    4.897368E-02
    5.578678E-01    5.626098E-01    6.629170E-01    2.137828E-01   -1.584215E-02    4.696852E-02
    5.580408E-01    5.629045E-01    6.655751E-01    1.849316E-01   -1.935220E-02    4.271112E-02
    5.582244E-01    5.632126E-01    6.682882E-01    1.491801E-01   -2.723110E-02    5.205142E-02
    5.584183E-01    5.635338E-01    6.710563E-01    1.086070E-01   -2.837203E-02    1.948689E-02
    5.586219E-01    5.638677E-01    6.738794E-01    6.587468E-02   -1.042945E-02   -2.062462E-02
    5.588350E-01    5.642140E-01    6.767573E-01    2.403746E-02    3.419240E-02    9.009485E-03
    5.590572E-01    5.645724E-01    6.796899E-01   -1.369949E-02    1.027192E-01    6.017935E-02
    5.592880E-01    5.649425E-01    6.826771E-01   -4.425099E-02    1.796848E-01    5.631737E-02
    5.595272E-01    5.653242E-01    6.857187E-01   -6.492910E-02    2.401650E-01    2.940907E-02
    5.597743E-01    5.657169E-01    6.888145E-01   -7.370017E-02    2.586406E-01    2.149684E-02
    5.600289E-01    5.661206E-01    6.919643E-01   -6.939456E-02    2.205653E-01    7.678755E-03
    5.602907E-01    5.665347E-01    6.951678E-01   -5.184494E-02    1.313910E-01   -1.098945E-03
    5.605594E-01    5.669591E-01    6.984248E-01   -2.193458E-02    1.774639E-02    4.213849E-02
    5.608344E-01    5.673934E-01    7.017349E-01    1.845441E-02   -8.155736E-02    7.139918E-02
    5.611155E-01    5.678374E-01    7.050979E-01    6.659239E-02   -1.319044E-01    2.492835E-02
    5.614024E-01    5.682908E-01    7.085133E-01    1.191412E-01   -1.191366E-01    1.342753E-03
    5.616946E-01    5.687532E-01    7.119807E-01    1.724581E-01   -5.684529E-02    1.849436E-02
    5.619918E-01    5.692245E-01    7.154998E-01    2.229323E-01    2.043498E-02    1.462629E-02
    5.622937E-01    5.697043E-01    7.190700E-01    2.673181E-01    7.571305E-02    4.384826E-02
    5.626000E-01    5.701924E-01    7.226908E-01    3.030241E-01    8.991391E-02    6.220109E-02
    5.629103E-01    5.706887E-01    7.263617E-01    3.283269E-01    7.199422E-02    9.125921E-03
    5.632243E-01    5.711928E-01    7.300822E-01    3.424820E-01    5.180643E-02   -3.250812E-03
    5.635417E-01    5.717045E-01    7.338515E-01    3.457223E-01    5.918804E-02    2.903533E-02
    5.638623E-01    5.722236E-01    7.376689E-01    3.391466E-01    1.022285E-01    3.592109E-02
    5.641856E-01    5.727499E-01    7.415339E-01    3.245172E-01    1.594100E-01    4.511530E-02
    5.645115E-01    5.732833E-01    7.454455E-01    3.040008E-01    1.920458E-01    3.285601E-02
    5.648396E-01    5.738235E-01    7.494030E-01    2.798897E-01    1.698267E-01   -8.905824E-03
    5.651697E-01    5.743704E-01    7.534054E-01    2.543472E-01    9.259366E-02    2.005123E-02
    5.655016E-01    5.749238E-01    7.574519E-01    2.292103E-01   -6.856172E-03    5.253204E-02
    5.658349E-01    5.754836E-01    7.615414E-01    2.058728E-01   -8.143657E-02    2.960155E-02
    5.661695E-01    5.760496E-01    7.656728E-01    1.852541E-01   -9.751576E-02    2.863520E-02
    5.665051E-01    5.766217E-01    7.698450E-01    1.678420E-01   -5.325714E-02   -8.760742E-04
    5.668415E-01    5.771997E-01    7.740568E-01    1.537847E-01    2.363302E-02    2.172336E-02
    5.671784E-01    5.777837E-01    7.783069E-01    1.429962E-01    9.513418E-02    5.750426E-02
    5.675157E-01    5.783734E-01    7.825939E-01    1.352463E-01    1.347419E-01    2.120232E-02
    5.678531E-01    5.789688E-01    7.869165E-01    1.302132E-01    1.383281E-01    1.480522E-02
    5.681906E-01    5.795697E-01    7.912730E-01    1.274952E-01    1.202441E-01    1.144612E-02
    5.685278E-01    5.801763E-01    7.956620E-01    1.265981E-01    1.004391E-01    3.491012E-02
    5.688646E-01    5.807883E-01    8.000816E-01    1.269301E-01    9.122959E-02    5.059605E-02
    5.692008E-01    5.814057E-01    8.045302E-01    1.278371E-01    8.997945E-02    2.824589E-03
    5.695363E-01    5.820285E-01    8.090058E-01    1.287068E-01    8.128401E-02    1.776083E-02
    5.698709E-01    5.826566E-01    8.135064E-01    1.291414E-01    4.971312E-02    2.727392E-02
    5.702045E-01    5.832901E-01    8.180301E-01    1.291672E-01   -2.253720E-03    4.487471E-02
    5.705368E-01    5.839289E-01    8.225745E-01    1.294157E-01   -4.561281E-02    1.964204E-02
    5.708679E-01    5.845731E-01    8.271375E-01    1.311927E-01   -4.028464E-02    2.181911E-03
    5.711975E-01    5.852225E-01    8.317167E-01    1.363526E-01    2.930959E-02    3.953185E-02
    5.715256E-01    5.858774E-01    8.363094E-01    1.469368E-01    1.287202E-01    3.277141E-02
    5.718520E-01    5.865375E-01    8.409132E-01    1.645956E-01    1.909151E-01    2.560905E-02
    5.721766E-01    5.872031E-01    8.455252E-01    1.899007E-01    1.723354E-01    6.753992E-04
    5.724992E-01    5.878742E-01    8.501426E-01    2.217251E-01    9.620997E-02    4.269895E-02
    5.728199E-01    5.885507E-01    8.547625E-01    2.569122E-01    3.231563E-02    3.045917E-02
    5.731385E-01    5.892328E-01    8.593816E-01    2.904291E-01    2.606557E-02    1.866219E-02
    5.734549E-01    5.899205E-01    8.639969E-01    3.161091E-01    5.287969E-02    8.357256E-03
    5.737691E-01    5.906139E-01    8.686049E-01    3.279274E-01    5.409626E-02    4.591118E-02
    5.740809E-01    5.913131E-01    8.732021E-01    3.215688E-01    1.562890E-02    2.252169E-02
    5.743903E-01    5.920181E-01    8.777849E-01    2.958885E-01   -8.499825E-03    1.408342E-02
    5.746972E-01    5.927292E-01    8.823495E-01    2.538008E-01    3.641158E-02    2.096139E-02
    5.750016E-01    5.934463E-01    8.868921E-01    2.021983E-01    1.286789E-01    4.417057E-02
    5.753034E-01    5.941696E-01    8.914086E-01    1.507316E-01    1.847746E-01    9.912057E-03
    5.756025E-01    5.948992E-01    8.958949E-01    1.096105E-01    1.525535E-01    2.015550E-02
    5.758989E-01    5.956353E-01    9.003467E-01    8.694373E-02    6.794337E-02    3.154076E-02
    5.761925E-01    5.963779E-01    9.047594E-01    8.638614E-02    8.183618E-03    3.325999E-02
    5.764834E-01    5.971272E-01    9.091287E-01    1.058960E-01    7.445745E-03    2.662440E-04
    5.767714E-01    5.978834E-01    9.134497E-01    1.381588E-01    3.718487E-02    4.188771E-02
    5.770565E-01    5.986467E-01    9.177177E-01    1.727386E-01    5.746399E-02    2.431602E-02
    5.773388E-01    5.994171E-01    9.219277E-01    1.994096E-01    6.304529E-02    1.416831E-02
    5.776181E-01    6.001949E-01    9.260746E-01    2.116111E-01    7.691185E-02    2.579786E-02
    5.778944E-01    6.009802E-01    9.301532E-01    2.087786E-01    1.119366E-01    3.396509E-02
    5.781678E-01    6.017733E-01    9.341582E-01    1.965676E-01    1.431625E-01    1.399931E-02
    5.784381E-01    6.025742E-01    9.380843E-01    1.846853E-01    1.237595E-01    1.887125E-02
    5.787054E-01    6.033833E-01    9.419257E-01    1.829608E-01    4.655986E-02    4.305783E-02
    5.789697E-01    6.042006E-01    9.456769E-01    1.970788E-01   -1.887554E-02    4.576533E-03
    5.792310E-01    6.050265E-01    9.493323E-01    2.257059E-01    3.157350E-03    2.740028E-02
    5.794892E-01    6.058611E-01    9.528859E-01    2.603485E-01    8.419253E-02    3.666782E-02
    5.797443E-01    6.067047E-01    9.563318E-01    2.882563E-01    1.220763E-01    4.967303E-03
    5.799964E-01    6.075574E-01    9.596642E-01    2.973991E-01    9.546196E-02    3.456309E-02
    5.802454E-01    6.084195E-01    9.628770E-01    2.815387E-01    8.593846E-02    2.581583E-02
    5.804913E-01    6.092913E-01    9.659641E-01    2.432073E-01    1.146469E-01    9.720311E-03
    5.807342E-01    6.101730E-01    9.689195E-01    1.931700E-01    9.597526E-02    3.977064E-02
    5.809740E-01    6.110648E-01    9.717370E-01    1.464481E-01    1.514445E-02    1.670497E-02
    5.812108E-01    6.119670E-01    9.744105E-01    1.165550E-01   -1.107728E-02    1.422149E-02
    5.814445E-01    6.128799E-01    9.769340E-01    1.104660E-01    6.589130E-02    4.090949E-02
    5.816752E-01    6.138036E-01    9.793013E-01    1.265377E-01    1.365689E-01    9.977034E-03
    5.819028E-01    6.147386E-01    9.815064E-01    1.561760E-01    1.224658E-01    2.407081E-02
    5.821275E-01    6.156850E-01    9.835434E-01    1.882269E-01    8.256413E-02    3.570415E-02
    5.823491E-01    6.166432E-01    9.854063E-01    2.137874E-01    7.324037E-02    7.200686E-03
    5.825677E-01    6.176135E-01    9.870894E-01    2.291099E-01    6.470329E-02    2.966488E-02
    5.827834E-01    6.185960E-01    9.885872E-01    2.355077E-01    3.575227E-02    2.401934E-02
    5.829961E-01    6.195912E-01    9.898939E-01    2.369151E-01    3.121813E-02    2.306284E-02
    5.832059E-01    6.205993E-01    9.910045E-01    2.369334E-01    8.769715E-02    2.436852E-02
    5.834128E-01    6.216207E-01    9.919137E-01    2.371032E-01    1.472183E-01    1.486507E-02
    5.836168E-01    6.226556E-01    9.926167E-01    2.369579E-01    1.177022E-01    3.865448E-02
    5.838179E-01    6.237043E-01    9.931088E-01    2.350754E-01    4.148174E-02    1.223273E-02
    5.840162E-01    6.247673E-01    9.933859E-01    2.299184E-01    3.871383E-02    2.116391E-02
    5.842116E-01    6.258447E-01    9.934438E-01    2.200135E-01    7.204300E-02    2.336055E-02
    5.844043E-01    6.269370E-01    9.932789E-01    2.041770E-01    5.798277E-02    2.433368E-02
    5.845942E-01    6.280445E-01    9.928880E-01    1.827685E-01    7.973780E-02    2.999594E-02
    5.847813E-01    6.291675E-01    9.922682E-01    1.597540E-01    1.443999E-01    9.026657E-03
    5.849657E-01    6.303063E-01    9.914172E-01    1.436059E-01    1.049433E-01    2.925125E-02
    5.851474E-01    6.314614E-01    9.903331E-01    1.446737E-01    2.054736E-02    1.662997E-02
    5.853265E-01    6.326330E-01    9.890145E-01    1.688627E-01    4.237484E-02    3.708750E-02
    5.855029E-01    6.338215E-01    9.874606E-01    2.112021E-01    8.847289E-02    1.697206E-02
    5.856768E-01    6.350273E-01    9.856711E-01    2.549466E-01    8.745455E-02    2.602055E-02
    5.858480E-01    6.362508E-01    9.836466E-01    2.793477E-01    1.041213E-01    1.264253E-02
    5.860167E-01    6.374922E-01    9.813881E-01    2.726921E-01    1.107910E-01    2.508666E-02
    5.861829E-01    6.387520E-01    9.788974E-01    2.414183E-01    5.599211E-02    2.121794E-02
    5.863466E-01    6.400305E-01    9.761771E-01    2.069096E-01    2.236893E-02    3.033898E-02
    5.865079E-01    6.413282E-01    9.732304E-01    1.902742E-01    8.244728E-02    2.382104E-02
    5.866668E-01    6.426453E-01    9.700616E-01    1.960938E-01    1.248721E-01    2.704498E-02
    5.868232E-01    6.439824E-01    9.666754E-01    2.090982E-01    8.619030E-02    1.769568E-02
    5.869774E-01    6.453397E-01    9.630779E-01    2.082735E-01    8.376123E-02    2.250787E-02
    5.871292E-01    6.467176E-01    9.592756E-01    1.873750E-01    6.738392E-02    1.317711E-02
    5.872787E-01    6.481166E-01    9.552762E-01    1.631417E-01    2.803268E-02    2.366591E-02
    5.874260E-01    6.495370E-01    9.510883E-01    1.618038E-01    1.051345E-01    1.273791E-02
    5.875710E-01    6.509793E-01    9.467214E-01    1.944312E-01    1.293814E-01    2.744109E-02
    5.877139E-01    6.524437E-01    9.421860E-01    2.439186E-01    6.510740E-02    1.300951E-02
    5.878547E-01    6.539308E-01    9.374936E-01    2.772844E-01    6.868927E-02    2.873335E-02
    5.879933E-01    6.554409E-01    9.326568E-01    2.731815E-01    5.913646E-02    1.471967E-02
    5.881299E-01    6.569744E-01    9.276889E-01    2.390777E-01    7.140165E-02    2.738070E-02
    5.882644E-01    6.585318E-01    9.226044E-01    2.022140E-01    1.261584E-01    2.044443E-02
    5.883969E-01    6.601133E-01    9.174188E-01    1.844408E-01    9.465062E-02    2.117375E-02
    5.885275E-01    6.617195E-01    9.121484E-01    1.862693E-01    3.950943E-02    2.510759E-02
    5.886561E-01    6.633506E-01    9.068106E-01    1.937275E-01    7.551581E-02    1.368401E-02
    5.887829E-01    6.650072E-01    9.014236E-01    1.966566E-01    8.651329E-02    2.711337E-02
    5.889078E-01    6.666896E-01    8.960065E-01    1.974396E-01    1.025969E-01    1.370868E-02
    5.890309E-01    6.683982E-01    8.905793E-01    2.039752E-01    1.046833E-01    1.905717E-02
    5.891522E-01    6.701334E-01    8.851624E-01    2.191496E-01    2.884236E-02    2.216423E-02
    5.892718E-01    6.718956E-01    8.797774E-01    2.384054E-01    8.659671E-02    1.413192E-02
    5.893897E-01    6.736852E-01    8.744462E-01    2.530030E-01    1.010079E-01    2.820116E-02
    5.895059E-01    6.755026E-01    8.691913E-01    2.526012E-01    9.477449E-02    2.288136E-02
    5.896205E-01    6.773482E-01    8.640356E-01    2.302413E-01    8.121895E-02    2.285653E-02
    5.897336E-01    6.792222E-01    8.590024E-01    1.931721E-01    4.215757E-02    3.040963E-02
    5.898451E-01    6.811253E-01    8.541152E-01    1.666197E-01    1.025928E-01    1.702783E-02
    5.899551E-01    6.830576E-01    8.493974E-01    1.742223E-01    1.081395E-01    1.710184E-02
    5.900636E-01    6.850196E-01    8.448726E-01    2.092689E-01    6.956985E-02    2.562988E-02
    5.901708E-01    6.870116E-01    8.405642E-01    2.367275E-01    7.245674E-02    1.952504E-02
    5.902766E-01    6.890340E-01    8.364950E-01    2.344157E-01    6.420104E-02    2.318784E-02
    5.903810E-01    6.910871E-01    8.326875E-01    2.214811E-01    1.300669E-01    2.870849E-02
    5.904842E-01    6.931714E-01    8.291633E-01    2.282218E-01    6.502141E-02    1.576524E-02
    5.905861E-01    6.952870E-01    8.259434E-01    2.459222E-01    7.235085E-02    1.729389E-02
    5.906869E-01    6.974344E-01    8.230474E-01    2.360260E-01    7.407693E-02    2.980195E-02
    5.907865E-01    6.996138E-01    8.204939E-01    1.931742E-01    1.123027E-01    2.473823E-02
    5.908850E-01    7.018256E-01    8.182999E-01    1.645561E-01    8.339480E-02    1.282867E-02
    5.909825E-01    7.040700E-01    8.164806E-01    1.863723E-01    5.379388E-02    2.297960E-02
    5.910790E-01    7.063474E-01    8.150497E-01    2.312334E-01    9.881757E-02    2.982575E-02
    5.911745E-01    7.086579E-01    8.140183E-01    2.492353E-01    9.332558E-02    1.880514E-02
    5.912692E-01    7.110020E-01    8.133957E-01    2.365188E-01    9.049157E-02    1.755207E-02
    5.913630E-01    7.133797E-01    8.131884E-01    2.253416E-01    4.667045E-02    2.287789E-02
    5.914560E-01    7.157914E-01    8.134003E-01    2.254866E-01    1.178021E-01    2.411553E-02
    5.915484E-01    7.182372E-01    8.140325E-01    2.185830E-01    8.087180E-02    2.685252E-02
    5.916400E-01    7.207174E-01    8.150831E-01    2.001695E-01    8.101180E-02    1.692819E-02
    5.917311E-01    7.232320E-01    8.165468E-01    1.890889E-01    6.439549E-02    1.653374E-02
    5.918216E-01    7.257814E-01    8.184152E-01    2.002098E-01    1.183314E-01    2.537305E-02
    5.919117E-01    7.283655E-01    8.206765E-01    2.295394E-01    6.993837E-02    2.419335E-02
    5.920013E-01    7.309846E-01    8.233154E-01    2.544235E-01    7.691302E-02    2.733479E-02
    5.920906E-01    7.336386E-01    8.263128E-01    2.468764E-01    8.671023E-02    1.711070E-02
    5.921797E-01    7.363278E-01    8.296463E-01    2.126443E-01    1.083483E-01    2.011914E-02
    5.922685E-01    7.390521E-01    8.332900E-01    1.961344E-01    5.433827E-02    1.584779E-02
    5.923573E-01    7.418115E-01    8.372141E-01    2.099555E-01    9.332586E-02    2.475597E-02
    5.924460E-01    7.446061E-01    8.413859E-01    2.137203E-01    1.047204E-01    2.268316E-02
    5.925348E-01    7.474358E-01    8.457692E-01    2.038388E-01    6.241576E-02    2.813715E-02
    5.926238E-01    7.503005E-01    8.503246E-01    2.254960E-01    8.988219E-02    2.382642E-02
    5.927129E-01    7.532002E-01    8.550102E-01    2.596904E-01    9.519784E-02    2.199774E-02
    5.928024E-01    7.561347E-01    8.597814E-01    2.407573E-01    8.480236E-02    2.179135E-02
    5.928924E-01    7.591038E-01    8.645914E-01    1.951697E-01    6.500702E-02    1.575441E-02
    5.929829E-01    7.621074E-01    8.693917E-01    1.948520E-01    1.149470E-01    1.917415E-02
    5.930741E-01    7.651452E-01    8.741326E-01    2.185595E-01    7.415226E-02    1.857844E-02
    5.931660E-01    7.682170E-01    8.787634E-01    2.205169E-01    6.875223E-02    1.599775E-02
    5.932589E-01    7.713224E-01    8.832333E-01    2.250797E-01    1.177916E-01    2.030384E-02
    5.933527E-01    7.744611E-01    8.874917E-01    2.426101E-01    6.458247E-02    2.157917E-02
    5.934478E-01    7.776326E-01    8.914893E-01    2.374382E-01    8.552530E-02    1.842890E-02
    5.935441E-01    7.808367E-01    8.951781E-01    2.088356E-01    1.038305E-01    1.885076E-02
    5.936419E-01    7.840727E-01    8.985129E-01    1.926878E-01    6.349840E-02    2.196554E-02
    5.937414E-01    7.873401E-01    9.014512E-01    2.110275E-01    1.015979E-01    2.234780E-02
    5.938426E-01    7.906384E-01    9.039547E-01    2.403855E-01    9.190376E-02    1.982663E-02
    5.939458E-01    7.939669E-01    9.059895E-01    2.368566E-01    6.156232E-02    1.749457E-02
    5.940511E-01    7.973250E-01    9.075272E-01    2.232762E-01    1.099448E-01    1.685740E-02
    5.941588E-01    8.007119E-01    9.085451E-01    2.280761E-01    8.354666E-02    1.768926E-02
    5.942690E-01    8.041268E-01    9.090275E-01    2.077099E-01    7.090682E-02    1.930944E-02
    5.943821E-01    8.075689E-01    9.089657E-01    1.934419E-01    1.123815E-01    2.063416E-02
    5.944981E-01    8.110374E-01    9.083590E-01    2.366748E-01    6.792686E-02    2.164431E-02
    5.946175E-01    8.145311E-01    9.072148E-01    2.497175E-01    8.169953E-02    2.380429E-02
    5.947403E-01    8.180492E-01    9.055491E-01    2.189609E-01    1.057840E-01    2.587872E-02
    5.948670E-01    8.215905E-01    9.033865E-01    2.188509E-01    7.711505E-02    2.627892E-02
    5.949977E-01    8.251540E-01    9.007605E-01    2.138157E-01    9.292029E-02    2.562497E-02
    5.951329E-01    8.287383E-01    8.977134E-01    2.055594E-01    7.820293E-02    2.241399E-02
    5.952728E-01    8.323423E-01    8.942959E-01    2.331457E-01    9.853657E-02    2.040316E-02
    5.954178E-01    8.359646E-01    8.905667E-01    2.468071E-01    8.452040E-02    2.064286E-02
    5.955682E-01    8.396039E-01    8.865918E-01    2.234402E-01    6.713782E-02    2.395979E-02
    5.957245E-01    8.432586E-01    8.824438E-01    2.038698E-01    1.059551E-01    2.497862E-02
    5.958871E-01    8.469272E-01    8.782011E-01    2.178310E-01    8.309372E-02    2.184694E-02
    5.960564E-01    8.506082E-01    8.739462E-01    2.250280E-01    9.797379E-02    1.676118E-02
    5.962328E-01    8.542999E-01    8.697647E-01    2.308801E-01    7.213252E-02    1.897634E-02
    5.964169E-01    8.580005E-01    8.657436E-01    2.449082E-01    9.327111E-02    2.561621E-02
    5.966093E-01    8.617083E-01    8.619697E-01    2.059366E-01    9.961852E-02    2.450144E-02
    5.968104E-01    8.654214E-01    8.585277E-01    2.058445E-01    8.954318E-02    1.747345E-02
    5.970208E-01    8.691379E-01    8.554983E-01    2.361520E-01    9.194787E-02    1.976171E-02
    5.972412E-01    8.728558E-01    8.529563E-01    2.269452E-01    6.991718E-02    2.628863E-02
    5.974722E-01    8.765731E-01    8.509685E-01    2.375308E-01    9.854633E-02    1.998200E-02
    5.977146E-01    8.802876E-01    8.495919E-01    2.165583E-01    8.300627E-02    1.801109E-02
    5.979691E-01    8.839972E-01    8.488720E-01    2.041950E-01    1.105416E-01    2.609345E-02
    5.982364E-01    8.876997E-01    8.488405E-01    2.327195E-01    8.029597E-02    1.920372E-02
    5.985175E-01    8.913927E-01    8.495147E-01    2.392657E-01    9.823675E-02    2.095541E-02
    5.988132E-01    8.950740E-01    8.508954E-01    2.220571E-01    6.962428E-02    2.444889E-02
    5.991244E-01    8.987411E-01    8.529666E-01    2.197965E-01    9.483170E-02    1.848365E-02
    5.994521E-01    9.023917E-01    8.556948E-01    2.100653E-01    7.548778E-02    2.393343E-02
    5.997975E-01    9.060233E-01    8.590290E-01    2.343943E-01    1.039598E-01    2.076454E-02
    6.001615E-01    9.096334E-01    8.629007E-01    2.420112E-01    8.339907E-02    2.097216E-02
    6.005455E-01    9.132195E-01    8.672254E-01    2.093201E-01    1.071883E-01    2.363992E-02
    6.009505E-01    9.167790E-01    8.719035E-01    2.231674E-01    8.236803E-02    1.823637E-02
    6.013781E-01    9.203094E-01    8.768225E-01    2.167273E-01    1.028462E-01    2.494015E-02
    6.018294E-01    9.238080E-01    8.818594E-01    2.439510E-01    7.970397E-02    1.816045E-02
    6.023061E-01    9.272725E-01    8.868835E-01    2.246907E-01    9.784382E-02    2.293905E-02
    6.028096E-01    9.307000E-01    8.917601E-01    2.097369E-01    8.069979E-02    2.106196E-02
    6.033416E-01    9.340883E-01    8.963537E-01    2.264942E-01    8.972937E-02    2.267388E-02
    6.039038E-01    9.374346E-01    9.005327E-01    2.315067E-01    8.200626E-02    1.892320E-02
    6.044980E-01    9.407365E-01    9.041727E-01    2.339040E-01    7.874599E-02    2.157478E-02
    6.051262E-01    9.439916E-01    9.071614E-01    2.110889E-01    8.875965E-02    2.390522E-02
    6.057903E-01    9.471975E-01    9.094020E-01    2.199940E-01    7.524157E-02    1.981500E-02
    6.064925E-01    9.503519E-01    9.108175E-01    2.383249E-01    9.484657E-02    2.326410E-02
    6.072350E-01    9.534526E-01    9.113536E-01    2.255744E-01    7.357436E-02    1.834720E-02
    6.080201E-01    9.564973E-01    9.109816E-01    2.193590E-01    9.009308E-02    1.984786E-02
    6.088502E-01    9.594842E-01    9.097005E-01    2.149472E-01    8.555158E-02    2.240263E-02
    6.097278E-01    9.624112E-01    9.075379E-01    2.415212E-01    8.557295E-02    1.907786E-02
    6.106558E-01    9.652766E-01    9.045500E-01    2.226145E-01    9.785336E-02    2.106140E-02
    6.116368E-01    9.680788E-01    9.008211E-01    2.178737E-01    8.200795E-02    2.346013E-02
    6.126737E-01    9.708163E-01    8.964612E-01    2.200579E-01    1.031200E-01    1.991920E-02
    6.137696E-01    9.734879E-01    8.916028E-01    2.390728E-01    9.375876E-02    1.942242E-02
    6.149276E-01    9.760925E-01    8.863970E-01    2.197680E-01    8.802933E-02    2.249187E-02
    6.161510E-01    9.786291E-01    8.810082E-01    2.176964E-01    1.010606E-01    2.115119E-02
    6.174431E-01    9.810972E-01    8.756085E-01    2.241351E-01    7.975434E-02    1.789846E-02
    6.188076E-01    9.834962E-01    8.703705E-01    2.380632E-01    8.515444E-02    1.916431E-02
    6.202479E-01    9.858262E-01    8.654615E-01    2.127374E-01    8.755250E-02    2.305526E-02
    6.217679E-01    9.880871E-01    8.610359E-01    2.210758E-01    7.591829E-02    2.401866E-02
    6.233713E-01    9.902792E-01    8.572292E-01    2.303636E-01    9.470323E-02    2.121551E-02
    6.250621E-01    9.924033E-01    8.541517E-01    2.277109E-01    9.426251E-02    1.835532E-02
    6.268443E-01    9.944603E-01    8.518836E-01    2.139382E-01    8.673265E-02    1.893014E-02
    6.287220E-01    9.964514E-01    8.504711E-01    2.232122E-01    9.820585E-02    2.233165E-02
    6.306994E-01    9.983782E-01    8.499238E-01    2.328678E-01    8.294107E-02    2.390220E-02
    6.327808E-01    1.000242E+00    8.502142E-01    2.189679E-01    7.606084E-02    2.139695E-02
    6.349703E-01    1.002046E+00    8.512781E-01    2.124850E-01    9.485519E-02    1.926735E-02
    6.372724E-01    1.003792E+00    8.530173E-01    2.353739E-01    8.689816E-02    1.992500E-02
    6.396914E-01    1.005483E+00    8.553040E-01    2.195053E-01    8.893892E-02    1.940322E-02
    6.422315E-01    1.007121E+00    8.579860E-01    2.168093E-01    9.801277E-02    1.918821E-02
    6.448971E-01    1.008711E+00    8.608941E-01    2.203924E-01    7.845796E-02    2.225428E-02
    6.476924E-01    1.010255E+00    8.638494E-01    2.316235E-01    7.949973E-02    2.263182E-02
    6.506216E-01    1.011758E+00    8.666719E-01    2.113998E-01    9.467861E-02    2.143799E-02
    6.536888E-01    1.013223E+00    8.691889E-01    2.202839E-01    9.018020E-02    2.256534E-02
    6.568979E-01    1.014655E+00    8.712429E-01    2.224066E-01    8.458380E-02    2.034989E-02
    6.602527E-01    1.016058E+00    8.726986E-01    2.265795E-01    9.124860E-02    1.879149E-02
    6.637569E-01    1.017437E+00    8.734493E-01    2.031723E-01    8.032106E-02    1.971883E-02
    6.674140E-01    1.018797E+00    8.734211E-01    2.299084E-01    7.978461E-02    1.794193E-02
    6.712270E-01    1.020141E+00    8.725761E-01    2.190111E-01    9.888719E-02    1.919771E-02
    6.751990E-01    1.021476E+00    8.709125E-01    2.126105E-01    8.783810E-02    2.095695E-02
    6.793326E-01    1.022806E+00    8.684646E-01    2.132234E-01    7.837665E-02    2.027885E-02
    6.836300E-01    1.024135E+00    8.652990E-01    2.285227E-01    8.614692E-02    2.229269E-02
    6.880934E-01    1.025469E+00    8.615112E-01    2.072364E-01    8.491697E-02    2.222548E-02
    6.927244E-01    1.026813E+00    8.572189E-01    2.141809E-01    8.266106E-02    2.000217E-02
    6.975240E-01    1.028170E+00    8.525561E-01    2.168939E-01    9.459453E-02    2.015098E-02
    7.024933E-01    1.029545E+00    8.476653E-01    2.192940E-01    8.584154E-02    1.912340E-02
    7.076325E-01    1.030943E+00    8.426907E-01    2.039750E-01    7.297928E-02    1.755613E-02
    7.129416E-01    1.032367E+00    8.377707E-01    2.134879E-01    8.706649E-02    1.931662E-02
    7.184200E-01    1.033821E+00    8.330317E-01    2.193650E-01    8.299609E-02    2.160847E-02
    7.240669E-01    1.035308E+00    8.285825E-01    2.065052E-01    8.189900E-02    2.111137E-02
    7.298806E-01    1.036831E+00    8.245104E-01    2.032759E-01    9.491229E-02    1.912169E-02
    7.358594E-01    1.038393E+00    8.208778E-01    2.181935E-01    8.054633E-02    1.798844E-02
    7.420007E-01    1.039997E+00    8.177215E-01    2.078749E-01    7.800688E-02    1.878820E-02
    7.483018E-01    1.041643E+00    8.150517E-01    2.032627E-01    8.462625E-02    2.079410E-02
    7.547592E-01    1.043335E+00    8.128542E-01    2.028646E-01    7.098273E-02    2.116969E-02
    7.613691E-01    1.045073E+00    8.110919E-01    2.158440E-01    8.151594E-02    1.863153E-02
    7.681275E-01    1.046857E+00    8.097084E-01    2.003506E-01    8.461202E-02    1.710801E-02
    7.750296E-01    1.048688E+00    8.086320E-01    1.988807E-01    7.626754E-02    1.901040E-02
    7.820703E-01    1.050567E+00    8.077795E-01    2.029898E-01    9.008089E-02    1.914814E-02
    7.892445E-01    1.052492E+00    8.070612E-01    2.106542E-01    8.087642E-02    1.683887E-02
    7.965462E-01    1.054464E+00    8.063845E-01    1.936471E-01    8.424503E-02    1.827094E-02
    8.039695E-01    1.056481E+00    8.056586E-01    1.962303E-01    8.445089E-02    1.956554E-02
    8.115080E-01    1.058541E+00    8.047975E-01    1.997036E-01    7.750858E-02    1.745487E-02
    8.191552E-01    1.060643E+00    8.037231E-01    2.046455E-01    8.846126E-02    2.032436E-02
