    5.488125E-08    9.507207E-07    4.590068E-06    8.521561E-05    1.949559E-04    5.488125E-04
    5.694236E-08    9.864258E-07    4.762452E-06    8.841596E-05    2.022777E-04    5.694236E-04
    5.908088E-08    1.023472E-06    4.941310E-06    9.173649E-05    2.098744E-04    5.908088E-04
    6.129971E-08    1.061909E-06    5.126884E-06    9.518172E-05    2.177564E-04    6.129971E-04
    6.360186E-08    1.101790E-06    5.319428E-06    9.875634E-05    2.259344E-04    6.360186E-04
    6.599047E-08    1.143168E-06    5.519203E-06    1.024652E-04    2.344195E-04    6.599047E-04
    6.846878E-08    1.186101E-06    5.726480E-06    1.063133E-04    2.432232E-04    6.846878E-04
    7.104016E-08    1.230645E-06    5.941541E-06    1.103060E-04    2.523576E-04    7.104016E-04
    7.370811E-08    1.276863E-06    6.164678E-06    1.144486E-04    2.618350E-04    7.370811E-04
    7.647625E-08    1.324816E-06    6.396195E-06    1.187468E-04    2.716684E-04    7.647625E-04
    7.934835E-08    1.374570E-06    6.636407E-06    1.232063E-04    2.818710E-04    7.934834E-04
    8.232830E-08    1.426192E-06    6.885640E-06    1.278334E-04    2.924567E-04    8.232830E-04
    8.542017E-08    1.479753E-06    7.144232E-06    1.326342E-04    3.034400E-04    8.542016E-04
    8.862815E-08    1.535326E-06    7.412536E-06    1.376153E-04    3.148358E-04    8.862814E-04
    9.195660E-08    1.592986E-06    7.690916E-06    1.427835E-04    3.266596E-04    9.195659E-04
    9.541005E-08    1.652810E-06    7.979750E-06    1.481458E-04    3.389273E-04    9.541004E-04
    9.899319E-08    1.714882E-06    8.279430E-06    1.537094E-04    3.516558E-04    9.899318E-04
    1.027109E-07    1.779285E-06    8.590366E-06    1.594820E-04    3.648623E-04    1.027109E-03
    1.065682E-07    1.846106E-06    8.912977E-06    1.654714E-04    3.785647E-04    1.065682E-03
    1.105704E-07    1.915436E-06    9.247705E-06    1.716857E-04    3.927817E-04    1.105704E-03
    1.147229E-07    1.987371E-06    9.595003E-06    1.781333E-04    4.075327E-04    1.147228E-03
    1.190313E-07    2.062006E-06    9.955343E-06    1.848231E-04    4.228375E-04    1.190313E-03
    1.235015E-07    2.139445E-06    1.032921E-05    1.917641E-04    4.387172E-04    1.235015E-03
    1.281396E-07    2.219791E-06    1.071713E-05    1.989658E-04    4.551931E-04    1.281395E-03
    1.329518E-07    2.303155E-06    1.111961E-05    2.064379E-04    4.722879E-04    1.329518E-03
    1.379448E-07    2.389650E-06    1.153720E-05    2.141907E-04    4.900245E-04    1.379448E-03
    1.431253E-07    2.479393E-06    1.197048E-05    2.222345E-04    5.084273E-04    1.431253E-03
    1.485003E-07    2.572505E-06    1.242003E-05    2.305805E-04    5.275211E-04    1.485003E-03
    1.540772E-07    2.669115E-06    1.288646E-05    2.392399E-04    5.473320E-04    1.540772E-03
    1.598635E-07    2.769353E-06    1.337040E-05    2.482244E-04    5.678868E-04    1.598635E-03
    1.658671E-07    2.873354E-06    1.387252E-05    2.575464E-04    5.892136E-04    1.658671E-03
    1.720962E-07    2.981262E-06    1.439350E-05    2.672184E-04    6.113412E-04    1.720961E-03
    1.785591E-07    3.093221E-06    1.493404E-05    2.772536E-04    6.342998E-04    1.785591E-03
    1.852648E-07    3.209386E-06    1.549488E-05    2.876657E-04    6.581205E-04    1.852648E-03
    1.922223E-07    3.329912E-06    1.607678E-05    2.984688E-04    6.828358E-04    1.922223E-03
    1.994411E-07    3.454964E-06    1.668053E-05    3.096776E-04    7.084792E-04    1.994410E-03
    2.069309E-07    3.584713E-06    1.730695E-05    3.213073E-04    7.350856E-04    2.069309E-03
    2.147021E-07    3.719334E-06    1.795690E-05    3.333737E-04    7.626911E-04    2.147020E-03
    2.227650E-07    3.859010E-06    1.863125E-05    3.458933E-04    7.913332E-04    2.227649E-03
    2.311307E-07    4.003931E-06    1.933093E-05    3.588830E-04    8.210510E-04    2.311306E-03
    2.398106E-07    4.154294E-06    2.005689E-05    3.723604E-04    8.518847E-04    2.398105E-03
    2.488164E-07    4.310304E-06    2.081010E-05    3.863440E-04    8.838762E-04    2.488163E-03
    2.581604E-07    4.472173E-06    2.159160E-05    4.008527E-04    9.170691E-04    2.581603E-03
    2.678553E-07    4.640119E-06    2.240244E-05    4.159062E-04    9.515085E-04    2.678551E-03
    2.779142E-07    4.814372E-06    2.324373E-05    4.315250E-04    9.872410E-04    2.779141E-03
    2.883509E-07    4.995169E-06    2.411662E-05    4.477303E-04    1.024315E-03    2.883507E-03
    2.991794E-07    5.182755E-06    2.502228E-05    4.645441E-04    1.062782E-03    2.991792E-03
    3.104146E-07    5.377385E-06    2.596195E-05    4.819893E-04    1.102693E-03    3.104144E-03
    3.220717E-07    5.579323E-06    2.693691E-05    5.000895E-04    1.144103E-03    3.220715E-03
    3.341665E-07    5.788844E-06    2.794847E-05    5.188695E-04    1.187067E-03    3.341663E-03
    3.467155E-07    6.006233E-06    2.899802E-05    5.383546E-04    1.231645E-03    3.467152E-03
    3.597357E-07    6.231785E-06    3.008699E-05    5.585714E-04    1.277897E-03    3.597354E-03
    3.732448E-07    6.465806E-06    3.121684E-05    5.795474E-04    1.325886E-03    3.732444E-03
    3.872612E-07    6.708615E-06    3.238911E-05    6.013109E-04    1.375677E-03    3.872607E-03
    4.018038E-07    6.960541E-06    3.360541E-05    6.238917E-04    1.427337E-03    4.018034E-03
    4.168926E-07    7.221927E-06    3.486738E-05    6.473204E-04    1.480937E-03    4.168920E-03
    4.325478E-07    7.493127E-06    3.617673E-05    6.716288E-04    1.536550E-03    4.325473E-03
    4.487910E-07    7.774510E-06    3.753525E-05    6.968500E-04    1.594250E-03    4.487904E-03
    4.656440E-07    8.066460E-06    3.894477E-05    7.230181E-04    1.654118E-03    4.656433E-03
    4.831299E-07    8.369371E-06    4.040722E-05    7.501689E-04    1.716233E-03    4.831291E-03
    5.012722E-07    8.683656E-06    4.192459E-05    7.783391E-04    1.780681E-03    5.012714E-03
    5.200958E-07    9.009741E-06    4.349892E-05    8.075670E-04    1.847548E-03    5.200949E-03
    5.396262E-07    9.348070E-06    4.513237E-05    8.378923E-04    1.916926E-03    5.396251E-03
    5.598899E-07    9.699102E-06    4.682715E-05    8.693562E-04    1.988909E-03    5.598887E-03
    5.809144E-07    1.006331E-05    4.858557E-05    9.020016E-04    2.063595E-03    5.809130E-03
    6.027283E-07    1.044120E-05    5.041000E-05    9.358726E-04    2.141085E-03    6.027268E-03
    6.253612E-07    1.083328E-05    5.230294E-05    9.710153E-04    2.221484E-03    6.253595E-03
    6.488439E-07    1.124007E-05    5.426694E-05    1.007477E-03    2.304902E-03    6.488420E-03
    6.732082E-07    1.166214E-05    5.630469E-05    1.045309E-03    2.391452E-03    6.732061E-03
    6.984873E-07    1.210006E-05    5.841894E-05    1.084560E-03    2.481252E-03    6.984850E-03
    7.247155E-07    1.255441E-05    6.061257E-05    1.125285E-03    2.574422E-03    7.247129E-03
    7.519283E-07    1.302583E-05    6.288855E-05    1.167540E-03    2.671091E-03    7.519254E-03
    7.801629E-07    1.351494E-05    6.524998E-05    1.211380E-03    2.771389E-03    7.801596E-03
    8.094574E-07    1.402242E-05    6.770007E-05    1.256866E-03    2.875453E-03    8.094538E-03
    8.398517E-07    1.454895E-05    7.024215E-05    1.304061E-03    2.983423E-03    8.398477E-03
    8.713871E-07    1.509524E-05    7.287965E-05    1.353026E-03    3.095447E-03    8.713827E-03
    9.041064E-07    1.566205E-05    7.561617E-05    1.403830E-03    3.211676E-03    9.041014E-03
    9.380540E-07    1.625013E-05    7.845542E-05    1.456542E-03    3.332268E-03    9.380484E-03
    9.732760E-07    1.686029E-05    8.140126E-05    1.511232E-03    3.457388E-03    9.732697E-03
    1.009820E-06    1.749335E-05    8.445769E-05    1.567975E-03    3.587204E-03    1.009813E-02
    1.047736E-06    1.815018E-05    8.762885E-05    1.626848E-03    3.721894E-03    1.047728E-02
    1.087076E-06    1.883166E-05    9.091904E-05    1.687932E-03    3.861640E-03    1.087067E-02
    1.127892E-06    1.953873E-05    9.433275E-05    1.751308E-03    4.006631E-03    1.127882E-02
    1.170240E-06    2.027234E-05    9.787460E-05    1.817063E-03    4.157065E-03    1.170229E-02
    1.214178E-06    2.103348E-05    1.015494E-04    1.885286E-03    4.313146E-03    1.214166E-02
    1.259765E-06    2.182319E-05    1.053621E-04    1.956070E-03    4.475085E-03    1.259751E-02
    1.307063E-06    2.264255E-05    1.093180E-04    2.029511E-03    4.643102E-03    1.307048E-02
    1.356136E-06    2.349266E-05    1.134223E-04    2.105709E-03    4.817426E-03    1.356119E-02
    1.407051E-06    2.437468E-05    1.176807E-04    2.184766E-03    4.998293E-03    1.407033E-02
    1.459878E-06    2.528980E-05    1.220988E-04    2.266791E-03    5.185947E-03    1.459857E-02
    1.514686E-06    2.623926E-05    1.266829E-04    2.351894E-03    5.380645E-03    1.514663E-02
    1.571552E-06    2.722437E-05    1.314389E-04    2.440191E-03    5.582650E-03    1.571526E-02
    1.630552E-06    2.824644E-05    1.363735E-04    2.531802E-03    5.792236E-03    1.630523E-02
    1.691767E-06    2.930687E-05    1.414932E-04    2.626851E-03    6.009687E-03    1.691734E-02
    1.755278E-06    3.040709E-05    1.468051E-04    2.725467E-03    6.235299E-03    1.755242E-02
    1.821173E-06    3.154860E-05    1.523163E-04    2.827783E-03    6.469377E-03    1.821133E-02
    1.889541E-06    3.273295E-05    1.580343E-04    2.933940E-03    6.712239E-03    1.889496E-02
    1.960474E-06    3.396174E-05    1.639669E-04    3.044079E-03    6.964214E-03    1.960423E-02
    2.034068E-06    3.523664E-05    1.701221E-04    3.158351E-03    7.225643E-03    2.034012E-02
    2.110424E-06    3.655937E-05    1.765082E-04    3.276911E-03    7.496882E-03    2.110362E-02
    2.189645E-06    3.793174E-05    1.831340E-04    3.399920E-03    7.778297E-03    2.189575E-02
    2.271839E-06    3.935559E-05    1.900083E-04    3.527543E-03    8.070271E-03    2.271761E-02
    2.357116E-06    4.083287E-05    1.971406E-04    3.659955E-03    8.373198E-03    2.357028E-02
    2.445592E-06    4.236556E-05    2.045404E-04    3.797334E-03    8.687491E-03    2.445495E-02
    2.537388E-06    4.395576E-05    2.122179E-04    3.939867E-03    9.013573E-03    2.537279E-02
    2.632627E-06    4.560561E-05    2.201834E-04    4.087747E-03    9.351888E-03    2.632505E-02
    2.731439E-06    4.731735E-05    2.284476E-04    4.241175E-03    9.702893E-03    2.731303E-02
    2.833957E-06    4.909330E-05    2.370219E-04    4.400357E-03    1.006706E-02    2.833805E-02
    2.940321E-06    5.093586E-05    2.459177E-04    4.565510E-03    1.044489E-02    2.940151E-02
    3.050674E-06    5.284753E-05    2.551472E-04    4.736857E-03    1.083689E-02    3.050484E-02
    3.165165E-06    5.483089E-05    2.647229E-04    4.914631E-03    1.124360E-02    3.164954E-02
    3.283951E-06    5.688864E-05    2.746577E-04    5.099071E-03    1.166555E-02    3.283715E-02
    3.407191E-06    5.902356E-05    2.849651E-04    5.290428E-03    1.210333E-02    3.406927E-02
    3.535052E-06    6.123854E-05    2.956589E-04    5.488961E-03    1.255752E-02    3.534758E-02
    3.667708E-06    6.353656E-05    3.067538E-04    5.694939E-03    1.302874E-02    3.667379E-02
    3.805338E-06    6.592076E-05    3.182646E-04    5.908639E-03    1.351763E-02    3.804971E-02
    3.948128E-06    6.839434E-05    3.302071E-04    6.130351E-03    1.402484E-02    3.947718E-02
    4.096271E-06    7.096066E-05    3.425972E-04    6.360375E-03    1.455107E-02    4.095813E-02
    4.249968E-06    7.362318E-05    3.554519E-04    6.599022E-03    1.509703E-02    4.249456E-02
    4.409426E-06    7.638551E-05    3.687883E-04    6.846614E-03    1.566345E-02    4.408854E-02
    4.574861E-06    7.925137E-05    3.826247E-04    7.103487E-03    1.625110E-02    4.574222E-02
    4.746496E-06    8.222465E-05    3.969797E-04    7.369987E-03    1.686077E-02    4.745783E-02
    4.924563E-06    8.530936E-05    4.118726E-04    7.646474E-03    1.749328E-02    4.923767E-02
    5.109304E-06    8.850966E-05    4.273236E-04    7.933322E-03    1.814950E-02    5.108415E-02
    5.300967E-06    9.182988E-05    4.433536E-04    8.230919E-03    1.883030E-02    5.299974E-02
    5.499811E-06    9.527450E-05    4.599842E-04    8.539665E-03    1.953661E-02    5.498702E-02
    5.706104E-06    9.884817E-05    4.772378E-04    8.859977E-03    2.026937E-02    5.704866E-02
    5.920126E-06    1.025557E-04    4.951378E-04    9.192289E-03    2.102958E-02    5.918743E-02
    6.142164E-06    1.064021E-04    5.137082E-04    9.537048E-03    2.181826E-02    6.140619E-02
    6.372518E-06    1.103926E-04    5.329742E-04    9.894718E-03    2.263647E-02    6.370793E-02
    6.611499E-06    1.145325E-04    5.529617E-04    1.026578E-02    2.348532E-02    6.609573E-02
    6.859429E-06    1.188275E-04    5.736977E-04    1.065074E-02    2.436594E-02    6.857278E-02
    7.116642E-06    1.232832E-04    5.952100E-04    1.105011E-02    2.527953E-02    7.114239E-02
    7.383484E-06    1.279058E-04    6.175277E-04    1.146444E-02    2.622732E-02    7.380801E-02
    7.660314E-06    1.327014E-04    6.406808E-04    1.189427E-02    2.721057E-02    7.657319E-02
    7.947506E-06    1.376765E-04    6.647005E-04    1.234018E-02    2.823061E-02    7.944161E-02
    8.245446E-06    1.428378E-04    6.896191E-04    1.280279E-02    2.928882E-02    8.241711E-02
    8.554535E-06    1.481922E-04    7.154701E-04    1.328270E-02    3.038660E-02    8.550363E-02
    8.875187E-06    1.537469E-04    7.422883E-04    1.378057E-02    3.152544E-02    8.870529E-02
    9.207835E-06    1.595095E-04    7.701098E-04    1.429706E-02    3.270687E-02    9.202633E-02
    9.552924E-06    1.654875E-04    7.989718E-04    1.483287E-02    3.393247E-02    9.547116E-02
    9.910919E-06    1.716891E-04    8.289132E-04    1.538871E-02    3.520388E-02    9.904433E-02
    1.028230E-05    1.781227E-04    8.599741E-04    1.596534E-02    3.652280E-02    1.027506E-01
    1.066756E-05    1.847967E-04    8.921962E-04    1.656351E-02    3.789101E-02    1.065948E-01
    1.106723E-05    1.917202E-04    9.256227E-04    1.718405E-02    3.931033E-02    1.105820E-01
    1.148183E-05    1.989024E-04    9.602985E-04    1.782777E-02    4.078265E-02    1.147175E-01
    1.191192E-05    2.063530E-04    9.962699E-04    1.849555E-02    4.230995E-02    1.190067E-01
    1.235808E-05    2.140820E-04    1.033585E-03    1.918826E-02    4.389427E-02    1.234551E-01
    1.282091E-05    2.220996E-04    1.072294E-03    1.990685E-02    4.553772E-02    1.280687E-01
    1.330102E-05    2.304166E-04    1.112449E-03    2.065226E-02    4.724248E-02    1.328535E-01
    1.379905E-05    2.390441E-04    1.154102E-03    2.142550E-02    4.901084E-02    1.378155E-01
    1.431567E-05    2.479937E-04    1.197311E-03    2.222760E-02    5.084513E-02    1.429614E-01
    1.485157E-05    2.572773E-04    1.242132E-03    2.305963E-02    5.274781E-02    1.482977E-01
    1.540747E-05    2.669072E-04    1.288625E-03    2.392269E-02    5.472139E-02    1.538312E-01
    1.598410E-05    2.768963E-04    1.336852E-03    2.481793E-02    5.676850E-02    1.595692E-01
    1.658224E-05    2.872579E-04    1.386878E-03    2.574655E-02    5.889185E-02    1.655189E-01
    1.720267E-05    2.980058E-04    1.438769E-03    2.670979E-02    6.109424E-02    1.716879E-01
    1.784623E-05    3.091543E-04    1.492593E-03    2.770891E-02    6.337860E-02    1.780841E-01
    1.851376E-05    3.207182E-04    1.548424E-03    2.874524E-02    6.574793E-02    1.847154E-01
    1.920616E-05    3.327129E-04    1.606334E-03    2.982017E-02    6.820536E-02    1.915903E-01
    1.992435E-05    3.451541E-04    1.666400E-03    3.093511E-02    7.075412E-02    1.987174E-01
    2.066927E-05    3.580586E-04    1.728702E-03    3.209154E-02    7.339757E-02    2.061054E-01
    2.144191E-05    3.714432E-04    1.793323E-03    3.329098E-02    7.613917E-02    2.137635E-01
    2.224329E-05    3.853258E-04    1.860348E-03    3.453503E-02    7.898252E-02    2.217012E-01
    2.307448E-05    3.997246E-04    1.929865E-03    3.582531E-02    8.193135E-02    2.299281E-01
    2.393656E-05    4.146587E-04    2.001967E-03    3.716354E-02    8.498949E-02    2.384541E-01
    2.483068E-05    4.301477E-04    2.076747E-03    3.855146E-02    8.816093E-02    2.472894E-01
    2.575802E-05    4.462121E-04    2.154306E-03    3.999091E-02    9.144980E-02    2.564447E-01
    2.671978E-05    4.628729E-04    2.234744E-03    4.148378E-02    9.486037E-02    2.659306E-01
    2.771724E-05    4.801522E-04    2.318168E-03    4.303201E-02    9.839706E-02    2.757582E-01
    2.875170E-05    4.980724E-04    2.404687E-03    4.463763E-02    1.020644E-01    2.859389E-01
    2.982452E-05    5.166571E-04    2.494414E-03    4.630274E-02    1.058672E-01    2.964842E-01
    3.093711E-05    5.359307E-04    2.587466E-03    4.802952E-02    1.098103E-01    3.074061E-01
    3.209091E-05    5.559183E-04    2.683966E-03    4.982020E-02    1.138987E-01    3.187166E-01
    3.328743E-05    5.766459E-04    2.784039E-03    5.167712E-02    1.181377E-01    3.304281E-01
    3.452824E-05    5.981407E-04    2.887815E-03    5.360268E-02    1.225327E-01    3.425531E-01
    3.581494E-05    6.204304E-04    2.995429E-03    5.559938E-02    1.270893E-01    3.551045E-01
    3.714920E-05    6.435442E-04    3.107022E-03    5.766980E-02    1.318131E-01    3.680953E-01
    3.853275E-05    6.675118E-04    3.222737E-03    5.981661E-02    1.367103E-01    3.815386E-01
    3.996739E-05    6.923644E-04    3.342725E-03    6.204256E-02    1.417868E-01    3.954477E-01
    4.145497E-05    7.181341E-04    3.467140E-03    6.435053E-02    1.470491E-01    4.098359E-01
    4.299740E-05    7.448540E-04    3.596143E-03    6.674345E-02    1.525038E-01    4.247168E-01
    4.459668E-05    7.725585E-04    3.729900E-03    6.922439E-02    1.581575E-01    4.401039E-01
    4.625484E-05    8.012833E-04    3.868583E-03    7.179651E-02    1.640173E-01    4.560107E-01
    4.797402E-05    8.310650E-04    4.012368E-03    7.446308E-02    1.700903E-01    4.724505E-01
    4.975641E-05    8.619419E-04    4.161441E-03    7.722748E-02    1.763840E-01    4.894366E-01
    5.160430E-05    8.939531E-04    4.315990E-03    8.009319E-02    1.829059E-01    5.069821E-01
    5.352002E-05    9.271396E-04    4.476214E-03    8.306384E-02    1.896640E-01    5.250997E-01
    5.550601E-05    9.615434E-04    4.642314E-03    8.614314E-02    1.966663E-01    5.438019E-01
    5.756479E-05    9.972081E-04    4.814502E-03    8.933496E-02    2.039211E-01    5.631005E-01
    5.969895E-05    1.034179E-03    4.992995E-03    9.264326E-02    2.114369E-01    5.830069E-01
    6.191119E-05    1.072502E-03    5.178017E-03    9.607216E-02    2.192227E-01    6.035316E-01
    6.420428E-05    1.112225E-03    5.369802E-03    9.962591E-02    2.272873E-01    6.246844E-01
    6.658109E-05    1.153400E-03    5.568588E-03    1.033089E-01    2.356400E-01    6.464739E-01
    6.904459E-05    1.196075E-03    5.774626E-03    1.071256E-01    2.442903E-01    6.689078E-01
    7.159785E-05    1.240306E-03    5.988169E-03    1.110807E-01    2.532480E-01    6.919920E-01
    7.424403E-05    1.286146E-03    6.209485E-03    1.151790E-01    2.625230E-01    7.157313E-01
    7.698641E-05    1.333653E-03    6.438845E-03    1.194255E-01    2.721255E-01    7.401282E-01
    7.982836E-05    1.382885E-03    6.676534E-03    1.238253E-01    2.820658E-01    7.651834E-01
    8.277337E-05    1.433902E-03    6.922842E-03    1.283836E-01    2.923547E-01    7.908951E-01
    8.582505E-05    1.486767E-03    7.178071E-03    1.331059E-01    3.030028E-01    8.172590E-01
    8.898711E-05    1.541544E-03    7.442531E-03    1.379977E-01    3.140212E-01    8.442676E-01
    9.226339E-05    1.598300E-03    7.716544E-03    1.430649E-01    3.254212E-01    8.719102E-01
    9.565786E-05    1.657103E-03    8.000441E-03    1.483133E-01    3.372140E-01    9.001723E-01
    9.917458E-05    1.718024E-03    8.294563E-03    1.537490E-01    3.494111E-01    9.290353E-01
    1.028178E-04    1.781136E-03    8.599263E-03    1.593783E-01    3.620243E-01    9.584759E-01
    1.065918E-04    1.846514E-03    8.914904E-03    1.652076E-01    3.750652E-01    9.884657E-01
    1.105011E-04    1.914236E-03    9.241860E-03    1.712436E-01    3.885457E-01    1.018971E+00
    1.145504E-04    1.984382E-03    9.580518E-03    1.774929E-01    4.024775E-01    1.049951E+00
    1.187443E-04    2.057034E-03    9.931275E-03    1.839626E-01    4.168727E-01    1.081360E+00
    1.230878E-04    2.132277E-03    1.029454E-02    1.906598E-01    4.317430E-01    1.113144E+00
    1.275859E-04    2.210199E-03    1.067074E-02    1.975917E-01    4.471002E-01    1.145240E+00
    1.322438E-04    2.290889E-03    1.106030E-02    2.047660E-01    4.629559E-01    1.177578E+00
    1.370669E-04    2.374441E-03    1.146368E-02    2.121903E-01    4.793217E-01    1.210080E+00
    1.420607E-04    2.460950E-03    1.188133E-02    2.198723E-01    4.962087E-01    1.242654E+00
    1.472309E-04    2.550513E-03    1.231373E-02    2.278202E-01    5.136279E-01    1.275203E+00
    1.525832E-04    2.643233E-03    1.276137E-02    2.360420E-01    5.315898E-01    1.307615E+00
    1.581237E-04    2.739212E-03    1.322474E-02    2.445462E-01    5.501045E-01    1.339768E+00
    1.638586E-04    2.838558E-03    1.370436E-02    2.533411E-01    5.691815E-01    1.371528E+00
    1.697941E-04    2.941381E-03    1.420077E-02    2.624356E-01    5.888296E-01    1.402749E+00
    1.759368E-04    3.047792E-03    1.471450E-02    2.718382E-01    6.090568E-01    1.433271E+00
    1.822934E-04    3.157909E-03    1.524612E-02    2.815581E-01    6.298703E-01    1.462924E+00
    1.888707E-04    3.271849E-03    1.579620E-02    2.916042E-01    6.512763E-01    1.491521E+00
    1.956758E-04    3.389735E-03    1.636532E-02    3.019856E-01    6.732795E-01    1.518866E+00
    2.027159E-04    3.511691E-03    1.695410E-02    3.127117E-01    6.958837E-01    1.544750E+00
    2.099984E-04    3.637848E-03    1.756314E-02    3.237919E-01    7.190909E-01    1.568953E+00
    2.175309E-04    3.768334E-03    1.819309E-02    3.352354E-01    7.429013E-01    1.591243E+00
    2.253212E-04    3.903287E-03    1.884460E-02    3.470518E-01    7.673136E-01    1.611383E+00
    2.333772E-04    4.042843E-03    1.951833E-02    3.592506E-01    7.923239E-01    1.629127E+00
    2.417072E-04    4.187145E-03    2.021497E-02    3.718412E-01    8.179264E-01    1.644227E+00
    2.503195E-04    4.336337E-03    2.093521E-02    3.848332E-01    8.441124E-01    1.656434E+00
    2.592226E-04    4.490567E-03    2.167976E-02    3.982359E-01    8.708705E-01    1.665501E+00
    2.684253E-04    4.649987E-03    2.244937E-02    4.120588E-01    8.981860E-01    1.671191E+00
    2.779365E-04    4.814751E-03    2.324477E-02    4.263109E-01    9.260410E-01    1.673280E+00
    2.877653E-04    4.985017E-03    2.406673E-02    4.410014E-01    9.544137E-01    1.671561E+00
    2.979211E-04    5.160948E-03    2.491603E-02    4.561392E-01    9.832785E-01    1.665856E+00
    3.084134E-04    5.342708E-03    2.579345E-02    4.717329E-01    1.012605E+00    1.656016E+00
    3.192519E-04    5.530464E-03    2.669982E-02    4.877907E-01    1.042359E+00    1.641937E+00
    3.304465E-04    5.724390E-03    2.763596E-02    5.043208E-01    1.072500E+00    1.623561E+00
    3.420073E-04    5.924658E-03    2.860271E-02    5.213306E-01    1.102984E+00    1.600891E+00
    3.539445E-04    6.131448E-03    2.960093E-02    5.388273E-01    1.133759E+00    1.573993E+00
    3.662686E-04    6.344940E-03    3.063150E-02    5.568175E-01    1.164768E+00    1.543009E+00
    3.789903E-04    6.565319E-03    3.169529E-02    5.753071E-01    1.195949E+00    1.508166E+00
    3.921204E-04    6.792772E-03    3.279322E-02    5.943015E-01    1.227231E+00    1.469773E+00
    4.056698E-04    7.027489E-03    3.392620E-02    6.138052E-01    1.258538E+00    1.428237E+00
    4.196498E-04    7.269665E-03    3.509516E-02    6.338219E-01    1.289786E+00    1.384057E+00
    4.340716E-04    7.519496E-03    3.630106E-02    6.543544E-01    1.320884E+00    1.337826E+00
    4.489468E-04    7.777179E-03    3.754484E-02    6.754044E-01    1.351733E+00    1.290223E+00
    4.642871E-04    8.042919E-03    3.882748E-02    6.969725E-01    1.382228E+00    1.242008E+00
    4.801042E-04    8.316919E-03    4.014997E-02    7.190580E-01    1.412254E+00    1.194005E+00
    4.964101E-04    8.599386E-03    4.151330E-02    7.416589E-01    1.441692E+00    1.147078E+00
    5.132169E-04    8.890531E-03    4.291848E-02    7.647718E-01    1.470413E+00    1.102114E+00
    5.305370E-04    9.190565E-03    4.436653E-02    7.883916E-01    1.498284E+00    1.059983E+00
    5.483825E-04    9.499702E-03    4.585848E-02    8.125116E-01    1.525164E+00    1.021506E+00
    5.667661E-04    9.818160E-03    4.739538E-02    8.371231E-01    1.550909E+00    9.874155E-01
    5.857003E-04    1.014616E-02    4.897827E-02    8.622157E-01    1.575368E+00    9.583099E-01
    6.051979E-04    1.048391E-02    5.060820E-02    8.877766E-01    1.598390E+00    9.346156E-01
    6.252717E-04    1.083165E-02    5.228625E-02    9.137910E-01    1.619819E+00    9.165463E-01
    6.459346E-04    1.118959E-02    5.401350E-02    9.402417E-01    1.639501E+00    9.040726E-01
    6.671996E-04    1.155796E-02    5.579101E-02    9.671090E-01    1.657285E+00    8.969017E-01
    6.890798E-04    1.193698E-02    5.761987E-02    9.943706E-01    1.673022E+00    8.944718E-01
    7.115884E-04    1.232689E-02    5.950119E-02    1.022001E+00    1.686570E+00    8.959663E-01
    7.347386E-04    1.272792E-02    6.143605E-02    1.049974E+00    1.697797E+00    9.003490E-01
    7.585436E-04    1.314028E-02    6.342556E-02    1.078257E+00    1.706585E+00    9.064226E-01
    7.830169E-04    1.356422E-02    6.547081E-02    1.106817E+00    1.712827E+00    9.129095E-01
    8.081716E-04    1.399997E-02    6.757292E-02    1.135617E+00    1.716441E+00    9.185510E-01
    8.340213E-04    1.444775E-02    6.973299E-02    1.164618E+00    1.717362E+00    9.222184E-01
    8.605794E-04    1.490781E-02    7.195213E-02    1.193775E+00    1.715555E+00    9.230265E-01
    8.878593E-04    1.538036E-02    7.423146E-02    1.223043E+00    1.711015E+00    9.204357E-01
    9.158744E-04    1.586565E-02    7.657207E-02    1.252372E+00    1.703768E+00    9.143283E-01
    9.446382E-04    1.636391E-02    7.897509E-02    1.281709E+00    1.693879E+00    9.050449E-01
    9.741642E-04    1.687537E-02    8.144161E-02    1.310999E+00    1.681451E+00    8.933678E-01
    1.004466E-03    1.740027E-02    8.397274E-02    1.340183E+00    1.666633E+00    8.804442E-01
    1.035557E-03    1.793883E-02    8.656959E-02    1.369199E+00    1.649613E+00    8.676500E-01
    1.067450E-03    1.849129E-02    8.923326E-02    1.397984E+00    1.630628E+00    8.564043E-01
    1.100159E-03    1.905788E-02    9.196484E-02    1.426471E+00    1.609957E+00    8.479572E-01
    1.133697E-03    1.963883E-02    9.476543E-02    1.454592E+00    1.587924E+00    8.431821E-01
    1.168078E-03    2.023438E-02    9.763612E-02    1.482278E+00    1.564892E+00    8.424113E-01
    1.203315E-03    2.084475E-02    1.005780E-01    1.509456E+00    1.541262E+00    8.453526E-01
    1.239421E-03    2.147017E-02    1.035922E-01    1.536056E+00    1.517464E+00    8.511167E-01
    1.276410E-03    2.211088E-02    1.066796E-01    1.562004E+00    1.493948E+00    8.583663E-01
    1.314294E-03    2.276710E-02    1.098416E-01    1.587231E+00    1.471180E+00    8.655736E-01
    1.353088E-03    2.343907E-02    1.130790E-01    1.611666E+00    1.449627E+00    8.713427E-01
    1.392803E-03    2.412700E-02    1.163929E-01    1.635239E+00    1.429742E+00    8.747282E-01
    1.433454E-03    2.483113E-02    1.197845E-01    1.657887E+00    1.411957E+00    8.754716E-01
    1.475054E-03    2.555169E-02    1.232548E-01    1.679546E+00    1.396662E+00    8.740797E-01
    1.517615E-03    2.628890E-02    1.268048E-01    1.700159E+00    1.384195E+00    8.717042E-01
    1.561151E-03    2.704299E-02    1.304356E-01    1.719674E+00    1.374823E+00    8.698327E-01
    1.605675E-03    2.781419E-02    1.341482E-01    1.738046E+00    1.368734E+00    8.698601E-01
    1.651200E-03    2.860273E-02    1.379437E-01    1.755236E+00    1.366025E+00    8.726618E-01
    1.697739E-03    2.940882E-02    1.418232E-01    1.771215E+00    1.366689E+00    8.783100E-01
    1.745306E-03    3.023271E-02    1.457876E-01    1.785963E+00    1.370616E+00    8.860447E-01
    1.793913E-03    3.107462E-02    1.498381E-01    1.799471E+00    1.377593E+00    8.945284E-01
    1.843575E-03    3.193477E-02    1.539756E-01    1.811739E+00    1.387305E+00    9.023497E-01
    1.894304E-03    3.281341E-02    1.582013E-01    1.822783E+00    1.399351E+00    9.085416E-01
    1.946113E-03    3.371076E-02    1.625161E-01    1.832629E+00    1.413255E+00    9.129619E-01
    1.999017E-03    3.462705E-02    1.669212E-01    1.841319E+00    1.428492E+00    9.163361E-01
    2.053029E-03    3.556253E-02    1.714176E-01    1.848908E+00    1.444513E+00    9.199236E-01
    2.108162E-03    3.651742E-02    1.760063E-01    1.855466E+00    1.460775E+00    9.249357E-01
    2.164433E-03    3.749199E-02    1.806887E-01    1.861075E+00    1.476765E+00    9.319698E-01
    2.171962E-03    3.762238E-02    1.813150E-01    1.861751E+00    1.478836E+00    9.330463E-01
    2.179510E-03    3.775311E-02    1.819430E-01    1.862413E+00    1.480893E+00    9.341524E-01
    2.187078E-03    3.788420E-02    1.825727E-01    1.863060E+00    1.482936E+00    9.352862E-01
    2.194667E-03    3.801563E-02    1.832040E-01    1.863693E+00    1.484964E+00    9.364454E-01
    2.202276E-03    3.814741E-02    1.838370E-01    1.864312E+00    1.486976E+00    9.376275E-01
    2.209905E-03    3.827954E-02    1.844717E-01    1.864918E+00    1.488971E+00    9.388301E-01
    2.217555E-03    3.841202E-02    1.851080E-01    1.865511E+00    1.490949E+00    9.400505E-01
    2.225225E-03    3.854486E-02    1.857460E-01    1.866090E+00    1.492909E+00    9.412858E-01
    2.232915E-03    3.867804E-02    1.863856E-01    1.866657E+00    1.494850E+00    9.425334E-01
    2.240625E-03    3.881158E-02    1.870269E-01    1.867211E+00    1.496772E+00    9.437903E-01
    2.248356E-03    3.894547E-02    1.876699E-01    1.867753E+00    1.498674E+00    9.450536E-01
    2.256107E-03    3.907971E-02    1.883146E-01    1.868284E+00    1.500555E+00    9.463206E-01
    2.263878E-03    3.921431E-02    1.889609E-01    1.868802E+00    1.502415E+00    9.475883E-01
    2.271670E-03    3.934926E-02    1.896090E-01    1.869310E+00    1.504254E+00    9.488542E-01
    2.279483E-03    3.948456E-02    1.902587E-01    1.869807E+00    1.506071E+00    9.501156E-01
    2.287315E-03    3.962021E-02    1.909101E-01    1.870293E+00    1.507866E+00    9.513700E-01
    2.295169E-03    3.975623E-02    1.915631E-01    1.870768E+00    1.509638E+00    9.526152E-01
    2.303042E-03    3.989259E-02    1.922179E-01    1.871234E+00    1.511388E+00    9.538489E-01
    2.310937E-03    4.002931E-02    1.928743E-01    1.871691E+00    1.513114E+00    9.550694E-01
    2.318851E-03    4.016638E-02    1.935324E-01    1.872137E+00    1.514817E+00    9.562750E-01
    2.326787E-03    4.030381E-02    1.941922E-01    1.872575E+00    1.516497E+00    9.574641E-01
    2.334742E-03    4.044160E-02    1.948536E-01    1.873005E+00    1.518153E+00    9.586355E-01
    2.342718E-03    4.057973E-02    1.955168E-01    1.873426E+00    1.519785E+00    9.597885E-01
    2.350715E-03    4.071823E-02    1.961816E-01    1.873839E+00    1.521394E+00    9.609222E-01
    2.358732E-03    4.085707E-02    1.968481E-01    1.874245E+00    1.522980E+00    9.620363E-01
    2.366770E-03    4.099628E-02    1.975163E-01    1.874644E+00    1.524542E+00    9.631307E-01
    2.374828E-03    4.113583E-02    1.981862E-01    1.875035E+00    1.526080E+00    9.642056E-01
    2.382907E-03    4.127575E-02    1.988577E-01    1.875421E+00    1.527596E+00    9.652614E-01
    2.391006E-03    4.141601E-02    1.995310E-01    1.875800E+00    1.529088E+00    9.662988E-01
    2.399126E-03    4.155663E-02    2.002059E-01    1.876174E+00    1.530557E+00    9.673187E-01
    2.407266E-03    4.169761E-02    2.008825E-01    1.876542E+00    1.532005E+00    9.683224E-01
    2.415426E-03    4.183894E-02    2.015608E-01    1.876905E+00    1.533430E+00    9.693112E-01
    2.423607E-03    4.198062E-02    2.022407E-01    1.877264E+00    1.534833E+00    9.702868E-01
    2.431809E-03    4.212266E-02    2.029223E-01    1.877618E+00    1.536215E+00    9.712509E-01
    2.440030E-03    4.226505E-02    2.036056E-01    1.877969E+00    1.537577E+00    9.722054E-01
    2.448273E-03    4.240779E-02    2.042906E-01    1.878316E+00    1.538918E+00    9.731525E-01
    2.456535E-03    4.255089E-02    2.049772E-01    1.878660E+00    1.540239E+00    9.740942E-01
    2.464818E-03    4.269433E-02    2.056655E-01    1.879002E+00    1.541541E+00    9.750329E-01
    2.473121E-03    4.283813E-02    2.063555E-01    1.879342E+00    1.542824E+00    9.759707E-01
    2.481445E-03    4.298228E-02    2.070471E-01    1.879679E+00    1.544090E+00    9.769100E-01
    2.489789E-03    4.312678E-02    2.077404E-01    1.880016E+00    1.545339E+00    9.778531E-01
    2.498153E-03    4.327163E-02    2.084353E-01    1.880351E+00    1.546571E+00    9.788021E-01
    2.506537E-03    4.341684E-02    2.091319E-01    1.880685E+00    1.547787E+00    9.797594E-01
    2.514941E-03    4.356239E-02    2.098302E-01    1.881020E+00    1.548988E+00    9.807268E-01
    2.523366E-03    4.370828E-02    2.105301E-01    1.881355E+00    1.550176E+00    9.817065E-01
    2.531810E-03    4.385453E-02    2.112316E-01    1.881690E+00    1.551350E+00    9.827002E-01
    2.540275E-03    4.400112E-02    2.119348E-01    1.882026E+00    1.552512E+00    9.837096E-01
    2.548760E-03    4.414806E-02    2.126396E-01    1.882364E+00    1.553662E+00    9.847361E-01
    2.557264E-03    4.429534E-02    2.133460E-01    1.882704E+00    1.554802E+00    9.857811E-01
    2.565788E-03    4.444296E-02    2.140541E-01    1.883046E+00    1.555932E+00    9.868455E-01
    2.574332E-03    4.459093E-02    2.147638E-01    1.883391E+00    1.557053E+00    9.879302E-01
    2.582896E-03    4.473924E-02    2.154751E-01    1.883739E+00    1.558167E+00    9.890360E-01
    2.591480E-03    4.488789E-02    2.161880E-01    1.884090E+00    1.559275E+00    9.901630E-01
    2.600083E-03    4.503688E-02    2.169025E-01    1.884446E+00    1.560376E+00    9.913116E-01
    2.608705E-03    4.518620E-02    2.176186E-01    1.884806E+00    1.561473E+00    9.924818E-01
    2.617347E-03    4.533587E-02    2.183362E-01    1.885170E+00    1.562567E+00    9.936731E-01
    2.626009E-03    4.548586E-02    2.190555E-01    1.885540E+00    1.563658E+00    9.948853E-01
    2.634689E-03    4.563619E-02    2.197763E-01    1.885916E+00    1.564747E+00    9.961176E-01
    2.643389E-03    4.578685E-02    2.204987E-01    1.886298E+00    1.565836E+00    9.973692E-01
    2.652107E-03    4.593784E-02    2.212227E-01    1.886686E+00    1.566926E+00    9.986392E-01
    2.660845E-03    4.608916E-02    2.219482E-01    1.887081E+00    1.568017E+00    9.999264E-01
    2.669601E-03    4.624080E-02    2.226752E-01    1.887484E+00    1.569111E+00    1.001230E+00
    2.678376E-03    4.639276E-02    2.234038E-01    1.887894E+00    1.570209E+00    1.002547E+00
    2.687170E-03    4.654505E-02    2.241338E-01    1.888312E+00    1.571311E+00    1.003879E+00
    2.695982E-03    4.669765E-02    2.248654E-01    1.888739E+00    1.572419E+00    1.005221E+00
    2.704812E-03    4.685057E-02    2.255985E-01    1.889175E+00    1.573534E+00    1.006575E+00
    2.713661E-03    4.700381E-02    2.263331E-01    1.889620E+00    1.574657E+00    1.007937E+00
    2.722528E-03    4.715736E-02    2.270691E-01    1.890075E+00    1.575788E+00    1.009307E+00
    2.731412E-03    4.731122E-02    2.278066E-01    1.890541E+00    1.576929E+00    1.010682E+00
    2.740314E-03    4.746538E-02    2.285455E-01    1.891016E+00    1.578081E+00    1.012063E+00
    2.749234E-03    4.761985E-02    2.292859E-01    1.891503E+00    1.579245E+00    1.013446E+00
    2.758171E-03    4.777462E-02    2.300276E-01    1.892001E+00    1.580420E+00    1.014832E+00
    2.767125E-03    4.792968E-02    2.307708E-01    1.892511E+00    1.581610E+00    1.016220E+00
    2.776096E-03    4.808504E-02    2.315154E-01    1.893033E+00    1.582813E+00    1.017607E+00
    2.785085E-03    4.824070E-02    2.322614E-01    1.893567E+00    1.584031E+00    1.018994E+00
    2.794090E-03    4.839664E-02    2.330087E-01    1.894114E+00    1.585265E+00    1.020380E+00
    2.803111E-03    4.855287E-02    2.337574E-01    1.894675E+00    1.586516E+00    1.021763E+00
    2.812149E-03    4.870939E-02    2.345074E-01    1.895249E+00    1.587783E+00    1.023145E+00
    2.821203E-03    4.886618E-02    2.352587E-01    1.895837E+00    1.589069E+00    1.024524E+00
    2.830273E-03    4.902325E-02    2.360113E-01    1.896439E+00    1.590373E+00    1.025900E+00
    2.839359E-03    4.918059E-02    2.367652E-01    1.897055E+00    1.591697E+00    1.027274E+00
    2.848461E-03    4.933821E-02    2.375204E-01    1.897687E+00    1.593040E+00    1.028645E+00
    2.857578E-03    4.949609E-02    2.382768E-01    1.898333E+00    1.594403E+00    1.030013E+00
    2.866710E-03    4.965423E-02    2.390345E-01    1.898996E+00    1.595788E+00    1.031379E+00
    2.875857E-03    4.981264E-02    2.397934E-01    1.899674E+00    1.597194E+00    1.032744E+00
    2.885019E-03    4.997130E-02    2.405536E-01    1.900368E+00    1.598621E+00    1.034107E+00
    2.894196E-03    5.013022E-02    2.413149E-01    1.901079E+00    1.600071E+00    1.035469E+00
    2.903387E-03    5.028939E-02    2.420774E-01    1.901806E+00    1.601544E+00    1.036831E+00
    2.912593E-03    5.044880E-02    2.428411E-01    1.902550E+00    1.603039E+00    1.038194E+00
    2.921813E-03    5.060847E-02    2.436059E-01    1.903312E+00    1.604558E+00    1.039558E+00
    2.931047E-03    5.076837E-02    2.443718E-01    1.904091E+00    1.606100E+00    1.040923E+00
    2.940295E-03    5.092851E-02    2.451389E-01    1.904888E+00    1.607667E+00    1.042291E+00
    2.949556E-03    5.108890E-02    2.459071E-01    1.905702E+00    1.609257E+00    1.043661E+00
    2.958831E-03    5.124951E-02    2.466765E-01    1.906535E+00    1.610872E+00    1.045036E+00
    2.968120E-03    5.141036E-02    2.474468E-01    1.907387E+00    1.612511E+00    1.046414E+00
    2.977421E-03    5.157144E-02    2.482183E-01    1.908257E+00    1.614175E+00    1.047797E+00
    2.986736E-03    5.173274E-02    2.489909E-01    1.909146E+00    1.615863E+00    1.049186E+00
    2.996064E-03    5.189427E-02    2.497645E-01    1.910054E+00    1.617577E+00    1.050580E+00
    3.005405E-03    5.205603E-02    2.505391E-01    1.910982E+00    1.619316E+00    1.051981E+00
    3.014758E-03    5.221800E-02    2.513148E-01    1.911929E+00    1.621079E+00    1.053388E+00
    3.024124E-03    5.238020E-02    2.520916E-01    1.912895E+00    1.622868E+00    1.054802E+00
    3.033503E-03    5.254261E-02    2.528693E-01    1.913882E+00    1.624681E+00    1.056223E+00
    3.042895E-03    5.270524E-02    2.536481E-01    1.914888E+00    1.626520E+00    1.057652E+00
    3.052299E-03    5.286809E-02    2.544279E-01    1.915915E+00    1.628384E+00    1.059088E+00
    3.061715E-03    5.303115E-02    2.552087E-01    1.916962E+00    1.630273E+00    1.060531E+00
    3.071144E-03    5.319442E-02    2.559905E-01    1.918030E+00    1.632187E+00    1.061982E+00
    3.080585E-03    5.335791E-02    2.567733E-01    1.919118E+00    1.634126E+00    1.063440E+00
    3.090038E-03    5.352161E-02    2.575571E-01    1.920227E+00    1.636089E+00    1.064905E+00
    3.099504E-03    5.368553E-02    2.583419E-01    1.921357E+00    1.638077E+00    1.066378E+00
    3.108982E-03    5.384965E-02    2.591277E-01    1.922508E+00    1.640090E+00    1.067858E+00
    3.118472E-03    5.401399E-02    2.599145E-01    1.923680E+00    1.642128E+00    1.069344E+00
    3.127974E-03    5.417855E-02    2.607023E-01    1.924873E+00    1.644189E+00    1.070838E+00
    3.137489E-03    5.434332E-02    2.614911E-01    1.926088E+00    1.646275E+00    1.072338E+00
    3.147017E-03    5.450830E-02    2.622810E-01    1.927325E+00    1.648384E+00    1.073844E+00
    3.156556E-03    5.467350E-02    2.630718E-01    1.928583E+00    1.650518E+00    1.075356E+00
    3.166109E-03    5.483891E-02    2.638637E-01    1.929863E+00    1.652675E+00    1.076874E+00
    3.175674E-03    5.500454E-02    2.646565E-01    1.931165E+00    1.654855E+00    1.078398E+00
    3.185251E-03    5.517039E-02    2.654504E-01    1.932489E+00    1.657058E+00    1.079928E+00
    3.194841E-03    5.533646E-02    2.662454E-01    1.933835E+00    1.659284E+00    1.081463E+00
    3.204444E-03    5.550275E-02    2.670414E-01    1.935203E+00    1.661532E+00    1.083004E+00
    3.214061E-03    5.566927E-02    2.678384E-01    1.936594E+00    1.663803E+00    1.084549E+00
    3.223690E-03    5.583602E-02    2.686365E-01    1.938007E+00    1.666096E+00    1.086100E+00
    3.233332E-03    5.600299E-02    2.694357E-01    1.939442E+00    1.668410E+00    1.087656E+00
    3.242988E-03    5.617019E-02    2.702360E-01    1.940900E+00    1.670745E+00    1.089218E+00
    3.252657E-03    5.633762E-02    2.710374E-01    1.942381E+00    1.673101E+00    1.090784E+00
    3.262339E-03    5.650530E-02    2.718398E-01    1.943885E+00    1.675477E+00    1.092355E+00
    3.272036E-03    5.667320E-02    2.726434E-01    1.945411E+00    1.677874E+00    1.093931E+00
    3.281746E-03    5.684135E-02    2.734482E-01    1.946961E+00    1.680290E+00    1.095512E+00
    3.291471E-03    5.700975E-02    2.742541E-01    1.948534E+00    1.682725E+00    1.097098E+00
    3.301210E-03    5.717839E-02    2.750611E-01    1.950129E+00    1.685180E+00    1.098689E+00
    3.310963E-03    5.734728E-02    2.758693E-01    1.951748E+00    1.687652E+00    1.100284E+00
    3.320731E-03    5.751642E-02    2.766787E-01    1.953391E+00    1.690143E+00    1.101884E+00
    3.330514E-03    5.768582E-02    2.774894E-01    1.955057E+00    1.692651E+00    1.103489E+00
    3.340311E-03    5.785549E-02    2.783012E-01    1.956746E+00    1.695175E+00    1.105099E+00
    3.350124E-03    5.802541E-02    2.791143E-01    1.958459E+00    1.697717E+00    1.106714E+00
    3.359952E-03    5.819560E-02    2.799286E-01    1.960195E+00    1.700274E+00    1.108333E+00
    3.369796E-03    5.836606E-02    2.807442E-01    1.961956E+00    1.702847E+00    1.109958E+00
    3.379656E-03    5.853679E-02    2.815612E-01    1.963740E+00    1.705434E+00    1.111587E+00
    3.389532E-03    5.870780E-02    2.823794E-01    1.965548E+00    1.708037E+00    1.113222E+00
    3.399424E-03    5.887910E-02    2.831989E-01    1.967380E+00    1.710653E+00    1.114861E+00
    3.409332E-03    5.905067E-02    2.840198E-01    1.969237E+00    1.713283E+00    1.116506E+00
    3.419257E-03    5.922254E-02    2.848420E-01    1.971117E+00    1.715925E+00    1.118157E+00
    3.429199E-03    5.939470E-02    2.856656E-01    1.973022E+00    1.718580E+00    1.119813E+00
    3.439159E-03    5.956715E-02    2.864907E-01    1.974950E+00    1.721248E+00    1.121476E+00
    3.449135E-03    5.973990E-02    2.873171E-01    1.976904E+00    1.723926E+00    1.123144E+00
    3.459129E-03    5.991296E-02    2.881450E-01    1.978881E+00    1.726616E+00    1.124819E+00
    3.469141E-03    6.008633E-02    2.889743E-01    1.980884E+00    1.729317E+00    1.126500E+00
    3.479171E-03    6.026000E-02    2.898050E-01    1.982910E+00    1.732028E+00    1.128188E+00
    3.489219E-03    6.043399E-02    2.906373E-01    1.984962E+00    1.734749E+00    1.129883E+00
    3.499285E-03    6.060831E-02    2.914711E-01    1.987038E+00    1.737480E+00    1.131586E+00
    3.509370E-03    6.078294E-02    2.923064E-01    1.989139E+00    1.740219E+00    1.133295E+00
    3.519474E-03    6.095790E-02    2.931432E-01    1.991264E+00    1.742968E+00    1.135011E+00
    3.529597E-03    6.113319E-02    2.939816E-01    1.993415E+00    1.745725E+00    1.136735E+00
    3.539740E-03    6.130882E-02    2.948216E-01    1.995590E+00    1.748490E+00    1.138466E+00
    3.549902E-03    6.148478E-02    2.956632E-01    1.997790E+00    1.751264E+00    1.140205E+00
    3.560084E-03    6.166109E-02    2.965064E-01    2.000015E+00    1.754045E+00    1.141951E+00
    3.570285E-03    6.183774E-02    2.973512E-01    2.002265E+00    1.756834E+00    1.143704E+00
    3.580507E-03    6.201475E-02    2.981977E-01    2.004541E+00    1.759631E+00    1.145465E+00
    3.590750E-03    6.219210E-02    2.990458E-01    2.006841E+00    1.762435E+00    1.147233E+00
    3.601013E-03    6.236982E-02    2.998956E-01    2.009166E+00    1.765246E+00    1.149008E+00
    3.611297E-03    6.254790E-02    3.007472E-01    2.011516E+00    1.768065E+00    1.150790E+00
    3.621602E-03    6.272634E-02    3.016004E-01    2.013892E+00    1.770890E+00    1.152579E+00
    3.631929E-03    6.290515E-02    3.024554E-01    2.016292E+00    1.773723E+00    1.154374E+00
    3.642277E-03    6.308433E-02    3.033122E-01    2.018718E+00    1.776564E+00    1.156177E+00
    3.652646E-03    6.326389E-02    3.041707E-01    2.021168E+00    1.779411E+00    1.157986E+00
    3.663038E-03    6.344383E-02    3.050310E-01    2.023644E+00    1.782266E+00    1.159802E+00
    3.673452E-03    6.362415E-02    3.058932E-01    2.026145E+00    1.785129E+00    1.161624E+00
    3.683888E-03    6.380486E-02    3.067571E-01    2.028671E+00    1.787999E+00    1.163453E+00
    3.694347E-03    6.398596E-02    3.076229E-01    2.031221E+00    1.790877E+00    1.165288E+00
    3.704829E-03    6.416746E-02    3.084906E-01    2.033797E+00    1.793763E+00    1.167129E+00
    3.715333E-03    6.434935E-02    3.093601E-01    2.036398E+00    1.796658E+00    1.168976E+00
    3.725861E-03    6.453165E-02    3.102316E-01    2.039024E+00    1.799560E+00    1.170829E+00
    3.736412E-03    6.471435E-02    3.111049E-01    2.041674E+00    1.802472E+00    1.172688E+00
    3.746987E-03    6.489746E-02    3.119802E-01    2.044349E+00    1.805392E+00    1.174553E+00
    3.757586E-03    6.508098E-02    3.128574E-01    2.047050E+00    1.808321E+00    1.176424E+00
    3.768208E-03    6.526491E-02    3.137366E-01    2.049774E+00    1.811260E+00    1.178301E+00
    3.778855E-03    6.544927E-02    3.146177E-01    2.052524E+00    1.814209E+00    1.180184E+00
    3.789526E-03    6.563405E-02    3.155009E-01    2.055298E+00    1.817167E+00    1.182073E+00
    3.800222E-03    6.581925E-02    3.163860E-01    2.058096E+00    1.820136E+00    1.183967E+00
    3.810943E-03    6.600488E-02    3.172732E-01    2.060919E+00    1.823115E+00    1.185868E+00
    3.821689E-03    6.619095E-02    3.181624E-01    2.063766E+00    1.826105E+00    1.187776E+00
    3.832459E-03    6.637745E-02    3.190537E-01    2.066637E+00    1.829106E+00    1.189689E+00
    3.843256E-03    6.656439E-02    3.199470E-01    2.069532E+00    1.832118E+00    1.191609E+00
    3.854077E-03    6.675177E-02    3.208424E-01    2.072451E+00    1.835142E+00    1.193536E+00
    3.864925E-03    6.693959E-02    3.217399E-01    2.075394E+00    1.838177E+00    1.195470E+00
    3.875798E-03    6.712787E-02    3.226396E-01    2.078361E+00    1.841224E+00    1.197410E+00
    3.886698E-03    6.731660E-02    3.235413E-01    2.081351E+00    1.844284E+00    1.199358E+00
    3.897623E-03    6.750578E-02    3.244452E-01    2.084364E+00    1.847356E+00    1.201313E+00
    3.908576E-03    6.769542E-02    3.253513E-01    2.087401E+00    1.850441E+00    1.203276E+00
    3.919555E-03    6.788552E-02    3.262595E-01    2.090461E+00    1.853538E+00    1.205246E+00
    3.930560E-03    6.807608E-02    3.271699E-01    2.093544E+00    1.856648E+00    1.207224E+00
    3.941593E-03    6.826711E-02    3.280826E-01    2.096650E+00    1.859771E+00    1.209209E+00
    3.952653E-03    6.845861E-02    3.289974E-01    2.099779E+00    1.862907E+00    1.211202E+00
    3.963740E-03    6.865059E-02    3.299145E-01    2.102930E+00    1.866057E+00    1.213203E+00
    3.974855E-03    6.884304E-02    3.308338E-01    2.106103E+00    1.869220E+00    1.215212E+00
    3.985997E-03    6.903597E-02    3.317553E-01    2.109299E+00    1.872396E+00    1.217228E+00
    3.997167E-03    6.922938E-02    3.326792E-01    2.112516E+00    1.875586E+00    1.219253E+00
    4.008365E-03    6.942328E-02    3.336053E-01    2.115755E+00    1.878790E+00    1.221285E+00
    4.019592E-03    6.961766E-02    3.345337E-01    2.119016E+00    1.882007E+00    1.223325E+00
    4.030847E-03    6.981254E-02    3.354644E-01    2.122298E+00    1.885238E+00    1.225373E+00
    4.080594E-03    7.067390E-02    3.395779E-01    2.136955E+00    1.899582E+00    1.234456E+00
    4.130904E-03    7.154501E-02    3.437372E-01    2.152003E+00    1.914193E+00    1.243684E+00
    4.181791E-03    7.242608E-02    3.479435E-01    2.167423E+00    1.929072E+00    1.253051E+00
    4.233265E-03    7.331733E-02    3.521976E-01    2.183197E+00    1.944222E+00    1.262551E+00
    4.285341E-03    7.421898E-02    3.565006E-01    2.199307E+00    1.959652E+00    1.272188E+00
    4.338028E-03    7.513122E-02    3.608534E-01    2.215734E+00    1.975370E+00    1.281974E+00
    4.391340E-03    7.605426E-02    3.652569E-01    2.232463E+00    1.991386E+00    1.291917E+00
    4.445286E-03    7.698828E-02    3.697119E-01    2.249478E+00    2.007706E+00    1.302021E+00
    4.499878E-03    7.793346E-02    3.742194E-01    2.266767E+00    2.024332E+00    1.312289E+00
    4.555125E-03    7.888999E-02    3.787801E-01    2.284319E+00    2.041261E+00    1.322716E+00
    4.611038E-03    7.985804E-02    3.833948E-01    2.302127E+00    2.058480E+00    1.333297E+00
    4.667627E-03    8.083777E-02    3.880643E-01    2.320187E+00    2.075976E+00    1.344029E+00
    4.724901E-03    8.182935E-02    3.927892E-01    2.338497E+00    2.093731E+00    1.354915E+00
    4.782868E-03    8.283295E-02    3.975704E-01    2.357057E+00    2.111730E+00    1.365963E+00
    4.841540E-03    8.384871E-02    4.024085E-01    2.375873E+00    2.129962E+00    1.377182E+00
    4.900923E-03    8.487678E-02    4.073042E-01    2.394951E+00    2.148424E+00    1.388574E+00
    4.961027E-03    8.591733E-02    4.122582E-01    2.414298E+00    2.167118E+00    1.400140E+00
    5.021860E-03    8.697048E-02    4.172710E-01    2.433924E+00    2.186052E+00    1.411874E+00
    5.083430E-03    8.803639E-02    4.223434E-01    2.453839E+00    2.205235E+00    1.423773E+00
    5.145746E-03    8.911519E-02    4.274760E-01    2.474055E+00    2.224679E+00    1.435840E+00
    5.208815E-03    9.020703E-02    4.326692E-01    2.494580E+00    2.244393E+00    1.448079E+00
    5.272646E-03    9.131203E-02    4.379239E-01    2.515425E+00    2.264386E+00    1.460499E+00
    5.337245E-03    9.243033E-02    4.432404E-01    2.536597E+00    2.284666E+00    1.473103E+00
    5.402622E-03    9.356207E-02    4.486195E-01    2.558103E+00    2.305243E+00    1.485890E+00
    5.468782E-03    9.470737E-02    4.540616E-01    2.579950E+00    2.326125E+00    1.498857E+00
    5.535735E-03    9.586637E-02    4.595673E-01    2.602139E+00    2.347320E+00    1.512001E+00
    5.603486E-03    9.703918E-02    4.651372E-01    2.624674E+00    2.368831E+00    1.525328E+00
    5.672045E-03    9.822595E-02    4.707719E-01    2.647556E+00    2.390660E+00    1.538841E+00
    5.741417E-03    9.942679E-02    4.764718E-01    2.670785E+00    2.412805E+00    1.552547E+00
    5.811611E-03    1.006418E-01    4.822375E-01    2.694363E+00    2.435258E+00    1.566448E+00
    5.882633E-03    1.018712E-01    4.880695E-01    2.718289E+00    2.458014E+00    1.580540E+00
    5.954491E-03    1.031150E-01    4.939685E-01    2.742565E+00    2.481066E+00    1.594822E+00
    6.027192E-03    1.043734E-01    4.999348E-01    2.767193E+00    2.504413E+00    1.609296E+00
    6.100744E-03    1.056465E-01    5.059691E-01    2.792176E+00    2.528055E+00    1.623967E+00
    6.175154E-03    1.069345E-01    5.120718E-01    2.817519E+00    2.551993E+00    1.638842E+00
    6.250428E-03    1.082373E-01    5.182435E-01    2.843227E+00    2.576231E+00    1.653920E+00
    6.326575E-03    1.095553E-01    5.244848E-01    2.869306E+00    2.600772E+00    1.669200E+00
    6.403602E-03    1.108885E-01    5.307962E-01    2.895763E+00    2.625620E+00    1.684682E+00
    6.481516E-03    1.122370E-01    5.371781E-01    2.922604E+00    2.650782E+00    1.700368E+00
    6.560324E-03    1.136010E-01    5.436312E-01    2.949834E+00    2.676266E+00    1.716263E+00
    6.640035E-03    1.149805E-01    5.501560E-01    2.977459E+00    2.702085E+00    1.732373E+00
    6.720655E-03    1.163758E-01    5.567531E-01    3.005482E+00    2.728249E+00    1.748695E+00
    6.802192E-03    1.177870E-01    5.634229E-01    3.033904E+00    2.754764E+00    1.765230E+00
    6.884655E-03    1.192141E-01    5.701661E-01    3.062726E+00    2.781632E+00    1.781979E+00
    6.968050E-03    1.206574E-01    5.769832E-01    3.091946E+00    2.808850E+00    1.798945E+00
    7.052386E-03    1.221169E-01    5.838748E-01    3.121564E+00    2.836412E+00    1.816135E+00
    7.137670E-03    1.235928E-01    5.908414E-01    3.151574E+00    2.864317E+00    1.833548E+00
    7.223911E-03    1.250852E-01    5.978836E-01    3.181977E+00    2.892563E+00    1.851184E+00
    7.311116E-03    1.265943E-01    6.050021E-01    3.212768E+00    2.921153E+00    1.869044E+00
    7.399294E-03    1.281202E-01    6.121974E-01    3.243947E+00    2.950091E+00    1.887133E+00
    7.488453E-03    1.296631E-01    6.194701E-01    3.275514E+00    2.979380E+00    1.905454E+00
    7.578602E-03    1.312231E-01    6.268208E-01    3.307472E+00    3.009023E+00    1.924009E+00
    7.669748E-03    1.328003E-01    6.342501E-01    3.339823E+00    3.039023E+00    1.942798E+00
    7.761901E-03    1.343948E-01    6.417587E-01    3.372571E+00    3.069390E+00    1.961822E+00
    7.855069E-03    1.360070E-01    6.493472E-01    3.405723E+00    3.100132E+00    1.981086E+00
    7.949262E-03    1.376368E-01    6.570162E-01    3.439283E+00    3.131258E+00    2.000593E+00
    8.044487E-03    1.392845E-01    6.647665E-01    3.473260E+00    3.162774E+00    2.020345E+00
    8.140754E-03    1.409501E-01    6.725985E-01    3.507657E+00    3.194681E+00    2.040341E+00
    8.238072E-03    1.426340E-01    6.805131E-01    3.542481E+00    3.226978E+00    2.060584E+00
    8.336451E-03    1.443361E-01    6.885109E-01    3.577737E+00    3.259665E+00    2.081080E+00
    8.435899E-03    1.460567E-01    6.965926E-01    3.613430E+00    3.292742E+00    2.101830E+00
    8.536427E-03    1.477960E-01    7.047588E-01    3.649564E+00    3.326212E+00    2.122834E+00
    8.638044E-03    1.495541E-01    7.130104E-01    3.686145E+00    3.360077E+00    2.144096E+00
    8.740760E-03    1.513312E-01    7.213480E-01    3.723177E+00    3.394341E+00    2.165618E+00
    8.844585E-03    1.531274E-01    7.297724E-01    3.760666E+00    3.429009E+00    2.187405E+00
    8.949529E-03    1.549429E-01    7.382843E-01    3.798618E+00    3.464088E+00    2.209456E+00
    9.055603E-03    1.567780E-01    7.468845E-01    3.837037E+00    3.499588E+00    2.231775E+00
    9.162816E-03    1.586327E-01    7.555737E-01    3.875931E+00    3.535515E+00    2.254365E+00
    9.271179E-03    1.605073E-01    7.643527E-01    3.915304E+00    3.571873E+00    2.277229E+00
    9.380702E-03    1.624020E-01    7.732223E-01    3.955161E+00    3.608664E+00    2.300368E+00
    9.491398E-03    1.643169E-01    7.821834E-01    3.995506E+00    3.645892E+00    2.323786E+00
    9.603276E-03    1.662522E-01    7.912367E-01    4.036341E+00    3.683557E+00    2.347485E+00
    9.716348E-03    1.682081E-01    8.003830E-01    4.077669E+00    3.721664E+00    2.371468E+00
    9.830625E-03    1.701848E-01    8.096233E-01    4.119494E+00    3.760212E+00    2.395738E+00
    9.946118E-03    1.721826E-01    8.189584E-01    4.161817E+00    3.799206E+00    2.420298E+00
    1.006284E-02    1.742015E-01    8.283891E-01    4.204642E+00    3.838653E+00    2.445150E+00
    1.018080E-02    1.762418E-01    8.379163E-01    4.247972E+00    3.878561E+00    2.470298E+00
    1.030001E-02    1.783038E-01    8.475410E-01    4.291813E+00    3.918938E+00    2.495744E+00
    1.042049E-02    1.803876E-01    8.572641E-01    4.336169E+00    3.959788E+00    2.521490E+00
    1.054224E-02    1.824934E-01    8.670864E-01    4.381045E+00    4.001116E+00    2.547542E+00
    1.066529E-02    1.846215E-01    8.770089E-01    4.426447E+00    4.042925E+00    2.573901E+00
    1.078963E-02    1.867720E-01    8.870326E-01    4.472380E+00    4.085219E+00    2.600569E+00
    1.091528E-02    1.889452E-01    8.971585E-01    4.518849E+00    4.128002E+00    2.627552E+00
    1.104227E-02    1.911413E-01    9.073874E-01    4.565860E+00    4.171275E+00    2.654851E+00
    1.117059E-02    1.933606E-01    9.177206E-01    4.613417E+00    4.215043E+00    2.682469E+00
    1.130027E-02    1.956032E-01    9.281589E-01    4.661528E+00    4.259315E+00    2.710411E+00
    1.143131E-02    1.978694E-01    9.387033E-01    4.710200E+00    4.304097E+00    2.738679E+00
    1.156373E-02    2.001594E-01    9.493550E-01    4.759439E+00    4.349397E+00    2.767276E+00
    1.169755E-02    2.024735E-01    9.601151E-01    4.809253E+00    4.395220E+00    2.796205E+00
    1.183277E-02    2.048119E-01    9.709845E-01    4.859650E+00    4.441570E+00    2.825472E+00
    1.196942E-02    2.071748E-01    9.819644E-01    4.910636E+00    4.488452E+00    2.855077E+00
    1.210750E-02    2.095626E-01    9.930558E-01    4.962216E+00    4.535869E+00    2.885026E+00
    1.224703E-02    2.119753E-01    1.004260E+00    5.014396E+00    4.583825E+00    2.915321E+00
    1.238803E-02    2.144134E-01    1.015578E+00    5.067179E+00    4.632327E+00    2.945966E+00
    1.253051E-02    2.168771E-01    1.027011E+00    5.120571E+00    4.681381E+00    2.976965E+00
    1.267449E-02    2.193665E-01    1.038561E+00    5.174576E+00    4.730996E+00    3.008321E+00
    1.281997E-02    2.218821E-01    1.050227E+00    5.229201E+00    4.781177E+00    3.040038E+00
    1.296699E-02    2.244240E-01    1.062013E+00    5.284451E+00    4.831931E+00    3.072120E+00
    1.311554E-02    2.269925E-01    1.073918E+00    5.340333E+00    4.883263E+00    3.104569E+00
    1.326565E-02    2.295879E-01    1.085945E+00    5.396854E+00    4.935177E+00    3.137391E+00
    1.341734E-02    2.322104E-01    1.098094E+00    5.454021E+00    4.987678E+00    3.170589E+00
    1.357062E-02    2.348605E-01    1.110366E+00    5.511838E+00    5.040773E+00    3.204167E+00
    1.372550E-02    2.375382E-01    1.122764E+00    5.570314E+00    5.094468E+00    3.238128E+00
    1.388201E-02    2.402440E-01    1.135288E+00    5.629455E+00    5.148772E+00    3.272477E+00
    1.404015E-02    2.429781E-01    1.147940E+00    5.689268E+00    5.203691E+00    3.307218E+00
    1.419996E-02    2.457407E-01    1.160720E+00    5.749761E+00    5.259232E+00    3.342355E+00
    1.436144E-02    2.485323E-01    1.173632E+00    5.810943E+00    5.315401E+00    3.377891E+00
    1.452461E-02    2.513531E-01    1.186675E+00    5.872822E+00    5.372201E+00    3.413832E+00
    1.468949E-02    2.542035E-01    1.199851E+00    5.935406E+00    5.429641E+00    3.450181E+00
    1.485610E-02    2.570836E-01    1.213162E+00    5.998701E+00    5.487727E+00    3.486942E+00
    1.502445E-02    2.599939E-01    1.226610E+00    6.062714E+00    5.546467E+00    3.524120E+00
    1.519457E-02    2.629346E-01    1.240195E+00    6.127453E+00    5.605869E+00    3.561720E+00
    1.536647E-02    2.659061E-01    1.253919E+00    6.192923E+00    5.665941E+00    3.599745E+00
    1.554017E-02    2.689086E-01    1.267784E+00    6.259132E+00    5.726687E+00    3.638200E+00
    1.571570E-02    2.719427E-01    1.281792E+00    6.326088E+00    5.788114E+00    3.677090E+00
    1.589306E-02    2.750084E-01    1.295943E+00    6.393798E+00    5.850230E+00    3.716418E+00
    1.607228E-02    2.781063E-01    1.310240E+00    6.462270E+00    5.913042E+00    3.756191E+00
    1.625338E-02    2.812366E-01    1.324684E+00    6.531512E+00    5.976558E+00    3.796412E+00
    1.643638E-02    2.843996E-01    1.339277E+00    6.601533E+00    6.040786E+00    3.837086E+00
    1.662130E-02    2.875958E-01    1.354020E+00    6.672339E+00    6.105735E+00    3.878218E+00
    1.680815E-02    2.908255E-01    1.368916E+00    6.743942E+00    6.171409E+00    3.919812E+00
    1.699697E-02    2.940890E-01    1.383965E+00    6.816349E+00    6.237818E+00    3.961875E+00
    1.718777E-02    2.973866E-01    1.399170E+00    6.889569E+00    6.304968E+00    4.004409E+00
    1.738057E-02    3.007189E-01    1.414533E+00    6.963613E+00    6.372868E+00    4.047422E+00
    1.757539E-02    3.040860E-01    1.430054E+00    7.038487E+00    6.441527E+00    4.090917E+00
    1.777226E-02    3.074885E-01    1.445737E+00    7.114200E+00    6.510953E+00    4.134899E+00
    1.797119E-02    3.109266E-01    1.461582E+00    7.190762E+00    6.581154E+00    4.179374E+00
    1.817221E-02    3.144008E-01    1.477592E+00    7.268180E+00    6.652136E+00    4.224348E+00
    1.837535E-02    3.179114E-01    1.493769E+00    7.346464E+00    6.723909E+00    4.269825E+00
    1.858061E-02    3.214589E-01    1.510114E+00    7.425622E+00    6.796482E+00    4.315810E+00
    1.878803E-02    3.250436E-01    1.526629E+00    7.505664E+00    6.869863E+00    4.362310E+00
    1.899763E-02    3.286659E-01    1.543317E+00    7.586598E+00    6.944061E+00    4.409329E+00
    1.920944E-02    3.323262E-01    1.560180E+00    7.668434E+00    7.019085E+00    4.456873E+00
    1.942347E-02    3.360250E-01    1.577218E+00    7.751183E+00    7.094943E+00    4.504948E+00
    1.963975E-02    3.397626E-01    1.594436E+00    7.834855E+00    7.171643E+00    4.553559E+00
    1.985830E-02    3.435394E-01    1.611833E+00    7.919460E+00    7.249196E+00    4.602713E+00
    2.007915E-02    3.473560E-01    1.629414E+00    8.005008E+00    7.327611E+00    4.652413E+00
    2.030232E-02    3.512127E-01    1.647179E+00    8.091508E+00    7.406897E+00    4.702668E+00
    2.052784E-02    3.551099E-01    1.665131E+00    8.178971E+00    7.487062E+00    4.753482E+00
    2.075574E-02    3.590480E-01    1.683272E+00    8.267407E+00    7.568116E+00    4.804862E+00
    2.098603E-02    3.630276E-01    1.701605E+00    8.356826E+00    7.650069E+00    4.856813E+00
    2.121875E-02    3.670491E-01    1.720131E+00    8.447238E+00    7.732931E+00    4.909341E+00
    2.145391E-02    3.711129E-01    1.738853E+00    8.538654E+00    7.816712E+00    4.962453E+00
    2.169156E-02    3.752194E-01    1.757773E+00    8.631084E+00    7.901420E+00    5.016156E+00
    2.193170E-02    3.793692E-01    1.776893E+00    8.724539E+00    7.987066E+00    5.070454E+00
    2.217437E-02    3.835626E-01    1.796216E+00    8.819031E+00    8.073660E+00    5.125355E+00
    2.241961E-02    3.878002E-01    1.815744E+00    8.914571E+00    8.161213E+00    5.180865E+00
    2.266742E-02    3.920824E-01    1.835480E+00    9.011170E+00    8.249735E+00    5.236991E+00
    2.291785E-02    3.964098E-01    1.855426E+00    9.108839E+00    8.339234E+00    5.293739E+00
    2.317091E-02    4.007827E-01    1.875584E+00    9.207591E+00    8.429723E+00    5.351115E+00
    2.342664E-02    4.052018E-01    1.895957E+00    9.307435E+00    8.521213E+00    5.409127E+00
    2.368507E-02    4.096674E-01    1.916547E+00    9.408385E+00    8.613713E+00    5.467781E+00
    2.394622E-02    4.141801E-01    1.937358E+00    9.510450E+00    8.707234E+00    5.527084E+00
    2.421013E-02    4.187403E-01    1.958391E+00    9.613643E+00    8.801787E+00    5.587042E+00
    2.447682E-02    4.233487E-01    1.979649E+00    9.717977E+00    8.897384E+00    5.647664E+00
    2.474632E-02    4.280057E-01    2.001135E+00    9.823462E+00    8.994036E+00    5.708956E+00
    2.501867E-02    4.327117E-01    2.022852E+00    9.930113E+00    9.091753E+00    5.770924E+00
    2.529389E-02    4.374675E-01    2.044801E+00    1.003794E+01    9.190547E+00    5.833577E+00
    2.557201E-02    4.422734E-01    2.066986E+00    1.014696E+01    9.290429E+00    5.896921E+00
    2.585307E-02    4.471301E-01    2.089410E+00    1.025718E+01    9.391412E+00    5.960964E+00
    2.613709E-02    4.520379E-01    2.112075E+00    1.036861E+01    9.493506E+00    6.025713E+00
    2.642410E-02    4.569976E-01    2.134985E+00    1.048128E+01    9.596724E+00    6.091176E+00
    2.671415E-02    4.620097E-01    2.158141E+00    1.059518E+01    9.701077E+00    6.157360E+00
    2.700725E-02    4.670746E-01    2.181547E+00    1.071034E+01    9.806577E+00    6.224273E+00
    2.730345E-02    4.721931E-01    2.205206E+00    1.082676E+01    9.913238E+00    6.291922E+00
    2.760277E-02    4.773655E-01    2.229120E+00    1.094447E+01    1.002107E+01    6.360316E+00
    2.790525E-02    4.825925E-01    2.253293E+00    1.106346E+01    1.013009E+01    6.429461E+00
    2.821092E-02    4.878748E-01    2.277727E+00    1.118377E+01    1.024030E+01    6.499367E+00
    2.851982E-02    4.932128E-01    2.302425E+00    1.130540E+01    1.035172E+01    6.570040E+00
    2.883197E-02    4.986071E-01    2.327391E+00    1.142836E+01    1.046436E+01    6.641489E+00
    2.914741E-02    5.040583E-01    2.352627E+00    1.155267E+01    1.057824E+01    6.713721E+00
    2.946618E-02    5.095671E-01    2.378137E+00    1.167834E+01    1.069336E+01    6.786746E+00
    2.978830E-02    5.151340E-01    2.403923E+00    1.180539E+01    1.080975E+01    6.860571E+00
    3.011382E-02    5.207596E-01    2.429988E+00    1.193383E+01    1.092741E+01    6.935205E+00
    3.044277E-02    5.264445E-01    2.456336E+00    1.206368E+01    1.104635E+01    7.010655E+00
    3.077518E-02    5.321894E-01    2.482970E+00    1.219494E+01    1.116660E+01    7.086931E+00
    3.111110E-02    5.379949E-01    2.509893E+00    1.232764E+01    1.128815E+01    7.164039E+00
    3.145054E-02    5.438615E-01    2.537107E+00    1.246179E+01    1.141104E+01    7.241990E+00
    3.179356E-02    5.497899E-01    2.564617E+00    1.259740E+01    1.153526E+01    7.320792E+00
    3.214018E-02    5.557807E-01    2.592424E+00    1.273449E+01    1.166083E+01    7.400453E+00
    3.249044E-02    5.618346E-01    2.620534E+00    1.287308E+01    1.178778E+01    7.480981E+00
    3.284437E-02    5.679521E-01    2.648947E+00    1.301317E+01    1.191610E+01    7.562386E+00
    3.320203E-02    5.741340E-01    2.677669E+00    1.315478E+01    1.204582E+01    7.644676E+00
    3.356343E-02    5.803808E-01    2.706701E+00    1.329793E+01    1.217694E+01    7.727859E+00
    3.392862E-02    5.866932E-01    2.736048E+00    1.344264E+01    1.230949E+01    7.811946E+00
    3.429763E-02    5.930718E-01    2.765712E+00    1.358891E+01    1.244347E+01    7.896943E+00
    3.467050E-02    5.995173E-01    2.795697E+00    1.373677E+01    1.257890E+01    7.982860E+00
    3.504726E-02    6.060303E-01    2.826005E+00    1.388622E+01    1.271579E+01    8.069707E+00
    3.542796E-02    6.126114E-01    2.856640E+00    1.403729E+01    1.285416E+01    8.157490E+00
    3.581262E-02    6.192613E-01    2.887606E+00    1.418998E+01    1.299402E+01    8.246220E+00
    3.620129E-02    6.259807E-01    2.918904E+00    1.434432E+01    1.313539E+01    8.335906E+00
    3.659400E-02    6.327700E-01    2.950539E+00    1.450032E+01    1.327827E+01    8.426555E+00
    3.699079E-02    6.396301E-01    2.982513E+00    1.465799E+01    1.342269E+01    8.518177E+00
    3.739169E-02    6.465615E-01    3.014831E+00    1.481735E+01    1.356865E+01    8.610780E+00
    3.779674E-02    6.535649E-01    3.047493E+00    1.497841E+01    1.371617E+01    8.704372E+00
    3.820597E-02    6.606408E-01    3.080505E+00    1.514119E+01    1.386527E+01    8.798964E+00
    3.861942E-02    6.677899E-01    3.113868E+00    1.530571E+01    1.401595E+01    8.894562E+00
    3.903713E-02    6.750128E-01    3.147586E+00    1.547197E+01    1.416823E+01    8.991175E+00
    3.945911E-02    6.823101E-01    3.181662E+00    1.563999E+01    1.432212E+01    9.088811E+00
    3.988542E-02    6.896824E-01    3.216098E+00    1.580978E+01    1.447764E+01    9.187480E+00
    4.031609E-02    6.971303E-01    3.250898E+00    1.598137E+01    1.463479E+01    9.287188E+00
    4.075113E-02    7.046543E-01    3.286064E+00    1.615475E+01    1.479360E+01    9.387943E+00
    4.119060E-02    7.122550E-01    3.321598E+00    1.632996E+01    1.495407E+01    9.489753E+00
    4.163451E-02    7.199330E-01    3.357504E+00    1.650699E+01    1.511621E+01    9.592626E+00
    4.208289E-02    7.276887E-01    3.393785E+00    1.668586E+01    1.528003E+01    9.696569E+00
    4.253578E-02    7.355227E-01    3.430441E+00    1.686658E+01    1.544556E+01    9.801588E+00
    4.299320E-02    7.434354E-01    3.467476E+00    1.704917E+01    1.561279E+01    9.907691E+00
    4.345517E-02    7.514273E-01    3.504892E+00    1.723364E+01    1.578174E+01    1.001488E+01
    4.392173E-02    7.594989E-01    3.542691E+00    1.741998E+01    1.595241E+01    1.012317E+01
    4.439289E-02    7.676505E-01    3.580875E+00    1.760823E+01    1.612482E+01    1.023256E+01
    4.486867E-02    7.758825E-01    3.619446E+00    1.779838E+01    1.629897E+01    1.034306E+01
    4.534909E-02    7.841953E-01    3.658406E+00    1.799044E+01    1.647487E+01    1.045466E+01
    4.583417E-02    7.925892E-01    3.697755E+00    1.818442E+01    1.665253E+01    1.056739E+01
    4.632393E-02    8.010643E-01    3.737495E+00    1.838032E+01    1.683196E+01    1.068123E+01
    4.681836E-02    8.096211E-01    3.777628E+00    1.857816E+01    1.701315E+01    1.079619E+01
    4.731749E-02    8.182595E-01    3.818154E+00    1.877793E+01    1.719611E+01    1.091228E+01
    4.782131E-02    8.269798E-01    3.859073E+00    1.897964E+01    1.738085E+01    1.102950E+01
    4.832984E-02    8.357820E-01    3.900386E+00    1.918329E+01    1.756737E+01    1.114784E+01
    4.884306E-02    8.446660E-01    3.942094E+00    1.938889E+01    1.775566E+01    1.126731E+01
    4.936097E-02    8.536319E-01    3.984194E+00    1.959642E+01    1.794573E+01    1.138791E+01
    4.988356E-02    8.626795E-01    4.026688E+00    1.980588E+01    1.813757E+01    1.150963E+01
    5.041082E-02    8.718085E-01    4.069575E+00    2.001728E+01    1.833118E+01    1.163248E+01
    5.094274E-02    8.810186E-01    4.112851E+00    2.023060E+01    1.852655E+01    1.175644E+01
    5.147927E-02    8.903096E-01    4.156517E+00    2.044584E+01    1.872368E+01    1.188152E+01
    5.202040E-02    8.996807E-01    4.200569E+00    2.066298E+01    1.892254E+01    1.200770E+01
    5.256608E-02    9.091315E-01    4.245004E+00    2.088201E+01    1.912314E+01    1.213498E+01
    5.311628E-02    9.186612E-01    4.289820E+00    2.110291E+01    1.932545E+01    1.226335E+01
    5.367094E-02    9.282691E-01    4.335013E+00    2.132567E+01    1.952946E+01    1.239280E+01
    5.423001E-02    9.379540E-01    4.380577E+00    2.155025E+01    1.973515E+01    1.252331E+01
    5.479342E-02    9.477149E-01    4.426508E+00    2.177665E+01    1.994249E+01    1.265487E+01
    5.536109E-02    9.575505E-01    4.472800E+00    2.200482E+01    2.015146E+01    1.278746E+01
    5.593293E-02    9.674594E-01    4.519446E+00    2.223473E+01    2.036203E+01    1.292107E+01
    5.650886E-02    9.774399E-01    4.566438E+00    2.246635E+01    2.057415E+01    1.305566E+01
    5.708877E-02    9.874903E-01    4.613769E+00    2.269964E+01    2.078780E+01    1.319123E+01
    5.767254E-02    9.976086E-01    4.661428E+00    2.293454E+01    2.100294E+01    1.332773E+01
    5.826005E-02    1.007793E+00    4.709405E+00    2.317101E+01    2.121951E+01    1.346515E+01
    5.885114E-02    1.018040E+00    4.757689E+00    2.340900E+01    2.143746E+01    1.360345E+01
    5.944566E-02    1.028347E+00    4.806268E+00    2.364843E+01    2.165674E+01    1.374258E+01
    6.004344E-02    1.038713E+00    4.855127E+00    2.388924E+01    2.187728E+01    1.388252E+01
    6.064430E-02    1.049133E+00    4.904252E+00    2.413136E+01    2.209902E+01    1.402322E+01
    6.124803E-02    1.059603E+00    4.953626E+00    2.437470E+01    2.232188E+01    1.416463E+01
    6.185441E-02    1.070121E+00    5.003231E+00    2.461918E+01    2.254579E+01    1.430670E+01
    6.246320E-02    1.080682E+00    5.053048E+00    2.486471E+01    2.277064E+01    1.444938E+01
    6.307414E-02    1.091281E+00    5.103056E+00    2.511117E+01    2.299636E+01    1.459260E+01
    6.368695E-02    1.101914E+00    5.153231E+00    2.535846E+01    2.322284E+01    1.473631E+01
    6.430133E-02    1.112576E+00    5.203551E+00    2.560646E+01    2.344996E+01    1.488042E+01
    6.491695E-02    1.123260E+00    5.253988E+00    2.585503E+01    2.367761E+01    1.502487E+01
    6.553348E-02    1.133962E+00    5.304514E+00    2.610404E+01    2.390566E+01    1.516957E+01
    6.615053E-02    1.144674E+00    5.355100E+00    2.635334E+01    2.413398E+01    1.531445E+01
    6.676771E-02    1.155390E+00    5.405712E+00    2.660277E+01    2.436241E+01    1.545939E+01
    6.738460E-02    1.166102E+00    5.456315E+00    2.685217E+01    2.459081E+01    1.560432E+01
    6.800074E-02    1.176802E+00    5.506875E+00    2.710134E+01    2.481900E+01    1.574912E+01
    6.861566E-02    1.187483E+00    5.557350E+00    2.735009E+01    2.504682E+01    1.589367E+01
    6.922884E-02    1.198136E+00    5.607700E+00    2.759823E+01    2.527407E+01    1.603787E+01
    6.983975E-02    1.208751E+00    5.657880E+00    2.784553E+01    2.550055E+01    1.618158E+01
    7.044782E-02    1.219318E+00    5.707845E+00    2.809177E+01    2.572606E+01    1.632467E+01
    7.105244E-02    1.229826E+00    5.757545E+00    2.833670E+01    2.595038E+01    1.646701E+01
    7.165299E-02    1.240266E+00    5.806928E+00    2.858008E+01    2.617327E+01    1.660843E+01
    7.224881E-02    1.250626E+00    5.855941E+00    2.882162E+01    2.639448E+01    1.674880E+01
    7.283919E-02    1.260892E+00    5.904526E+00    2.906107E+01    2.661377E+01    1.688795E+01
    7.342342E-02    1.271054E+00    5.952625E+00    2.929811E+01    2.683086E+01    1.702570E+01
    7.400074E-02    1.281098E+00    6.000174E+00    2.953245E+01    2.704547E+01    1.716188E+01
    7.457037E-02    1.291009E+00    6.047111E+00    2.976378E+01    2.725732E+01    1.729630E+01
    7.513148E-02    1.300775E+00    6.093369E+00    2.999175E+01    2.746611E+01    1.742878E+01
    7.568324E-02    1.310380E+00    6.138877E+00    3.021604E+01    2.767151E+01    1.755912E+01
    7.622478E-02    1.319810E+00    6.183566E+00    3.043629E+01    2.787322E+01    1.768711E+01
    7.675521E-02    1.329048E+00    6.227361E+00    3.065214E+01    2.807090E+01    1.781254E+01
    7.727360E-02    1.338080E+00    6.270188E+00    3.086322E+01    2.826421E+01    1.793520E+01
    7.777904E-02    1.346888E+00    6.311970E+00    3.106915E+01    2.845281E+01    1.805488E+01
    7.827055E-02    1.355456E+00    6.352629E+00    3.126955E+01    2.863634E+01    1.817133E+01
    7.874719E-02    1.363767E+00    6.392085E+00    3.146403E+01    2.881445E+01    1.828435E+01
    7.920796E-02    1.371805E+00    6.430258E+00    3.165219E+01    2.898677E+01    1.839369E+01
    7.965190E-02    1.379552E+00    6.467069E+00    3.183364E+01    2.915294E+01    1.849913E+01
    8.007802E-02    1.386992E+00    6.502435E+00    3.200797E+01    2.931260E+01    1.860044E+01
    8.048534E-02    1.394106E+00    6.536276E+00    3.217479E+01    2.946538E+01    1.869738E+01
    8.087288E-02    1.400879E+00    6.568511E+00    3.233371E+01    2.961092E+01    1.878973E+01
    8.123968E-02    1.407293E+00    6.599063E+00    3.248433E+01    2.974886E+01    1.887726E+01
    8.158480E-02    1.413332E+00    6.627851E+00    3.262627E+01    2.987885E+01    1.895974E+01
    8.190731E-02    1.418979E+00    6.654802E+00    3.275915E+01    3.000055E+01    1.903696E+01
    8.220632E-02    1.424220E+00    6.679840E+00    3.288262E+01    3.011362E+01    1.910871E+01
    8.248096E-02    1.429039E+00    6.702894E+00    3.299631E+01    3.021775E+01    1.917478E+01
    8.273040E-02    1.433422E+00    6.723896E+00    3.309990E+01    3.031262E+01    1.923498E+01
    8.295388E-02    1.437354E+00    6.742781E+00    3.319307E+01    3.039794E+01    1.928912E+01
    8.315064E-02    1.440824E+00    6.759489E+00    3.327551E+01    3.047344E+01    1.933702E+01
    8.332002E-02    1.443819E+00    6.773963E+00    3.334694E+01    3.053887E+01    1.937854E+01
    8.346137E-02    1.446328E+00    6.786150E+00    3.340712E+01    3.059398E+01    1.941351E+01
    8.357415E-02    1.448342E+00    6.796005E+00    3.345581E+01    3.063857E+01    1.944180E+01
    8.365784E-02    1.449851E+00    6.803485E+00    3.349280E+01    3.067246E+01    1.946330E+01
    8.371202E-02    1.450849E+00    6.808554E+00    3.351792E+01    3.069546E+01    1.947789E+01
    8.373633E-02    1.451327E+00    6.811182E+00    3.353102E+01    3.070746E+01    1.948551E+01
    8.373047E-02    1.451283E+00    6.811345E+00    3.353198E+01    3.070834E+01    1.948606E+01
    8.369423E-02    1.450711E+00    6.809023E+00    3.352070E+01    3.069801E+01    1.947950E+01
    8.362747E-02    1.449609E+00    6.804206E+00    3.349713E+01    3.067643E+01    1.946581E+01
    8.353012E-02    1.447976E+00    6.796886E+00    3.346123E+01    3.064356E+01    1.944495E+01
    8.340221E-02    1.445813E+00    6.787065E+00    3.341302E+01    3.059941E+01    1.941693E+01
    8.324381E-02    1.443120E+00    6.774748E+00    3.335251E+01    3.054400E+01    1.938177E+01
    8.305509E-02    1.439900E+00    6.759949E+00    3.327978E+01    3.047739E+01    1.933950E+01
    8.283628E-02    1.436157E+00    6.742686E+00    3.319491E+01    3.039968E+01    1.929018E+01
    8.258769E-02    1.431897E+00    6.722983E+00    3.309803E+01    3.031095E+01    1.923388E+01
    8.230970E-02    1.427125E+00    6.700870E+00    3.298928E+01    3.021136E+01    1.917069E+01
