    5.488125E-08    9.507207E-07    4.590068E-06    8.521561E-05    1.949559E-04    5.488125E-04
    5.694236E-08    9.864258E-07    4.762452E-06    8.841596E-05    2.022777E-04    5.694236E-04
    5.908088E-08    1.023472E-06    4.941310E-06    9.173649E-05    2.098744E-04    5.908088E-04
    6.129971E-08    1.061909E-06    5.126884E-06    9.518173E-05    2.177564E-04    6.129971E-04
    6.360186E-08    1.101790E-06    5.319428E-06    9.875634E-05    2.259344E-04    6.360186E-04
    6.599047E-08    1.143168E-06    5.519203E-06    1.024652E-04    2.344195E-04    6.599047E-04
    6.846878E-08    1.186101E-06    5.726480E-06    1.063133E-04    2.432232E-04    6.846878E-04
    7.104016E-08    1.230645E-06    5.941541E-06    1.103060E-04    2.523576E-04    7.104016E-04
    7.370811E-08    1.276863E-06    6.164678E-06    1.144486E-04    2.618350E-04    7.370810E-04
    7.647625E-08    1.324816E-06    6.396196E-06    1.187468E-04    2.716684E-04    7.647624E-04
    7.934835E-08    1.374570E-06    6.636407E-06    1.232063E-04    2.818710E-04    7.934834E-04
    8.232831E-08    1.426192E-06    6.885640E-06    1.278334E-04    2.924567E-04    8.232829E-04
    8.542017E-08    1.479754E-06    7.144233E-06    1.326342E-04    3.034401E-04    8.542016E-04
    8.862815E-08    1.535326E-06    7.412536E-06    1.376153E-04    3.148358E-04    8.862814E-04
    9.195661E-08    1.592986E-06    7.690916E-06    1.427835E-04    3.266596E-04    9.195659E-04
    9.541006E-08    1.652811E-06    7.979750E-06    1.481458E-04    3.389274E-04    9.541003E-04
    9.899320E-08    1.714882E-06    8.279431E-06    1.537094E-04    3.516558E-04    9.899317E-04
    1.027109E-07    1.779285E-06    8.590366E-06    1.594820E-04    3.648623E-04    1.027109E-03
    1.065682E-07    1.846106E-06    8.912978E-06    1.654714E-04    3.785648E-04    1.065682E-03
    1.105704E-07    1.915437E-06    9.247706E-06    1.716857E-04    3.927818E-04    1.105704E-03
    1.147229E-07    1.987371E-06    9.595004E-06    1.781333E-04    4.075327E-04    1.147228E-03
    1.190313E-07    2.062007E-06    9.955344E-06    1.848231E-04    4.228376E-04    1.190312E-03
    1.235015E-07    2.139445E-06    1.032922E-05    1.917641E-04    4.387172E-04    1.235014E-03
    1.281396E-07    2.219792E-06    1.071713E-05    1.989658E-04    4.551932E-04    1.281395E-03
    1.329519E-07    2.303156E-06    1.111961E-05    2.064380E-04    4.722879E-04    1.329518E-03
    1.379448E-07    2.389650E-06    1.153720E-05    2.141907E-04    4.900246E-04    1.379447E-03
    1.431253E-07    2.479393E-06    1.197048E-05    2.222346E-04    5.084273E-04    1.431252E-03
    1.485004E-07    2.572506E-06    1.242003E-05    2.305805E-04    5.275212E-04    1.485002E-03
    1.540772E-07    2.669116E-06    1.288646E-05    2.392399E-04    5.473321E-04    1.540771E-03
    1.598635E-07    2.769353E-06    1.337041E-05    2.482245E-04    5.678869E-04    1.598634E-03
    1.658672E-07    2.873355E-06    1.387253E-05    2.575464E-04    5.892137E-04    1.658670E-03
    1.720962E-07    2.981263E-06    1.439350E-05    2.672185E-04    6.113413E-04    1.720960E-03
    1.785592E-07    3.093222E-06    1.493404E-05    2.772537E-04    6.342999E-04    1.785590E-03
    1.852649E-07    3.209387E-06    1.549488E-05    2.876658E-04    6.581206E-04    1.852646E-03
    1.922224E-07    3.329913E-06    1.607678E-05    2.984689E-04    6.828359E-04    1.922221E-03
    1.994412E-07    3.454966E-06    1.668053E-05    3.096777E-04    7.084793E-04    1.994409E-03
    2.069310E-07    3.584714E-06    1.730696E-05    3.213074E-04    7.350857E-04    2.069307E-03
    2.147021E-07    3.719335E-06    1.795691E-05    3.333739E-04    7.626912E-04    2.147018E-03
    2.227651E-07    3.859011E-06    1.863126E-05    3.458934E-04    7.913334E-04    2.227647E-03
    2.311308E-07    4.003933E-06    1.933094E-05    3.588831E-04    8.210511E-04    2.311303E-03
    2.398107E-07    4.154296E-06    2.005689E-05    3.723606E-04    8.518849E-04    2.398101E-03
    2.488165E-07    4.310306E-06    2.081011E-05    3.863442E-04    8.838764E-04    2.488159E-03
    2.581605E-07    4.472175E-06    2.159161E-05    4.008529E-04    9.170693E-04    2.581598E-03
    2.678554E-07    4.640122E-06    2.240245E-05    4.159064E-04    9.515087E-04    2.678547E-03
    2.779144E-07    4.814375E-06    2.324375E-05    4.315252E-04    9.872413E-04    2.779135E-03
    2.883510E-07    4.995172E-06    2.411663E-05    4.477305E-04    1.024316E-03    2.883501E-03
    2.991796E-07    5.182758E-06    2.502230E-05    4.645443E-04    1.062782E-03    2.991786E-03
    3.104148E-07    5.377388E-06    2.596197E-05    4.819895E-04    1.102693E-03    3.104136E-03
    3.220719E-07    5.579327E-06    2.693693E-05    5.000898E-04    1.144103E-03    3.220706E-03
    3.341668E-07    5.788848E-06    2.794849E-05    5.188698E-04    1.187068E-03    3.341653E-03
    3.467158E-07    6.006238E-06    2.899804E-05    5.383549E-04    1.231646E-03    3.467141E-03
    3.597360E-07    6.231790E-06    3.008701E-05    5.585718E-04    1.277898E-03    3.597341E-03
    3.732451E-07    6.465811E-06    3.121686E-05    5.795477E-04    1.325886E-03    3.732430E-03
    3.872615E-07    6.708620E-06    3.238914E-05    6.013114E-04    1.375677E-03    3.872591E-03
    4.018042E-07    6.960547E-06    3.360544E-05    6.238922E-04    1.427337E-03    4.018016E-03
    4.168929E-07    7.221933E-06    3.486741E-05    6.473209E-04    1.480937E-03    4.168900E-03
    4.325482E-07    7.493134E-06    3.617676E-05    6.716293E-04    1.536550E-03    4.325450E-03
    4.487914E-07    7.774518E-06    3.753528E-05    6.968505E-04    1.594251E-03    4.487878E-03
    4.656445E-07    8.066467E-06    3.894481E-05    7.230187E-04    1.654118E-03    4.656404E-03
    4.831303E-07    8.369379E-06    4.040727E-05    7.501695E-04    1.716233E-03    4.831258E-03
    5.012728E-07    8.683665E-06    4.192463E-05    7.783397E-04    1.780681E-03    5.012677E-03
    5.200964E-07    9.009751E-06    4.349897E-05    8.075677E-04    1.847548E-03    5.200908E-03
    5.396268E-07    9.348081E-06    4.513243E-05    8.378931E-04    1.916926E-03    5.396205E-03
    5.598905E-07    9.699114E-06    4.682721E-05    8.693571E-04    1.988909E-03    5.598835E-03
    5.809151E-07    1.006333E-05    4.858563E-05    9.020024E-04    2.063595E-03    5.809072E-03
    6.027291E-07    1.044122E-05    5.041007E-05    9.358735E-04    2.141084E-03    6.027203E-03
    6.253620E-07    1.083329E-05    5.230301E-05    9.710163E-04    2.221484E-03    6.253522E-03
    6.488448E-07    1.124009E-05    5.426702E-05    1.007479E-03    2.304901E-03    6.488338E-03
    6.732092E-07    1.166216E-05    5.630477E-05    1.045310E-03    2.391451E-03    6.731969E-03
    6.984883E-07    1.210008E-05    5.841902E-05    1.084561E-03    2.481250E-03    6.984747E-03
    7.247166E-07    1.255443E-05    6.061266E-05    1.125287E-03    2.574421E-03    7.247013E-03
    7.519295E-07    1.302585E-05    6.288865E-05    1.167541E-03    2.671089E-03    7.519125E-03
    7.801642E-07    1.351497E-05    6.525010E-05    1.211381E-03    2.771387E-03    7.801452E-03
    8.094588E-07    1.402244E-05    6.770019E-05    1.256868E-03    2.875450E-03    8.094376E-03
    8.398533E-07    1.454897E-05    7.024227E-05    1.304062E-03    2.983420E-03    8.398295E-03
    8.713888E-07    1.509527E-05    7.287979E-05    1.353028E-03    3.095443E-03    8.713623E-03
    9.041082E-07    1.566208E-05    7.561632E-05    1.403832E-03    3.211671E-03    9.040786E-03
    9.380559E-07    1.625016E-05    7.845558E-05    1.456544E-03    3.332263E-03    9.380228E-03
    9.732780E-07    1.686032E-05    8.140143E-05    1.511234E-03    3.457382E-03    9.732411E-03
    1.009822E-06    1.749339E-05    8.445787E-05    1.567977E-03    3.587197E-03    1.009781E-02
    1.047739E-06    1.815022E-05    8.762904E-05    1.626851E-03    3.721885E-03    1.047693E-02
    1.087078E-06    1.883171E-05    9.091926E-05    1.687934E-03    3.861630E-03    1.087027E-02
    1.127894E-06    1.953878E-05    9.433298E-05    1.751310E-03    4.006620E-03    1.127837E-02
    1.170243E-06    2.027239E-05    9.787485E-05    1.817065E-03    4.157052E-03    1.170179E-02
    1.214181E-06    2.103353E-05    1.015497E-04    1.885289E-03    4.313130E-03    1.214109E-02
    1.259768E-06    2.182325E-05    1.053624E-04    1.956073E-03    4.475067E-03    1.259688E-02
    1.307066E-06    2.264261E-05    1.093183E-04    2.029514E-03    4.643082E-03    1.306977E-02
    1.356140E-06    2.349273E-05    1.134226E-04    2.105712E-03    4.817403E-03    1.356040E-02
    1.407056E-06    2.437475E-05    1.176810E-04    2.184769E-03    4.998266E-03    1.406944E-02
    1.459882E-06    2.528988E-05    1.220992E-04    2.266794E-03    5.185918E-03    1.459758E-02
    1.514691E-06    2.623935E-05    1.266833E-04    2.351897E-03    5.380611E-03    1.514552E-02
    1.571558E-06    2.722446E-05    1.314394E-04    2.440195E-03    5.582611E-03    1.571402E-02
    1.630558E-06    2.824654E-05    1.363740E-04    2.531806E-03    5.792192E-03    1.630385E-02
    1.691773E-06    2.930698E-05    1.414937E-04    2.626855E-03    6.009637E-03    1.691579E-02
    1.755285E-06    3.040721E-05    1.468056E-04    2.725471E-03    6.235242E-03    1.755068E-02
    1.821180E-06    3.154873E-05    1.523169E-04    2.827787E-03    6.469313E-03    1.820939E-02
    1.889548E-06    3.273309E-05    1.580350E-04    2.933943E-03    6.712166E-03    1.889278E-02
    1.960482E-06    3.396189E-05    1.639676E-04    3.044083E-03    6.964131E-03    1.960181E-02
    2.034077E-06    3.523680E-05    1.701228E-04    3.158355E-03    7.225549E-03    2.033741E-02
    2.110434E-06    3.655954E-05    1.765090E-04    3.276915E-03    7.496776E-03    2.110058E-02
    2.189656E-06    3.793192E-05    1.831349E-04    3.399923E-03    7.778178E-03    2.189236E-02
    2.271850E-06    3.935579E-05    1.900093E-04    3.527546E-03    8.070136E-03    2.271381E-02
    2.357128E-06    4.083308E-05    1.971416E-04    3.659957E-03    8.373046E-03    2.356604E-02
    2.445605E-06    4.236579E-05    2.045415E-04    3.797336E-03    8.687319E-03    2.445020E-02
    2.537402E-06    4.395600E-05    2.122191E-04    3.939869E-03    9.013379E-03    2.536748E-02
    2.632642E-06    4.560587E-05    2.201846E-04    4.087748E-03    9.351669E-03    2.631912E-02
    2.731455E-06    4.731763E-05    2.284490E-04    4.241175E-03    9.702646E-03    2.730640E-02
    2.833975E-06    4.909360E-05    2.370233E-04    4.400356E-03    1.006679E-02    2.833064E-02
    2.940340E-06    5.093619E-05    2.459193E-04    4.565508E-03    1.044458E-02    2.939323E-02
    3.050694E-06    5.284788E-05    2.551489E-04    4.736853E-03    1.083654E-02    3.049558E-02
    3.165187E-06    5.483128E-05    2.647248E-04    4.914625E-03    1.124320E-02    3.163919E-02
    3.283975E-06    5.688905E-05    2.746597E-04    5.099064E-03    1.166510E-02    3.282558E-02
    3.407216E-06    5.902400E-05    2.849672E-04    5.290419E-03    1.210282E-02    3.405634E-02
    3.535080E-06    6.123901E-05    2.956612E-04    5.488949E-03    1.255695E-02    3.533313E-02
    3.667738E-06    6.353708E-05    3.067562E-04    5.694923E-03    1.302811E-02    3.665764E-02
    3.805370E-06    6.592131E-05    3.182673E-04    5.908619E-03    1.351692E-02    3.803166E-02
    3.948162E-06    6.839493E-05    3.302099E-04    6.130327E-03    1.402404E-02    3.945700E-02
    4.096308E-06    7.096130E-05    3.426003E-04    6.360346E-03    1.455018E-02    4.093558E-02
    4.250007E-06    7.362387E-05    3.554552E-04    6.598988E-03    1.509602E-02    4.246937E-02
    4.409468E-06    7.638625E-05    3.687919E-04    6.846573E-03    1.566232E-02    4.406039E-02
    4.574907E-06    7.925217E-05    3.826285E-04    7.103439E-03    1.624983E-02    4.571076E-02
    4.746545E-06    8.222551E-05    3.969838E-04    7.369930E-03    1.685935E-02    4.742268E-02
    4.924617E-06    8.531028E-05    4.118770E-04    7.646408E-03    1.749169E-02    4.919839E-02
    5.109361E-06    8.851065E-05    4.273284E-04    7.933245E-03    1.814771E-02    5.104026E-02
    5.301028E-06    9.183095E-05    4.433587E-04    8.230828E-03    1.882829E-02    5.295070E-02
    5.499877E-06    9.527565E-05    4.599897E-04    8.539560E-03    1.953436E-02    5.493223E-02
    5.706176E-06    9.884941E-05    4.772437E-04    8.859856E-03    2.026685E-02    5.698744E-02
    5.920203E-06    1.025570E-04    4.951442E-04    9.192149E-03    2.102675E-02    5.911903E-02
    6.142247E-06    1.064036E-04    5.137151E-04    9.536887E-03    2.181509E-02    6.132978E-02
    6.372607E-06    1.103942E-04    5.329816E-04    9.894533E-03    2.263292E-02    6.362256E-02
    6.611595E-06    1.145342E-04    5.529697E-04    1.026557E-02    2.348134E-02    6.600036E-02
    6.859532E-06    1.188293E-04    5.737062E-04    1.065050E-02    2.436149E-02    6.846623E-02
    7.116753E-06    1.232852E-04    5.952192E-04    1.104984E-02    2.527454E-02    7.102337E-02
    7.383603E-06    1.279079E-04    6.175376E-04    1.146412E-02    2.622173E-02    7.367505E-02
    7.660443E-06    1.327036E-04    6.406915E-04    1.189391E-02    2.720431E-02    7.642466E-02
    7.947645E-06    1.376789E-04    6.647120E-04    1.233977E-02    2.822360E-02    7.927569E-02
    8.245595E-06    1.428404E-04    6.896315E-04    1.280232E-02    2.928097E-02    8.223177E-02
    8.554695E-06    1.481950E-04    7.154834E-04    1.328217E-02    3.037781E-02    8.529661E-02
    8.875360E-06    1.537499E-04    7.423027E-04    1.377997E-02    3.151561E-02    8.847404E-02
    9.208021E-06    1.595127E-04    7.701252E-04    1.429638E-02    3.269586E-02    9.176803E-02
    9.553124E-06    1.654910E-04    7.989884E-04    1.483209E-02    3.392015E-02    9.518265E-02
    9.911134E-06    1.716929E-04    8.289310E-04    1.538783E-02    3.519009E-02    9.872209E-02
    1.028253E-05    1.781267E-04    8.599933E-04    1.596434E-02    3.650738E-02    1.023907E-01
    1.066781E-05    1.848010E-04    8.922168E-04    1.656239E-02    3.787375E-02    1.061928E-01
    1.106750E-05    1.917248E-04    9.256449E-04    1.718277E-02    3.929102E-02    1.101331E-01
    1.148212E-05    1.989074E-04    9.603224E-04    1.782633E-02    4.076105E-02    1.142161E-01
    1.191223E-05    2.063584E-04    9.962956E-04    1.849392E-02    4.228579E-02    1.184467E-01
    1.235842E-05    2.140878E-04    1.033613E-03    1.918643E-02    4.386725E-02    1.228298E-01
    1.282127E-05    2.221058E-04    1.072324E-03    1.990478E-02    4.550749E-02    1.273704E-01
    1.330140E-05    2.304233E-04    1.112481E-03    2.064993E-02    4.720868E-02    1.320736E-01
    1.379947E-05    2.390514E-04    1.154137E-03    2.142287E-02    4.897304E-02    1.369447E-01
    1.431612E-05    2.480015E-04    1.197348E-03    2.222464E-02    5.080287E-02    1.419890E-01
    1.485206E-05    2.572856E-04    1.242171E-03    2.305629E-02    5.270055E-02    1.472118E-01
    1.540799E-05    2.669162E-04    1.288668E-03    2.391893E-02    5.466856E-02    1.526188E-01
    1.598466E-05    2.769060E-04    1.336898E-03    2.481370E-02    5.670944E-02    1.582155E-01
    1.658284E-05    2.872684E-04    1.386927E-03    2.574180E-02    5.882582E-02    1.640074E-01
    1.720332E-05    2.980171E-04    1.438822E-03    2.670444E-02    6.102044E-02    1.700004E-01
    1.784693E-05    3.091664E-04    1.492651E-03    2.770289E-02    6.329610E-02    1.762000E-01
    1.851452E-05    3.207312E-04    1.548485E-03    2.873848E-02    6.565572E-02    1.826121E-01
    1.920697E-05    3.327269E-04    1.606400E-03    2.981258E-02    6.810230E-02    1.892422E-01
    1.992522E-05    3.451692E-04    1.666471E-03    3.092658E-02    7.063895E-02    1.960961E-01
    2.067021E-05    3.580748E-04    1.728779E-03    3.208196E-02    7.326887E-02    2.031793E-01
    2.144292E-05    3.714606E-04    1.793405E-03    3.328023E-02    7.599536E-02    2.104973E-01
    2.224438E-05    3.853445E-04    1.860436E-03    3.452296E-02    7.882184E-02    2.180555E-01
    2.307565E-05    3.997448E-04    1.929960E-03    3.581178E-02    8.175181E-02    2.258590E-01
    2.393782E-05    4.146804E-04    2.002069E-03    3.714836E-02    8.478889E-02    2.339126E-01
    2.483204E-05    4.301711E-04    2.076858E-03    3.853444E-02    8.793683E-02    2.422210E-01
    2.575947E-05    4.462373E-04    2.154424E-03    3.997182E-02    9.119945E-02    2.507885E-01
    2.672134E-05    4.629000E-04    2.234872E-03    4.146237E-02    9.458072E-02    2.596188E-01
    2.771892E-05    4.801813E-04    2.318305E-03    4.300801E-02    9.808468E-02    2.687153E-01
    2.875351E-05    4.981038E-04    2.404834E-03    4.461074E-02    1.017155E-01    2.780806E-01
    2.982647E-05    5.166909E-04    2.494572E-03    4.627262E-02    1.054775E-01    2.877168E-01
    3.093921E-05    5.359670E-04    2.587636E-03    4.799577E-02    1.093751E-01    2.976250E-01
    3.209317E-05    5.559573E-04    2.684148E-03    4.978240E-02    1.134127E-01    3.078054E-01
    3.328986E-05    5.766880E-04    2.784234E-03    5.163479E-02    1.175949E-01    3.182572E-01
    3.453085E-05    5.981859E-04    2.888025E-03    5.355529E-02    1.219266E-01    3.289783E-01
    3.581775E-05    6.204791E-04    2.995655E-03    5.554633E-02    1.264125E-01    3.399651E-01
    3.715222E-05    6.435965E-04    3.107265E-03    5.761042E-02    1.310575E-01    3.512125E-01
    3.853601E-05    6.675681E-04    3.222998E-03    5.975015E-02    1.358666E-01    3.627135E-01
    3.997090E-05    6.924250E-04    3.343005E-03    6.196819E-02    1.408450E-01    3.744590E-01
    4.145874E-05    7.181992E-04    3.467441E-03    6.426731E-02    1.459978E-01    3.864376E-01
    4.300146E-05    7.449240E-04    3.596467E-03    6.665036E-02    1.513302E-01    3.986354E-01
    4.460103E-05    7.726339E-04    3.730247E-03    6.912026E-02    1.568476E-01    4.110352E-01
    4.625953E-05    8.013643E-04    3.868955E-03    7.168006E-02    1.625552E-01    4.236169E-01
    4.797906E-05    8.311522E-04    4.012768E-03    7.433285E-02    1.684586E-01    4.363563E-01
    4.976184E-05    8.620356E-04    4.161870E-03    7.708187E-02    1.745630E-01    4.492255E-01
    5.161013E-05    8.940539E-04    4.316451E-03    7.993040E-02    1.808739E-01    4.621916E-01
    5.352629E-05    9.272480E-04    4.476708E-03    8.288187E-02    1.873966E-01    4.752168E-01
    5.551276E-05    9.616600E-04    4.642845E-03    8.593975E-02    1.941365E-01    4.882577E-01
    5.757204E-05    9.973335E-04    4.815072E-03    8.910765E-02    2.010987E-01    5.012645E-01
    5.970675E-05    1.034314E-03    4.993606E-03    9.238926E-02    2.082884E-01    5.141805E-01
    6.191958E-05    1.072647E-03    5.178673E-03    9.578836E-02    2.157105E-01    5.269414E-01
    6.421330E-05    1.112381E-03    5.370505E-03    9.930885E-02    2.233699E-01    5.394747E-01
    6.659079E-05    1.153567E-03    5.569342E-03    1.029547E-01    2.312710E-01    5.516983E-01
    6.905502E-05    1.196255E-03    5.775434E-03    1.067300E-01    2.394181E-01    5.635205E-01
    7.160906E-05    1.240500E-03    5.989036E-03    1.106389E-01    2.478151E-01    5.748383E-01
    7.425609E-05    1.286355E-03    6.210413E-03    1.146857E-01    2.564655E-01    5.855369E-01
    7.699937E-05    1.333877E-03    6.439840E-03    1.188747E-01    2.653721E-01    5.954885E-01
    7.984230E-05    1.383126E-03    6.677600E-03    1.232104E-01    2.745376E-01    6.045514E-01
    8.278836E-05    1.434161E-03    6.923984E-03    1.276972E-01    2.839635E-01    6.125688E-01
    8.584116E-05    1.487045E-03    7.179294E-03    1.323398E-01    2.936508E-01    6.193675E-01
    8.900443E-05    1.541843E-03    7.443841E-03    1.371428E-01    3.035998E-01    6.247574E-01
    9.228200E-05    1.598621E-03    7.717947E-03    1.421109E-01    3.138093E-01    6.285297E-01
    9.567786E-05    1.657448E-03    8.001943E-03    1.472489E-01    3.242774E-01    6.304564E-01
    9.919608E-05    1.718395E-03    8.296170E-03    1.525616E-01    3.350007E-01    6.302892E-01
    1.028409E-04    1.781534E-03    8.600982E-03    1.580539E-01    3.459744E-01    6.277583E-01
    1.066166E-04    1.846942E-03    8.916742E-03    1.637305E-01    3.571919E-01    6.225724E-01
    1.105278E-04    1.914696E-03    9.243826E-03    1.695963E-01    3.686450E-01    6.144178E-01
    1.145790E-04    1.984876E-03    9.582619E-03    1.756562E-01    3.803231E-01    6.029581E-01
    1.187751E-04    2.057564E-03    9.933521E-03    1.819149E-01    3.922135E-01    5.878349E-01
    1.231208E-04    2.132847E-03    1.029694E-02    1.883772E-01    4.043007E-01    5.686682E-01
    1.276214E-04    2.210811E-03    1.067330E-02    1.950478E-01    4.165666E-01    5.450575E-01
    1.322820E-04    2.291546E-03    1.106304E-02    2.019311E-01    4.289895E-01    5.165841E-01
    1.371079E-04    2.375147E-03    1.146660E-02    2.090316E-01    4.415443E-01    4.828140E-01
    1.421047E-04    2.461707E-03    1.188445E-02    2.163534E-01    4.542020E-01    4.433011E-01
    1.472781E-04    2.551327E-03    1.231706E-02    2.239006E-01    4.669292E-01    3.975931E-01
    1.526339E-04    2.644106E-03    1.276491E-02    2.316768E-01    4.796877E-01    3.452374E-01
    1.581782E-04    2.740149E-03    1.322852E-02    2.396855E-01    4.924338E-01    2.857892E-01
    1.639171E-04    2.839564E-03    1.370839E-02    2.479296E-01    5.051183E-01    2.188219E-01
    1.698569E-04    2.942460E-03    1.420506E-02    2.564119E-01    5.176856E-01    1.439384E-01
    1.760042E-04    3.048950E-03    1.471907E-02    2.651344E-01    5.300729E-01    6.078620E-02
    1.823657E-04    3.159151E-03    1.525098E-02    2.740986E-01    5.422102E-01   -3.092631E-02
    1.889483E-04    3.273181E-03    1.580136E-02    2.833055E-01    5.540192E-01   -1.314096E-01
    1.957591E-04    3.391164E-03    1.637081E-02    2.927551E-01    5.654126E-01   -2.407706E-01
    2.028052E-04    3.513224E-03    1.695993E-02    3.024469E-01    5.762937E-01   -3.589869E-01
    2.100942E-04    3.639491E-03    1.756933E-02    3.123791E-01    5.865554E-01   -4.858777E-01
    2.176337E-04    3.770097E-03    1.819966E-02    3.225492E-01    5.960797E-01   -6.210720E-01
    2.254314E-04    3.905177E-03    1.885157E-02    3.329532E-01    6.047366E-01   -7.639742E-01
    2.334954E-04    4.044869E-03    1.952571E-02    3.435861E-01    6.123838E-01   -9.137269E-01
    2.418339E-04    4.189316E-03    2.022278E-02    3.544411E-01    6.188654E-01   -1.069173E+00
    2.504553E-04    4.338663E-03    2.094347E-02    3.655099E-01    6.240118E-01   -1.228816E+00
    2.593682E-04    4.493059E-03    2.168851E-02    3.767825E-01    6.276387E-01   -1.390785E+00
    2.685813E-04    4.652656E-03    2.245860E-02    3.882468E-01    6.295465E-01   -1.552795E+00
    2.781037E-04    4.817610E-03    2.325452E-02    3.998885E-01    6.295201E-01   -1.712126E+00
    2.879445E-04    4.988079E-03    2.407700E-02    4.116910E-01    6.273283E-01   -1.865596E+00
    2.981130E-04    5.164226E-03    2.492685E-02    4.236348E-01    6.227235E-01   -2.009557E+00
    3.086190E-04    5.346217E-03    2.580484E-02    4.356977E-01    6.154424E-01   -2.139904E+00
    3.194720E-04    5.534220E-03    2.671179E-02    4.478542E-01    6.052056E-01   -2.252108E+00
    3.306822E-04    5.728408E-03    2.764853E-02    4.600756E-01    5.917185E-01   -2.341277E+00
    3.422595E-04    5.928957E-03    2.861589E-02    4.723290E-01    5.746725E-01   -2.402246E+00
    3.542145E-04    6.136046E-03    2.961473E-02    4.845778E-01    5.537466E-01   -2.429715E+00
    3.665575E-04    6.349858E-03    3.064592E-02    4.967808E-01    5.286088E-01   -2.418426E+00
    3.792993E-04    6.570576E-03    3.171035E-02    5.088921E-01    4.989195E-01   -2.363392E+00
    3.924509E-04    6.798392E-03    3.280891E-02    5.208607E-01    4.643349E-01   -2.260178E+00
    4.060232E-04    7.033495E-03    3.394251E-02    5.326300E-01    4.245107E-01   -2.105237E+00
    4.200276E-04    7.276081E-03    3.511210E-02    5.441377E-01    3.791078E-01   -1.896289E+00
    4.344755E-04    7.526349E-03    3.631859E-02    5.553150E-01    3.277987E-01   -1.632744E+00
    4.493785E-04    7.784498E-03    3.756296E-02    5.660867E-01    2.702744E-01   -1.316139E+00
    4.647482E-04    8.050732E-03    3.884615E-02    5.763703E-01    2.062537E-01   -9.505808E-01
    4.805968E-04    8.325257E-03    4.016916E-02    5.860760E-01    1.354930E-01   -5.431412E-01
    4.969361E-04    8.608283E-03    4.153295E-02    5.951061E-01    5.779797E-02   -1.041758E-01
    5.137785E-04    8.900021E-03    4.293854E-02    6.033549E-01   -2.696328E-02    3.524974E-01
    5.311363E-04    9.200684E-03    4.438692E-02    6.107080E-01   -1.188457E-01    8.096180E-01
    5.490221E-04    9.510490E-03    4.587912E-02    6.170424E-01   -2.178110E-01    1.246772E+00
    5.674483E-04    9.829656E-03    4.741615E-02    6.222262E-01   -3.237100E-01    1.641011E+00
    5.864278E-04    1.015840E-02    4.899905E-02    6.261180E-01   -4.362637E-01    1.967869E+00
    6.059735E-04    1.049695E-02    5.062885E-02    6.285675E-01   -5.550435E-01    2.202800E+00
    6.260984E-04    1.084553E-02    5.230660E-02    6.294150E-01   -6.794498E-01    2.323046E+00
    6.468154E-04    1.120437E-02    5.403335E-02    6.284920E-01   -8.086919E-01    2.309895E+00
    6.681378E-04    1.157368E-02    5.581015E-02    6.256208E-01   -9.417667E-01    2.151192E+00
    6.900788E-04    1.195371E-02    5.763804E-02    6.206157E-01   -1.077440E+00    1.843936E+00
    7.126518E-04    1.234467E-02    5.951810E-02    6.132830E-01   -1.214227E+00    1.396662E+00
    7.358701E-04    1.274681E-02    6.145137E-02    6.034223E-01   -1.350383E+00    8.312542E-01
    7.597472E-04    1.316036E-02    6.343891E-02    5.908273E-01   -1.483891E+00    1.837581E-01
    7.842967E-04    1.358554E-02    6.548179E-02    5.752873E-01   -1.612457E+00   -4.962575E-01
    8.095321E-04    1.402260E-02    6.758105E-02    5.565887E-01   -1.733521E+00   -1.148192E+00
    8.354669E-04    1.447177E-02    6.973774E-02    5.345174E-01   -1.844269E+00   -1.705037E+00
    8.621149E-04    1.493327E-02    7.195292E-02    5.088605E-01   -1.941662E+00   -2.100150E+00
    8.894896E-04    1.540736E-02    7.422762E-02    4.794098E-01   -2.022477E+00   -2.275870E+00
    9.176048E-04    1.589426E-02    7.656289E-02    4.459647E-01   -2.083367E+00   -2.193165E+00
    9.464741E-04    1.639422E-02    7.895974E-02    4.083356E-01   -2.120941E+00   -1.841063E+00
    9.761112E-04    1.690746E-02    8.141920E-02    3.663486E-01   -2.131854E+00   -1.244109E+00
    1.006530E-03    1.743422E-02    8.394228E-02    3.198497E-01   -2.112933E+00   -4.658701E-01
    1.037744E-03    1.797474E-02    8.652997E-02    2.687103E-01   -2.061307E+00    3.934962E-01
    1.069766E-03    1.852925E-02    8.918328E-02    2.128325E-01   -1.974572E+00    1.207007E+00
    1.102611E-03    1.909799E-02    9.190317E-02    1.521557E-01   -1.850963E+00    1.838304E+00
    1.136292E-03    1.968119E-02    9.469061E-02    8.666272E-02   -1.689540E+00    2.165438E+00
    1.170823E-03    2.027909E-02    9.754655E-02    1.638727E-02   -1.490387E+00    2.107663E+00
    1.206217E-03    2.089192E-02    1.004719E-01   -5.857893E-02   -1.254797E+00    1.649876E+00
    1.242488E-03    2.151992E-02    1.034676E-01   -1.380784E-01   -9.854548E-01    8.580553E-01
    1.279649E-03    2.216330E-02    1.065346E-01   -2.218803E-01   -6.865863E-01   -1.209496E-01
    1.317714E-03    2.282232E-02    1.096737E-01   -3.096724E-01   -3.640659E-01   -1.079885E+00
    1.356697E-03    2.349719E-02    1.128859E-01   -4.010539E-01   -2.546386E-02   -1.792127E+00
    1.396610E-03    2.418815E-02    1.161719E-01   -4.955280E-01    3.199859E-01   -2.067459E+00
    1.437467E-03    2.489542E-02    1.195326E-01   -5.924959E-01    6.615164E-01   -1.810103E+00
    1.479281E-03    2.561924E-02    1.229688E-01   -6.912506E-01    9.870727E-01   -1.061554E+00
    1.522067E-03    2.635984E-02    1.264813E-01   -7.909735E-01    1.283686E+00   -1.013412E-02
    1.565836E-03    2.711744E-02    1.300709E-01   -8.907316E-01    1.537981E+00    1.044961E+00
    1.610604E-03    2.789227E-02    1.337384E-01   -9.894768E-01    1.736823E+00    1.774537E+00
    1.656382E-03    2.868456E-02    1.374844E-01   -1.086048E+00    1.868080E+00    1.927230E+00
    1.703184E-03    2.949454E-02    1.413098E-01   -1.179178E+00    1.921488E+00    1.430031E+00
    1.751024E-03    3.032243E-02    1.452151E-01   -1.267496E+00    1.889566E+00    4.398648E-01
    1.799915E-03    3.116846E-02    1.492012E-01   -1.349548E+00    1.768531E+00   -7.150067E-01
    1.849871E-03    3.203286E-02    1.532686E-01   -1.423805E+00    1.559136E+00   -1.548448E+00
    1.900904E-03    3.291587E-02    1.574180E-01   -1.488689E+00    1.267346E+00   -1.734907E+00
    1.953029E-03    3.381770E-02    1.616500E-01   -1.542595E+00    9.047436E-01   -1.183289E+00
    2.006259E-03    3.473859E-02    1.659653E-01   -1.583924E+00    4.885938E-01   -1.283170E-01
    2.060607E-03    3.567878E-02    1.703644E-01   -1.611114E+00    4.144866E-02    9.471164E-01
    2.116088E-03    3.663849E-02    1.748479E-01   -1.622678E+00   -4.097440E-01    1.526427E+00
    2.172729E-03    3.761823E-02    1.794153E-01   -1.625362E+00   -8.535565E-01    1.321800E+00
    2.180306E-03    3.774928E-02    1.800259E-01   -1.623425E+00   -9.066096E-01    1.237138E+00
    2.187903E-03    3.788068E-02    1.806381E-01   -1.621169E+00   -9.586058E-01    1.141019E+00
    2.195521E-03    3.801243E-02    1.812517E-01   -1.618591E+00   -1.009474E+00    1.034399E+00
    2.203158E-03    3.814452E-02    1.818668E-01   -1.615688E+00   -1.059144E+00    9.183506E-01
    2.210816E-03    3.827697E-02    1.824834E-01   -1.612458E+00   -1.107546E+00    7.940412E-01
    2.218495E-03    3.840978E-02    1.831016E-01   -1.608899E+00   -1.154610E+00    6.627309E-01
    2.226194E-03    3.854293E-02    1.837212E-01   -1.605010E+00   -1.200273E+00    5.257469E-01
    2.233913E-03    3.867644E-02    1.843423E-01   -1.600786E+00   -1.244463E+00    3.844999E-01
    2.241653E-03    3.881030E-02    1.849650E-01   -1.596227E+00   -1.287116E+00    2.404380E-01
    2.249414E-03    3.894451E-02    1.855891E-01   -1.591331E+00   -1.328166E+00    9.504441E-02
    2.257195E-03    3.907908E-02    1.862148E-01   -1.586095E+00   -1.367551E+00   -5.017499E-02
    2.264996E-03    3.921400E-02    1.868419E-01   -1.580517E+00   -1.405209E+00   -1.937106E-01
    2.272818E-03    3.934928E-02    1.874706E-01   -1.574596E+00   -1.441081E+00   -3.340645E-01
    2.280661E-03    3.948491E-02    1.881008E-01   -1.568330E+00   -1.475106E+00   -4.697669E-01
    2.288524E-03    3.962090E-02    1.887324E-01   -1.561718E+00   -1.507230E+00   -5.993922E-01
    2.296408E-03    3.975724E-02    1.893656E-01   -1.554757E+00   -1.537398E+00   -7.215752E-01
    2.304313E-03    3.989394E-02    1.900003E-01   -1.547447E+00   -1.565556E+00   -8.350268E-01
    2.312238E-03    4.003099E-02    1.906365E-01   -1.539786E+00   -1.591656E+00   -9.385486E-01
    2.320184E-03    4.016840E-02    1.912742E-01   -1.531773E+00   -1.615648E+00   -1.031048E+00
    2.328150E-03    4.030616E-02    1.919134E-01   -1.523408E+00   -1.637489E+00   -1.111550E+00
    2.336137E-03    4.044428E-02    1.925541E-01   -1.514688E+00   -1.657134E+00   -1.179212E+00
    2.344145E-03    4.058276E-02    1.931963E-01   -1.505613E+00   -1.674545E+00   -1.233332E+00
    2.352174E-03    4.072159E-02    1.938401E-01   -1.496183E+00   -1.689684E+00   -1.273360E+00
    2.360223E-03    4.086078E-02    1.944853E-01   -1.486396E+00   -1.702516E+00   -1.298906E+00
    2.368292E-03    4.100032E-02    1.951320E-01   -1.476253E+00   -1.713011E+00   -1.309745E+00
    2.376383E-03    4.114022E-02    1.957802E-01   -1.465753E+00   -1.721141E+00   -1.305822E+00
    2.384494E-03    4.128047E-02    1.964300E-01   -1.454896E+00   -1.726880E+00   -1.287255E+00
    2.392626E-03    4.142108E-02    1.970812E-01   -1.443682E+00   -1.730209E+00   -1.254333E+00
    2.400778E-03    4.156205E-02    1.977339E-01   -1.432110E+00   -1.731108E+00   -1.207518E+00
    2.408951E-03    4.170337E-02    1.983881E-01   -1.420182E+00   -1.729565E+00   -1.147438E+00
    2.417144E-03    4.184504E-02    1.990439E-01   -1.407897E+00   -1.725568E+00   -1.074881E+00
    2.425358E-03    4.198707E-02    1.997011E-01   -1.395256E+00   -1.719111E+00   -9.907901E-01
    2.433593E-03    4.212945E-02    2.003598E-01   -1.382260E+00   -1.710192E+00   -8.962480E-01
    2.441848E-03    4.227219E-02    2.010200E-01   -1.368910E+00   -1.698812E+00   -7.924684E-01
    2.450124E-03    4.241528E-02    2.016816E-01   -1.355206E+00   -1.684977E+00   -6.807802E-01
    2.458420E-03    4.255872E-02    2.023448E-01   -1.341151E+00   -1.668696E+00   -5.626117E-01
    2.466737E-03    4.270252E-02    2.030095E-01   -1.326744E+00   -1.649984E+00   -4.394725E-01
    2.475074E-03    4.284667E-02    2.036756E-01   -1.311989E+00   -1.628860E+00   -3.129345E-01
    2.483431E-03    4.299117E-02    2.043432E-01   -1.296886E+00   -1.605345E+00   -1.846115E-01
    2.491809E-03    4.313602E-02    2.050123E-01   -1.281438E+00   -1.579468E+00   -5.613762E-02
    2.500208E-03    4.328122E-02    2.056829E-01   -1.265647E+00   -1.551260E+00    7.085442E-02
    2.508626E-03    4.342677E-02    2.063550E-01   -1.249515E+00   -1.520759E+00    1.947561E-01
    2.517065E-03    4.357267E-02    2.070285E-01   -1.233045E+00   -1.488006E+00    3.140053E-01
    2.525524E-03    4.371892E-02    2.077035E-01   -1.216240E+00   -1.453046E+00    4.271088E-01
    2.534003E-03    4.386552E-02    2.083799E-01   -1.199103E+00   -1.415931E+00    5.326637E-01
    2.542503E-03    4.401246E-02    2.090578E-01   -1.181637E+00   -1.376716E+00    6.293779E-01
    2.551022E-03    4.415975E-02    2.097372E-01   -1.163846E+00   -1.335462E+00    7.160900E-01
    2.559562E-03    4.430738E-02    2.104181E-01   -1.145734E+00   -1.292233E+00    7.917863E-01
    2.568121E-03    4.445536E-02    2.111004E-01   -1.127304E+00   -1.247099E+00    8.556168E-01
    2.576700E-03    4.460368E-02    2.117841E-01   -1.108562E+00   -1.200136E+00    9.069088E-01
    2.585299E-03    4.475233E-02    2.124693E-01   -1.089511E+00   -1.151421E+00    9.451772E-01
    2.593918E-03    4.490133E-02    2.131560E-01   -1.070158E+00   -1.101040E+00    9.701328E-01
    2.602556E-03    4.505067E-02    2.138441E-01   -1.050507E+00   -1.049081E+00    9.816870E-01
    2.611214E-03    4.520034E-02    2.145336E-01   -1.030565E+00   -9.956360E-01    9.799533E-01
    2.619891E-03    4.535035E-02    2.152246E-01   -1.010336E+00   -9.408031E-01    9.652460E-01
    2.628588E-03    4.550069E-02    2.159170E-01   -9.898276E-01   -8.846838E-01    9.380746E-01
    2.637303E-03    4.565136E-02    2.166109E-01   -9.690465E-01   -8.273837E-01    8.991352E-01
    2.646038E-03    4.580236E-02    2.173062E-01   -9.479998E-01   -7.690124E-01    8.492985E-01
    2.654792E-03    4.595369E-02    2.180029E-01   -9.266948E-01   -7.096834E-01    7.895948E-01
    2.663565E-03    4.610535E-02    2.187010E-01   -9.051396E-01   -6.495135E-01    7.211953E-01
    2.672356E-03    4.625732E-02    2.194006E-01   -8.833424E-01   -5.886228E-01    6.453913E-01
    2.681166E-03    4.640962E-02    2.201016E-01   -8.613120E-01   -5.271346E-01    5.635704E-01
    2.689995E-03    4.656224E-02    2.208040E-01   -8.390575E-01   -4.651748E-01    4.771912E-01
    2.698841E-03    4.671517E-02    2.215078E-01   -8.165887E-01   -4.028717E-01    3.877559E-01
    2.707706E-03    4.686842E-02    2.222131E-01   -7.939156E-01   -3.403556E-01    2.967828E-01
    2.716589E-03    4.702197E-02    2.229197E-01   -7.710487E-01   -2.777585E-01    2.057768E-01
    2.725490E-03    4.717584E-02    2.236278E-01   -7.479991E-01   -2.152135E-01    1.162021E-01
    2.734408E-03    4.733001E-02    2.243373E-01   -7.247782E-01   -1.528548E-01    2.945386E-02
    2.743344E-03    4.748448E-02    2.250482E-01   -7.013981E-01   -9.081661E-02   -5.316762E-02
    2.752297E-03    4.763925E-02    2.257605E-01   -6.778711E-01   -2.923296E-02   -1.304809E-01
    2.761268E-03    4.779432E-02    2.264743E-01   -6.542102E-01    3.176275E-02   -2.014446E-01
    2.770255E-03    4.794968E-02    2.271894E-01   -6.304288E-01    9.203851E-02   -2.651761E-01
    2.779258E-03    4.810533E-02    2.279060E-01   -6.065408E-01    1.514642E-01   -3.209651E-01
    2.788279E-03    4.826126E-02    2.286240E-01   -5.825604E-01    2.099120E-01   -3.682847E-01
    2.797315E-03    4.841748E-02    2.293434E-01   -5.585024E-01    2.672577E-01   -4.067966E-01
    2.806368E-03    4.857397E-02    2.300643E-01   -5.343820E-01    3.233802E-01   -4.363532E-01
    2.815436E-03    4.873074E-02    2.307866E-01   -5.102148E-01    3.781634E-01   -4.569933E-01
    2.824520E-03    4.888778E-02    2.315103E-01   -4.860166E-01    4.314958E-01   -4.689353E-01
    2.833619E-03    4.904509E-02    2.322355E-01   -4.618037E-01    4.832718E-01   -4.725639E-01
    2.842733E-03    4.920266E-02    2.329621E-01   -4.375927E-01    5.333922E-01   -4.684147E-01
    2.851862E-03    4.936049E-02    2.336902E-01   -4.134005E-01    5.817645E-01   -4.571544E-01
    2.861006E-03    4.951857E-02    2.344197E-01   -3.892440E-01    6.283038E-01   -4.395577E-01
    2.870164E-03    4.967691E-02    2.351508E-01   -3.651405E-01    6.729334E-01   -4.164834E-01
    2.879337E-03    4.983550E-02    2.358833E-01   -3.411072E-01    7.155851E-01   -3.888474E-01
    2.888523E-03    4.999433E-02    2.366173E-01   -3.171616E-01    7.561996E-01   -3.575969E-01
    2.897723E-03    5.015340E-02    2.373528E-01   -2.933210E-01    7.947272E-01   -3.236831E-01
    2.906937E-03    5.031271E-02    2.380898E-01   -2.696026E-01    8.311279E-01   -2.880363E-01
    2.916163E-03    5.047225E-02    2.388283E-01   -2.460236E-01    8.653719E-01   -2.515424E-01
    2.925403E-03    5.063202E-02    2.395684E-01   -2.226009E-01    8.974394E-01   -2.150218E-01
    2.934656E-03    5.079201E-02    2.403100E-01   -1.993511E-01    9.273212E-01   -1.792121E-01
    2.943921E-03    5.095223E-02    2.410532E-01   -1.762904E-01    9.550182E-01   -1.447533E-01
    2.953198E-03    5.111267E-02    2.417980E-01   -1.534346E-01    9.805419E-01   -1.121784E-01
    2.962488E-03    5.127332E-02    2.425443E-01   -1.307991E-01    1.003914E+00   -8.190725E-02
    2.971790E-03    5.143418E-02    2.432923E-01   -1.083985E-01    1.025165E+00   -5.424434E-02
    2.981103E-03    5.159526E-02    2.440418E-01   -8.624683E-02    1.044337E+00   -2.938136E-02
    2.990428E-03    5.175654E-02    2.447930E-01   -6.435742E-02    1.061479E+00   -7.402683E-03
    2.999764E-03    5.191803E-02    2.455459E-01   -4.274278E-02    1.076651E+00    1.170556E-02
    3.009112E-03    5.207971E-02    2.463004E-01   -2.141457E-02    1.089919E+00    2.804396E-02
    3.018471E-03    5.224160E-02    2.470565E-01   -3.835530E-04    1.101356E+00    4.178620E-02
    3.027841E-03    5.240368E-02    2.478143E-01    2.034048E-02    1.111045E+00    5.316416E-02
    3.037221E-03    5.256596E-02    2.485739E-01    4.074873E-02    1.119071E+00    6.245234E-02
    3.046613E-03    5.272844E-02    2.493351E-01    6.083341E-02    1.125526E+00    6.995239E-02
    3.056015E-03    5.289111E-02    2.500980E-01    8.058781E-02    1.130506E+00    7.597822E-02
    3.065428E-03    5.305396E-02    2.508626E-01    1.000063E-01    1.134110E+00    8.084245E-02
    3.074851E-03    5.321701E-02    2.516290E-01    1.190843E-01    1.136441E+00    8.484441E-02
    3.084285E-03    5.338025E-02    2.523971E-01    1.378184E-01    1.137601E+00    8.826023E-02
    3.093729E-03    5.354367E-02    2.531669E-01    1.562062E-01    1.137694E+00    9.133509E-02
    3.103184E-03    5.370729E-02    2.539385E-01    1.742463E-01    1.136825E+00    9.427788E-02
    3.112649E-03    5.387109E-02    2.547118E-01    1.919386E-01    1.135097E+00    9.725804E-02
    3.122125E-03    5.403509E-02    2.554868E-01    2.092836E-01    1.132611E+00    1.004047E-01
    3.131611E-03    5.419927E-02    2.562637E-01    2.262833E-01    1.129466E+00    1.038076E-01
    3.141108E-03    5.436364E-02    2.570422E-01    2.429403E-01    1.125759E+00    1.075198E-01
    3.150615E-03    5.452821E-02    2.578225E-01    2.592580E-01    1.121583E+00    1.115619E-01
    3.160133E-03    5.469296E-02    2.586046E-01    2.752409E-01    1.117026E+00    1.159266E-01
    3.169662E-03    5.485791E-02    2.593884E-01    2.908941E-01    1.112173E+00    1.205846E-01
    3.179201E-03    5.502306E-02    2.601739E-01    3.062236E-01    1.107102E+00    1.254902E-01
    3.188752E-03    5.518840E-02    2.609612E-01    3.212358E-01    1.101889E+00    1.305873E-01
    3.198313E-03    5.535394E-02    2.617502E-01    3.359379E-01    1.096601E+00    1.358142E-01
    3.207886E-03    5.551968E-02    2.625409E-01    3.503374E-01    1.091304E+00    1.411091E-01
    3.217470E-03    5.568563E-02    2.633334E-01    3.644423E-01    1.086055E+00    1.464136E-01
    3.227066E-03    5.585178E-02    2.641276E-01    3.782612E-01    1.080906E+00    1.516761E-01
    3.236673E-03    5.601814E-02    2.649235E-01    3.918028E-01    1.075905E+00    1.568540E-01
    3.246292E-03    5.618471E-02    2.657211E-01    4.050759E-01    1.071094E+00    1.619155E-01
    3.255923E-03    5.635149E-02    2.665204E-01    4.180899E-01    1.066508E+00    1.668396E-01
    3.265566E-03    5.651850E-02    2.673214E-01    4.308539E-01    1.062181E+00    1.716167E-01
    3.275222E-03    5.668572E-02    2.681240E-01    4.433772E-01    1.058138E+00    1.762474E-01
    3.284890E-03    5.685317E-02    2.689284E-01    4.556692E-01    1.054402E+00    1.807415E-01
    3.294571E-03    5.702084E-02    2.697344E-01    4.677393E-01    1.050991E+00    1.851163E-01
    3.304266E-03    5.718875E-02    2.705420E-01    4.795965E-01    1.047920E+00    1.893951E-01
    3.313973E-03    5.735689E-02    2.713514E-01    4.912499E-01    1.045199E+00    1.936051E-01
    3.323694E-03    5.752527E-02    2.721623E-01    5.027085E-01    1.042835E+00    1.977758E-01
    3.333429E-03    5.769389E-02    2.729750E-01    5.139810E-01    1.040832E+00    2.019372E-01
    3.343177E-03    5.786276E-02    2.737892E-01    5.250758E-01    1.039193E+00    2.061183E-01
    3.352940E-03    5.803188E-02    2.746051E-01    5.360012E-01    1.037916E+00    2.103456E-01
    3.362718E-03    5.820125E-02    2.754226E-01    5.467652E-01    1.036999E+00    2.146425E-01
    3.372510E-03    5.837088E-02    2.762418E-01    5.573754E-01    1.036436E+00    2.190285E-01
    3.382317E-03    5.854077E-02    2.770626E-01    5.678393E-01    1.036221E+00    2.235182E-01
    3.392139E-03    5.871093E-02    2.778850E-01    5.781640E-01    1.036346E+00    2.281218E-01
    3.401976E-03    5.888136E-02    2.787090E-01    5.883562E-01    1.036803E+00    2.328448E-01
    3.411830E-03    5.905207E-02    2.795347E-01    5.984226E-01    1.037580E+00    2.376881E-01
    3.421699E-03    5.922305E-02    2.803619E-01    6.083693E-01    1.038668E+00    2.426489E-01
    3.431585E-03    5.939432E-02    2.811909E-01    6.182023E-01    1.040055E+00    2.477204E-01
    3.441487E-03    5.956588E-02    2.820214E-01    6.279271E-01    1.041729E+00    2.528933E-01
    3.451405E-03    5.973772E-02    2.828536E-01    6.375492E-01    1.043678E+00    2.581559E-01
    3.461341E-03    5.990986E-02    2.836874E-01    6.470736E-01    1.045888E+00    2.634949E-01
    3.471294E-03    6.008231E-02    2.845229E-01    6.565052E-01    1.048348E+00    2.688960E-01
    3.481264E-03    6.025505E-02    2.853600E-01    6.658485E-01    1.051045E+00    2.743448E-01
    3.491252E-03    6.042811E-02    2.861987E-01    6.751078E-01    1.053966E+00    2.798268E-01
    3.501258E-03    6.060147E-02    2.870392E-01    6.842874E-01    1.057097E+00    2.853287E-01
    3.511282E-03    6.077516E-02    2.878813E-01    6.933909E-01    1.060428E+00    2.908380E-01
    3.521325E-03    6.094916E-02    2.887250E-01    7.024222E-01    1.063944E+00    2.963438E-01
    3.531386E-03    6.112349E-02    2.895705E-01    7.113847E-01    1.067635E+00    3.018371E-01
    3.541466E-03    6.129815E-02    2.904176E-01    7.202818E-01    1.071489E+00    3.073106E-01
    3.551566E-03    6.147314E-02    2.912665E-01    7.291166E-01    1.075493E+00    3.127588E-01
    3.561685E-03    6.164847E-02    2.921171E-01    7.378920E-01    1.079636E+00    3.181785E-01
    3.571823E-03    6.182414E-02    2.929694E-01    7.466109E-01    1.083909E+00    3.235678E-01
    3.581982E-03    6.200016E-02    2.938234E-01    7.552760E-01    1.088300E+00    3.289270E-01
    3.592160E-03    6.217653E-02    2.946792E-01    7.638899E-01    1.092799E+00    3.342575E-01
    3.602359E-03    6.235324E-02    2.955367E-01    7.724549E-01    1.097396E+00    3.395619E-01
    3.612579E-03    6.253032E-02    2.963960E-01    7.809735E-01    1.102083E+00    3.448438E-01
    3.622819E-03    6.270776E-02    2.972571E-01    7.894478E-01    1.106851E+00    3.501073E-01
    3.633080E-03    6.288556E-02    2.981199E-01    7.978799E-01    1.111691E+00    3.553569E-01
    3.643363E-03    6.306373E-02    2.989846E-01    8.062719E-01    1.116595E+00    3.605970E-01
    3.653667E-03    6.324227E-02    2.998511E-01    8.146257E-01    1.121557E+00    3.658319E-01
    3.663993E-03    6.342119E-02    3.007194E-01    8.229432E-01    1.126568E+00    3.710650E-01
    3.674341E-03    6.360049E-02    3.015896E-01    8.312262E-01    1.131624E+00    3.762995E-01
    3.684711E-03    6.378018E-02    3.024616E-01    8.394763E-01    1.136717E+00    3.815374E-01
    3.695104E-03    6.396025E-02    3.033355E-01    8.476952E-01    1.141842E+00    3.867800E-01
    3.705519E-03    6.414072E-02    3.042113E-01    8.558845E-01    1.146995E+00    3.920275E-01
    3.715957E-03    6.432158E-02    3.050890E-01    8.640457E-01    1.152170E+00    3.972792E-01
    3.726418E-03    6.450283E-02    3.059686E-01    8.721802E-01    1.157364E+00    4.025340E-01
    3.736902E-03    6.468450E-02    3.068501E-01    8.802895E-01    1.162572E+00    4.077896E-01
    3.747409E-03    6.486656E-02    3.077336E-01    8.883749E-01    1.167793E+00    4.130438E-01
    3.757941E-03    6.504904E-02    3.086190E-01    8.964378E-01    1.173022E+00    4.182938E-01
    3.768496E-03    6.523193E-02    3.095063E-01    9.044793E-01    1.178258E+00    4.235371E-01
    3.779075E-03    6.541523E-02    3.103957E-01    9.125008E-01    1.183499E+00    4.287714E-01
    3.789678E-03    6.559896E-02    3.112870E-01    9.205034E-01    1.188742E+00    4.339946E-01
    3.800306E-03    6.578311E-02    3.121804E-01    9.284881E-01    1.193987E+00    4.392056E-01
    3.810959E-03    6.596769E-02    3.130757E-01    9.364562E-01    1.199233E+00    4.444039E-01
    3.821636E-03    6.615269E-02    3.139731E-01    9.444087E-01    1.204480E+00    4.495896E-01
    3.832339E-03    6.633814E-02    3.148726E-01    9.523465E-01    1.209726E+00    4.547638E-01
    3.843067E-03    6.652401E-02    3.157741E-01    9.602708E-01    1.214973E+00    4.599284E-01
    3.853820E-03    6.671033E-02    3.166777E-01    9.681823E-01    1.220219E+00    4.650858E-01
    3.864599E-03    6.689709E-02    3.175833E-01    9.760821E-01    1.225467E+00    4.702387E-01
    3.875404E-03    6.708430E-02    3.184911E-01    9.839711E-01    1.230716E+00    4.753903E-01
    3.886234E-03    6.727196E-02    3.194010E-01    9.918500E-01    1.235968E+00    4.805436E-01
    3.897091E-03    6.746007E-02    3.203130E-01    9.997198E-01    1.241223E+00    4.857013E-01
    3.907974E-03    6.764864E-02    3.212272E-01    1.007581E+00    1.246482E+00    4.908658E-01
    3.918884E-03    6.783767E-02    3.221435E-01    1.015435E+00    1.251748E+00    4.960387E-01
    3.929821E-03    6.802716E-02    3.230620E-01    1.023282E+00    1.257020E+00    5.012208E-01
    3.940784E-03    6.821711E-02    3.239827E-01    1.031122E+00    1.262301E+00    5.064120E-01
    3.951775E-03    6.840754E-02    3.249055E-01    1.038957E+00    1.267592E+00    5.116115E-01
    3.962793E-03    6.859844E-02    3.258306E-01    1.046787E+00    1.272895E+00    5.168175E-01
    3.973838E-03    6.878981E-02    3.267579E-01    1.054613E+00    1.278211E+00    5.220275E-01
    3.984911E-03    6.898166E-02    3.276874E-01    1.062435E+00    1.283541E+00    5.272385E-01
    3.996012E-03    6.917399E-02    3.286192E-01    1.070254E+00    1.288886E+00    5.324473E-01
    4.007140E-03    6.936680E-02    3.295533E-01    1.078070E+00    1.294249E+00    5.376506E-01
    4.018297E-03    6.956010E-02    3.304896E-01    1.085884E+00    1.299630E+00    5.428450E-01
    4.029482E-03    6.975389E-02    3.314282E-01    1.093697E+00    1.305030E+00    5.480279E-01
    4.040696E-03    6.994817E-02    3.323691E-01    1.101508E+00    1.310451E+00    5.531972E-01
    4.090264E-03    7.080696E-02    3.365270E-01    1.135796E+00    1.334508E+00    5.757085E-01
    4.140397E-03    7.167552E-02    3.407306E-01    1.170097E+00    1.359022E+00    5.979921E-01
    4.191108E-03    7.255408E-02    3.449807E-01    1.204435E+00    1.383991E+00    6.202113E-01
    4.242411E-03    7.344287E-02    3.492783E-01    1.238823E+00    1.409373E+00    6.424193E-01
    4.294316E-03    7.434208E-02    3.536244E-01    1.273265E+00    1.435094E+00    6.645426E-01
    4.346837E-03    7.525193E-02    3.580199E-01    1.307764E+00    1.461068E+00    6.865523E-01
    4.399983E-03    7.617261E-02    3.624657E-01    1.342312E+00    1.487212E+00    7.085199E-01
    4.453767E-03    7.710430E-02    3.669625E-01    1.376902E+00    1.513458E+00    7.304910E-01
    4.508199E-03    7.804720E-02    3.715114E-01    1.411522E+00    1.539761E+00    7.524084E-01
    4.563289E-03    7.900149E-02    3.761130E-01    1.446159E+00    1.566099E+00    7.742013E-01
    4.619047E-03    7.996733E-02    3.807681E-01    1.480800E+00    1.592470E+00    7.958833E-01
    4.675484E-03    8.094489E-02    3.854775E-01    1.515433E+00    1.618886E+00    8.175211E-01
    4.732608E-03    8.193434E-02    3.902419E-01    1.550047E+00    1.645369E+00    8.391472E-01
    4.790428E-03    8.293584E-02    3.950621E-01    1.584635E+00    1.671939E+00    8.607434E-01
    4.848954E-03    8.394954E-02    3.999387E-01    1.619193E+00    1.698617E+00    8.822950E-01
    4.908195E-03    8.497559E-02    4.048724E-01    1.653719E+00    1.725420E+00    9.038213E-01
    4.968159E-03    8.601414E-02    4.098639E-01    1.688217E+00    1.752359E+00    9.253344E-01
    5.028854E-03    8.706534E-02    4.149138E-01    1.722693E+00    1.779441E+00    9.468081E-01
    5.090289E-03    8.812933E-02    4.200227E-01    1.757156E+00    1.806666E+00    9.682285E-01
    5.152472E-03    8.920625E-02    4.251913E-01    1.791619E+00    1.834033E+00    9.896359E-01
    5.215411E-03    9.029624E-02    4.304202E-01    1.826095E+00    1.861538E+00    1.011066E+00
    5.279113E-03    9.139942E-02    4.357099E-01    1.860600E+00    1.889180E+00    1.032499E+00
    5.343586E-03    9.251594E-02    4.410611E-01    1.895150E+00    1.916965E+00    1.053920E+00
    5.408839E-03    9.364593E-02    4.464743E-01    1.929760E+00    1.944901E+00    1.075350E+00
    5.474878E-03    9.478951E-02    4.519501E-01    1.964445E+00    1.973006E+00    1.096792E+00
    5.541711E-03    9.594682E-02    4.574891E-01    1.999219E+00    2.001298E+00    1.118231E+00
    5.609345E-03    9.711798E-02    4.630918E-01    2.034093E+00    2.029791E+00    1.139685E+00
    5.677788E-03    9.830312E-02    4.687587E-01    2.069077E+00    2.058490E+00    1.161181E+00
    5.747048E-03    9.950237E-02    4.744905E-01    2.104180E+00    2.087388E+00    1.182715E+00
    5.817130E-03    1.007158E-01    4.802876E-01    2.139410E+00    2.116472E+00    1.204273E+00
    5.888043E-03    1.019437E-01    4.861506E-01    2.174771E+00    2.145721E+00    1.225866E+00
    5.959795E-03    1.031860E-01    4.920800E-01    2.210269E+00    2.175121E+00    1.247501E+00
    6.032391E-03    1.044429E-01    4.980764E-01    2.245910E+00    2.204670E+00    1.269179E+00
    6.105839E-03    1.057146E-01    5.041404E-01    2.281697E+00    2.234376E+00    1.290910E+00
    6.180148E-03    1.070011E-01    5.102723E-01    2.317638E+00    2.264257E+00    1.312708E+00
    6.255323E-03    1.083026E-01    5.164729E-01    2.353737E+00    2.294331E+00    1.334568E+00
    6.331372E-03    1.096192E-01    5.227426E-01    2.390002E+00    2.324615E+00    1.356483E+00
    6.408303E-03    1.109510E-01    5.290819E-01    2.426439E+00    2.355114E+00    1.378468E+00
    6.486123E-03    1.122982E-01    5.354915E-01    2.463057E+00    2.385832E+00    1.400529E+00
    6.564840E-03    1.136609E-01    5.419718E-01    2.499863E+00    2.416767E+00    1.422668E+00
    6.644460E-03    1.150392E-01    5.485234E-01    2.536864E+00    2.447923E+00    1.444897E+00
    6.724991E-03    1.164333E-01    5.551468E-01    2.574067E+00    2.479309E+00    1.467212E+00
    6.806442E-03    1.178432E-01    5.618427E-01    2.611476E+00    2.510937E+00    1.489613E+00
    6.888819E-03    1.192692E-01    5.686115E-01    2.649097E+00    2.542817E+00    1.512110E+00
    6.972130E-03    1.207113E-01    5.754539E-01    2.686932E+00    2.574953E+00    1.534710E+00
    7.056384E-03    1.221696E-01    5.823703E-01    2.724984E+00    2.607343E+00    1.557416E+00
    7.141588E-03    1.236444E-01    5.893615E-01    2.763256E+00    2.639980E+00    1.580233E+00
    7.227750E-03    1.251357E-01    5.964279E-01    2.801748E+00    2.672860E+00    1.603161E+00
    7.314878E-03    1.266438E-01    6.035702E-01    2.840464E+00    2.705985E+00    1.626203E+00
    7.402980E-03    1.281686E-01    6.107889E-01    2.879406E+00    2.739361E+00    1.649370E+00
    7.492064E-03    1.297105E-01    6.180847E-01    2.918577E+00    2.772997E+00    1.672665E+00
    7.582140E-03    1.312694E-01    6.254582E-01    2.957983E+00    2.806903E+00    1.696090E+00
    7.673215E-03    1.328456E-01    6.329099E-01    2.997631E+00    2.841088E+00    1.719648E+00
    7.765297E-03    1.344392E-01    6.404406E-01    3.037528E+00    2.875560E+00    1.743342E+00
    7.858397E-03    1.360504E-01    6.480509E-01    3.077681E+00    2.910327E+00    1.767182E+00
    7.952521E-03    1.376793E-01    6.557414E-01    3.118101E+00    2.945397E+00    1.791171E+00
    8.047680E-03    1.393261E-01    6.635127E-01    3.158795E+00    2.980774E+00    1.815309E+00
    8.143882E-03    1.409908E-01    6.713656E-01    3.199773E+00    3.016462E+00    1.839602E+00
    8.241137E-03    1.426738E-01    6.793007E-01    3.241042E+00    3.052461E+00    1.864053E+00
    8.339453E-03    1.443751E-01    6.873187E-01    3.282610E+00    3.088775E+00    1.888670E+00
    8.438840E-03    1.460949E-01    6.954202E-01    3.324485E+00    3.125407E+00    1.913456E+00
    8.539308E-03    1.478333E-01    7.036061E-01    3.366674E+00    3.162359E+00    1.938412E+00
    8.640867E-03    1.495906E-01    7.118770E-01    3.409183E+00    3.199635E+00    1.963543E+00
    8.743525E-03    1.513669E-01    7.202336E-01    3.452022E+00    3.237240E+00    1.988855E+00
    8.847293E-03    1.531623E-01    7.286767E-01    3.495196E+00    3.275179E+00    2.014353E+00
    8.952182E-03    1.549771E-01    7.372070E-01    3.538716E+00    3.313465E+00    2.040038E+00
    9.058201E-03    1.568114E-01    7.458253E-01    3.582589E+00    3.352106E+00    2.065915E+00
    9.165361E-03    1.586654E-01    7.545324E-01    3.626822E+00    3.391113E+00    2.091989E+00
    9.273672E-03    1.605393E-01    7.633290E-01    3.671425E+00    3.430488E+00    2.118265E+00
    9.383144E-03    1.624333E-01    7.722160E-01    3.716403E+00    3.470233E+00    2.144745E+00
    9.493790E-03    1.643475E-01    7.811941E-01    3.761762E+00    3.510352E+00    2.171433E+00
    9.605619E-03    1.662821E-01    7.902642E-01    3.807509E+00    3.550848E+00    2.198335E+00
    9.718642E-03    1.682374E-01    7.994272E-01    3.853646E+00    3.591726E+00    2.225455E+00
    9.832872E-03    1.702135E-01    8.086838E-01    3.900180E+00    3.632992E+00    2.252796E+00
    9.948319E-03    1.722106E-01    8.180349E-01    3.947113E+00    3.674647E+00    2.280362E+00
    1.006500E-02    1.742289E-01    8.274814E-01    3.994451E+00    3.716700E+00    2.308158E+00
    1.018291E-02    1.762687E-01    8.370243E-01    4.042200E+00    3.759160E+00    2.336189E+00
    1.030208E-02    1.783301E-01    8.466643E-01    4.090367E+00    3.802036E+00    2.364456E+00
    1.042252E-02    1.804133E-01    8.564024E-01    4.138958E+00    3.845335E+00    2.392967E+00
    1.054423E-02    1.825185E-01    8.662396E-01    4.187981E+00    3.889062E+00    2.421724E+00
    1.066723E-02    1.846460E-01    8.761767E-01    4.237443E+00    3.933220E+00    2.450731E+00
    1.079153E-02    1.867960E-01    8.862149E-01    4.287351E+00    3.977813E+00    2.479993E+00
    1.091715E-02    1.889687E-01    8.963549E-01    4.337714E+00    4.022846E+00    2.509515E+00
    1.104409E-02    1.911643E-01    9.065979E-01    4.388537E+00    4.068324E+00    2.539301E+00
    1.117238E-02    1.933830E-01    9.169448E-01    4.439827E+00    4.114251E+00    2.569353E+00
    1.130202E-02    1.956252E-01    9.273966E-01    4.491594E+00    4.160638E+00    2.599678E+00
    1.143302E-02    1.978909E-01    9.379544E-01    4.543844E+00    4.207491E+00    2.630279E+00
    1.156541E-02    2.001804E-01    9.486192E-01    4.596588E+00    4.254819E+00    2.661160E+00
    1.169919E-02    2.024940E-01    9.593922E-01    4.649832E+00    4.302627E+00    2.692326E+00
    1.183438E-02    2.048320E-01    9.702743E-01    4.703587E+00    4.350922E+00    2.723782E+00
    1.197099E-02    2.071945E-01    9.812667E-01    4.757861E+00    4.399707E+00    2.755531E+00
    1.210904E-02    2.095818E-01    9.923705E-01    4.812660E+00    4.448988E+00    2.787579E+00
    1.224854E-02    2.119941E-01    1.003587E+00    4.867991E+00    4.498770E+00    2.819929E+00
    1.238951E-02    2.144318E-01    1.014917E+00    4.923860E+00    4.549058E+00    2.852585E+00
    1.253196E-02    2.168951E-01    1.026362E+00    4.980273E+00    4.599863E+00    2.885553E+00
    1.267591E-02    2.193841E-01    1.037923E+00    5.037236E+00    4.651192E+00    2.918838E+00
    1.282136E-02    2.218993E-01    1.049601E+00    5.094757E+00    4.703051E+00    2.952442E+00
    1.296835E-02    2.244408E-01    1.061398E+00    5.152842E+00    4.755448E+00    2.986371E+00
    1.311687E-02    2.270089E-01    1.073314E+00    5.211499E+00    4.808389E+00    3.020630E+00
    1.326696E-02    2.296039E-01    1.085351E+00    5.270737E+00    4.861878E+00    3.055223E+00
    1.341862E-02    2.322262E-01    1.097511E+00    5.330563E+00    4.915921E+00    3.090155E+00
    1.357187E-02    2.348758E-01    1.109794E+00    5.390985E+00    4.970526E+00    3.125430E+00
    1.372673E-02    2.375532E-01    1.122202E+00    5.452010E+00    5.025699E+00    3.161053E+00
    1.388321E-02    2.402587E-01    1.134736E+00    5.513646E+00    5.081451E+00    3.197029E+00
    1.404133E-02    2.429924E-01    1.147398E+00    5.575903E+00    5.137787E+00    3.233362E+00
    1.420111E-02    2.457548E-01    1.160188E+00    5.638788E+00    5.194716E+00    3.270058E+00
    1.436256E-02    2.485461E-01    1.173109E+00    5.702312E+00    5.252243E+00    3.307121E+00
    1.452571E-02    2.513666E-01    1.186162E+00    5.766484E+00    5.310374E+00    3.344556E+00
    1.469057E-02    2.542166E-01    1.199348E+00    5.831312E+00    5.369116E+00    3.382367E+00
    1.485715E-02    2.570964E-01    1.212668E+00    5.896804E+00    5.428477E+00    3.420561E+00
    1.502549E-02    2.600064E-01    1.226125E+00    5.962969E+00    5.488466E+00    3.459141E+00
    1.519558E-02    2.629468E-01    1.239719E+00    6.029813E+00    5.549090E+00    3.498112E+00
    1.536746E-02    2.659181E-01    1.253452E+00    6.097344E+00    5.610358E+00    3.537481E+00
    1.554114E-02    2.689204E-01    1.267326E+00    6.165572E+00    5.672276E+00    3.577251E+00
    1.571665E-02    2.719541E-01    1.281342E+00    6.234503E+00    5.734850E+00    3.617428E+00
    1.589399E-02    2.750196E-01    1.295501E+00    6.304147E+00    5.798088E+00    3.658017E+00
    1.607319E-02    2.781172E-01    1.309807E+00    6.374513E+00    5.861999E+00    3.699023E+00
    1.625427E-02    2.812473E-01    1.324259E+00    6.445608E+00    5.926592E+00    3.740452E+00
    1.643725E-02    2.844101E-01    1.338860E+00    6.517443E+00    5.991874E+00    3.782308E+00
    1.662215E-02    2.876061E-01    1.353611E+00    6.590026E+00    6.057854E+00    3.824598E+00
    1.680899E-02    2.908355E-01    1.368514E+00    6.663367E+00    6.124539E+00    3.867325E+00
    1.699779E-02    2.940988E-01    1.383571E+00    6.737476E+00    6.191936E+00    3.910496E+00
    1.718857E-02    2.973962E-01    1.398783E+00    6.812363E+00    6.260053E+00    3.954117E+00
    1.738136E-02    3.007282E-01    1.414153E+00    6.888038E+00    6.328901E+00    3.998192E+00
    1.757616E-02    3.040952E-01    1.429682E+00    6.964509E+00    6.398488E+00    4.042727E+00
    1.777301E-02    3.074974E-01    1.445371E+00    7.041785E+00    6.468822E+00    4.087728E+00
    1.797193E-02    3.109354E-01    1.461223E+00    7.119877E+00    6.539912E+00    4.133201E+00
    1.817294E-02    3.144094E-01    1.477240E+00    7.198793E+00    6.611765E+00    4.179150E+00
    1.837605E-02    3.179198E-01    1.493424E+00    7.278543E+00    6.684390E+00    4.225582E+00
    1.858130E-02    3.214671E-01    1.509775E+00    7.359137E+00    6.757796E+00    4.272503E+00
    1.878871E-02    3.250516E-01    1.526298E+00    7.440583E+00    6.831995E+00    4.319918E+00
    1.899830E-02    3.286737E-01    1.542992E+00    7.522893E+00    6.906992E+00    4.367834E+00
    1.921009E-02    3.323338E-01    1.559861E+00    7.606076E+00    6.982799E+00    4.416255E+00
    1.942410E-02    3.360324E-01    1.576905E+00    7.690143E+00    7.059422E+00    4.465189E+00
    1.964037E-02    3.397699E-01    1.594129E+00    7.775105E+00    7.136873E+00    4.514641E+00
    1.985891E-02    3.435466E-01    1.611533E+00    7.860973E+00    7.215160E+00    4.564617E+00
    2.007975E-02    3.473630E-01    1.629119E+00    7.947758E+00    7.294294E+00    4.615123E+00
    2.030291E-02    3.512195E-01    1.646890E+00    8.035468E+00    7.374283E+00    4.666166E+00
    2.052842E-02    3.551165E-01    1.664847E+00    8.124116E+00    7.455137E+00    4.717752E+00
    2.075630E-02    3.590545E-01    1.682994E+00    8.213712E+00    7.536865E+00    4.769887E+00
    2.098658E-02    3.630340E-01    1.701332E+00    8.304266E+00    7.619479E+00    4.822578E+00
    2.121928E-02    3.670553E-01    1.719864E+00    8.395790E+00    7.702987E+00    4.875830E+00
    2.145444E-02    3.711189E-01    1.738591E+00    8.488294E+00    7.787400E+00    4.929651E+00
    2.169207E-02    3.752253E-01    1.757516E+00    8.581788E+00    7.872728E+00    4.984047E+00
    2.193220E-02    3.793750E-01    1.776641E+00    8.676286E+00    7.958980E+00    5.039025E+00
    2.217487E-02    3.835683E-01    1.795969E+00    8.771798E+00    8.046168E+00    5.094591E+00
    2.242009E-02    3.878057E-01    1.815502E+00    8.868337E+00    8.134302E+00    5.150752E+00
    2.266789E-02    3.920879E-01    1.835243E+00    8.965914E+00    8.223392E+00    5.207514E+00
    2.291831E-02    3.964151E-01    1.855193E+00    9.064540E+00    8.313448E+00    5.264885E+00
    2.317136E-02    4.007879E-01    1.875356E+00    9.164229E+00    8.404482E+00    5.322872E+00
    2.342709E-02    4.052068E-01    1.895734E+00    9.264991E+00    8.496505E+00    5.381481E+00
    2.368551E-02    4.096723E-01    1.916329E+00    9.366838E+00    8.589527E+00    5.440720E+00
    2.394665E-02    4.141849E-01    1.937144E+00    9.469782E+00    8.683560E+00    5.500595E+00
    2.421055E-02    4.187450E-01    1.958181E+00    9.573835E+00    8.778613E+00    5.561115E+00
    2.447723E-02    4.233533E-01    1.979443E+00    9.679011E+00    8.874700E+00    5.622285E+00
    2.474672E-02    4.280102E-01    2.000933E+00    9.785321E+00    8.971831E+00    5.684113E+00
    2.501906E-02    4.327161E-01    2.022654E+00    9.892778E+00    9.070018E+00    5.746607E+00
    2.529427E-02    4.374718E-01    2.044607E+00    1.000140E+01    9.169271E+00    5.809775E+00
    2.557238E-02    4.422776E-01    2.066797E+00    1.011119E+01    9.269603E+00    5.873623E+00
    2.585343E-02    4.471342E-01    2.089224E+00    1.022216E+01    9.371026E+00    5.938159E+00
    2.613744E-02    4.520420E-01    2.111893E+00    1.033434E+01    9.473551E+00    6.003390E+00
    2.642445E-02    4.570016E-01    2.134806E+00    1.044773E+01    9.577191E+00    6.069326E+00
    2.671449E-02    4.620135E-01    2.157966E+00    1.056234E+01    9.681957E+00    6.135972E+00
    2.700759E-02    4.670784E-01    2.181376E+00    1.067819E+01    9.787862E+00    6.203337E+00
    2.730378E-02    4.721967E-01    2.205038E+00    1.079530E+01    9.894918E+00    6.271430E+00
    2.760310E-02    4.773691E-01    2.228956E+00    1.091367E+01    1.000314E+01    6.340257E+00
    2.790557E-02    4.825960E-01    2.253132E+00    1.103332E+01    1.011253E+01    6.409827E+00
    2.821123E-02    4.878782E-01    2.277569E+00    1.115426E+01    1.022312E+01    6.480147E+00
    2.852012E-02    4.932161E-01    2.302271E+00    1.127651E+01    1.033490E+01    6.551227E+00
    2.883226E-02    4.986103E-01    2.327240E+00    1.140008E+01    1.044790E+01    6.623074E+00
    2.914770E-02    5.040615E-01    2.352479E+00    1.152499E+01    1.056213E+01    6.695697E+00
    2.946646E-02    5.095702E-01    2.377992E+00    1.165125E+01    1.067759E+01    6.769103E+00
    2.978858E-02    5.151370E-01    2.403780E+00    1.177887E+01    1.079431E+01    6.843301E+00
    3.011410E-02    5.207626E-01    2.429849E+00    1.190788E+01    1.091229E+01    6.918300E+00
    3.044304E-02    5.264475E-01    2.456200E+00    1.203827E+01    1.103156E+01    6.994109E+00
    3.077545E-02    5.321923E-01    2.482836E+00    1.217007E+01    1.115212E+01    7.070734E+00
    3.111135E-02    5.379976E-01    2.509762E+00    1.230330E+01    1.127398E+01    7.148186E+00
    3.145079E-02    5.438642E-01    2.536979E+00    1.243797E+01    1.139716E+01    7.226472E+00
    3.179380E-02    5.497925E-01    2.564491E+00    1.257408E+01    1.152168E+01    7.305602E+00
    3.214041E-02    5.557833E-01    2.592301E+00    1.271167E+01    1.164754E+01    7.385585E+00
    3.249067E-02    5.618371E-01    2.620413E+00    1.285073E+01    1.177476E+01    7.466428E+00
    3.284460E-02    5.679546E-01    2.648829E+00    1.299130E+01    1.190336E+01    7.548141E+00
    3.320225E-02    5.741364E-01    2.677553E+00    1.313337E+01    1.203335E+01    7.630732E+00
    3.356365E-02    5.803832E-01    2.706588E+00    1.327698E+01    1.216474E+01    7.714211E+00
    3.392883E-02    5.866955E-01    2.735937E+00    1.342213E+01    1.229754E+01    7.798586E+00
    3.429784E-02    5.930741E-01    2.765604E+00    1.356883E+01    1.243177E+01    7.883866E+00
    3.467070E-02    5.995195E-01    2.795590E+00    1.371711E+01    1.256745E+01    7.970060E+00
    3.504746E-02    6.060324E-01    2.825901E+00    1.386698E+01    1.270459E+01    8.057177E+00
    3.542816E-02    6.126135E-01    2.856538E+00    1.401846E+01    1.284320E+01    8.145226E+00
    3.581282E-02    6.192634E-01    2.887506E+00    1.417155E+01    1.298329E+01    8.234216E+00
    3.620148E-02    6.259827E-01    2.918806E+00    1.432628E+01    1.312488E+01    8.324155E+00
    3.659419E-02    6.327720E-01    2.950443E+00    1.448266E+01    1.326799E+01    8.415053E+00
    3.699097E-02    6.396320E-01    2.982420E+00    1.464071E+01    1.341262E+01    8.506919E+00
    3.739187E-02    6.465634E-01    3.014739E+00    1.480043E+01    1.355880E+01    8.599760E+00
    3.779691E-02    6.535667E-01    3.047404E+00    1.496185E+01    1.370653E+01    8.693586E+00
    3.820614E-02    6.606426E-01    3.080417E+00    1.512498E+01    1.385583E+01    8.788405E+00
    3.861959E-02    6.677917E-01    3.113782E+00    1.528984E+01    1.400671E+01    8.884227E+00
    3.903729E-02    6.750145E-01    3.147502E+00    1.545643E+01    1.415918E+01    8.981059E+00
    3.945927E-02    6.823118E-01    3.181579E+00    1.562478E+01    1.431327E+01    9.078910E+00
    3.988558E-02    6.896841E-01    3.216017E+00    1.579490E+01    1.446897E+01    9.177788E+00
    4.031624E-02    6.971319E-01    3.250819E+00    1.596680E+01    1.462631E+01    9.277701E+00
    4.075128E-02    7.046559E-01    3.285986E+00    1.614050E+01    1.478529E+01    9.378657E+00
    4.119074E-02    7.122566E-01    3.321523E+00    1.631600E+01    1.494594E+01    9.480664E+00
    4.163465E-02    7.199345E-01    3.357430E+00    1.649333E+01    1.510825E+01    9.583729E+00
    4.208303E-02    7.276901E-01    3.393712E+00    1.667249E+01    1.527225E+01    9.687860E+00
    4.253592E-02    7.355241E-01    3.430370E+00    1.685350E+01    1.543794E+01    9.793064E+00
    4.299333E-02    7.434368E-01    3.467406E+00    1.703636E+01    1.560533E+01    9.899347E+00
    4.345531E-02    7.514287E-01    3.504824E+00    1.722109E+01    1.577443E+01    1.000672E+01
    4.392186E-02    7.595002E-01    3.542624E+00    1.740771E+01    1.594526E+01    1.011518E+01
    4.439301E-02    7.676518E-01    3.580810E+00    1.759621E+01    1.611782E+01    1.022474E+01
    4.486879E-02    7.758838E-01    3.619382E+00    1.778662E+01    1.629212E+01    1.033540E+01
    4.534921E-02    7.841965E-01    3.658343E+00    1.797892E+01    1.646817E+01    1.044717E+01
    4.583429E-02    7.925904E-01    3.697693E+00    1.817315E+01    1.664597E+01    1.056005E+01
    4.632404E-02    8.010655E-01    3.737435E+00    1.836929E+01    1.682553E+01    1.067405E+01
    4.681847E-02    8.096222E-01    3.777569E+00    1.856736E+01    1.700686E+01    1.078916E+01
    4.731760E-02    8.182607E-01    3.818096E+00    1.876736E+01    1.718996E+01    1.090540E+01
    4.782142E-02    8.269809E-01    3.859016E+00    1.896930E+01    1.737483E+01    1.102276E+01
    4.832994E-02    8.357831E-01    3.900331E+00    1.917317E+01    1.756147E+01    1.114125E+01
    4.884316E-02    8.446671E-01    3.942039E+00    1.937898E+01    1.774989E+01    1.126086E+01
    4.936107E-02    8.536330E-01    3.984141E+00    1.958672E+01    1.794008E+01    1.138159E+01
    4.988366E-02    8.626805E-01    4.026637E+00    1.979639E+01    1.813204E+01    1.150345E+01
    5.041092E-02    8.718095E-01    4.069524E+00    2.000798E+01    1.832577E+01    1.162643E+01
    5.094283E-02    8.810196E-01    4.112801E+00    2.022150E+01    1.852125E+01    1.175052E+01
    5.147936E-02    8.903105E-01    4.156468E+00    2.043693E+01    1.871849E+01    1.187572E+01
    5.202049E-02    8.996816E-01    4.200521E+00    2.065426E+01    1.891747E+01    1.200202E+01
    5.256617E-02    9.091324E-01    4.244958E+00    2.087347E+01    1.911817E+01    1.212942E+01
    5.311637E-02    9.186621E-01    4.289775E+00    2.109456E+01    1.932059E+01    1.225791E+01
    5.367103E-02    9.282699E-01    4.334968E+00    2.131749E+01    1.952470E+01    1.238747E+01
    5.423010E-02    9.379548E-01    4.380533E+00    2.154225E+01    1.973049E+01    1.251810E+01
    5.479350E-02    9.477157E-01    4.426465E+00    2.176882E+01    1.993793E+01    1.264977E+01
    5.536117E-02    9.575513E-01    4.472758E+00    2.199715E+01    2.014700E+01    1.278247E+01
    5.593301E-02    9.674601E-01    4.519405E+00    2.222723E+01    2.035766E+01    1.291618E+01
    5.650894E-02    9.774407E-01    4.566398E+00    2.245901E+01    2.056988E+01    1.305088E+01
    5.708885E-02    9.874911E-01    4.613729E+00    2.269245E+01    2.078362E+01    1.318655E+01
    5.767262E-02    9.976094E-01    4.661389E+00    2.292751E+01    2.099884E+01    1.332315E+01
    5.826012E-02    1.007793E+00    4.709367E+00    2.316413E+01    2.121549E+01    1.346067E+01
    5.885121E-02    1.018040E+00    4.757652E+00    2.340225E+01    2.143353E+01    1.359905E+01
    5.944573E-02    1.028348E+00    4.806232E+00    2.364183E+01    2.165289E+01    1.373828E+01
    6.004351E-02    1.038713E+00    4.855092E+00    2.388278E+01    2.187352E+01    1.387831E+01
    6.064437E-02    1.049133E+00    4.904217E+00    2.412504E+01    2.209534E+01    1.401910E+01
    6.124810E-02    1.059604E+00    4.953592E+00    2.436851E+01    2.231828E+01    1.416060E+01
    6.185447E-02    1.070122E+00    5.003198E+00    2.461313E+01    2.254226E+01    1.430276E+01
    6.246326E-02    1.080682E+00    5.053015E+00    2.485878E+01    2.276719E+01    1.444552E+01
    6.307420E-02    1.091282E+00    5.103024E+00    2.510537E+01    2.299298E+01    1.458882E+01
    6.368701E-02    1.101915E+00    5.153200E+00    2.535278E+01    2.321953E+01    1.473261E+01
    6.430138E-02    1.112576E+00    5.203521E+00    2.560090E+01    2.344672E+01    1.487680E+01
    6.491701E-02    1.123261E+00    5.253958E+00    2.584959E+01    2.367444E+01    1.502132E+01
    6.553353E-02    1.133962E+00    5.304485E+00    2.609871E+01    2.390256E+01    1.516610E+01
    6.615058E-02    1.144674E+00    5.355071E+00    2.634813E+01    2.413094E+01    1.531105E+01
    6.676777E-02    1.155390E+00    5.405683E+00    2.659767E+01    2.435944E+01    1.545607E+01
    6.738465E-02    1.166102E+00    5.456288E+00    2.684717E+01    2.458790E+01    1.560107E+01
    6.800079E-02    1.176803E+00    5.506848E+00    2.709644E+01    2.481615E+01    1.574593E+01
    6.861571E-02    1.187484E+00    5.557324E+00    2.734530E+01    2.504403E+01    1.589055E+01
    6.922889E-02    1.198136E+00    5.607674E+00    2.759354E+01    2.527134E+01    1.603482E+01
    6.983980E-02    1.208751E+00    5.657855E+00    2.784094E+01    2.549788E+01    1.617859E+01
    7.044786E-02    1.219318E+00    5.707820E+00    2.808728E+01    2.572345E+01    1.632175E+01
    7.105249E-02    1.229827E+00    5.757521E+00    2.833231E+01    2.594782E+01    1.646414E+01
    7.165304E-02    1.240267E+00    5.806904E+00    2.857577E+01    2.617076E+01    1.660563E+01
    7.224885E-02    1.250626E+00    5.855918E+00    2.881741E+01    2.639203E+01    1.674606E+01
    7.283923E-02    1.260893E+00    5.904503E+00    2.905695E+01    2.661137E+01    1.688526E+01
    7.342346E-02    1.271055E+00    5.952602E+00    2.929408E+01    2.682851E+01    1.702307E+01
    7.400078E-02    1.281098E+00    6.000153E+00    2.952851E+01    2.704317E+01    1.715930E+01
    7.457041E-02    1.291010E+00    6.047090E+00    2.975991E+01    2.725507E+01    1.729378E+01
    7.513152E-02    1.300776E+00    6.093348E+00    2.998797E+01    2.746390E+01    1.742632E+01
    7.568328E-02    1.310381E+00    6.138857E+00    3.021234E+01    2.766936E+01    1.755671E+01
    7.622482E-02    1.319810E+00    6.183546E+00    3.043267E+01    2.787111E+01    1.768475E+01
    7.675524E-02    1.329049E+00    6.227341E+00    3.064859E+01    2.806884E+01    1.781023E+01
    7.727364E-02    1.338080E+00    6.270169E+00    3.085975E+01    2.826219E+01    1.793294E+01
    7.777907E-02    1.346888E+00    6.311951E+00    3.106575E+01    2.845083E+01    1.805266E+01
    7.827059E-02    1.355456E+00    6.352610E+00    3.126623E+01    2.863440E+01    1.816916E+01
    7.874722E-02    1.363768E+00    6.392067E+00    3.146077E+01    2.881255E+01    1.828223E+01
    7.920800E-02    1.371806E+00    6.430241E+00    3.164900E+01    2.898491E+01    1.839161E+01
    7.965194E-02    1.379553E+00    6.467052E+00    3.183052E+01    2.915112E+01    1.849710E+01
    8.007806E-02    1.386992E+00    6.502418E+00    3.200492E+01    2.931082E+01    1.859845E+01
    8.048537E-02    1.394106E+00    6.536259E+00    3.217180E+01    2.946364E+01    1.869543E+01
    8.087291E-02    1.400879E+00    6.568495E+00    3.233078E+01    2.960921E+01    1.878782E+01
    8.123971E-02    1.407293E+00    6.599047E+00    3.248146E+01    2.974719E+01    1.887539E+01
    8.158483E-02    1.413332E+00    6.627836E+00    3.262347E+01    2.987722E+01    1.895791E+01
    8.190734E-02    1.418980E+00    6.654787E+00    3.275641E+01    2.999895E+01    1.903517E+01
    8.220634E-02    1.424220E+00    6.679825E+00    3.287993E+01    3.011206E+01    1.910696E+01
    8.248098E-02    1.429039E+00    6.702879E+00    3.299368E+01    3.021622E+01    1.917307E+01
    8.273043E-02    1.433422E+00    6.723882E+00    3.309733E+01    3.031112E+01    1.923330E+01
    8.295391E-02    1.437354E+00    6.742767E+00    3.319055E+01    3.039647E+01    1.928748E+01
    8.315067E-02    1.440824E+00    6.759475E+00    3.327304E+01    3.047201E+01    1.933542E+01
    8.332004E-02    1.443819E+00    6.773949E+00    3.334453E+01    3.053746E+01    1.937696E+01
    8.346140E-02    1.446329E+00    6.786137E+00    3.340476E+01    3.059261E+01    1.941197E+01
    8.357417E-02    1.448342E+00    6.795992E+00    3.345350E+01    3.063723E+01    1.944029E+01
    8.365787E-02    1.449852E+00    6.803473E+00    3.349054E+01    3.067114E+01    1.946182E+01
    8.371205E-02    1.450849E+00    6.808542E+00    3.351571E+01    3.069417E+01    1.947645E+01
    8.373635E-02    1.451328E+00    6.811170E+00    3.352885E+01    3.070620E+01    1.948409E+01
    8.373049E-02    1.451283E+00    6.811333E+00    3.352985E+01    3.070710E+01    1.948468E+01
    8.369425E-02    1.450711E+00    6.809012E+00    3.351862E+01    3.069680E+01    1.947815E+01
    8.362749E-02    1.449609E+00    6.804194E+00    3.349509E+01    3.067524E+01    1.946448E+01
    8.353014E-02    1.447977E+00    6.796875E+00    3.345924E+01    3.064240E+01    1.944365E+01
    8.340223E-02    1.445813E+00    6.787054E+00    3.341107E+01    3.059827E+01    1.941566E+01
    8.324383E-02    1.443120E+00    6.774738E+00    3.335060E+01    3.054289E+01    1.938053E+01
    8.305511E-02    1.439900E+00    6.759939E+00    3.327791E+01    3.047631E+01    1.933829E+01
    8.283630E-02    1.436157E+00    6.742676E+00    3.319309E+01    3.039861E+01    1.928899E+01
    8.258771E-02    1.431897E+00    6.722973E+00    3.309624E+01    3.030991E+01    1.923272E+01
    8.230972E-02    1.427126E+00    6.700861E+00    3.298753E+01    3.021034E+01    1.916955E+01
