  -18.4206807439524        99999999.0000002        1.00000000000000     
  -18.3838128947113        96380348.4296790        1.00000000000000     
  -18.3469450454702        92891716.5618700        1.00000000000000     
  -18.3100771962291        89529360.9773610        1.00000000000000     
  -18.2732093469880        86288710.9159425        1.00000000000000     
  -18.2363414977469        83165361.0629543        1.00000000000000     
  -18.1994736485058        80155065.5607328        1.00000000000000     
  -18.1626057992647        77253732.2368262        1.00000000000000     
  -18.1257379500236        74457417.0411250        1.00000000000000     
  -18.0888701007826        71762318.6843530        1.00000000000000     
  -18.0520022515415        69164773.4706226        1.00000000000000     
  -18.0151344023004        66661250.3170356        1.00000000000000     
  -17.9782665530593        64248345.9535552        1.00000000000000     
  -17.9413987038182        61922780.2966289        1.00000000000000     
  -17.9045308545771        59681391.9902667        1.00000000000000     
  -17.8676630053360        57521134.1085191        1.00000000000000     
  -17.8307951560949        55439070.0135084        1.00000000000000     
  -17.7939273068538        53432369.3633871        1.00000000000000     
  -17.7570594576127        51498304.2647927        1.00000000000000     
  -17.7201916083717        49634245.5645699        1.00000000000000     
  -17.6833237591306        47837659.2757209        1.00000000000000     
  -17.6464559098895        46106103.1327225        1.00000000000000     
  -17.6095880606484        44437223.2715295        1.00000000000000     
  -17.5727202114073        42828751.0297502        1.00000000000000     
  -17.5358523621662        41278499.8626440        1.00000000000000     
  -17.4989845129251        39784362.3707493        1.00000000000000     
  -17.4621166636840        38344307.4351013        1.00000000000000     
  -17.4252488144429        36956377.4561444        1.00000000000000     
  -17.3883809652019        35618685.6925867        1.00000000000000     
  -17.3515131159608        34329413.6965775        1.00000000000000     
  -17.3146452667197        33086808.8417249        1.00000000000000     
  -17.2777774174786        31889181.9405879        1.00000000000000     
  -17.2409095682375        30734904.9484082        1.00000000000000     
  -17.2040417189964        29622408.7499590        1.00000000000000     
  -17.1671738697553        28550181.0265017        1.00000000000000     
  -17.1303060205142        27516764.1999517        1.00000000000000     
  -17.0934381712731        26520753.4514578        1.00000000000000     
  -17.0565703220320        25560794.8117021        1.00000000000000     
  -17.0197024727910        24635583.3203252        1.00000000000000     
  -16.9828346235499        23743861.2519726        1.00000000000000     
  -16.9459667743088        22884416.4065529        1.00000000000000     
  -16.9090989250677        22056080.4613819        1.00000000000000     
  -16.8722310758266        21257727.3829745        1.00000000000000     
  -16.8353632265855        20488271.8963228        1.00000000000000     
  -16.7984953773444        19746668.0095821        1.00000000000000     
  -16.7616275281033        19031907.5921574        1.00000000000000     
  -16.7247596788622        18343019.0042583        1.00000000000000     
  -16.6878918296211        17679065.7760601        1.00000000000000     
  -16.6510239803800        17039145.3346729        1.00000000000000     
  -16.6141561311390        16422387.7771922        1.00000000000000     
  -16.5772882818979        15827954.6881581        1.00000000000000     
  -16.5404204326568        15255037.9998215        1.00000000000000     
  -16.5035525834157        14702858.8936618        1.00000000000000     
  -16.4666847341746        14170666.7416674        1.00000000000000     
  -16.4298168849335        13657738.0859378        1.00000000000000     
  -16.3929490356924        13163375.6552207        1.00000000000000     
  -16.3560811864513        12686907.4170464        1.00000000000000     
  -16.3192133372102        12227685.6641727        1.00000000000000     
  -16.2823454879692        11785086.1340959        1.00000000000000     
  -16.2454776387281        11358507.1604338        1.00000000000000     
  -16.2086097894870        10947368.8550246        1.00000000000000     
  -16.1717419402459        10551112.3196321        1.00000000000000     
  -16.1348740910048        10169198.8861828        1.00000000000000     
  -16.0980062417637        9801109.38450549        1.00000000000000     
  -16.0611383925226        9446343.43657493        1.00000000000000     
  -16.0242705432815        9104418.77630194        1.00000000000000     
  -15.9874026940404        8774870.59394460        1.00000000000000     
  -15.9505348447993        8457250.90424945        1.00000000000000     
  -15.9136669955583        8151127.93746378        1.00000000000000     
  -15.8767991463172        7856085.55239128        1.00000000000000     
  -15.8399312970761        7571722.67069272        1.00000000000000     
  -15.8030634478350        7297652.73166336        1.00000000000000     
  -15.7661955985939        7033503.16674514        1.00000000000000     
  -15.7293277493528        6778914.89305999        1.00000000000000     
  -15.6924599001117        6533541.82527525        1.00000000000000     
  -15.6555920508706        6297050.40513801        1.00000000000000     
  -15.6187242016295        6069119.14803851        1.00000000000000     
  -15.5818563523884        5849438.20598656        1.00000000000000     
  -15.5449885031474        5637708.94640648        1.00000000000000     
  -15.5081206539063        5433643.54617833        1.00000000000000     
  -15.4712528046652        5236964.60037336        1.00000000000000     
  -15.4343849554241        5047404.74515192        1.00000000000000     
  -15.3975171061830        4864706.29431112        1.00000000000000     
  -15.3606492569419        4688620.88898813        1.00000000000000     
  -15.3237814077008        4518909.16004317        1.00000000000000     
  -15.2869135584597        4355340.40266287        1.00000000000000     
  -15.2500457092186        4197692.26274195        1.00000000000000     
  -15.2131778599775        4045750.43461678        1.00000000000000     
  -15.1763100107365        3899308.36973990        1.00000000000000     
  -15.1394421614954        3758166.99589952        1.00000000000000     
  -15.1025743122543        3622134.44660232        1.00000000000000     
  -15.0657064630132        3491025.80025158        1.00000000000000     
  -15.0288386137721        3364662.82876621        1.00000000000000     
  -14.9919707645310        3242873.75529888        1.00000000000000     
  -14.9551029152899        3125493.02072390        1.00000000000000     
  -14.9182350660488        3012361.05857742        1.00000000000000     
  -14.8813672168077        2903324.07814399        1.00000000000000     
  -14.8444993675666        2798233.85539467        1.00000000000000     
  -14.8076315183256        2696947.53149246        1.00000000000000     
  -14.7707636690845        2599327.41859102        1.00000000000000     
  -14.7338958198434        2505240.81266297        1.00000000000000     
  -14.6970279706023        2414559.81310299        1.00000000000000     
  -14.6601601213612        2327161.14886076        1.00000000000000     
  -14.6232922721201        2242926.01086723        1.00000000000000     
  -14.5864244228790        2161739.89052649        1.00000000000000     
  -14.5495565736379        2083492.42405368        1.00000000000000     
  -14.5126887243968        2008077.24244731        1.00000000000000     
  -14.4758208751557        1935391.82689208        1.00000000000000     
  -14.4389530259147        1865337.36939552        1.00000000000000     
  -14.4020851766736        1797818.63846928        1.00000000000000     
  -14.3652173274325        1732743.84967208        1.00000000000000     
  -14.3283494781914        1670024.54083872        1.00000000000000     
  -14.2914816289503        1609575.45182524        1.00000000000000     
  -14.2546137797092        1551314.40860699        1.00000000000000     
  -14.2177459304681        1495162.21157187        1.00000000000000     
  -14.1808780812270        1441042.52785698        1.00000000000000     
  -14.1440102319859        1388881.78758233        1.00000000000000     
  -14.1071423827448        1338609.08384051        1.00000000000000     
  -14.0702745335038        1290156.07630640        1.00000000000000     
  -14.0334066842627        1243456.89833584        1.00000000000000     
  -13.9965388350216        1198448.06742702        1.00000000000000     
  -13.9596709857805        1155068.39892289        1.00000000000000     
  -13.9228031365394        1113258.92283718        1.00000000000000     
  -13.8859352872983        1072962.80369104        1.00000000000000     
  -13.8490674380572        1034125.26325140        1.00000000000000     
  -13.8121995888161        996693.506065780        1.00000000000000     
  -13.7753317395750        960616.647692612        1.00000000000000     
  -13.7384638903339        925845.645529300        1.00000000000000     
  -13.7015960410929        892333.232144101        1.00000000000000     
  -13.6647281918518        860033.851021127        1.00000000000000     
  -13.6278603426107        828903.594631180        1.00000000000000     
  -13.5909924933696        798900.144744194        1.00000000000000     
  -13.5541246441285        769982.714902158        1.00000000000000     
  -13.5172567948874        742111.994974324        1.00000000000000     
  -13.4803889456463        715250.097719308        1.00000000000000     
  -13.4435210964052        689360.507281483        1.00000000000000     
  -13.4066532471641        664408.029551594        1.00000000000000     
  -13.3697853979230        640358.744324165        1.00000000000000     
  -13.3329175486820        617179.959186629        1.00000000000000     
  -13.2960496994409        594840.165077516        1.00000000000000     
  -13.2591818501998        573308.993453283        1.00000000000000     
  -13.2223140009587        552557.175005544        1.00000000000000     
  -13.1854461517176        532556.499872600        1.00000000000000     
  -13.1485783024765        513279.779291173        1.00000000000000     
  -13.1117104532354        494700.808636211        1.00000000000000     
  -13.0748426039943        476794.331798521        1.00000000000000     
  -13.0379747547532        459536.006851813        1.00000000000000     
  -13.0011069055121        442902.372962464        1.00000000000000     
  -12.9642390562711        426870.818497057        1.00000000000000     
  -12.9273712070300        411419.550284287        1.00000000000000     
  -12.8905033577889        396527.563989504        1.00000000000000     
  -12.8536355085478        382174.615561572        1.00000000000000     
  -12.8167676593067        368341.193713269        1.00000000000000     
  -12.7798998100656        355008.493397794        1.00000000000000     
  -12.7430319608245        342158.390245326        1.00000000000000     
  -12.7061641115834        329773.415924904        1.00000000000000     
  -12.6692962623423        317836.734398105        1.00000000000000     
  -12.6324284131012        306332.119032268        1.00000000000000     
  -12.5955605638602        295243.930542135        1.00000000000000     
  -12.5586927146191        284557.095729922        1.00000000000000     
  -12.5218248653780        274257.086994939        1.00000000000000     
  -12.4849570161369        264329.902584875        1.00000000000000     
  -12.4480891668958        254762.047561926        1.00000000000000     
  -12.4112213176547        245540.515457884        1.00000000000000     
  -12.3743534684136        236652.770593237        1.00000000000000     
  -12.3374856191725        228086.731036273        1.00000000000000     
  -12.3006177699314        219830.752178986        1.00000000000000     
  -12.2637499206903        211873.610907492        1.00000000000000     
  -12.2268820714493        204204.490345414        1.00000000000000     
  -12.1900142222082        196812.965149499        1.00000000000000     
  -12.1531463729671        189688.987337493        1.00000000000000     
  -12.1162785237260        182822.872628990        1.00000000000000     
  -12.0794106744849        176205.287280691        1.00000000000000     
  -12.0425428252438        169827.235398194        1.00000000000000     
  -12.0056749760027        163680.046707037        1.00000000000000     
  -11.9688071267616        157755.364766398        1.00000000000000     
  -11.9319392775205        152045.135609414        1.00000000000000     
  -11.8950714282795        146541.596794676        1.00000000000000     
  -11.8582035790384        141237.266854034        1.00000000000000     
  -11.8213357297973        136124.935122340        1.00000000000000     
  -11.7844678805562        131197.651935330        1.00000000000000     
  -11.7476000313151        126448.719182299        1.00000000000000     
  -11.7107321820740        121871.681200747        1.00000000000000     
  -11.6738643328329        117460.316000599        1.00000000000000     
  -11.6369964835918        113208.626806077        1.00000000000000     
  -11.6001286343507        109110.833903732        1.00000000000000     
  -11.5632607851096        105161.366785548        1.00000000000000     
  -11.5263929358686        101354.856576431        1.00000000000000     
  -11.4895250866275        97686.1287358087        1.00000000000000     
  -11.4526572373864        94150.1960233928        1.00000000000000     
  -11.4157893881453        90742.2517195678        1.00000000000000     
  -11.3789215389042        87457.6630911726        1.00000000000000     
  -11.3420536896631        84291.9650937977        1.00000000000000     
  -11.3051858404220        81240.8543020396        1.00000000000000     
  -11.2683179911809        78300.1830594563        1.00000000000000     
  -11.2314501419398        75465.9538402765        1.00000000000000     
  -11.1945822926987        72734.3138151931        1.00000000000000     
  -11.1577144434577        70101.5496138564        1.00000000000000     
  -11.1208465942166        67564.0822769489        1.00000000000000     
  -11.0839787449755        65118.4623909733        1.00000000000000     
  -11.0471108957344        62761.3653991486        1.00000000000000     
  -11.0102430464933        60489.5870820311        1.00000000000000     
  -10.9733751972522        58300.0392017258        1.00000000000000     
  -10.9365073480111        56189.7453037574        1.00000000000000     
  -10.8996394987700        54155.8366709023        1.00000000000000     
  -10.8627716495289        52195.5484234761        1.00000000000000     
  -10.8259038002878        50306.2157607778        1.00000000000000     
  -10.7890359510468        48485.2703385801        1.00000000000000     
  -10.7521681018057        46730.2367777423        1.00000000000000     
  -10.7153002525646        45038.7292991986        1.00000000000000     
  -10.6784324033235        43408.4484807491        1.00000000000000     
  -10.6415645540824        41837.1781312424        1.00000000000000     
  -10.6046967048413        40322.7822779028        1.00000000000000     
  -10.5678288556002        38863.2022627058        1.00000000000000     
  -10.5309610063591        37456.4539438530        1.00000000000000     
  -10.4940931571180        36100.6249985465        1.00000000000000     
  -10.4572253078769        34793.8723233914        1.00000000000000     
  -10.4203574586359        33534.4195288953        1.00000000000000     
  -10.3834896093948        32320.5545246581        1.00000000000000     
  -10.3466217601537        31150.6271919696        1.00000000000000     
  -10.3097539109126        30023.0471406511        1.00000000000000     
  -10.2728860616715        28936.2815470911        1.00000000000000     
  -10.2360182124304        27888.8530705364        1.00000000000000     
  -10.1991503631893        26879.3378448070        1.00000000000000     
  -10.1622825139482        25906.3635427032        1.00000000000000     
  -10.1254146647071        24968.6075104746        1.00000000000000     
  -10.0885468154660        24064.7949698148        1.00000000000000     
  -10.0516789662250        23193.6972849375        1.00000000000000     
  -10.0148111169839        22354.1302923790        1.00000000000000     
  -9.97794326774278        21544.9526912549        1.00000000000000     
  -9.94107541850168        20765.0644917848        1.00000000000000     
  -9.90420756926060        20013.4055199747        1.00000000000000     
  -9.86733972001950        19288.9539764245        1.00000000000000     
  -9.83047187077841        18590.7250473021        1.00000000000000     
  -9.79360402153733        17917.7695655950        1.00000000000000     
  -9.75673617229624        17269.1727208194        1.00000000000000     
  -9.71986832305515        16644.0528154348        1.00000000000000     
  -9.68300047381405        16041.5600662706        1.00000000000000     
  -9.64613262457297        15460.8754493378        1.00000000000000     
  -9.60926477533188        14901.2095864535        1.00000000000000     
  -9.57239692609079        14361.8016721670        1.00000000000000     
  -9.53552907684969        13841.9184395263        1.00000000000000     
  -9.49866122760861        13340.8531632809        1.00000000000000     
  -9.46179337836752        12857.9246991648        1.00000000000000     
  -9.42492552912643        12392.4765579543        1.00000000000000     
  -9.38805767988534        11943.8760130417        1.00000000000000     
  -9.35118983064425        11511.5132403115        1.00000000000000     
  -9.31432198140316        11094.8004891503        1.00000000000000     
  -9.27745413216207        10693.1712834630        1.00000000000000     
  -9.24058628292098        10306.0796516101        1.00000000000000     
  -9.20371843367989        9932.99938421708        1.00000000000000     
  -9.16685058443880        9573.42331885058        1.00000000000000     
  -9.12998273519771        9226.86265058486        1.00000000000000     
  -9.09311488595662        8892.84626752450        1.00000000000000     
  -9.05624703671553        8570.92011037856        1.00000000000000     
  -9.01937918747444        8260.64655521578        1.00000000000000     
  -8.98251133823335        7961.60381856201        1.00000000000000     
  -8.94564348899226        7673.38538403101        1.00000000000000     
  -8.90877563975117        7395.59944970930        1.00000000000000     
  -8.87190779051008        7127.86839554352        1.00000000000000     
  -8.83503994126899        6869.82827000678        1.00000000000000     
  -8.79817209202790        6621.12829534570        1.00000000000000     
  -8.76130424278681        6381.43039073583        1.00000000000000     
  -8.72443639354572        6150.40871269721        1.00000000000000     
  -8.68756854430463        5927.74921214528        1.00000000000000     
  -8.65070069506354        5713.14920747496        1.00000000000000     
  -8.61383284582245        5506.31697309759        1.00000000000000     
  -8.57696499658136        5306.97134287147        1.00000000000000     
  -8.54009714734027        5114.84132788674        1.00000000000000     
  -8.50322929809918        4929.66574808517        1.00000000000000     
  -8.46636144885809        4751.19287721397        1.00000000000000     
  -8.42949359961700        4579.18010063114        1.00000000000000     
  -8.39262575037591        4413.39358549690        1.00000000000000     
  -8.35575790113482        4253.60796290325        1.00000000000000     
  -8.31889005189373        4099.60602150909        1.00000000000000     
  -8.28202220265264        3951.17841226492        1.00000000000000     
  -8.24515435341155        3808.12336382526        1.00000000000000     
  -8.20828650417046        3670.24640826232        1.00000000000000     
  -8.17141865492937        3537.36011670777        1.00000000000000     
  -8.13455080568828        3409.28384456334        1.00000000000000     
  -8.09768295644719        3285.84348593403        1.00000000000000     
  -8.06081510720610        3166.87123694986        1.00000000000000     
  -8.02394725796501        3052.20536765457        1.00000000000000     
  -7.98707940872392        2941.69000215118        1.00000000000000     
  -7.95021155948283        2835.17490670553        1.00000000000000     
  -7.91334371024174        2732.51528551966        1.00000000000000     
  -7.87647586100065        2633.57158389754       0.999999992549419     
  -7.83960801175956        2538.20929853547       0.999999973922968     
  -7.80274016251847        2446.29879467938       0.999999945983291     
  -7.76587231327738        2357.71512990031       0.999999875668436     
  -7.72900446403629        2272.33788424862       0.999999704072252     
  -7.69213661479520        2190.05099655609       0.999999270890839     
  -7.65526876555411        2110.74260666322       0.999998137587681     
  -7.61840091631302        2034.30490335742       0.999995061734808     
  -7.58153306707193        1960.63397781527       0.999986389761034     
  -7.54466521783084        1889.62968234967       0.999960953648042     
  -7.50779736858975        1821.19549426984       0.999883226969359     
  -7.47092951934866        1755.23838466913       0.999635473503758     
  -7.43406167010757        1691.66869196226       0.998811246978562     
  -7.39719382086648        1630.40000000000       0.995955245898955     
  -7.39231758885311        1622.46427902610       0.995230430083424     
  -7.38744135683973        1614.56716027567       0.994372466318822     
  -7.38256512482635        1606.70845597350       0.993356626765447     
  -7.37768889281298        1598.88797925781       0.992153668502048     
  -7.37281266079960        1591.10554417573       0.990729075087444     
  -7.36793642878623        1583.36096567899       0.989042204783324     
  -7.36306019677285        1575.65405961943       0.987360322176175     
  -7.35818396475948        1567.98464274465       0.985159495942819     
  -7.35330773274610        1560.35253269368       0.982605065452948     
  -7.34843150073273        1552.75754799259       0.979654461653076     
  -7.34355526871935        1545.19950805023       0.976264598117418     
  -7.33867903670598        1537.67823315390       0.972393218009566     
  -7.33380280469260        1530.19354446509       0.968000170139051     
  -7.32892657267923        1522.74526401522       0.963048608601930     
  -7.32405034066585        1515.33321470142       0.957506019193720     
  -7.31917410865248        1507.95722028231       0.951345008809135     
  -7.31429787663910        1500.61710537382       0.944543834223995     
  -7.30942164462573        1493.31269544499       0.937086681629600     
  -7.30454541261235        1486.04381681387       0.928963732415865     
  -7.29966918059898        1478.81029664334       0.920171061125285     
  -7.29479294858560        1471.61196293703       0.910710411354294     
  -7.28991671657223        1464.44864453523       0.900588888408069     
  -7.28504048455885        1457.32017111080       0.889818598156052     
  -7.28016425254547        1450.22637316514       0.878416252471236     
  -7.27528802053210        1443.16708202415       0.866402754465412     
  -7.27041178851872        1436.14212983423       0.853802771856084     
  -7.26553555650535        1429.15134955826       0.840644303974123     
  -7.26065932449197        1422.19457497168       0.826958246611153     
  -7.25578309247860        1415.27164065849       0.812777958540969     
  -7.25090686046522        1408.38238200732       0.798138833647341     
  -7.24603062845185        1401.52663520755       0.783077882808472     
  -7.24115439643847        1394.70423724538       0.767633329810252     
  -7.23627816442510        1387.91502589999       0.751844225483537     
  -7.23140193241172        1381.15883973964       0.735750083956951     
  -7.22652570039835        1374.43551811784       0.719390544408035     
  -7.22164946838497        1367.74490116959       0.702805061031198     
  -7.21677323637160        1361.08682980749       0.686032623180511     
  -7.21189700435822        1354.46114571801       0.669111506848193     
  -7.20702077234485        1347.86769135771       0.652079057858420     
  -7.20214454033147        1341.30630994952       0.634971506430715     
  -7.19726830831810        1334.77684547896       0.617823812131615     
  -7.19239207630472        1328.27914269048       0.600669537701927     
  -7.18751584429135        1321.81304708375       0.583540749831754     
  -7.18263961227797        1315.37840490998       0.566467944656329     
  -7.17776338026459        1308.97506316826       0.549479995555885     
  -7.17288714825122        1302.60286960195       0.532604120753021     
  -7.16801091623784        1296.26167269504       0.515865868197298     
  -7.16313468422447        1289.95132166853       0.499289115294770     
  -7.15825845221109        1283.67166647688       0.482896081164344     
  -7.15338222019772        1277.42255780443       0.466707349269005     
  -7.14850598818434        1271.20384706183       0.450741898464481     
  -7.14362975617097        1265.01538638253       0.435017140718789     
  -7.13875352415759        1258.85702861926       0.419548963973530     
  -7.13387729214422        1252.72862734052       0.404351778833024     
  -7.12900106013084        1246.63003682711       0.389438567974046     
  -7.12412482811747        1240.56111206867       0.374820937362132     
  -7.11924859610409        1234.52170876021       0.360509168536643     
  -7.11437236409072        1228.51168329869       0.346512271383818     
  -7.10949613207734        1222.53089277962       0.332838036954271     
  -7.10461990006397        1216.57919499364       0.319493089997934     
  -7.09974366805059        1210.65644842315       0.306482940986745     
  -7.09486743603722        1204.76251223894       0.293812037473791     
  -7.08999120402384        1198.89724629685       0.281483814699162     
  -7.08511497201047        1193.06051113444       0.269500745398928     
  -7.08023873999709        1187.25216796763       0.257864388806295     
  -7.07536250798371        1181.47207868749       0.246575438855331     
  -7.07048627597034        1175.72010585686       0.235633771609280     
  -7.06561004395696        1169.99611270713       0.225038491939364     
  -7.06073381194359        1164.29996313500       0.214787979477982     
  -7.05585757993021        1158.63152169922       0.204879933863620     
  -7.05098134791684        1152.99065361736       0.195311419285213     
  -7.04610511590346        1147.37722476263       0.186078908322343     
  -7.04122888389009        1141.79110166069       0.177178325065365     
  -7.03635265187671        1136.23215148646       0.168605087487519     
  -7.03147641986334        1130.70024206097       0.160354149029607     
  -7.02660018784996        1125.19524184821       0.152420039347735     
  -7.02172395583659        1119.71701995202       0.144796904166177     
  -7.01684772382321        1114.26544611296       0.137478544170836     
  -7.01197149180984        1108.84039070522       0.130458452874268     
  -7.00709525979646        1103.44172473354       0.123729853380829     
  -7.00221902778309        1098.06931983013       0.117285733980057     
  -6.99734279576971        1092.72304825164       0.111118882497957     
  -6.99246656375634        1087.40278287610       0.105221919339112     
  -6.98759033174296        1082.10839719992       9.958732915739830E-002
  -6.98271409972959        1076.83976533485       9.420749109925082E-002
  -6.97783786771621        1071.59676200503       8.907470757071657E-002
  -6.97296163570284        1066.37926254396       8.418123148765302E-002
  -6.96808540368946        1061.18714289159       7.951929197720761E-002
  -6.96320917167608        1056.02027959132       7.508111850783669E-002
  -6.95833293966271        1050.87854978711       7.085896343447962E-002
  -6.95345670764933        1045.76183122051       6.684512295478386E-002
  -6.94858047563596        1040.67000222781       6.303195648141167E-002
  -6.94370424362258        1035.60294173708       5.941190444423317E-002
  -6.93882801160921        1030.56052926537       5.597750454452512E-002
  -6.93395177959583        1025.54264491577       5.272140649102611E-002
  -6.92907554758246        1020.54916937460       4.963638525481615E-002
  -6.92419931556908        1015.57998390857       4.671535288635557E-002
  -6.91932308355571        1010.63497036195       4.395136894367808E-002
  -6.91444685154233        1005.71401115376       4.133764958561776E-002
  -6.90957061952896        1000.81698927499       3.886757538806326E-002
  -6.90469438751558        995.943788285775       3.653469794461903E-002
  -6.89981815550221        991.094292312683       3.433274531568076E-002
  -6.89494192348883        986.268386045920       3.225562639189072E-002
  -6.89006569147546        981.465954736606       3.029743423923425E-002
  -6.88518945946208        976.686884194035       2.845244849372395E-002
  -6.88031322744871        971.931060782972       2.671513687376742E-002
  -6.87543699543533        967.198371420941       2.508015587793786E-002
  -6.87056076342196        962.488703575542       2.354235073506395E-002
  -6.86568453140858        957.801945261772       2.209675467234551E-002
  -6.86080829939521        953.137985039366       2.073858756565495E-002
  -6.85593206738183        948.496712010143       1.946325403433055E-002
  -6.85105583536845        943.878015815371       1.826634104067611E-002
  -6.84617960335508        939.281786633143       1.714361505205518E-002
  -6.84130337134170        934.707915175766       1.609101882097369E-002
  -6.83642713932833        930.156292687163       1.510466783588319E-002
  -6.83155090731495        925.626810940284       1.418084649265104E-002
  -6.82667467530158        921.119362234534       1.331600403372778E-002
  -6.82179844328820        916.633839393216       1.250675029902858E-002
  -6.81692221127483        912.170135760975       1.174985132942899E-002
  -6.81204597926145        907.728145201272       1.104222486057013E-002
  -6.80716974724808        903.307762093849       1.038093574137487E-002
  -6.80229351523470        898.908881332226       9.763191308315338E-003
  -6.79741728322133        894.531398321199       9.186336743040398E-003
  -6.79254105120795        890.175208974351       8.647850437506393E-003
  -6.78766481919458        885.840209711583       8.145339387273659E-003
  -6.78278858718120        881.526297456643       7.676534630175823E-003
  -6.77791235516783        877.233369634681       7.239286744193349E-003
  -6.77303612315445        872.961324169810       6.831561415113225E-003
  -6.76815989114108        868.710059482674       6.451435081511152E-003
  -6.76328365912770        864.479474488035       6.097090661810119E-003
  -6.75840742711433        860.269468592377       5.766813365723550E-003
  -6.75353119510095        856.079941691500       5.458986590339961E-003
  -6.74865496308758        851.910794168150       5.172087899504749E-003
  -6.74377873107420        847.761926889647       4.904685084028115E-003
  -6.73890249906082        843.633241205530       4.655432299615085E-003
  -6.73402626704745        839.524638945207       4.423066279253531E-003
  -6.72915003503407        835.436022415626       4.206402617076301E-003
  -6.72427380302070        831.367294398945       4.004332121365335E-003
  -6.71939757100732        827.318358150231       3.815817235312813E-003
  -6.71452133899395        823.289117395149       3.639888525298185E-003
  -6.70964510698057        819.279476327677       3.475641237679696E-003
  -6.70476887496720        815.289339607831       3.322231926334288E-003
  -6.69989264295382        811.318612359394       3.178875154317214E-003
  -6.69501641094045        807.367200167662       3.044840273977415E-003
  -6.69014017892707        803.435009077196       2.919448290594108E-003
  -6.68526394691370        799.521945589593       2.802068815060993E-003
  -6.68038771490032        795.627916661258       2.692117111318447E-003
  -6.67551148288695        791.752829701196       2.589051244128643E-003
  -6.67063525087357        787.896592568806       2.492369332423061E-003
  -6.66575901886020        784.059113571694       2.401606912864463E-003
  -6.66088278684682        780.240301463488       2.316334417499514E-003
  -6.65600655483345        776.440065441677       2.236154768482388E-003
  -6.65113032282007        772.658315145442       2.160701091875029E-003
  -6.64625409080670        768.894960653513       2.089634551522573E-003
  -6.64137785879332        765.149912482027       2.022642303004705E-003
  -6.63650162677994        761.423081582409       1.959435566711118E-003
  -6.63162539476657        757.714379339242       1.899747818209420E-003
  -6.62674916275319        754.023717568172       1.843333093287340E-003
  -6.62187293073982        750.351008513802       1.789964404369577E-003
  -6.61699669872644        746.696164847609       1.739432264441426E-003
  -6.61212046671307        743.059099665870       1.691543314155678E-003
  -6.60724423469969        739.439726487593       1.646119047453765E-003
  -6.60236800268632        735.837959252458       1.602994630789096E-003
  -6.59749177067294        732.253712318777       1.562017810892196E-003
  -6.59261553865957        728.686900461452       1.523047905951206E-003
  -6.58773930664619        725.137438869950       1.485954875088269E-003
  -6.58286307463282        721.605243146292       1.450618461079742E-003
  -6.57798684261944        718.090229303035       1.416927401385562E-003
  -6.57311061060607        714.592313761287       1.384778702710606E-003
  -6.56823437859269        711.111413348709       1.354076974508476E-003
  -6.56335814657932        707.647445297546       1.324733817048338E-003
  -6.55848191456594        704.200327242653       1.296667259890513E-003
  -6.55360568255257        700.769977219543       1.269801246850660E-003
  -6.54872945053919        697.356313662428       1.244065163770133E-003
  -6.54385321852582        693.959255402291       1.219393405647786E-003
  -6.53897698651244        690.578721664945       1.195724979922041E-003
  -6.53410075449906        687.214632069125       1.173003142919589E-003
  -6.52922452248569        683.866906624563       1.151175066706027E-003
  -6.52434829047231        680.535465730096       1.130191533783227E-003
  -6.51947205845894        677.220230171771       1.110006657276724E-003
  -6.51459582644556        673.921121120956       1.090577624443854E-003
  -6.50971959443219        670.638060132473       1.071864461509169E-003
  -6.50484336241881        667.370969142731       1.053829817997904E-003
  -6.49996713040544        664.119770467867       1.036438768891140E-003
  -6.49509089839206        660.884386801899       1.019658633067986E-003
  -6.49021466637869        657.664741214892       1.003458806631313E-003
  -6.48533843436531        654.460757151125       9.878106098343631E-004
  -6.48046220235194        651.272358427271       9.726871464368512E-004
  -6.47558597033856        648.099469230588       9.580631744213506E-004
  -6.47070973832519        644.942014117114       9.439149870945245E-004
  -6.46583350631181        641.799918009872       9.302203036834031E-004
  -6.46095727429844        638.673106197089       9.169581686154949E-004
  -6.45608104228506        635.561504330415       9.041088587430689E-004
  -6.45120481027169        632.465038423161       8.916537978373834E-004
  -6.44632857825831        629.383634848533       8.795754777381777E-004
  -6.44145234624494        626.317220337884       8.678573855981966E-004
  -6.43657611423156        623.265721978974       8.564839367118833E-004
  -6.43169988221818        620.229067214233       8.454404124624562E-004
  -6.42682365020481        617.207183839040       8.347129029626043E-004
  -6.42194741819143        614.200000000000       8.242882540013041E-004
  -6.40054092679746        601.170680047336       7.818075297853645E-004
  -6.37913443540349        588.417308044004       7.440254567664745E-004
  -6.35772794400952        575.934039688765       7.102118850524671E-004
  -6.33632145261555        563.715154456828       6.797793056588253E-004
  -6.31491496122158        551.755052978389       6.522500623592855E-004
  -6.29350846982761        540.048254472688       6.272320613379925E-004
  -6.27210197843363        528.589394236416       6.044005675478814E-004
  -6.25069548703966        517.373221185304       5.834844099491055E-004
  -6.22928899564569        506.394595447794       5.642554157313240E-004
  -6.20788250425172        495.648486009658       5.465202349770604E-004
  -6.18647601285775        485.129968408510       5.301139535474939E-004
  -6.16506952146378        474.834222477150       5.148950572133680E-004
  -6.14366303006981        464.756530134690       5.007414267431455E-004
  -6.12225653867583        454.892273224469       4.875471268760582E-004
  -6.10085004728186        445.236931397765       4.752198120275922E-004
  -6.07944355588789        435.786080042309       4.636786151310119E-004
  -6.05803706449392        426.535388254693       4.528524179735370E-004
  -6.03663057309995        417.480616855706       4.426784250412987E-004
  -6.01522408170598        408.617616447707       4.331009805520357E-004
  -5.99381759031201        399.942325513142       4.240705816572359E-004
  -5.97241109891803        391.450768553331       4.155430508947671E-004
  -5.95100460752406        383.139054266676       4.074788387003016E-004
  -5.92959811613009        375.003373765450       3.998424327423943E-004
  -5.90819162473612        367.039998830354       3.926018554705532E-004
  -5.88678513334215        359.245280202040       3.857282348804533E-004
  -5.86537864194818        351.615645908819       3.791954363444204E-004
  -5.84397215055421        344.147599629786       3.729797456067357E-004
  -5.82256565916023        336.837719092611       3.670595948361559E-004
  -5.80115916776626        329.682654505264       3.614153250637752E-004
  -5.77975267637229        322.679127020957       3.560289794902739E-004
  -5.75834618497832        315.823927235595       3.508841230819946E-004
  -5.73693969358435        309.113913717045       3.459656846359464E-004
  -5.71553320219038        302.546011565562       3.412598181152858E-004
  -5.69412671079641        296.117211004700       3.367537805667777E-004
  -5.67272021940243        289.824566002061       3.324358243520487E-004
  -5.65131372800846        283.665192919266       3.282951017722073E-004
  -5.62990723661449        277.636269190508       3.243215804543498E-004
  -5.60850074522052        271.735032029098       3.205059681093763E-004
  -5.58709425382655        265.958777161401       3.168396454721794E-004
  -5.56568776243258        260.304857587591       3.133146064045811E-004
  -5.54428127103861        254.770682368648       3.099234042840662E-004
  -5.52287477964463        249.353715439044       3.066591039219534E-004
  -5.50146828825066        244.051474444582       3.035152383569028E-004
  -5.48006179685669        238.861529604838       3.004857699566172E-004
  -5.45865530546272        233.781502599706       2.975650553347615E-004
  -5.43724881406875        228.809065479520       2.947478136535573E-004
  -5.41584232267478        223.941939598253       2.920290979369036E-004
  -5.39443583128081        219.177894569322       2.894042690656418E-004
  -5.37302933988683        214.514747243497       2.868689721668854E-004
  -5.35162284849286        209.950360708463       2.844191151441719E-004
  -5.33021635709889        205.482643309568       2.820508491253428E-004
  -5.30880986570492        201.109547691310       2.797605506312456E-004
  -5.28740337431095        196.829069859128       2.775448052911162E-004
  -5.26599688291698        192.639248261058       2.754003929503606E-004
  -5.24459039152300        188.538162888844       2.733242740337879E-004
  -5.22318390012903        184.523934398078       2.713135770425311E-004
  -5.20177740873506        180.594723246990       2.693655870762048E-004
  -5.18037091734109        176.748728853458       2.674777352835418E-004
  -5.15896442594712        172.984188769891       2.656475891550513E-004
  -5.13755793455315        169.299377875568       2.638728435802693E-004
  -5.11615144315918        165.692607586100       2.621513126005450E-004
  -5.09474495176520        162.162225079626       2.604809217943464E-004
  -5.07333846037123        158.706612539393       2.588597012401298E-004
  -5.05193196897726        155.324186412391       2.572857790056250E-004
  -5.03052547758329        152.013396683674       2.557573751184242E-004
  -5.00911898618932        148.772726166061       2.542727959768282E-004
  -4.98771249479535        145.600689804877       2.528304291638914E-004
  -4.96630600340138        142.495833997418       2.514287386311392E-004
  -4.94489951200740        139.456735926828       2.500662602215697E-004
  -4.92349302061343        136.482002910090       2.487415975043816E-004
  -4.90208652921946        133.570271759816       2.474534178963929E-004
  -4.88068003782549        130.720208159563       2.462004490473907E-004
  -4.85927354643152        127.930506052374       2.449814754686912E-004
  -4.83786705503755        125.199887042271       2.437953353860285E-004
  -4.81646056364358        122.527099808423       2.426409177995491E-004
  -4.79505407224960        119.910919531718       2.415171597351807E-004
  -4.77364758085563        117.350147333491       2.404230436729975E-004
  -4.75224108946166        114.843609726122       2.393575951394217E-004
  -4.73083459806769        112.390158075288       2.383198804512144E-004
  -4.70942810667372        109.988668073588       2.373090046002018E-004
  -4.68802161527975        107.638039225326       2.363241092685998E-004
  -4.66661512388578        105.337194342204       2.353643709656238E-004
  -4.64520863249180        103.085079049692       2.344289992768199E-004
  -4.62380214109783        100.880661303859       2.335172352182421E-004
  -4.60239564970386        98.7229309184280       2.326283496882168E-004
  -4.58098915830989        96.6108991018585       2.317616420100119E-004
  -4.55958266691592        94.5435980042231       2.309164385592364E-004
  -4.53817617552195        92.5200802736872       2.300920914702801E-004
  -4.51676968412798        90.5394186223792       2.292879774165301E-004
  -4.49536319273400        88.6007054014562       2.285034964594981E-004
  -4.47395670134003        86.7030521851689       2.277380709623576E-004
  -4.45255020994606        84.8455893637357       2.269911445637208E-004
  -4.43114371855209        83.0274657448393       2.262621812077940E-004
  -4.40973722715812        81.2478481635632       2.255506642273235E-004
  -4.38833073576415        79.5059211005899       2.248560954760139E-004
  -4.36692424437018        77.8008863084841       2.241779945073237E-004
  -4.34551775297620        76.1319624458919       2.235158977967738E-004
  -4.32411126158223        74.4983847194869       2.228693580050974E-004
  -4.30270477018826        72.8994045334994       2.222379432797488E-004
  -4.28129827879429        71.3342891466687       2.216212365924590E-004
  -4.25989178740032        69.8023213364599       2.210188351106844E-004
  -4.23848529600635        68.3027990703935       2.204303496009389E-004
  -4.21707880461238        66.8350351843348       2.198554038621358E-004
  -4.19567231321840        65.3983570675973       2.192936341871931E-004
  -4.17426582182443        63.9921063547154       2.187446888512639E-004
  -4.15285933043046        62.6156386237448       2.182082276250720E-004
  -4.13145283903649        61.2683231009525       2.176839213119189E-004
  -4.11004634764252        59.9495423717617       2.171714513070318E-004
  -4.08863985624855        58.6586920978181       2.166705091779997E-004
  -4.06723336485457        57.3951807400484       2.161807962651296E-004
  -4.04582687346060        56.1584292875846       2.157020233006222E-004
  -4.02442038206663        54.9478709924292       2.152339100455426E-004
  -4.00301389067266        53.7629511097394       2.147761849436179E-004
  -3.98160739927869        52.6031266436132       2.143285847909593E-004
  -3.96020090788472        51.4678660982575       2.138908544208550E-004
  -3.93879441649075        50.3566492344283       2.134627464028381E-004
  -3.91738792509678        49.2689668310277       2.130440207552781E-004
  -3.89598143370280        48.2043204517505       2.126344446707884E-004
  -3.87457494230883        47.1622222166737       2.122337922537881E-004
  -3.85316845091486        46.1421945786823       2.118418442695909E-004
  -3.83176195952089        45.1437701046310       2.114583879044340E-004
  -3.81035546812692        44.1664912611404       2.110832165358920E-004
  -3.78894897673295        43.2099102049301       2.107161295131523E-004
  -3.76754248533897        42.2735885775917       2.103569319466603E-004
  -3.74613599394500        41.3570973047091       2.100054345066700E-004
  -3.72472950255103        40.4600163992326       2.096614532302596E-004
  -3.70332301115706        39.5819347690175       2.093248093363993E-004
  -3.68191651976309        38.7224500284394       2.089953290486802E-004
  -3.66051002836912        37.8811683139982       2.086728434253340E-004
  -3.63910353697515        37.0577041038284       2.083571881961951E-004
  -3.61769704558117        36.2516800410316       2.080482036062743E-004
  -3.59629055418720        35.4627267607506       2.077457342656311E-004
  -3.57488406279323        34.6904827209061       2.074496290052505E-004
  -3.55347757139926        33.9345940365178       2.071597407386432E-004
  -3.53207108000529        33.1947143175349       2.068759263289045E-004
  -3.51066458861132        32.4705045101014       2.065980464609802E-004
  -3.48925809721735        31.7616327411821       2.063259655189039E-004
  -3.46785160582337        31.0677741664803       2.060595514677759E-004
  -3.44644511442940        30.3886108215765       2.057986757402742E-004
  -3.42503862303543        29.7238314762190       2.055432131274922E-004
  -3.40363213164146        29.0731314917011       2.052930416739106E-004
  -3.38222564024749        28.4362126812591       2.050480425763215E-004
  -3.36081914885352        27.8127831734263       2.048081000865303E-004
  -3.33941265745955        27.2025572782811       2.045731014176714E-004
  -3.31800616606557        26.6052553565288       2.043429366539797E-004
  -3.29659967467160        26.0206036913545       2.041174986638703E-004
  -3.27519318327763        25.4483343629917       2.038966830161837E-004
  -3.25378669188366        24.8881851259461       2.036803878994625E-004
  -3.23238020048969        24.3398992888204       2.034685140441310E-004
  -3.21097370909572        23.8032255966840       2.032609646474558E-004
  -3.18956721770175        23.2779181159342       2.030576453011713E-004
  -3.16816072630777        22.7637361215956       2.028584639216601E-004
  -3.14675423491380        22.2604439870070       2.026633306825818E-004
  -3.12534774351983        21.7678110758436       2.024721579498512E-004
  -3.10394125212586        21.2856116364272       2.022848602188686E-004
  -3.08253476073189        20.8136246982740       2.021013540539137E-004
  -3.06112826933792        20.3516339708339       2.019215580296132E-004
  -3.03972177794395        19.8994277443740       2.017453926744005E-004
  -3.01831528654997        19.4567987929614       2.015727804158890E-004
  -2.99690879515600        19.0235442795011       2.014036455280834E-004
  -2.97550230376203        18.5994656627847       2.012379140803552E-004
  -2.95409581236806        18.1843686065076       2.010755138881162E-004
  -2.93268932097409        17.7780628902137       2.009163744651217E-004
  -2.91128282958012        17.3803623221255       2.007604269773433E-004
  -2.88987633818615        16.9910846538211       2.006076041983496E-004
  -2.86846984679217        16.6100514967176       2.004578404661375E-004
  -2.84706335539820        16.2370882403235       2.003110716413602E-004
  -2.82565686400423        15.8720239722230       2.001672350668988E-004
  -2.80425037261026        15.5146913997537       2.000262695287284E-004
  -2.78284388121629        15.1649267733445       1.998881152180296E-004
  -2.76143738982232        14.8225698114764       1.997527136945004E-004
  -2.74003089842835        14.4874636272321       1.996200078508240E-004
  -2.71862440703437        14.1594546564024       1.994899418782522E-004
  -2.69721791564040        13.8383925871141       1.993624612332613E-004
  -2.67581142424643        13.5241302909490       1.992375126052451E-004
  -2.65440493285246        13.2165237555216       1.991150438852063E-004
  -2.63299844145849        12.9154320184843       1.989950041354124E-004
  -2.61159195006452        12.6207171029310       1.988773435599795E-004
  -2.59018545867055        12.3322439541684       1.987620134763566E-004
  -2.56877896727657        12.0498803778260       1.986489662876743E-004
  -2.54737247588260        11.7734969792781       1.985381554559306E-004
  -2.52596598448863        11.5029671043473       1.984295354759866E-004
  -2.50455949309466        11.2381667812651       1.983230618503413E-004
  -2.48315300170069        10.9789746638607       1.982186910646625E-004
  -2.46174651030672        10.7252719759539       1.981163805640475E-004
  -2.44034001891275        10.4769424569248       1.980160887299888E-004
  -2.41893352751877        10.2338723084372       1.979177748580236E-004
  -2.39752703612480        9.99595014228957       1.978213991360421E-004
  -2.37612054473083        9.76306692937112       1.977269226232364E-004
  -2.35471405333686        9.53511594969833       1.976343072296685E-004
  -2.33330756194289        9.31199274351005       1.975435156964356E-004
  -2.31190107054892        9.09359506339831       1.974545115764183E-004
  -2.29049457915495        8.87982282745285       1.973672592155886E-004
  -2.26908808776097        8.67057807339805       1.972817237348653E-004
  -2.24768159636700        8.46576491370118       1.971978710124963E-004
  -2.22627510497303        8.26528949163142       1.971156676669539E-004
  -2.20486861357906        8.06905993824957       1.970350810403268E-004
  -2.18346212218509        7.87698633030850       1.969560791821946E-004
  -2.16205563079112        7.68898064904548       1.968786308339695E-004
  -2.14064913939715        7.50495673984699       1.968027054136936E-004
  -2.11924264800317        7.32483027276794       1.967282730012761E-004
  -2.09783615660920        7.14851870388706       1.966553043241595E-004
  -2.07642966521523        6.97594123748067       1.965837707434017E-004
  -2.05502317382126        6.80701878899761       1.965136442401626E-004
  -2.03361668242729        6.64167394881831       1.964448974025832E-004
  -2.01221019103332        6.47983094678142       1.963775034130472E-004
  -1.99080369963935        6.32141561746178       1.963114360358130E-004
  -1.96939720824537        6.16635536618359       1.962466696050070E-004
  -1.94799071685140        6.01457913575365       1.961831790129682E-004
  -1.92658422545743        5.86601737389895       1.961209396989314E-004
  -1.90517773406346        5.72060200139395       1.960599276380447E-004
  -1.88377124266949        5.57826638086295       1.960001193307075E-004
  -1.86236475127552        5.43894528624312       1.959414917922202E-004
  -1.84095825988155        5.30257487289437       1.958840225427403E-004
  -1.81955176848757        5.16909264834209       1.958276895975307E-004
  -1.79814527709360        5.03843744363975       1.957724714574958E-004
  -1.77673878569963        4.91054938533786       1.957183470999938E-004
  -1.75533229430566        4.78536986804659       1.956652959699177E-004
  -1.73392580291169        4.66284152757962       1.956132979710359E-004
  -1.71251931151772        4.54290821466664       1.955623334575833E-004
  -1.69111282012374        4.42551496922266       1.955123832260937E-004
  -1.66970632872977        4.31060799516224       1.954634285074653E-004
  -1.64829983733580        4.19813463574718       1.954154509592481E-004
  -1.62689334594183        4.08804334945627       1.953684326581454E-004
  -1.60548685454786        3.98028368636607       1.953223560927178E-004
  -1.58408036315389        3.87480626503204       1.952772041562798E-004
  -1.56267387175992        3.77156274985917       1.952329601399788E-004
  -1.54126738036594        3.67050582895194       1.951896077260433E-004
  -1.51986088897197        3.57158919243341       1.951471309811909E-004
  -1.49845439757800        3.47476751122347       1.951055143501799E-004
  -1.47704790618403        3.37999641626652       1.950647426494957E-004
  -1.45564141479006        3.28723247819913       1.950248010611525E-004
  -1.43423492339609        3.19643318744831       1.949856751265999E-004
  -1.41282843200212        3.10755693475124       1.949473507407161E-004
  -1.39142194060814        3.02056299208762       1.949098141458706E-004
  -1.37001544921417        2.93541149401586       1.948730519260395E-004
  -1.34860895782020        2.85206341940447       1.948370510009532E-004
  -1.32720246642623        2.77048057355049       1.948017986202576E-004
  -1.30579597503226        2.69062557067647       1.947672823576647E-004
  -1.28438948363829        2.61246181679834       1.947334901050730E-004
  -1.26298299224432        2.53595349295594       1.947004100666319E-004
  -1.24157650085034        2.46106553879882       1.946680307527242E-004
  -1.22017000945637        2.38776363651964       1.946363409738430E-004
  -1.19876351806240        2.31601419512788       1.946053298343326E-004
  -1.17735702666843        2.24578433505652       1.945749867259664E-004
  -1.15595053527446        2.17704187309489       1.945453013213325E-004
  -1.13454404388049        2.10975530764047       1.945162635669959E-004
  -1.11313755248652        2.04389380426312       1.944878636764080E-004
  -1.09173106109254        1.97942718157509       1.944600921225313E-004
  -1.07032456969857        1.91632589740018       1.944329396301491E-004
  -1.04891807830460        1.85456103523590       1.944063971678315E-004
  -1.02751158691063        1.79410429100233       1.943804559395264E-004
  -1.00610509551666        1.73492796007161       1.943551073757496E-004
 -0.984698604122686        1.67700492457216       1.943303431243482E-004
 -0.963292112728715        1.62030864096178       1.943061550408150E-004
 -0.941885621334744        1.56481312786389       1.942825351781360E-004
 -0.920479129940772        1.51049295416147       1.942594757761545E-004
 -0.899072638546802        1.45732322734307       1.942369692504460E-004
 -0.877666147152829        1.40527958209573       1.942150081806984E-004
 -0.856259655758858        1.35433816913939       1.941935852986034E-004
 -0.834853164364886        1.30447564429790       1.941726934752712E-004
 -0.813446672970915        1.25566915780135       1.941523257081901E-004
 -0.792040181576944        1.20789634381509       1.941324751077618E-004
 -0.770633690182972        1.16113531019044       1.941131348834546E-004
 -0.749227198789001        1.11536462843252       1.940942983296269E-004
 -0.727820707395029        1.07056332388052       1.940759588110862E-004
 -0.706414216001058        1.02671086609591       1.940581097484585E-004
 -0.685007724607087       0.983787159454325       1.940407446034578E-004
 -0.663601233213115       0.941772533936581       1.940238568641536E-004
 -0.642194741819143       0.900647736114806       1.940074400303474E-004
 -0.620788250425171       0.860393920329459       1.939914875991775E-004
 -0.599381759031201       0.820992640053188       1.939759930510817E-004
 -0.577975267637229       0.782425839437617       1.939609498362513E-004
 -0.556568776243258       0.744675845039164       1.939463513617175E-004
 -0.535162284849287       0.707725357720084       1.939321909792105E-004
 -0.513755793455315       0.671557444721038       1.939184619739344E-004
 -0.492349302061343       0.636155531901584       1.939051575543935E-004
 -0.470942810667371       0.601503396144974       1.938922708434030E-004
 -0.449536319273401       0.567585157923827       1.938797948704040E-004
 -0.428129827879429       0.534385274023248       1.938677225651923E-004
 -0.406723336485458       0.501888530418071       1.938560467531531E-004
 -0.385316845091486       0.470080035300950       1.938447601520760E-004
 -0.363910353697515       0.438945212258103       1.938338553706038E-004
 -0.342503862303543       0.408469793589598       1.938233249083456E-004
 -0.321097370909571       0.378639813771098       1.938131611576601E-004
 -0.299690879515601       0.349441603054089       1.938033564070924E-004
 -0.278284388121628       0.320861781201637       1.937939028464190E-004
 -0.256877896727657       0.292887251356837       1.937847925732371E-004
 -0.235471405333686       0.265505194041090       1.937760176010050E-004
 -0.214064913939715       0.238703061279517       1.937675698684240E-004
 -0.192658422545743       0.212468570850787       1.937594412500316E-004
 -0.171251931151772       0.186789700658713       1.937516235678613E-004
 -0.149845439757800       0.161654683223068       1.937441086040084E-004
 -0.128438948363828       0.137052000287074       1.937368881139381E-004
 -0.107032456969857       0.112970377539095       1.937299538403604E-004
 -8.562596557588620E-002  8.939877944612840E-002  1.937232975274972E-004
 -6.421947418191465E-002  6.632640419670510E-002  1.937169109355715E-004
 -4.281298278794221E-002  4.374267875091031E-002  1.937107858553454E-004
 -2.140649139397155E-002  2.163725399522876E-002  1.937049141225501E-004
  0.000000000000000E+000  0.000000000000000E+000  1.936992876320557E-004
