  -18.4206807439524       9.999999999999982E-009  1.568060856995576E-011
  -18.4022416240885       1.018610170155975E-008  8.748367423594822E-005
  -18.3838025042247       1.037566678745183E-008  1.765953917423410E-004
  -18.3653633843609       1.056875971184803E-008  2.673654656463927E-004
  -18.3469242644971       1.076544612842315E-008  3.598247571974455E-004
  -18.3284851446333       1.096579291267807E-008  4.540047019386722E-004
  -18.3100460247695       1.116986818467822E-008  5.499373203933622E-004
  -18.2916069049057       1.137774133221491E-008  6.476552289498607E-004
  -18.2731677850418       1.158948303439808E-008  7.471916509491872E-004
  -18.2547286651780       1.180516528568804E-008  8.485804279789370E-004
  -18.2362895453142       1.202486142037412E-008  9.518560313771274E-004
  -18.2178504254504       1.224864613750928E-008  1.057053573950247E-003
  -18.1994113055866       1.247659552630868E-008  1.164208821909315E-003
  -18.1809721857228       1.270878709202059E-008  1.273358207027817E-003
  -18.1625330658589       1.294529978227913E-008  1.384538839026013E-003
  -18.1440939459951       1.318621401394747E-008  1.497788518185655E-003
  -18.1256548261313       1.343161170046012E-008  1.613145748199170E-003
  -18.1072157062675       1.368157627967469E-008  1.730649749258212E-003
  -18.0887765864037       1.393619274224141E-008  1.850340471385385E-003
  -18.0703374665399       1.419554766050097E-008  1.972258608014200E-003
  -18.0518983466760       1.445972921792017E-008  2.096445609821686E-003
  -18.0334592268122       1.472882723907501E-008  2.222943698818112E-003
  -18.0150201069484       1.500293322019213E-008  2.351795882699029E-003
  -17.9965809870846       1.528214036025867E-008  2.483045969464334E-003
  -17.9781418672208       1.556654359271060E-008  2.616738582309056E-003
  -17.9597027473570       1.585623961771133E-008  2.752919174791366E-003
  -17.9412636274931       1.615132693503088E-008  2.891634046282775E-003
  -17.9228245076293       1.645190587753662E-008  3.032930357705519E-003
  -17.9043853877655       1.675807864530763E-008  3.176856147562907E-003
  -17.8859462679017       1.706994934038405E-008  3.323460348267903E-003
  -17.8675071480379       1.738762400216250E-008  3.472792802775190E-003
  -17.8490680281741       1.771121064345083E-008  3.624904281522891E-003
  -17.8306289083102       1.804081928719380E-008  3.779846499689414E-003
  -17.8121897884464       1.837656200388171E-008  3.937672134771084E-003
  -17.7937506685826       1.871855294965574E-008  4.098434844486976E-003
  -17.7753115487188       1.906690840512250E-008  4.262189285016827E-003
  -17.7568724288550       1.942174681489026E-008  4.428991129577906E-003
  -17.7384333089912       1.978318882784159E-008  4.598897087347727E-003
  -17.7199941891274       2.015135733815555E-008  4.771964922738753E-003
  -17.7015550692635       2.052637752709252E-008  4.948253475031305E-003
  -17.6831159493997       2.090837690555746E-008  5.127822678371968E-003
  -17.6646768295359       2.129748535745518E-008  5.310733582143987E-003
  -17.6462377096721       2.169383518385185E-008  5.497048371716244E-003
  -17.6277985898083       2.209756114795897E-008  5.686830389578460E-003
  -17.6093594699445       2.250880052095460E-008  5.880144156869545E-003
  -17.5909203500806       2.292769312865642E-008  6.077055395305978E-003
  -17.5724812302168       2.335438139906473E-008  6.277631049518621E-003
  -17.5540421103530       2.378901041078892E-008  6.481939309804412E-003
  -17.5356029904892       2.423172794237592E-008  6.690049635301573E-003
  -17.5171638706254       2.468268452255687E-008  6.902032777595902E-003
  -17.4987247507616       2.514203348142796E-008  7.117960804765726E-003
  -17.4802856308977       2.560993100258451E-008  7.337907125874410E-003
  -17.4618465110339       2.608653617622543E-008  7.561946515918409E-003
  -17.4434073911701       2.657201105324504E-008  7.790155141238909E-003
  -17.4249682713063       2.706652070033234E-008  8.022610585406468E-003
  -17.4065291514425       2.757023325609579E-008  8.259391875587009E-003
  -17.3880900315787       2.808331998823171E-008  8.500579509397850E-003
  -17.3696509117148       2.860595535175734E-008  8.746255482263449E-003
  -17.3512117918510       2.913831704832783E-008  8.996503315279994E-003
  -17.3327726719872       2.968058608665601E-008  9.251408083597710E-003
  -17.3143335521234       3.023294684405770E-008  9.511056445331401E-003
  -17.2958944322596       3.079558712914222E-008  9.775536671008641E-003
  -17.2774553123958       3.136869824566876E-008  1.004493867356509E-002
  -17.2590161925319       3.195247505759205E-008  1.031935403889814E-002
  -17.2405770726681       3.254711605531844E-008  1.059887605698857E-002
  -17.2221379528043       3.315282342319412E-008  1.088359975360051E-002
  -17.2036988329405       3.376980310825083E-008  1.117362192257162E-002
  -17.1852597130767       3.439826489022922E-008  1.146904115870287E-002
  -17.1668205932129       3.503842245290662E-008  1.176995789126039E-002
  -17.1483814733491       3.569049345675221E-008  1.207647441810038E-002
  -17.1299423534852       3.635469961293317E-008  1.238869494042785E-002
  -17.1115032336214       3.703126675869914E-008  1.270672559820220E-002
  -17.0930641137576       3.772042493416991E-008  1.303067450620128E-002
  -17.0746249938938       3.842240846055056E-008  1.336065179075512E-002
  -17.0561858740300       3.913745601980372E-008  1.369676962716345E-002
  -17.0377467541662       3.986581073580433E-008  1.403914227780871E-002
  -17.0193076343023       4.060772025700361E-008  1.438788613097722E-002
  -17.0008685144385       4.136343684063263E-008  1.474311974040254E-002
  -16.9824293945747       4.213321743847280E-008  1.510496386554399E-002
  -16.9639902747109       4.291732378422155E-008  1.547354151261351E-002
  -16.9455511548471       4.371602248248492E-008  1.584897797636567E-002
  -16.9271120349833       4.452958509942647E-008  1.623140088266459E-002
  -16.9086729151194       4.535828825510186E-008  1.662094023184162E-002
  -16.8902337952556       4.620241371751298E-008  1.701772844285950E-002
  -16.8717946753918       4.706224849841274E-008  1.742190039829761E-002
  -16.8533555555280       4.793808495089108E-008  1.783359349017264E-002
  -16.8349164356642       4.883022086877867E-008  1.825294766661172E-002
  -16.8164773158004       4.973895958790057E-008  1.868010547939309E-002
  -16.7980381959365       5.066461008921267E-008  1.911521213236964E-002
  -16.7795990760727       5.160748710385896E-008  1.955841553079328E-002
  -16.7611599562089       5.256791122018415E-008  2.000986633155601E-002
  -16.7427208363451       5.354620899273608E-008  2.046971799436406E-002
  -16.7242817164813       5.454271305329820E-008  2.093812683386378E-002
  -16.7058425966175       5.555776222398870E-008  2.141525207273646E-002
  -16.6874034767536       5.659170163246244E-008  2.190125589577886E-002
  -16.6689643568898       5.764488282925864E-008  2.239630350498976E-002
  -16.6505252370260       5.871766390733249E-008  2.290056317568019E-002
  -16.6320861171622       5.981040962380941E-008  2.341420631362537E-002
  -16.6136469972984       6.092349152400696E-008  2.393740751327967E-002
  -16.5952078774346       6.205728806776495E-008  2.447034461707329E-002
  -16.5767687575708       6.321218475812432E-008  2.501319877580967E-002
  -16.5583296377069       6.438857427240407E-008  2.556615451018679E-002
  -16.5398905178431       6.558685659571427E-008  2.612939977345987E-002
  -16.5214513979793       6.680743915695592E-008  2.670312601526951E-002
  -16.5030122781155       6.805073696735194E-008  2.728752824665555E-002
  -16.4845731582517       6.931717276155401E-008  2.788280510627802E-002
  -16.4661340383879       7.060717714137751E-008  2.848915892786902E-002
  -16.4476949185240       7.192118872221177E-008  2.910679580893812E-002
  -16.4292557986602       7.325965428215226E-008  2.973592568075260E-002
  -16.4108166787964       7.462302891391089E-008  3.037676237961905E-002
  -16.3923775589326       7.601177617955317E-008  3.102952371948888E-002
  -16.3739384390688       7.742636826811267E-008  3.169443156591139E-002
  -16.3554993192050       7.886728615614130E-008  3.237171191136170E-002
  -16.3370601993411       8.033501977124722E-008  3.306159495196760E-002
  -16.3186210794773       8.183006815867390E-008  3.376431516566045E-002
  -16.3001819596135       8.335293965098173E-008  3.448011139177860E-002
  -16.2817428397497       8.490415204088736E-008  3.520922691214911E-002
  -16.2633037198859       8.648423275731722E-008  3.595190953367423E-002
  -16.2448646000221       8.809371904473968E-008  3.670841167245240E-002
  -16.2264254801582       8.973315814583512E-008  3.747899043946169E-002
  -16.2079863602944       9.140310748756231E-008  3.826390772783266E-002
  -16.1895472404306       9.310413487069055E-008  3.906343030174318E-002
  -16.1711081205668       9.483681866285914E-008  3.987782988696368E-002
  -16.1526690007030       9.660174799522613E-008  4.070738326308192E-002
  -16.1342298808392       9.839952296278210E-008  4.155237235744244E-002
  -16.1157907609753       1.002307548283864E-007  4.241308434082735E-002
  -16.0973516411115       1.020960662306043E-007  4.328981172491504E-002
  -16.0789125212477       1.039960913954118E-007  4.418285246154797E-002
  -16.0604734013839       1.059314763518369E-007  4.509251004384161E-002
  -16.0420342815201       1.079028791516181E-007  4.601909360917143E-002
  -16.0235951616563       1.099109700929495E-007  4.696291804407159E-002
  -16.0051560417924       1.119564319483878E-007  4.792430409107864E-002
  -15.9867169219286       1.140399601970031E-007  4.890357845755977E-002
  -15.9682778020648       1.161622632608500E-007  4.990107392656033E-002
  -15.9498386822010       1.183240627458378E-007  5.091712946970760E-002
  -15.9313995623372       1.205260936870841E-007  5.195209036220967E-002
  -15.9129604424734       1.227691047988358E-007  5.300630829998889E-002
  -15.8945213226095       1.250538587290390E-007  5.408014151898743E-002
  -15.8760822027457       1.273811323186478E-007  5.517395491668663E-002
  -15.8576430828819       1.297517168657586E-007  5.628812017588097E-002
  -15.8392039630181       1.321664183946602E-007  5.742301589074764E-002
  -15.8207648431543       1.346260579298906E-007  5.857902769525458E-002
  -15.8023257232905       1.371314717753943E-007  5.975654839395050E-002
  -15.7838866034267       1.396835117988737E-007  6.095597809517989E-002
  -15.7654474835628       1.422830457214349E-007  6.217772434676961E-002
  -15.7470083636990       1.449309574126215E-007  6.342220227423093E-002
  -15.7285692438352       1.476281471909387E-007  6.468983472152391E-002
  -15.7101301239714       1.503755321299735E-007  6.598105239443305E-002
  -15.6916910041076       1.531740463702078E-007  6.729629400659996E-002
  -15.6732518842438       1.560246414366366E-007  6.863600642826337E-002
  -15.6548127643799       1.589282865622974E-007  7.000064483775774E-002
  -15.6363736445161       1.618859690178196E-007  7.139067287581861E-002
  -15.6179345246523       1.648986944471062E-007  7.280656280274846E-002
  -15.5994954047885       1.679674872092650E-007  7.424879565849601E-002
  -15.5810562849247       1.710933907269013E-007  7.571786142570160E-002
  -15.5626171650609       1.742774678408917E-007  7.721425919576351E-002
  -15.5441780451970       1.775208011717632E-007  7.873849733798233E-002
  -15.5257389253332       1.808244934877950E-007  8.029109367183905E-002
  -15.5072998054694       1.841896680799709E-007  8.187257564246327E-002
  -15.4888606856056       1.876174691439118E-007  8.348348049935443E-002
  -15.4704215657418       1.911090621689137E-007  8.512435547841163E-002
  -15.4519824458780       1.946656343342260E-007  8.679575798733505E-002
  -15.4335433260141       1.982883949127068E-007  8.849825579446215E-002
  -15.4151042061503       2.019785756819878E-007  9.023242722109964E-002
  -15.3966650862865       2.057374313432911E-007  9.199886133741658E-002
  -15.3782259664227       2.095662399480430E-007  9.379815816196578E-002
  -15.3597868465589       2.134663033324244E-007  9.563092886489762E-002
  -15.3413477266951       2.174389475600078E-007  9.749779597493541E-002
  -15.3229086068312       2.214855233726357E-007  9.939939359018307E-002
  -15.3044694869674       2.256074066496857E-007  0.101336367592833     
  -15.2860303671036       2.298059988758846E-007  0.103309375867848     
  -15.2675912472398       2.340827276178290E-007  0.105319088525690     
  -15.2491521273760       2.384390470093716E-007  0.107366188129165     
  -15.2307130075122       2.428764382460446E-007  0.109451369924474     
  -15.2122738876484       2.473964100886811E-007  0.111575342076530     
  -15.1938347677845       2.520004993764089E-007  0.113738825908624     
  -15.1753956479207       2.566902715491945E-007  0.115942556146540     
  -15.1569565280569       2.614673211801089E-007  0.118187281167161     
  -15.1385174081931       2.663332725174977E-007  0.120473763251690     
  -15.1200782883293       2.712897800372461E-007  0.122802778843541     
  -15.1016391684655       2.763385290053168E-007  0.125175118811006     
  -15.0832000486016       2.814812360507576E-007  0.127591588714764     
  -15.0647609287378       2.867196497493765E-007  0.130053009080350     
  -15.0463218088740       2.920555512182744E-007  0.132560215675642     
  -15.0278826890102       2.974907547214436E-007  0.135114059793485     
  -15.0094435691464       3.030271082866391E-007  0.137715408539532     
  -14.9910044492826       3.086664943337271E-007  0.140365145125404     
  -14.9725653294187       3.144108303147262E-007  0.143064169167256     
  -14.9541262095549       3.202620693657646E-007  0.145813396989867     
  -14.9356870896911       3.262222009711662E-007  0.148613761936335     
  -14.9172479698273       3.322932516398969E-007  0.151466214683494     
  -14.8988088499635       3.384772855945976E-007  0.154371723563146     
  -14.8803697300997       3.447764054734463E-007  0.157331274889229     
  -14.8619306102358       3.511927530450726E-007  0.160345873291017     
  -14.8434914903720       3.577285099367868E-007  0.163416542052462     
  -14.8250523705082       3.643858983763544E-007  0.166544323457804     
  -14.8066132506444       3.711671819475763E-007  0.169730279143549     
  -14.7881741307806       3.780746663599345E-007  0.172975490456935     
  -14.7697350109168       3.851107002325563E-007  0.176281058821012     
  -14.7512958910529       3.922776758927710E-007  0.179648106106445     
  -14.7328567711891       3.995780301895266E-007  0.183077775010173     
  -14.7144176513253       4.070142453219431E-007  0.186571229441042     
  -14.6959785314615       4.145888496832902E-007  0.190129654912541     
  -14.6775394115977       4.223044187206670E-007  0.193754258942778     
  -14.6591002917339       4.301635758106787E-007  0.197446271461808     
  -14.6406611718701       4.381689931514182E-007  0.201206945226476     
  -14.6222220520062       4.463233926710392E-007  0.205037556242883     
  -14.6037829321424       4.546295469532394E-007  0.208939404196635     
  -14.5853438122786       4.630902801799731E-007  0.212913812891001     
  -14.5669046924148       4.717084690917013E-007  0.216962130693137     
  -14.5484655725510       4.804870439655124E-007  0.221085730988516     
  -14.5300264526872       4.894289896114521E-007  0.225286012643707     
  -14.5115873328233       4.985373463873892E-007  0.229564400477671     
  -14.4931482129595       5.078152112327668E-007  0.233922345741711     
  -14.4747090930957       5.172657387216010E-007  0.238361326608243     
  -14.4562699732319       5.268921421350671E-007  0.242882848668550     
  -14.4378308533681       5.366976945540469E-007  0.247488445439669     
  -14.4193917335043       5.466857299720173E-007  0.252179678880593     
  -14.4009526136404       5.568596444286410E-007  0.256958139917945     
  -14.3825134937766       5.672228971644539E-007  0.261825448981294     
  -14.3640743739128       5.777790117970495E-007  0.266783256548307     
  -14.3456352540490       5.885315775191447E-007  0.271833243699882     
  -14.3271961341852       5.994842503189395E-007  0.276977122685469     
  -14.3087570143214       6.106407542232032E-007  0.282216637498764     
  -14.2903178944575       6.220048825634701E-007  0.287553564463928     
  -14.2718787745937       6.335804992658237E-007  0.292989712832575     
  -14.2534396547299       6.453715401646693E-007  0.298526925391676     
  -14.2350005348661       6.573820143409587E-007  0.304167079082597     
  -14.2165614150023       6.696160054853206E-007  0.309912085631473     
  -14.1981222951385       6.820776732865680E-007  0.315763892191117     
  -14.1796831752746       6.947712548460237E-007  0.321724481994665     
  -14.1612440554108       7.077010661181874E-007  0.327795875021179     
  -14.1428049355470       7.208715033782131E-007  0.333980128673423     
  -14.1243658156832       7.342870447166752E-007  0.340279338468015     
  -14.1059266958194       7.479522515621807E-007  0.346695638738196     
  -14.0874875759556       7.618717702322990E-007  0.353231203349430     
  -14.0690484560917       7.760503335133560E-007  0.359888246428065     
  -14.0506093362279       7.904927622696409E-007  0.366669023103302     
  -14.0321702163641       8.052039670825469E-007  0.373575830262689     
  -14.0137310965003       8.201889499202195E-007  0.380611007321395     
  -13.9952919766365       8.354528058382853E-007  0.387776937005510     
  -13.9768528567727       8.510007247122242E-007  0.395076046149620     
  -13.9584137369089       8.668379930019768E-007  0.402510806508898     
  -13.9399746170450       8.829699955494074E-007  0.410083735585998     
  -13.9215354971812       8.994022174092042E-007  0.417797397472988     
  -13.9030963773174       9.161402457138508E-007  0.425654403708594     
  -13.8846572574536       9.331897715733225E-007  0.433657414151051     
  -13.8662181375898       9.505565920101192E-007  0.441809137866801     
  -13.8477790177260       9.682466119303097E-007  0.450112334035345     
  -13.8293398978621       9.862658461312808E-007  0.458569812870534     
  -13.8109007779983       1.004620421346811E-006  0.467184436558565     
  -13.7924616581345       1.023316578330244E-006  0.475959120213018     
  -13.7740225382707       1.042360673976400E-006  0.484896832847189     
  -13.7555834184069       1.061759183483000E-006  0.494000598364071     
  -13.7371442985431       1.081518702552286E-006  0.503273496564246     
  -13.7187051786792       1.101645949633655E-006  0.512718664172055     
  -13.7002660588154       1.122147768207979E-006  0.522339295880306     
  -13.6818269389516       1.143031129114477E-006  0.532138645413912     
  -13.6633878190878       1.164303132920876E-006  0.542120026612741     
  -13.6449486992240       1.185971012337668E-006  0.552286814534027     
  -13.6265095793602       1.208042134677326E-006  0.562642446574711     
  -13.6080704594963       1.230524004359261E-006  0.573190423614016     
  -13.5896313396325       1.253424265461401E-006  0.583934311176643     
  -13.5711922197687       1.276750704319263E-006  0.594877740616934     
  -13.5527530999049       1.300511252173408E-006  0.606024410324379     
  -13.5343139800411       1.324713987866115E-006  0.617378086950805     
  -13.5158748601773       1.349367140588304E-006  0.628942606659678     
  -13.4974357403134       1.374479092677537E-006  0.640721876397849     
  -13.4789966204496       1.400058382468096E-006  0.652719875190157     
  -13.4605575005858       1.426113707194126E-006  0.664940655457298     
  -13.4421183807220       1.452653925946781E-006  0.677388344357328     
  -13.4236792608582       1.479688062686392E-006  0.690067145151228     
  -13.4052401409944       1.507225309310754E-006  0.702981338592963     
  -13.3868010211305       1.535275028780420E-006  0.716135284344398     
  -13.3683619012667       1.563846758302246E-006  0.729533422415581     
  -13.3499227814029       1.592950212572120E-006  0.743180274630740     
  -13.3314836615391       1.622595287078087E-006  0.757080446120511     
  -13.3130445416753       1.652792061464894E-006  0.771238626840786     
  -13.2946054218115       1.683550802961200E-006  0.785659593118675     
  -13.2761663019477       1.714881969870540E-006  0.800348209226025     
  -13.2577271820838       1.746796215127241E-006  0.815309428980951     
  -13.2392880622200       1.779304389918576E-006  0.830548297377909     
  -13.2208489423562       1.812417547374234E-006  0.846069952246705     
  -13.2024098224924       1.846146946324543E-006  0.861879625941029     
  -13.1839707026286       1.880504055128580E-006  0.877982647056928     
  -13.1655315827648       1.915500555573524E-006  0.894384442181770     
  -13.1470924629009       1.951148346846613E-006  0.911090537674205     
  -13.1286533430371       1.987459549580981E-006  0.928106561475623     
  -13.1102142231733       2.024446509976801E-006  0.945438244953652     
  -13.0917751033095       2.062121803999139E-006  0.963091424778236     
  -13.0733359834457       2.100498241653914E-006  0.981072044830816     
  -13.0548968635819       2.139588871343419E-006  0.999386158147179     
  -13.0364577437180       2.179406984302951E-006   1.01803992889454     
  -13.0180186238542       2.219966119119954E-006   1.03703963438338     
  -12.9995795039904       2.261280066337276E-006   1.05639166711472     
  -12.9811403841266       2.303362873142127E-006   1.07610253686321     
  -12.9627012642628       2.346228848142262E-006   1.09617887279693     
  -12.9442621443990       2.389892566231047E-006   1.11662742563413     
  -12.9258230245351       2.434368873543107E-006   1.13745506983790     
  -12.9073839046713       2.479672892502158E-006   1.15866880584902     
  -12.8889447848075       2.525820026962782E-006   1.18027576235792     
  -12.8705056649437       2.572825967447929E-006   1.20228319861620     
  -12.8520665450799       2.620706696483851E-006   1.22469850678838     
  -12.8336274252161       2.669478494034315E-006   1.24752921434456     
  -12.8151883053522       2.719157943036014E-006   1.27078298649467     
  -12.7967491854884       2.769761935036886E-006   1.29446762866488     
  -12.7783100656246       2.821307675939465E-006   1.31859108901697     
  -12.7598709457608       2.873812691851063E-006   1.34316146101119     
  -12.7414318258970       2.927294835042811E-006   1.36818698601346     
  -12.7229927060332       2.981772290019671E-006   1.39367605594754     
  -12.7045535861694       3.037263579703309E-006   1.41963721599278     
  -12.6861144663055       3.093787571730139E-006   1.44607916732837     
  -12.6676753464417       3.151363484866472E-006   1.47301076992466     
  -12.6492362265779       3.210010895543170E-006   1.50044104538231     
  -12.6307971067141       3.269749744511762E-006   1.52837917982004     
  -12.6123579868503       3.330600343624582E-006   1.55683452681176     
  -12.5939188669865       3.392583382740991E-006   1.58581661037379     
  -12.5754797471226       3.455719936762135E-006   1.61533512800286     
  -12.5570406272588       3.520031472796673E-006   1.64539995376592     
  -12.5386015073950       3.585539857459814E-006   1.67602114144223     
  -12.5201623875312       3.652267364308172E-006   1.70720892771876     
  -12.5017232676674       3.720236681413061E-006   1.73897373543960     
  -12.4832841478036       3.789470919074666E-006   1.77132617691020     
  -12.4648450279397       3.859993617679765E-006   1.80427705725724     
  -12.4464059080759       3.931828755705763E-006   1.83783737784505     
  -12.4279667882121       4.005000757873609E-006   1.87201833974927     
  -12.4095276683483       4.079534503452448E-006   1.90683134728870     
  -12.3910885484845       4.155455334718869E-006   1.94228801161620     
  -12.3726494286207       4.232789065573549E-006   1.97840015436936     
  -12.3542103087568       4.311561990318216E-006   2.01517981138201     
  -12.3357711888930       4.391800892596081E-006   2.05263923645725     
  -12.3173320690292       4.473533054498457E-006   2.09079090520303     
  -12.2988929491654       4.556786265841060E-006   2.12964751893106     
  -12.2804538293016       4.641588833612773E-006   2.16922200861997     
  -12.2620147094378       4.727969591600389E-006   2.20952753894377     
  -12.2435755895739       4.815957910192340E-006   2.25057751236619     
  -12.2251364697101       4.905583706365042E-006   2.29238557330219     
  -12.2066973498463       4.996877453854885E-006   2.33496561234727     
  -12.1882582299825       5.089870193519671E-006   2.37833177057567     
  -12.1698191101187       5.184593543892906E-006   2.42249844390836     
  -12.1513799902549       5.281079711934325E-006   2.46748028755171     
  -12.1329408703910       5.379361503980690E-006   2.51329222050779     
  -12.1145017505272       5.479472336900284E-006   2.55994943015737     
  -12.0960626306634       5.581446249454956E-006   2.60746737691636     
  -12.0776235107996       5.685317913873741E-006   2.65586179896685     
  -12.0591843909358       5.791122647641756E-006   2.70514871706359     
  -12.0407452710720       5.898896425508490E-006   2.75534443941691     
  -12.0223061512082       6.008675891719677E-006   2.80646556665303     
  -12.0038670313443       6.120498372476696E-006   2.85852899685282     
  -11.9854279114805       6.234401888627856E-006   2.91155193066979     
  -11.9669887916167       6.350425168595952E-006   2.96555187652851     
  -11.9485496717529       6.468607661546323E-006   3.02054665590433     
  -11.9301105518891       6.588989550799932E-006   3.07655440868525     
  -11.9116714320253       6.711611767496273E-006   3.13359359861724     
  -11.8932323121614       6.836516004510236E-006   3.19168301883360     
  -11.8747931922976       6.963744730628218E-006   3.25084179746967     
  -11.8563540724338       7.093341204987984E-006   3.31108940336370     
  -11.8379149525700       7.225349491787214E-006   3.37244565184479     
  -11.8194758327062       7.359814475265762E-006   3.43493071060905     
  -11.8010367128424       7.496781874966866E-006   3.49856510568487     
  -11.7825975929785       7.636298261282244E-006   3.56336972748817     
  -11.7641584731147       7.778411071286469E-006   3.62936583696870     
  -11.7457193532509       7.923168624866246E-006   3.69657507184840     
  -11.7272802333871       8.070620141149491E-006   3.76501945295256     
  -11.7088411135233       8.220815755240522E-006   3.83472139063491     
  -11.6904019936595       8.373806535266485E-006   3.90570369129751     
  -11.6719628737956       8.529644499741010E-006   3.97798956400634     
  -11.6535237539318       8.688382635251184E-006   4.05160262720357     
  -11.6350846340680       8.850074914473427E-006   4.12656691551732     
  -11.6166455142042       9.014776314524922E-006   4.20290688666990     
  -11.5982063943404       9.182542835656267E-006   4.28064742848533     
  -11.5797672744766       9.353431520292379E-006   4.35981386599716     
  -11.5613281546127       9.527500472427280E-006   4.44043196865712     
  -11.5428890347489       9.704808877380287E-006   4.52252795764587     
  -11.5244499148851       9.885417021919568E-006   4.60612851328635     
  -11.5060107950213       1.006938631476026E-005   4.69126078256058     
  -11.4875716751575       1.025677930744420E-005   4.77795238673089     
  -11.4691325552937       1.044765971560804E-005   4.86623142906611     
  -11.4506934354299       1.064209244064721E-005   4.95612650267349     
  -11.4322543155660       1.084014359178330E-005   5.04766669843736     
  -11.4138151957022       1.104188050854161E-005   5.14088161306474     
  -11.3953760758384       1.124737178364751E-005   5.23580135723900     
  -11.3769369559746       1.145668728634870E-005   5.33245656388200     
  -11.3584978361108       1.166989818617147E-005   5.43087839652535     
  -11.3400587162470       1.188707697711902E-005   5.53109855779138     
  -11.3216195963831       1.210829750232039E-005   5.63314929798447     
  -11.3031804765193       1.233363497913776E-005   5.73706342379301     
  -11.2847413566555       1.256316602474118E-005   5.84287430710280     
  -11.2663022367917       1.279696868215940E-005   5.95061589392212     
  -11.2478631169279       1.303512244681507E-005   6.06032271341882     
  -11.2294239970641       1.327770829355429E-005   6.17202988707011     
  -11.2109848772002       1.352480870417874E-005   6.28577313792496     
  -11.1925457573364       1.377650769549054E-005   6.40158879997984     
  -11.1741066374726       1.403289084785870E-005   6.51951382766753     
  -11.1556675176088       1.429404533431760E-005   6.63958580545979     
  -11.1372283977450       1.456005995020647E-005   6.76184295758333     
  -11.1187892778812       1.483102514336101E-005   6.88632415784990     
  -11.1003501580173       1.510703304486654E-005   7.01306893959990     
  -11.0819110381535       1.538817750038344E-005   7.14211750575994     
  -11.0634719182897       1.567455410205592E-005   7.27351073901399     
  -11.0450327984259       1.596626022101425E-005   7.40729021208816     
  -11.0265936785621       1.626339504048190E-005   7.54349819814871     
  -11.0081545586983       1.656605958949911E-005   7.68217768131334     
  -10.9897154388344       1.687435677727375E-005   7.82337236727506     
  -10.9712763189706       1.718839142817144E-005   7.96712669403840     
  -10.9528371991068       1.750827031735722E-005   8.11348584276770     
  -10.9343980792430       1.783410220710008E-005   8.26249574874653     
  -10.9159589593792       1.816599788375326E-005   8.41420311244782     
  -10.8975198395154       1.850407019542299E-005   8.56865541071415     
  -10.8790807196515       1.884843409033795E-005   8.72590090804711     
  -10.8606415997877       1.919920665593279E-005   8.88598866800503     
  -10.8422024799239       1.955650715865947E-005   9.04896856470829     
  -10.8237633600601       1.992045708453867E-005   9.21489129445066     
  -10.8053242401963       2.029118018046673E-005   9.38380838741620     
  -10.7868851203325       2.066880249629080E-005   9.55577221950004     
  -10.7684460004686       2.105345242766706E-005   9.73083602423172     
  -10.7500068806048       2.144526075971667E-005   9.90905390480007     
  -10.7315677607410       2.184436071149425E-005   10.0904808461776     
  -10.7131286408772       2.225088798128370E-005   10.2751727273434     
  -10.6946895210134       2.266498079273689E-005   10.4631863336016     
  -10.6762504011496       2.308677994187167E-005   10.6545793689956     
  -10.6578112812858       2.351642884494345E-005   10.8494104688142     
  -10.6393721614219       2.395407358720873E-005   11.0477392121880     
  -10.6209330415581       2.439986297259548E-005   11.2496261347753     
  -10.6024939216943       2.485394857429796E-005   11.4551327415330     
  -10.5840548018305       2.531648478631350E-005   11.6643215195718     
  -10.5656156819667       2.578762887593800E-005   11.8772559510927     
  -10.5471765621029       2.626754103723834E-005   12.0940005264013     
  -10.5287374422390       2.675638444552040E-005   12.3146207569991     
  -10.5102983223752       2.725432531281028E-005   12.5391831887464     
  -10.4918592025114       2.776153294436798E-005   12.7677554150956     
  -10.4734200826476       2.827817979625337E-005   13.0004060903914     
  -10.4549809627838       2.880444153396296E-005   13.2372049432340     
  -10.4365418429200       2.934049709215785E-005   13.4782227899022     
  -10.4181027230561       2.988652873550380E-005   13.7235315478333     
  -10.3996636031923       3.044272212064296E-005   13.9732042491549     
  -10.3812244833285       3.100926635931925E-005   14.2273150542666     
  -10.3627853634647       3.158635408267814E-005   14.4859392654656     
  -10.3443462436009       3.217418150676371E-005   14.7491533406135     
  -10.3259071237371       3.277294849923382E-005   15.0170349068393     
  -10.3074680038732       3.338285864731757E-005   15.2896627742749     
  -10.2890288840094       3.400411932703701E-005   15.5671169498180     
  -10.2705897641456       3.463694177371731E-005   15.8494786509170     
  -10.2521506442818       3.528154115380880E-005   16.1368303193752     
  -10.2337115244180       3.593813663804621E-005   16.4292556351675     
  -10.2152724045542       3.660695147596901E-005   16.7268395302646     
  -10.1968332846903       3.728821307182831E-005   17.0296682024605     
  -10.1783941648265       3.798215306190736E-005   17.3378291291972     
  -10.1599550449627       3.868900739327968E-005   17.6514110813807     
  -10.1415159250989       3.940901640403446E-005   17.9705041371839     
  -10.1230768052351       4.014242490499316E-005   18.2951996958287     
  -10.1046376853713       4.088948226294860E-005   18.6255904913438     
  -10.0861985655075       4.165044248545173E-005   18.9617706062898     
  -10.0677594456436       4.242556430717773E-005   19.3038354854469     
  -10.0493203257798       4.321511127789764E-005   19.6518819494580     
  -10.0308812059160       4.401935185208872E-005   20.0060082084216     
  -10.0124420860522       4.483855948021183E-005   20.3663138754274     
  -9.99400296618837       4.567301270168738E-005   20.7328999800280     
  -9.97556384632455       4.652299523960188E-005   21.1058689816399     
  -9.95712472646074       4.738879609717649E-005   21.4853247828667     
  -9.93868560659692       4.827070965603185E-005   21.8713727427389     
  -9.92024648673311       4.916903577628018E-005   22.2641196898607     
  -9.90180736686929       5.008407989848207E-005   22.6636739354591     
  -9.88336824700547       5.101615314749828E-005   23.0701452863266     
  -9.86492912714166       5.196557243827660E-005   23.4836450576503     
  -9.84649000727784       5.293266058360548E-005   23.9042860857212     
  -9.82805088741403       5.391774640387496E-005   24.3321827405145     
  -9.80961176755021       5.492116483887788E-005   24.7674509381345     
  -9.79117264768639       5.594325706169376E-005   25.2102081531166     
  -9.77273352782258       5.698437059469133E-005   25.6605734305780     
  -9.75429440795876       5.804485942768969E-005   26.1186673982107     
  -9.73585528809494       5.912508413831875E-005   26.5846122781079     
  -9.71741616823113       6.022541201461921E-005   27.0585318984170     
  -9.69897704836731       6.134621717992500E-005   27.5405517048112     
  -9.68053792850350       6.248788072006880E-005   28.0307987717728     
  -9.66209880863968       6.365079081295565E-005   28.5294018136794     
  -9.64365968877586       6.483534286054716E-005   29.0364911956864     
  -9.62522056891205       6.604193962330305E-005   29.5521989443977     
  -9.60678144904823       6.727099135712334E-005   30.0766587583185     
  -9.58834232918442       6.852291595284053E-005   30.6100060180806     
  -9.56990320932060       6.979813907830660E-005   31.1523777964350     
  -9.55146408945678       7.109709432312432E-005   31.7039128680036     
  -9.53302496959297       7.242022334607307E-005   32.2647517187832     
  -9.51458584972915       7.376797602527721E-005   32.8350365553950     
  -9.49614672986533       7.514081061116963E-005   33.4149113140729     
  -9.47770761000152       7.653919388230142E-005   34.0045216693830     
  -9.45926849013770       7.796360130405220E-005   34.6040150426705     
  -9.44082937027389       7.941451719029323E-005   35.2135406102244     
  -9.42239025041007       8.089243486805934E-005   35.8332493111562     
  -9.40395113054625       8.239785684528520E-005   36.4632938549863     
  -9.38551201068244       8.393129498166363E-005   37.1038287289329     
  -9.36707289081862       8.549327066268376E-005   37.7550102048970     
  -9.34863377095481       8.708431497690713E-005   38.4169963461398     
  -9.33019465109099       8.870496889654407E-005   39.0899470136469     
  -9.31175553122717       9.035578346138923E-005   39.7740238721754     
  -9.29331641136336       9.203731996618213E-005   40.4693903959795     
  -9.27487729149954       9.375015015145269E-005   41.1762118742113     
  -9.25643817163572       9.549485639791962E-005   41.8946554159929     
  -9.23799905177191       9.727203192450534E-005   42.6248899551564     
  -9.21955993190809       9.908228099003782E-005   43.3670862546514     
  -9.20112081204428       1.009262190987046E-004   44.1214169106145     
  -9.18268169218046       1.028044732093309E-004   44.8880563561016     
  -9.16424257231664       1.047176819485521E-004   45.6671808644804     
  -9.14580345245283       1.066664958279537E-004   46.4589685524826     
  -9.12736433258901       1.086515774652537E-004   47.2635993829160     
  -9.10892521272519       1.106736018095972E-004   48.0812551670342     
  -9.09048609286138       1.127332563710487E-004   48.9121195665677     
  -9.07204697299756       1.148312414543511E-004   49.7563780954149     
  -9.05360785313375       1.169682703970384E-004   50.6142181209959     
  -9.03516873326993       1.191450698119774E-004   51.4858288652709     
  -9.01672961340611       1.213623798344240E-004   52.3714014054247     
  -8.99829049354230       1.236209543736768E-004   53.2711286742230     
  -8.97985137367848       1.259215613694149E-004   54.1852054600411     
  -8.96141225381466       1.282649830528060E-004   55.1138284065729     
  -8.94297313395085       1.306520162124720E-004   56.0571960122207     
  -8.92453401408703       1.330834724654076E-004   57.0155086291762     
  -8.90609489422322       1.355601785329366E-004   57.9889684621938     
  -8.88765577435940       1.380829765218091E-004   58.9777795670684     
  -8.86921665449558       1.406527242105235E-004   59.9821478488178     
  -8.85077753463177       1.432702953409831E-004   61.0022810595853     
  -8.83233841476795       1.459365799155753E-004   62.0383887962651     
  -8.81389929490414       1.486524844997855E-004   63.0906824978631     
  -8.79546017504032       1.514189325304350E-004   64.1593754425995     
  -8.77702105517650       1.542368646296628E-004   65.2446827447671     
  -8.75858193531269       1.571072389247452E-004   66.3468213513529     
  -8.74014281544887       1.600310313738699E-004   67.4660100384368     
  -8.72170369558505       1.630092360979740E-004   68.6024694073785     
  -8.70326457572124       1.660428657187528E-004   69.7564218808031     
  -8.68482545585742       1.691329517029649E-004   70.9280916984033     
  -8.66638633599361       1.722805447131391E-004   72.1177049125667     
  -8.64794721612979       1.754867149648150E-004   73.3254893838467     
  -8.62950809626597       1.787525525904233E-004   74.5516747762876     
  -8.61106897640216       1.820791680099463E-004   75.7964925526235     
  -8.59262985653834       1.854676923084694E-004   77.0601759693631     
  -8.57419073667453       1.889192776207664E-004   78.3429600717794     
  -8.55575161681071       1.924350975230328E-004   79.6450816888179     
  -8.53731249694689       1.960163474319184E-004   80.9667794279443     
  -8.51887337708308       1.996642450109796E-004   82.3082936699455     
  -8.50043425721926       2.033800305846978E-004   83.6698665637039     
  -8.48199513735544       2.071649675602068E-004   85.0517420209649     
  -8.46355601749163       2.110203428568594E-004   86.4541657111101     
  -8.44511689762781       2.149474673437981E-004   87.8773850559635     
  -8.42667777776400       2.189476762856617E-004   89.3216492246432     
  -8.40823865790018       2.230223297965936E-004   90.7872091284824     
  -8.38979953803636       2.271728133026902E-004   92.2743174160360     
  -8.37136041817255       2.314005380130652E-004   93.7832284681973     
  -8.35292129830873       2.357069413996722E-004   95.3141983934389     
  -8.33448217844492       2.400934876860650E-004   96.8674850232056     
  -8.31604305858110       2.445616683452446E-004   98.4433479074714     
  -8.29760393871728       2.491130026067788E-004   100.042048310489     
  -8.27916481885347       2.537490379733568E-004   101.663849206747     
  -8.26072569898965       2.584713507469560E-004   103.309015277157     
  -8.24228657912583       2.632815465648020E-004   104.977812905495     
  -8.22384745926202       2.681812609453013E-004   106.670510175107     
  -8.20540833939820       2.731721598441377E-004   108.387376865913     
  -8.18696921953439       2.782559402207119E-004   110.128684451723     
  -8.16853009967057       2.834343306151307E-004   111.894706097880     
  -8.15009097980675       2.887090917359232E-004   113.685716659261     
  -8.13165185994294       2.940820170587062E-004   115.501992678647     
  -8.11321274007912       2.995549334359812E-004   117.343812385490     
  -8.09477362021530       3.051297017182866E-004   119.211455695085     
  -8.07633450035149       3.108082173869064E-004   121.105204208177     
  -8.05789538048767       3.165924111983520E-004   123.025341211014     
  -8.03945626062386       3.224842498408438E-004   124.972151675874     
  -8.02101714076004       3.284857366030038E-004   126.945922262073     
  -8.00257802089622       3.345989120549973E-004   128.946941317470     
  -7.98413890103241       3.408258547423449E-004   130.975498880511     
  -7.96569978116859       3.471686818926562E-004   133.031886682791     
  -7.94726066130478       3.536295501355036E-004   135.116398152178     
  -7.92882154144096       3.602106562357069E-004   137.229328416510     
  -7.91038242157714       3.669142378402488E-004   139.370974307868     
  -7.89194330171333       3.737425742391064E-004   141.541634367457     
  -7.87350418184951       3.806979871402283E-004   143.741608851090     
  -7.85506506198569       3.877828414589453E-004   145.971199735308     
  -7.83662594212188       3.949995461220644E-004   148.230710724137     
  -7.81818682225806       4.023505548869290E-004   150.520447256491     
  -7.79974770239425       4.098383671757257E-004   152.840716514249     
  -7.78130858253043       4.174655289253130E-004   155.191827430996     
  -7.76286946266661       4.252346334528680E-004   157.574090701459     
  -7.74443034280280       4.331483223376396E-004   159.987818791624     
  -7.72599122293898       4.412092863191182E-004   162.433325949576     
  -7.70755210307517       4.494202662119134E-004   164.910928217030     
  -7.68911298321135       4.577840538376615E-004   167.420943441596     
  -7.67067386334753       4.663034929742733E-004   169.963691289768     
  -7.65223474348372       4.749814803228500E-004   172.539493260639     
  -7.63379562361990       4.838209664925953E-004   175.148672700362     
  -7.61535650375608       4.928249570040509E-004   177.791554817354     
  -7.59691738389227       5.019965133110083E-004   180.468466698244     
  -7.57847826402845       5.113387538414323E-004   183.179737324576     
  -7.56003914416464       5.208548550577658E-004   185.925697590264     
  -7.54160002430082       5.305480525369564E-004   188.706680319803     
  -7.52316090443700       5.404216420705914E-004   191.523020287247     
  -7.50472178457319       5.504789807854966E-004   194.375054235931     
  -7.48628266470937       5.607234882852025E-004   197.263120898970     
  -7.46784354484555       5.711586478126429E-004   200.187561020504     
  -7.44940442498174       5.817880074344930E-004   203.148717377713     
  -7.43096530511792       5.926151812475557E-004   206.146934803578     
  -7.41252618525411       6.036438506075866E-004   209.182560210413     
  -7.39408706539029       6.148777653810020E-004   212.255942614133     
  -7.37564794552647       6.263207452198681E-004   215.367433159287     
  -7.35720882566266       6.379766808606281E-004   218.517385144834     
  -7.33876970579884       6.498495354469888E-004   221.706154050651     
  -7.32033058593503       6.619433458774385E-004   224.934097564802     
  -7.30189146607121       6.742622241778332E-004   228.201575611518     
  -7.28345234620739       6.868103588995302E-004   231.508950379919     
  -7.26501322634358       6.995920165435367E-004   234.856586353457     
  -7.24657410647976       7.126115430111737E-004   238.244850340072     
  -7.22813498661594       7.258733650817249E-004   241.674111503061     
  -7.20969586675213       7.393819919175862E-004   245.144741392653     
  -7.19125674688831       7.531420165974374E-004   248.657113978273     
  -7.17281762702450       7.671581176779287E-004   252.211605681504     
  -7.15437850716068       7.814350607844540E-004   255.808595409730     
  -7.13593938729686       7.959777002314976E-004   259.448464590443     
  -7.11750026743305       8.107909806731688E-004   263.131597206230     
  -7.09906114756923       8.258799387844263E-004   266.858379830405     
  -7.08062202770541       8.412497049736108E-004   270.629201663301     
  -7.06218290784160       8.569055051268337E-004   274.444454569195     
  -7.04374378797778       8.728526623848373E-004   278.304533113869     
  -7.02530466811396       8.890965989529167E-004   282.209834602789     
  -7.00686554825015       9.056428379445276E-004   286.160759119908     
  -6.98842642838633       9.224970052592172E-004   290.157709567068     
  -6.96998730852252       9.396648314954686E-004   294.201091703994     
  -6.95154818865870       9.571521538991868E-004   298.291314188886     
  -6.93310906879489       9.749649183484070E-004   302.428788619584     
  -6.91466994893107       9.931091813749789E-004   306.613929575298     
  -6.89623082906725       1.011591112223828E-003   310.847154658910     
  -6.87779170920344       1.030416994950588E-003   315.128884539815     
  -6.85935258933962       1.049593230558225E-003   319.459542997315     
  -6.84091346947580       1.069126339173475E-003   323.839556964542     
  -6.82247434961199       1.089022962263730E-003   328.269356572908     
  -6.80403522974817       1.109289864895222E-003   332.749375197068     
  -6.78559610988435       1.129933938033223E-003   337.280049500405     
  -6.76715699002054       1.150962200885031E-003   341.861819480992     
  -6.74871787015672       1.172381803286599E-003   346.495128518077     
  -6.73027875029291       1.194200028133531E-003   351.180423419021     
  -6.71183963042909       1.216424293857368E-003   355.918154466738     
  -6.69340051056528       1.239062156947914E-003   360.708775467588     
  -6.67496139070146       1.262121314522546E-003   365.552743799746     
  -6.65652227083764       1.285609606943294E-003   370.450520462008     
  -6.63808315097383       1.309535020482667E-003   375.402570123067     
  -6.61964403111001       1.333905690039058E-003   380.409361171212     
  -6.60120491124619       1.358729901902709E-003   385.471365764472     
  -6.58276579138238       1.384016096573132E-003   390.589059881187     
  -6.56432667151856       1.409772871628966E-003   395.762923371000     
  -6.54588755165474       1.436008984651261E-003   400.993440006273     
  -6.52744843179093       1.462733356201128E-003   406.281097533906     
  -6.50900931192711       1.489955072852854E-003   411.626387727573     
  -6.49057019206330       1.517683390283404E-003   417.029806440352     
  -6.47213107219948       1.545927736419478E-003   422.491853657760     
  -6.45369195233567       1.574697714643083E-003   428.013033551173     
  -6.43525283247185       1.604003107056819E-003   433.593854531649     
  -6.41681371260803       1.633853877809859E-003   439.234829304124     
  -6.39837459274422       1.664260176485903E-003   444.936474921997     
  -6.37993547288040       1.695232341554119E-003   450.699312842093     
  -6.36149635301658       1.726780903884353E-003   456.523868980008     
  -6.34305723315277       1.758916590327733E-003   462.410673765819     
  -6.32461811328895       1.791650327363900E-003   468.360262200172     
  -6.30617899342514       1.824993244816150E-003   474.373173910741     
  -6.28773987356132       1.858956679635684E-003   480.449953209051     
  -6.26930075369750       1.893552179756294E-003   486.591149147673     
  -6.25086163383369       1.928791508020777E-003   492.797315577780     
  -6.23242251396987       1.964686646180447E-003   499.069011207071     
  -6.21398339410606       2.001249798969033E-003   505.406799658060     
  -6.19554427424224       2.038493398252462E-003   511.811249526732     
  -6.17710515437842       2.076430107255776E-003   518.282934441550     
  -6.15866603451460       2.115072824868795E-003   524.822433122844     
  -6.14022691465079       2.154434690031883E-003   531.430329442555     
  -6.12178779478697       2.194529086203311E-003   538.107212484347     
  -6.10334867492316       2.235369645909796E-003   544.853676604083     
  -6.08490955505934       2.276970255381678E-003   551.670321490673     
  -6.06647043519552       2.319345059274426E-003   558.557752227293     
  -6.04803131533171       2.362508465477943E-003   565.516579352966     
  -6.02959219546789       2.406475150015423E-003   572.547418924529     
  -6.01115307560408       2.451260062033337E-003   579.650892578963     
  -5.99271395574026       2.496878428884327E-003   586.827627596111     
  -5.97427483587644       2.543345761304649E-003   594.078256961771     
  -5.95583571601263       2.590677858688007E-003   601.403419431174     
  -5.93739659614881       2.638890814457512E-003   608.803759592849     
  -5.91895747628499       2.688001021537606E-003   616.279927932875     
  -5.90051835642118       2.738025177927856E-003   623.832580899531     
  -5.88207923655736       2.788980292380438E-003   631.462380968341     
  -5.86364011669355       2.840883690183304E-003   639.169996707518     
  -5.84520099682973       2.893753019050949E-003   646.956102843816     
  -5.82676187696591       2.947606255124855E-003   654.821380328790     
  -5.80832275710210       3.002461709085544E-003   662.766516405467     
  -5.78988363723828       3.058338032378432E-003   670.792204675447     
  -5.77144451737447       3.115254223555485E-003   678.899145166405     
  -5.75300539751065       3.173229634734973E-003   687.088044400047     
  -5.73456627764683       3.232283978181379E-003   695.359615460483     
  -5.71612715778302       3.292437333007767E-003   703.714578063037     
  -5.69768803791920       3.353710152002932E-003   712.153658623518     
  -5.67924891805538       3.416123268585528E-003   720.677590327916     
  -5.66080979819157       3.479697903887690E-003   729.287113202578     
  -5.64237067832775       3.544455673970430E-003   737.982974184828     
  -5.62393155846394       3.610418597173337E-003   746.765927194060     
  -5.60549243860012       3.677609101601031E-003   755.636733203304     
  -5.58705331873630       3.746050032748989E-003   764.596160311275     
  -5.56861419887249       3.815764661271243E-003   773.644983814901     
  -5.55017507900867       3.886776690892665E-003   782.783986282347     
  -5.53173595914485       3.959110266468462E-003   792.013957626542     
  -5.51329683928104       4.032789982193702E-003   801.335695179201     
  -5.49485771941722       4.107840889965645E-003   810.750003765376     
  -5.47641859955341       4.184288507901579E-003   820.257695778507     
  -5.45797947968959       4.262158829015325E-003   829.859591256018     
  -5.43954035982578       4.341478330055084E-003   839.556517955427     
  -5.42110123996196       4.422273980505896E-003   849.349311431026     
  -5.40266212009814       4.504573251759452E-003   859.238815111070     
  -5.38422300023432       4.588404126454758E-003   869.225880375562     
  -5.36578388037051       4.673795107992459E-003   879.311366634568     
  -5.34734476050669       4.760775230226365E-003   889.496141407125     
  -5.32890564064288       4.849374067335236E-003   899.781080400721     
  -5.31046652077906       4.939621743878318E-003   910.167067591351     
  -5.29202740091524       5.031548945038058E-003   920.654995304183     
  -5.27358828105143       5.125186927053324E-003   931.245764294816     
  -5.25514916118761       5.220567527846974E-003   941.940283831154     
  -5.23671004132380       5.317723177850966E-003   952.739471775888     
  -5.21827092145998       5.416686911033156E-003   963.644254669616     
  -5.19983180159617       5.517492376129115E-003   974.655567814585     
  -5.18139268173235       5.620173848083184E-003   985.774355359095     
  -5.16295356186853       5.724766239702172E-003   997.001570382527     
  -5.14451444200471       5.831305113526222E-003   1008.33817498105     
  -5.12607532214090       5.939826693920354E-003   1019.78514035399     
  -5.10763620227708       6.050367879391215E-003   1031.34344689088     
  -5.08919708241327       6.162966255132942E-003   1043.01408425918     
  -5.07075796254945       6.277660105806499E-003   1054.79805149268     
  -5.05231884268563       6.394488428556947E-003   1066.69635708069     
  -5.03387972282182       6.513490946272792E-003   1078.71001905779     
  -5.01544060295800       6.634708121092346E-003   1090.84006509445     
  -4.99700148309419       6.758181168161104E-003   1103.08753258826     
  -4.97856236323037       6.883952069645500E-003   1115.45346875601     
  -4.96012324336655       7.012063589007168E-003   1127.93893072638     
  -4.94168412350274       7.142559285543122E-003   1140.54498563351     
  -4.92324500363892       7.275483529196219E-003   1153.27271071127     
  -4.90480588377510       7.410881515641570E-003   1166.12319338829     
  -4.88636676391129       7.548799281653442E-003   1179.09753138385     
  -4.86792764404747       7.689283720758303E-003   1192.19683280442     
  -4.84948852418366       7.832382599179198E-003   1205.42221624117     
  -4.83104940431984       7.978144572076622E-003   1218.77481086816     
  -4.81261028445602       8.126619200091952E-003   1232.25575654139     
  -4.79417116459221       8.277856966198462E-003   1245.86620389868     
  -4.77573204472839       8.431909292866255E-003   1259.60731446038     
  -4.75729292486458       8.588828559546242E-003   1273.48026073096     
  -4.73885380500076       8.748668120479914E-003   1287.48622630138     
  -4.72041468513694       8.911482322840185E-003   1301.62640595236     
  -4.70197556527313       9.077326525210219E-003   1315.90200575857     
  -4.68353644540931       9.246257116405745E-003   1330.31424319365     
  -4.66509732554549       9.418331534647951E-003   1344.86434723607     
  -4.64665820568168       9.593608287093137E-003   1359.55355847605     
  -4.62821908581786       9.772146969725714E-003   1374.38312922321     
  -4.60977996595405       9.954008287621522E-003   1389.35432361523     
  -4.59134084609023       1.013925407558815E-002   1404.46841772746     
  -4.57290172622641       1.032794731918953E-002   1419.72669968340     
  -4.55446260636260       1.052015217616157E-002   1435.13046976618     
  -4.53602348649878       1.071593399822671E-002   1450.68104053095     
  -4.51758436663497       1.091535935331391E-002   1466.37973691827     
  -4.49914524677115       1.111849604819271E-002   1482.22789636846     
  -4.48070612690733       1.132541315152810E-002   1498.22686893693     
  -4.46226700704352       1.153618101736477E-002   1514.37801741052     
  -4.44382788717970       1.175087130904808E-002   1530.68271742476     
  -4.42538876731588       1.196955702359043E-002   1547.14235758229     
  -4.40694964745207       1.219231251649110E-002   1563.75833957215     
  -4.38851052758825       1.241921352701782E-002   1580.53207829015     
  -4.37007140772443       1.265033720395904E-002   1597.46500196033     
  -4.35163228786062       1.288576213185517E-002   1614.55855225735     
  -4.33319316799680       1.312556835771842E-002   1631.81418443004     
  -4.31475404813299       1.336983741824944E-002   1649.23336742592     
  -4.29631492826917       1.361865236756082E-002   1666.81758401688     
  -4.27787580840535       1.387209780541620E-002   1684.56833092583     
  -4.25943668854154       1.413025990599534E-002   1702.48711895451     
  -4.24099756867772       1.439322644719407E-002   1720.57547311239     
  -4.22255844881391       1.466108684046983E-002   1738.83493274659     
  -4.20411932895009       1.493393216124253E-002   1757.26705167301     
  -4.18568020908627       1.521185517986104E-002   1775.87339830851     
  -4.16724108922246       1.549495039314631E-002   1794.65555580418     
  -4.14880196935864       1.578331405652116E-002   1813.61512217982     
  -4.13036284949482       1.607704421673824E-002   1832.75371045948     
  -4.11192372963101       1.637624074521687E-002   1852.07294880816     
  -4.09348460976719       1.668100537200057E-002   1871.57448066964     
  -4.07504548990338       1.699144172034624E-002   1891.25996490550     
  -4.05660637003956       1.730765534195725E-002   1911.13107593520     
  -4.03816725017574       1.762975375287207E-002   1931.18950387741     
  -4.01972813031193       1.795784647002096E-002   1951.43695469246     
  -4.00128901044811       1.829204504846293E-002   1971.87515032591     
  -3.98284989058430       1.863246311931559E-002   1992.50582885337     
  -3.96441077072048       1.897921642839102E-002   2013.33074462638     
  -3.94597165085666       1.933242287555045E-002   2034.35166841956     
  -3.92753253099285       1.969220255479171E-002   2055.57038757886     
  -3.90909341112903       2.005867779508231E-002   2076.98870617099     
  -3.89065429126521       2.043197320195271E-002   2098.60844513401     
  -3.87221517140140       2.081221569986338E-002   2120.43144242910     
  -3.85377605153758       2.119953457536069E-002   2142.45955319349     
  -3.83533693167377       2.159406152103563E-002   2164.69464989452     
  -3.81689781180995       2.199593068030074E-002   2187.13862248489     
  -3.79845869194613       2.240527869300021E-002   2209.79337855898     
  -3.78001957208232       2.282224474186895E-002   2232.66084351040     
  -3.76158045221850       2.324697059985648E-002   2255.74296069064     
  -3.74314133235469       2.367960067833076E-002   2279.04169156876     
  -3.72470221249087       2.412028207618008E-002   2302.55901589230     
  -3.70626309262705       2.456916462982791E-002   2326.29693184919     
  -3.68782397276324       2.502640096417917E-002   2350.25745623084     
  -3.66938485289942       2.549214654451421E-002   2374.44262459613     
  -3.65094573303560       2.596655972934871E-002   2398.85449143663     
  -3.63250661317179       2.644980182427718E-002   2423.49513034268     
  -3.61406749330797       2.694203713681881E-002   2448.36663417055     
  -3.59562837344416       2.744343303228366E-002   2473.47111521058     
  -3.57718925358034       2.795415999067856E-002   2498.81070535618     
  -3.55875013371652       2.847439166467249E-002   2524.38755627380     
  -3.54031101385271       2.900430493863988E-002   2550.20383957382     
  -3.52187189398889       2.954407998880380E-002   2576.26174698212     
  -3.50343277412508       3.009390034449718E-002   2602.56349051266     
  -3.48499365426126       3.065395295056529E-002   2629.11130264059     
  -3.46655453439744       3.122442823092851E-002   2655.90743647623     
  -3.44811541453363       3.180552015332918E-002   2682.95416593965     
  -3.42967629466981       3.239742629528193E-002   2710.25378593574     
  -3.41123717480599       3.300034791125285E-002   2737.80861253002     
  -3.39279805494218       3.361449000108770E-002   2765.62098312467     
  -3.37435893507836       3.424006137971421E-002   2793.69325663512     
  -3.35591981521454       3.487727474814178E-002   2822.02781366692     
  -3.33748069535073       3.552634676578140E-002   2850.62705669273     
  -3.31904157548691       3.618749812411283E-002   2879.49341022959     
  -3.30060245562310       3.686095362172154E-002   2908.62932101613     
  -3.28216333575928       3.754694224073334E-002   2938.03725818971     
  -3.26372421589546       3.824569722466997E-002   2967.71971346342     
  -3.24528509603165       3.895745615775504E-002   2997.67920130271     
  -3.22684597616783       3.968246104569473E-002   3027.91825910165     
  -3.20840685630402       4.042095839796304E-002   3058.43944735852     
  -3.18996773644020       4.117319931161674E-002   3089.24534985074     
  -3.17152861657638       4.193943955667186E-002   3120.33857380883     
  -3.15308949671257       4.271993966306784E-002   3151.72175008933     
  -3.13465037684875       4.351496500925046E-002   3183.39753334646     
  -3.11621125698493       4.432478591240398E-002   3215.36860220228     
  -3.09777213712112       4.514967772036099E-002   3247.63765941517     
  -3.07933301725730       4.598992090522443E-002   3280.20743204641     
  -3.06089389739349       4.684580115873041E-002   3313.08067162460     
  -3.04245477752967       4.771760948938746E-002   3346.26015430757     
  -3.02401565766585       4.860564232142131E-002   3379.74868104166     
  -3.00557653780204       4.951020159556352E-002   3413.54907771794     
  -2.98713741793822       5.043159487171350E-002   3447.66419532505     
  -2.96869829807441       5.137013543351339E-002   3482.09691009840     
  -2.95025917821059       5.232614239486665E-002   3516.85012366519     
  -2.93182005834677       5.329994080844089E-002   3551.92676318506     
  -2.91338093848296       5.429186177618948E-002   3587.32978148579     
  -2.89494181861914       5.530224256192896E-002   3623.06215719362     
  -2.87650269875532       5.633142670601356E-002   3659.12689485777     
  -2.85806357889151       5.737976414214132E-002   3695.52702506850     
  -2.83962445902769       5.844761131633639E-002   3732.26560456835     
  -2.82118533916388       5.953533130814360E-002   3769.34571635579     
  -2.80274621930006       6.064329395408061E-002   3806.77046978070     
  -2.78430709943624       6.177187597338488E-002   3844.54300063104     
  -2.76586797957243       6.292146109610347E-002   3882.66647120996     
  -2.74742885970861       6.409244019356453E-002   3921.14407040253     
  -2.72898973984480       6.528521141127841E-002   3959.97901373137     
  -2.71055061998098       6.650018030431123E-002   3999.17454340015     
  -2.69211150011716       6.773775997517750E-002   4038.73392832419     
  -2.67367238025335       6.899837121430015E-002   4078.66046414700     
  -2.65523326038953       7.028244264308341E-002   4118.95747324184     
  -2.63679414052571       7.159041085964889E-002   4159.62830469698     
  -2.61835502066190       7.292272058728312E-002   4200.67633428365     
  -2.59991590079808       7.427982482564922E-002   4242.10496440521     
  -2.58147678093427       7.566218500481045E-002   4283.91762402619     
  -2.56303766107045       7.707027114212299E-002   4326.11776857994     
  -2.54459854120663       7.850456200204503E-002   4368.70887985286     
  -2.52615942134282       7.996554525892352E-002   4411.69446584412     
  -2.50772030147900       8.145371766280741E-002   4455.07806059853     
  -2.48928118161519       8.296958520834903E-002   4498.86322401109     
  -2.47084206175137       8.451366330684722E-002   4543.05354160093     
  -2.45240294188755       8.608647696149245E-002   4587.65262425265     
  -2.43396382202374       8.768856094587427E-002   4632.66410792262     
  -2.41552470215992       8.932045998580956E-002   4678.09165330797     
  -2.39708558229610       9.098272894455561E-002   4723.93894547554     
  -2.37864646243229       9.267593301146859E-002   4770.20969344801     
  -2.36020734256847       9.440064789417593E-002   4816.90762974452     
  -2.34176822270465       9.615746001432102E-002   4864.03650987225     
  -2.32332910284084       9.794696670695409E-002   4911.60011176598     
  -2.30488998297702       9.976977642363197E-002   4959.60223517197     
  -2.28645086311321       0.101626508939300        5008.04670097242     
  -2.26801174324939       0.103517795563018        5056.93735044643     
  -2.24957262338557       0.105444279352617        5106.27804446339     
  -2.23113350352176       0.107406615333343        5156.07266260423     
  -2.21269438365794       0.109405470720574        5206.32510220565     
  -2.19425526379413       0.111441525146679        5257.03927732247     
  -2.17581614393031       0.113515470892100        5308.21911760252     
  -2.15737702406649       0.115628013120737        5359.86856706853     
  -2.13893790420268       0.117779870119712        5411.99158280089     
  -2.12049878433886       0.119971773543589        5464.59213351485     
  -2.10205966447504       0.122204468663149        5517.67419802550     
  -2.08362054461123       0.124478714618791        5571.24176359323     
  -2.06518142474741       0.126795284678644        5625.29882414216     
  -2.04674230488360       0.129154966501488        5679.84937834339     
  -2.02830318501978       0.131558562404570        5734.89742755479     
  -2.00986406515596       0.134006889636395        5790.44697360808     
  -1.99142494529215       0.136500780654601        5846.50201643398     
  -1.97298582542833       0.139041083409007        5903.06655151532     
  -1.95454670556452       0.141628661629920        5960.14456715748     
  -1.93610758570070       0.144264395121816        6017.74004156542     
  -1.91766846583688       0.146949180062482        6075.85693971505     
  -1.89922934597307       0.149683929307725        6134.49921000730     
  -1.88079022610925       0.152469572701758        6193.67078069149     
  -1.86235110624543       0.155307057393346        6253.37555604453     
  -1.84391198638162       0.158197348157860        6313.61741229216     
  -1.82547286651780       0.161141427725302        6374.40019325672     
  -1.80703374665399       0.164140297114447        6435.72770571635     
  -1.78859462679017       0.167194975973199        6497.60371445917     
  -1.77015550692635       0.170306502925284        6560.03193701562     
  -1.75171638706254       0.173475935923393        6623.01603805112     
  -1.73327726719872       0.176704352608895        6686.55962340083     
  -1.71483814733491       0.179992850678248        6750.66623372739     
  -1.69639902747109       0.183342548256229        6815.33933778212     
  -1.67795990760727       0.186754584276108        6880.58232524889     
  -1.65952078774346       0.190230118866894        6946.39849915009     
  -1.64108166787964       0.193770333747799        7012.79106779298     
  -1.62264254801583       0.197376432630025        7079.76313623408     
  -1.60420342815201       0.201049641626050        7147.31769723943     
  -1.58576430828819       0.204791209666509        7215.45762171736     
  -1.56732518842438       0.208602408924850        7284.18564860073     
  -1.54888606856056       0.212484535249888        7353.50437415522     
  -1.53044694869674       0.216438908606402        7423.41624068980     
  -1.51200782883293       0.220466873523941        7493.92352464648     
  -1.49356870896911       0.224569799553977        7565.02832404572     
  -1.47512958910530       0.228749081735570        7636.73254526501     
  -1.45669046924148       0.233006141069693        7709.03788912867     
  -1.43825134937766       0.237342425002387        7781.94583628754     
  -1.41981222951385       0.241759407916912        7855.45763186920     
  -1.40137310965003       0.246258591635055        7929.57426937997     
  -1.38293398978621       0.250841505927754        8004.29647384257     
  -1.36449486992240       0.255509709035250        8079.62468415571     
  -1.34605575005858       0.260264788196900        8155.55903466381     
  -1.32761663019476       0.265108360190854        8232.09933592940     
  -1.30917751033095       0.270042071883778        8309.24505470364     
  -1.29073839046713       0.275067600790806        8386.99529309547     
  -1.27229927060332       0.280186655645919        8465.34876694426     
  -1.25386015073950       0.285400976982924        8544.30378340693     
  -1.23542103087568       0.290712337727258        8623.85821777659     
  -1.21698191101187       0.296122543798803        8704.00948955736     
  -1.19854279114805       0.301633434725920        8784.75453782710     
  -1.18010367128424       0.307246884270900        8866.08979592924     
  -1.16166455142042       0.312964801067075        8948.01116554448     
  -1.14322543155660       0.318789129267764        9030.51399020286     
  -1.12478631169279       0.324721849207313        9113.59302830906     
  -1.10634719182897       0.330764978074424        9197.24242576512     
  -1.08790807196516       0.336920570598026        9281.45568828842     
  -1.06946895210134       0.343190719745904        9366.22565353647     
  -1.05102983223752       0.349577557436328        9451.54446316442     
  -1.03259071237371       0.356083255262927        9537.40353495698     
  -1.01415159250989       0.362710025233065        9623.79353519217     
 -0.995712472646073       0.369460120519931        9710.70435141021     
 -0.977273352782259       0.376335836228653        9798.12506577821     
 -0.958834232918441       0.383339510176660        9886.04392925726     
 -0.940395113054628       0.390473523688555        9974.44833679519     
 -0.921955993190807       0.397740302405805        10063.3248037847     
 -0.903516873326993       0.405142317111465        10152.6589440410     
 -0.885077753463179       0.412682084570294        10242.4354495679     
 -0.866638633599361       0.420362168384471        10332.6380723936     
 -0.848199513735544       0.428185179865241        10423.2496087689     
 -0.829760393871727       0.436153778920801        10514.2518860274     
 -0.811321274007913       0.444270674960688        10605.6257524152     
 -0.792882154144095       0.452538627817017        10697.3510701983     
 -0.774443034280278       0.460960448682844        10789.4067123554     
 -0.756003914416464       0.469539001068006        10881.7705631591     
 -0.737564794552650       0.478277201772747        10974.4195229367     
 -0.719125674688829       0.487178021879464        11067.3295172899     
 -0.700686554825015       0.496244487762891        11160.4755110305     
 -0.682247434961198       0.505479682119124        11253.8315270648     
 -0.663808315097384       0.514886745013749        11347.3706704282     
 -0.645369195233567       0.524468874949512        11441.0651576342     
 -0.626930075369749       0.534229329953836        11534.8863514631     
 -0.608490955505935       0.544171428686588        11628.8048012620     
 -0.590051835642114       0.554298551568469        11722.7902887835     
 -0.571612715778301       0.564614141930367        11816.8118795271     
 -0.553173595914487       0.575121707184160        11910.8379794900     
 -0.534734476050669       0.585824820015254        12004.8363971722     
 -0.516295356186852       0.596727119597332        12098.7744106134     
 -0.497856236323038       0.607832312829722        12192.6188391740     
 -0.479417116459221       0.619144175597784        12286.3361197113     
 -0.460977996595407       0.630666554056739        12379.8923867324     
 -0.442538876731586       0.642403365939421        12473.2535560519     
 -0.424099756867772       0.654358601888323        12566.3854114225     
 -0.405660637003958       0.666536326812490        12659.2536935593     
 -0.387221517140137       0.678940681269613        12751.8241909356     
 -0.368782397276323       0.691575882873853        12844.0628316928     
 -0.350343277412506       0.704446227729905        12935.9357759823     
 -0.331904157548692       0.717556091893692        13027.4095080420     
 -0.313465037684875       0.730909932860292        13118.4509273033     
 -0.295025917821057       0.744512291079515        13209.0274378308     
 -0.276586797957243       0.758367791499718        13299.1070354121     
 -0.258147678093430       0.772481145140338        13388.6583916421     
 -0.239708558229609       0.786857150693686        13477.6509343789     
 -0.221269438365795       0.801500696156540        13566.0549239980     
 -0.202830318501977       0.816416760492147        13653.8415249188     
 -0.184391198638163       0.831610415323095        13740.9828719416     
 -0.165952078774346       0.847086826655740        13827.4521309953     
 -0.147512958910529       0.862851256636690        13913.2235539668     
 -0.129073839046715       0.878909065341994        13998.2725273552     
 -0.110634719182897       0.895265712599639        14082.5756145666     
 -9.219559931907995E-002  0.911926759845931        14166.1105917380     
 -7.375647945526609E-002  0.928897872016449        14248.8564770519     
 -5.531735959144868E-002  0.946184819472200        14330.7935535718     
 -3.687823972763127E-002  0.963793479961580        14411.9033856906     
 -1.843911986381741E-002  0.981729840618882        14492.1688293491     
  0.000000000000000E+000   1.00000000000000        14571.5740362333     
