   1.000000E+000   4.373556E-002
   2.000000E+000   4.839614E-002
   3.000000E+000   5.305672E-002
   4.000000E+000   4.759545E-002
   5.000000E+000   4.219471E-002
   6.000000E+000   3.892302E-002
   7.000000E+000   3.656600E-002
   8.000000E+000   3.484697E-002
   9.000000E+000   3.369903E-002
   1.000000E+001   3.295661E-002
   1.100000E+001   3.245687E-002
   1.200000E+001   3.214636E-002
   1.300000E+001   3.199811E-002
   1.400000E+001   3.198162E-002
   1.500000E+001   3.206550E-002
   1.600000E+001   3.222220E-002
   1.700000E+001   3.243952E-002
   1.800000E+001   3.270906E-002
   1.900000E+001   3.302247E-002
   2.000000E+001   3.337135E-002
   2.100000E+001   3.374835E-002
   2.200000E+001   3.415018E-002
   2.300000E+001   3.457459E-002
   2.400000E+001   3.501931E-002
   2.500000E+001   3.548207E-002
   2.600000E+001   3.596062E-002
   2.700000E+001   3.645270E-002
   2.800000E+001   3.695603E-002
   2.900000E+001   3.746836E-002
   3.000000E+001   3.798743E-002
   3.100000E+001   3.851130E-002
   3.200000E+001   3.903935E-002
   3.300000E+001   3.957129E-002
   3.400000E+001   4.010684E-002
   3.500000E+001   4.064570E-002
   3.600000E+001   4.118759E-002
   3.700000E+001   4.173220E-002
   3.800000E+001   4.227927E-002
   3.900000E+001   4.282849E-002
   4.000000E+001   4.337957E-002
   4.100000E+001   4.393226E-002
   4.200000E+001   4.448643E-002
   4.300000E+001   4.504199E-002
   4.400000E+001   4.559884E-002
   4.500000E+001   4.615688E-002
   4.600000E+001   4.671601E-002
   4.700000E+001   4.727616E-002
   4.800000E+001   4.783721E-002
   4.900000E+001   4.839907E-002
   5.000000E+001   4.896164E-002
   5.100000E+001   4.952486E-002
   5.200000E+001   5.008875E-002
   5.300000E+001   5.065333E-002
   5.400000E+001   5.121865E-002
   5.500000E+001   5.178475E-002
   5.600000E+001   5.235168E-002
   5.700000E+001   5.291946E-002
   5.800000E+001   5.348814E-002
   5.900000E+001   5.405775E-002
   6.000000E+001   5.462835E-002
   6.100000E+001   5.519996E-002
   6.200000E+001   5.577259E-002
   6.300000E+001   5.634626E-002
   6.400000E+001   5.692098E-002
   6.500000E+001   5.749675E-002
   6.600000E+001   5.807358E-002
   6.700000E+001   5.865148E-002
   6.800000E+001   5.923046E-002
   6.900000E+001   5.981053E-002
   7.000000E+001   6.039170E-002
   7.100000E+001   6.097398E-002
   7.200000E+001   6.155737E-002
   7.300000E+001   6.214190E-002
   7.400000E+001   6.272758E-002
   7.500000E+001   6.331441E-002
   7.600000E+001   6.390242E-002
   7.700000E+001   6.449160E-002
   7.800000E+001   6.508199E-002
   7.900000E+001   6.567359E-002
   8.000000E+001   6.626640E-002
   8.100000E+001   6.686044E-002
   8.200000E+001   6.745566E-002
   8.300000E+001   6.805199E-002
   8.400000E+001   6.864937E-002
   8.500000E+001   6.924775E-002
   8.600000E+001   6.984707E-002
   8.700000E+001   7.044726E-002
   8.800000E+001   7.104826E-002
   8.900000E+001   7.165001E-002
   9.000000E+001   7.225246E-002
   9.100000E+001   7.285553E-002
   9.200000E+001   7.345915E-002
   9.300000E+001   7.406321E-002
   9.400000E+001   7.466763E-002
   9.500000E+001   7.527231E-002
   9.600000E+001   7.587717E-002
   9.700000E+001   7.648210E-002
   9.800000E+001   7.708701E-002
   9.900000E+001   7.769182E-002
   1.000000E+002   7.829643E-002
   1.010000E+002   7.890074E-002
   1.020000E+002   7.950461E-002
   1.030000E+002   8.010790E-002
   1.040000E+002   8.071045E-002
   1.050000E+002   8.131213E-002
   1.060000E+002   8.191279E-002
   1.070000E+002   8.251227E-002
   1.080000E+002   8.311044E-002
   1.090000E+002   8.370714E-002
   1.100000E+002   8.430224E-002
   1.110000E+002   8.489558E-002
   1.120000E+002   8.548702E-002
   1.130000E+002   8.607641E-002
   1.140000E+002   8.666360E-002
   1.150000E+002   8.724845E-002
   1.160000E+002   8.783082E-002
   1.170000E+002   8.841055E-002
   1.180000E+002   8.898750E-002
   1.190000E+002   8.956153E-002
   1.200000E+002   9.013248E-002
   1.210000E+002   9.070020E-002
   1.220000E+002   9.126452E-002
   1.230000E+002   9.182525E-002
   1.240000E+002   9.238221E-002
   1.250000E+002   9.293519E-002
   1.260000E+002   9.348404E-002
   1.270000E+002   9.402854E-002
   1.280000E+002   9.456853E-002
   1.290000E+002   9.510381E-002
   1.300000E+002   9.563421E-002
   1.310000E+002   9.615952E-002
   1.320000E+002   9.667957E-002
   1.330000E+002   9.719417E-002
   1.340000E+002   9.770314E-002
   1.350000E+002   9.820629E-002
   1.360000E+002   9.870344E-002
   1.370000E+002   9.919439E-002
   1.380000E+002   9.967896E-002
   1.390000E+002   1.001570E-001
   1.400000E+002   1.006282E-001
   1.410000E+002   1.010926E-001
   1.420000E+002   1.015498E-001
   1.430000E+002   1.019999E-001
   1.440000E+002   1.024426E-001
   1.450000E+002   1.028778E-001
   1.460000E+002   1.033053E-001
   1.470000E+002   1.037250E-001
   1.480000E+002   1.041369E-001
   1.490000E+002   1.045406E-001
   1.500000E+002   1.049362E-001
   1.510000E+002   1.053234E-001
   1.520000E+002   1.057021E-001
   1.530000E+002   1.060721E-001
   1.540000E+002   1.064334E-001
   1.550000E+002   1.067858E-001
   1.560000E+002   1.071291E-001
   1.570000E+002   1.074632E-001
   1.580000E+002   1.077880E-001
   1.590000E+002   1.081033E-001
   1.600000E+002   1.084089E-001
   1.610000E+002   1.087048E-001
   1.620000E+002   1.089908E-001
   1.630000E+002   1.092668E-001
   1.640000E+002   1.095327E-001
   1.650000E+002   1.097883E-001
   1.660000E+002   1.100336E-001
   1.670000E+002   1.102684E-001
   1.680000E+002   1.104927E-001
   1.690000E+002   1.107062E-001
   1.700000E+002   1.109089E-001
   1.710000E+002   1.111007E-001
   1.720000E+002   1.112814E-001
   1.730000E+002   1.114510E-001
   1.740000E+002   1.116093E-001
   1.750000E+002   1.117562E-001
   1.760000E+002   1.118916E-001
   1.770000E+002   1.120153E-001
   1.780000E+002   1.121274E-001
   1.790000E+002   1.122275E-001
   1.800000E+002   1.123157E-001
   1.810000E+002   1.123918E-001
   1.820000E+002   1.124557E-001
   1.830000E+002   1.125076E-001
   1.840000E+002   1.125475E-001
   1.850000E+002   1.125752E-001
   1.860000E+002   1.125908E-001
   1.870000E+002   1.125943E-001
   1.880000E+002   1.125858E-001
   1.890000E+002   1.125651E-001
   1.900000E+002   1.125324E-001
   1.910000E+002   1.124876E-001
   1.920000E+002   1.124307E-001
   1.930000E+002   1.123617E-001
   1.940000E+002   1.122806E-001
   1.950000E+002   1.121874E-001
   1.960000E+002   1.120822E-001
   1.970000E+002   1.119649E-001
   1.980000E+002   1.118355E-001
   1.990000E+002   1.116940E-001
   2.000000E+002   1.115404E-001
   2.010000E+002   1.113748E-001
   2.020000E+002   1.111972E-001
   2.030000E+002   1.110077E-001
   2.040000E+002   1.108064E-001
   2.050000E+002   1.105934E-001
   2.060000E+002   1.103689E-001
   2.070000E+002   1.101328E-001
   2.080000E+002   1.098854E-001
   2.090000E+002   1.096266E-001
   2.100000E+002   1.093567E-001
   2.110000E+002   1.090756E-001
   2.120000E+002   1.087836E-001
   2.130000E+002   1.084806E-001
   2.140000E+002   1.081669E-001
   2.150000E+002   1.078424E-001
   2.160000E+002   1.075073E-001
   2.170000E+002   1.071617E-001
   2.180000E+002   1.068057E-001
   2.190000E+002   1.064394E-001
   2.200000E+002   1.060629E-001
   2.210000E+002   1.056762E-001
   2.220000E+002   1.052795E-001
   2.230000E+002   1.048729E-001
   2.240000E+002   1.044564E-001
   2.250000E+002   1.040302E-001
   2.260000E+002   1.035944E-001
   2.270000E+002   1.031491E-001
   2.280000E+002   1.026945E-001
   2.290000E+002   1.022308E-001
   2.300000E+002   1.017580E-001
   2.310000E+002   1.012764E-001
   2.320000E+002   1.007861E-001
   2.330000E+002   1.002873E-001
   2.340000E+002   9.978012E-002
   2.350000E+002   9.926474E-002
   2.360000E+002   9.874131E-002
   2.370000E+002   9.820999E-002
   2.380000E+002   9.767094E-002
   2.390000E+002   9.712431E-002
   2.400000E+002   9.657028E-002
   2.410000E+002   9.600898E-002
   2.420000E+002   9.544059E-002
   2.430000E+002   9.486526E-002
   2.440000E+002   9.428315E-002
   2.450000E+002   9.369441E-002
   2.460000E+002   9.309922E-002
   2.470000E+002   9.249772E-002
   2.480000E+002   9.189007E-002
   2.490000E+002   9.127644E-002
   2.500000E+002   9.065697E-002
   2.510000E+002   9.003185E-002
   2.520000E+002   8.940130E-002
   2.530000E+002   8.876554E-002
   2.540000E+002   8.812483E-002
   2.550000E+002   8.747938E-002
   2.560000E+002   8.682945E-002
   2.570000E+002   8.617526E-002
   2.580000E+002   8.551705E-002
   2.590000E+002   8.485506E-002
   2.600000E+002   8.418952E-002
   2.610000E+002   8.352068E-002
   2.620000E+002   8.284875E-002
   2.630000E+002   8.217399E-002
   2.640000E+002   8.149662E-002
   2.650000E+002   8.081689E-002
   2.660000E+002   8.013503E-002
   2.670000E+002   7.945127E-002
   2.680000E+002   7.876585E-002
   2.690000E+002   7.807901E-002
   2.700000E+002   7.739098E-002
   2.710000E+002   7.670200E-002
   2.720000E+002   7.601230E-002
   2.730000E+002   7.532212E-002
   2.740000E+002   7.463170E-002
   2.750000E+002   7.394127E-002
   2.760000E+002   7.325107E-002
   2.770000E+002   7.256130E-002
   2.780000E+002   7.187217E-002
   2.790000E+002   7.118388E-002
   2.800000E+002   7.049665E-002
   2.810000E+002   6.981067E-002
   2.820000E+002   6.912616E-002
   2.830000E+002   6.844331E-002
   2.840000E+002   6.776234E-002
   2.850000E+002   6.708345E-002
   2.860000E+002   6.640684E-002
   2.870000E+002   6.573273E-002
   2.880000E+002   6.506131E-002
   2.890000E+002   6.439279E-002
   2.900000E+002   6.372739E-002
   2.910000E+002   6.306530E-002
   2.920000E+002   6.240672E-002
   2.930000E+002   6.175188E-002
   2.940000E+002   6.110096E-002
   2.950000E+002   6.045419E-002
   2.960000E+002   5.981175E-002
   2.970000E+002   5.917387E-002
   2.980000E+002   5.854074E-002
   2.990000E+002   5.791257E-002
   3.000000E+002   5.728956E-002
   3.010000E+002   5.667191E-002
   3.020000E+002   5.605972E-002
   3.030000E+002   5.545307E-002
   3.040000E+002   5.485206E-002
   3.050000E+002   5.425676E-002
   3.060000E+002   5.366728E-002
   3.070000E+002   5.308369E-002
   3.080000E+002   5.250609E-002
   3.090000E+002   5.193456E-002
   3.100000E+002   5.136918E-002
   3.110000E+002   5.081005E-002
   3.120000E+002   5.025725E-002
   3.130000E+002   4.971088E-002
   3.140000E+002   4.917101E-002
   3.150000E+002   4.863773E-002
   3.160000E+002   4.811114E-002
   3.170000E+002   4.759132E-002
   3.180000E+002   4.707835E-002
   3.190000E+002   4.657233E-002
   3.200000E+002   4.607334E-002
   3.210000E+002   4.558146E-002
   3.220000E+002   4.509680E-002
   3.230000E+002   4.461943E-002
   3.240000E+002   4.414944E-002
   3.250000E+002   4.368691E-002
   3.260000E+002   4.323195E-002
   3.270000E+002   4.278462E-002
   3.280000E+002   4.234503E-002
   3.290000E+002   4.191326E-002
   3.300000E+002   4.148939E-002
   3.310000E+002   4.107351E-002
   3.320000E+002   4.066571E-002
   3.330000E+002   4.026608E-002
   3.340000E+002   3.987470E-002
   3.350000E+002   3.949167E-002
   3.360000E+002   3.911707E-002
   3.370000E+002   3.875098E-002
   3.380000E+002   3.839349E-002
   3.390000E+002   3.804470E-002
   3.400000E+002   3.770469E-002
   3.410000E+002   3.737354E-002
   3.420000E+002   3.705135E-002
   3.430000E+002   3.673819E-002
   3.440000E+002   3.643417E-002
   3.450000E+002   3.613936E-002
   3.460000E+002   3.585385E-002
   3.470000E+002   3.557774E-002
   3.480000E+002   3.531110E-002
   3.490000E+002   3.505402E-002
   3.500000E+002   3.480660E-002
   3.510000E+002   3.456889E-002
   3.520000E+002   3.434082E-002
   3.530000E+002   3.412229E-002
   3.540000E+002   3.391320E-002
   3.550000E+002   3.371346E-002
   3.560000E+002   3.352297E-002
   3.570000E+002   3.334163E-002
   3.580000E+002   3.316933E-002
   3.590000E+002   3.300599E-002
   3.600000E+002   3.285150E-002
   3.610000E+002   3.270576E-002
   3.620000E+002   3.256868E-002
   3.630000E+002   3.244015E-002
   3.640000E+002   3.232009E-002
   3.650000E+002   3.220838E-002
   3.660000E+002   3.210494E-002
   3.670000E+002   3.200965E-002
   3.680000E+002   3.192243E-002
   3.690000E+002   3.184318E-002
   3.700000E+002   3.177179E-002
   3.710000E+002   3.170817E-002
   3.720000E+002   3.165223E-002
   3.730000E+002   3.160385E-002
   3.740000E+002   3.156294E-002
   3.750000E+002   3.152941E-002
   3.760000E+002   3.150315E-002
   3.770000E+002   3.148408E-002
   3.780000E+002   3.147208E-002
   3.790000E+002   3.146705E-002
   3.800000E+002   3.146891E-002
   3.810000E+002   3.147756E-002
   3.820000E+002   3.149288E-002
   3.830000E+002   3.151480E-002
   3.840000E+002   3.154319E-002
   3.850000E+002   3.157798E-002
   3.860000E+002   3.161906E-002
   3.870000E+002   3.166633E-002
   3.880000E+002   3.171969E-002
   3.890000E+002   3.177904E-002
   3.900000E+002   3.184429E-002
   3.910000E+002   3.191534E-002
   3.920000E+002   3.199208E-002
   3.930000E+002   3.207443E-002
   3.940000E+002   3.216227E-002
   3.950000E+002   3.225552E-002
   3.960000E+002   3.235407E-002
   3.970000E+002   3.245783E-002
   3.980000E+002   3.256670E-002
   3.990000E+002   3.268057E-002
   4.000000E+002   3.279935E-002
   4.010000E+002   3.292294E-002
   4.020000E+002   3.305118E-002
   4.030000E+002   3.318394E-002
   4.040000E+002   3.332105E-002
   4.050000E+002   3.346238E-002
   4.060000E+002   3.360776E-002
   4.070000E+002   3.375705E-002
   4.080000E+002   3.391010E-002
   4.090000E+002   3.406676E-002
   4.100000E+002   3.422688E-002
   4.110000E+002   3.439030E-002
   4.120000E+002   3.455688E-002
   4.130000E+002   3.472646E-002
   4.140000E+002   3.489890E-002
   4.150000E+002   3.507404E-002
   4.160000E+002   3.525174E-002
   4.170000E+002   3.543184E-002
   4.180000E+002   3.561419E-002
   4.190000E+002   3.579865E-002
   4.200000E+002   3.598506E-002
   4.210000E+002   3.617328E-002
   4.220000E+002   3.636314E-002
   4.230000E+002   3.655450E-002
   4.240000E+002   3.674722E-002
   4.250000E+002   3.694114E-002
   4.260000E+002   3.713610E-002
   4.270000E+002   3.733197E-002
   4.280000E+002   3.752858E-002
   4.290000E+002   3.772580E-002
   4.300000E+002   3.792346E-002
   4.310000E+002   3.812142E-002
   4.320000E+002   3.831952E-002
   4.330000E+002   3.851763E-002
   4.340000E+002   3.871558E-002
   4.350000E+002   3.891322E-002
   4.360000E+002   3.911041E-002
   4.370000E+002   3.930700E-002
   4.380000E+002   3.950282E-002
   4.390000E+002   3.969775E-002
   4.400000E+002   3.989162E-002
   4.410000E+002   4.008428E-002
   4.420000E+002   4.027558E-002
   4.430000E+002   4.046537E-002
   4.440000E+002   4.065351E-002
   4.450000E+002   4.083984E-002
   4.460000E+002   4.102421E-002
   4.470000E+002   4.120647E-002
   4.480000E+002   4.138646E-002
   4.490000E+002   4.156405E-002
   4.500000E+002   4.173908E-002
   4.510000E+002   4.191141E-002
   4.520000E+002   4.208098E-002
   4.530000E+002   4.224774E-002
   4.540000E+002   4.241164E-002
   4.550000E+002   4.257262E-002
   4.560000E+002   4.273064E-002
   4.570000E+002   4.288565E-002
   4.580000E+002   4.303759E-002
   4.590000E+002   4.318642E-002
   4.600000E+002   4.333208E-002
   4.610000E+002   4.347453E-002
   4.620000E+002   4.361371E-002
   4.630000E+002   4.374957E-002
   4.640000E+002   4.388207E-002
   4.650000E+002   4.401115E-002
   4.660000E+002   4.413676E-002
   4.670000E+002   4.425886E-002
   4.680000E+002   4.437739E-002
   4.690000E+002   4.449229E-002
   4.700000E+002   4.460353E-002
   4.710000E+002   4.471105E-002
   4.720000E+002   4.481480E-002
   4.730000E+002   4.491473E-002
   4.740000E+002   4.501079E-002
   4.750000E+002   4.510293E-002
   4.760000E+002   4.519110E-002
   4.770000E+002   4.527524E-002
   4.780000E+002   4.535531E-002
   4.790000E+002   4.543126E-002
   4.800000E+002   4.550304E-002
   4.810000E+002   4.557059E-002
   4.820000E+002   4.563387E-002
   4.830000E+002   4.569283E-002
   4.840000E+002   4.574741E-002
   4.850000E+002   4.579756E-002
   4.860000E+002   4.584324E-002
   4.870000E+002   4.588440E-002
   4.880000E+002   4.592098E-002
   4.890000E+002   4.595293E-002
   4.900000E+002   4.598020E-002
   4.910000E+002   4.600275E-002
   4.920000E+002   4.602051E-002
   4.930000E+002   4.603345E-002
   4.940000E+002   4.604151E-002
   4.950000E+002   4.604465E-002
   4.960000E+002   4.604280E-002
   4.970000E+002   4.603592E-002
   4.980000E+002   4.602396E-002
   4.990000E+002   4.600688E-002
   5.000000E+002   4.598461E-002
   5.010000E+002   4.595712E-002
   5.020000E+002   4.592449E-002
   5.030000E+002   4.588676E-002
   5.040000E+002   4.584402E-002
   5.050000E+002   4.579635E-002
   5.060000E+002   4.574381E-002
   5.070000E+002   4.568647E-002
   5.080000E+002   4.562442E-002
   5.090000E+002   4.555772E-002
   5.100000E+002   4.548644E-002
   5.110000E+002   4.541066E-002
   5.120000E+002   4.533046E-002
   5.130000E+002   4.524590E-002
   5.140000E+002   4.515706E-002
   5.150000E+002   4.506402E-002
   5.160000E+002   4.496683E-002
   5.170000E+002   4.486559E-002
   5.180000E+002   4.476036E-002
   5.190000E+002   4.465121E-002
   5.200000E+002   4.453822E-002
   5.210000E+002   4.442146E-002
   5.220000E+002   4.430100E-002
   5.230000E+002   4.417692E-002
   5.240000E+002   4.404928E-002
   5.250000E+002   4.391818E-002
   5.260000E+002   4.378366E-002
   5.270000E+002   4.364582E-002
   5.280000E+002   4.350472E-002
   5.290000E+002   4.336043E-002
   5.300000E+002   4.321303E-002
   5.310000E+002   4.306259E-002
   5.320000E+002   4.290919E-002
   5.330000E+002   4.275290E-002
   5.340000E+002   4.259378E-002
   5.350000E+002   4.243192E-002
   5.360000E+002   4.226739E-002
   5.370000E+002   4.210025E-002
   5.380000E+002   4.193059E-002
   5.390000E+002   4.175848E-002
   5.400000E+002   4.158398E-002
   5.410000E+002   4.140718E-002
   5.420000E+002   4.122814E-002
   5.430000E+002   4.104694E-002
   5.440000E+002   4.086365E-002
   5.450000E+002   4.067835E-002
   5.460000E+002   4.049110E-002
   5.470000E+002   4.030199E-002
   5.480000E+002   4.011108E-002
   5.490000E+002   3.991844E-002
   5.500000E+002   3.972416E-002
   5.510000E+002   3.952830E-002
   5.520000E+002   3.933097E-002
   5.530000E+002   3.913224E-002
   5.540000E+002   3.893222E-002
   5.550000E+002   3.873099E-002
   5.560000E+002   3.852867E-002
   5.570000E+002   3.832533E-002
   5.580000E+002   3.812107E-002
   5.590000E+002   3.791599E-002
   5.600000E+002   3.771018E-002
   5.610000E+002   3.750374E-002
   5.620000E+002   3.729676E-002
   5.630000E+002   3.708933E-002
   5.640000E+002   3.688154E-002
   5.650000E+002   3.667350E-002
   5.660000E+002   3.646530E-002
   5.670000E+002   3.625703E-002
   5.680000E+002   3.604878E-002
   5.690000E+002   3.584065E-002
   5.700000E+002   3.563273E-002
   5.710000E+002   3.542512E-002
   5.720000E+002   3.521791E-002
   5.730000E+002   3.501119E-002
   5.740000E+002   3.480507E-002
   5.750000E+002   3.459963E-002
   5.760000E+002   3.439496E-002
   5.770000E+002   3.419117E-002
   5.780000E+002   3.398835E-002
   5.790000E+002   3.378659E-002
   5.800000E+002   3.358598E-002
   5.810000E+002   3.338662E-002
   5.820000E+002   3.318860E-002
   5.830000E+002   3.299202E-002
   5.840000E+002   3.279698E-002
   5.850000E+002   3.260355E-002
   5.860000E+002   3.241185E-002
   5.870000E+002   3.222196E-002
   5.880000E+002   3.203399E-002
   5.890000E+002   3.184801E-002
   5.900000E+002   3.166413E-002
   5.910000E+002   3.148244E-002
   5.920000E+002   3.130303E-002
   5.930000E+002   3.112601E-002
   5.940000E+002   3.095146E-002
   5.950000E+002   3.077947E-002
   5.960000E+002   3.061015E-002
   5.970000E+002   3.044359E-002
   5.980000E+002   3.027987E-002
   5.990000E+002   3.011910E-002
   6.000000E+002   2.996137E-002
   6.010000E+002   2.980675E-002
   6.020000E+002   2.965529E-002
   6.030000E+002   2.950699E-002
   6.040000E+002   2.936186E-002
   6.050000E+002   2.921993E-002
   6.060000E+002   2.908120E-002
   6.070000E+002   2.894570E-002
   6.080000E+002   2.881344E-002
   6.090000E+002   2.868442E-002
   6.100000E+002   2.855868E-002
   6.110000E+002   2.843621E-002
   6.120000E+002   2.831705E-002
   6.130000E+002   2.820119E-002
   6.140000E+002   2.808866E-002
   6.150000E+002   2.797947E-002
   6.160000E+002   2.787364E-002
   6.170000E+002   2.777119E-002
   6.180000E+002   2.767211E-002
   6.190000E+002   2.757644E-002
   6.200000E+002   2.748419E-002
   6.210000E+002   2.739536E-002
   6.220000E+002   2.730999E-002
   6.230000E+002   2.722807E-002
   6.240000E+002   2.714963E-002
   6.250000E+002   2.707468E-002
   6.260000E+002   2.700324E-002
   6.270000E+002   2.693532E-002
   6.280000E+002   2.687093E-002
   6.290000E+002   2.681009E-002
   6.300000E+002   2.675282E-002
   6.310000E+002   2.669913E-002
   6.320000E+002   2.664904E-002
   6.330000E+002   2.660256E-002
   6.340000E+002   2.655970E-002
   6.350000E+002   2.652048E-002
   6.360000E+002   2.648491E-002
   6.370000E+002   2.645302E-002
   6.380000E+002   2.642481E-002
   6.390000E+002   2.640030E-002
   6.400000E+002   2.637951E-002
   6.410000E+002   2.636244E-002
   6.420000E+002   2.634912E-002
   6.430000E+002   2.633956E-002
   6.440000E+002   2.633378E-002
   6.450000E+002   2.633178E-002
   6.460000E+002   2.633359E-002
   6.470000E+002   2.633922E-002
   6.480000E+002   2.634868E-002
   6.490000E+002   2.636199E-002
   6.500000E+002   2.637916E-002
   6.510000E+002   2.640020E-002
   6.520000E+002   2.642505E-002
   6.530000E+002   2.645364E-002
   6.540000E+002   2.648589E-002
   6.550000E+002   2.652175E-002
   6.560000E+002   2.656114E-002
   6.570000E+002   2.660398E-002
   6.580000E+002   2.665022E-002
   6.590000E+002   2.669978E-002
   6.600000E+002   2.675259E-002
   6.610000E+002   2.680858E-002
   6.620000E+002   2.686768E-002
   6.630000E+002   2.692982E-002
   6.640000E+002   2.699493E-002
   6.650000E+002   2.706295E-002
   6.660000E+002   2.713380E-002
   6.670000E+002   2.720741E-002
   6.680000E+002   2.728371E-002
   6.690000E+002   2.736263E-002
   6.700000E+002   2.744411E-002
   6.710000E+002   2.752807E-002
   6.720000E+002   2.761444E-002
   6.730000E+002   2.770316E-002
   6.740000E+002   2.779415E-002
   6.750000E+002   2.788735E-002
   6.760000E+002   2.798268E-002
   6.770000E+002   2.808007E-002
   6.780000E+002   2.817946E-002
   6.790000E+002   2.828077E-002
   6.800000E+002   2.838393E-002
   6.810000E+002   2.848889E-002
   6.820000E+002   2.859555E-002
   6.830000E+002   2.870387E-002
   6.840000E+002   2.881375E-002
   6.850000E+002   2.892515E-002
   6.860000E+002   2.903798E-002
   6.870000E+002   2.915218E-002
   6.880000E+002   2.926767E-002
   6.890000E+002   2.938439E-002
   6.900000E+002   2.950226E-002
   6.910000E+002   2.962123E-002
   6.920000E+002   2.974121E-002
   6.930000E+002   2.986214E-002
   6.940000E+002   2.998394E-002
   6.950000E+002   3.010656E-002
   6.960000E+002   3.022991E-002
   6.970000E+002   3.035393E-002
   6.980000E+002   3.047855E-002
   6.990000E+002   3.060370E-002
   7.000000E+002   3.072931E-002
   7.010000E+002   3.085530E-002
   7.020000E+002   3.098162E-002
   7.030000E+002   3.110819E-002
   7.040000E+002   3.123494E-002
   7.050000E+002   3.136180E-002
   7.060000E+002   3.148871E-002
   7.070000E+002   3.161560E-002
   7.080000E+002   3.174239E-002
   7.090000E+002   3.186903E-002
   7.100000E+002   3.199543E-002
   7.110000E+002   3.212153E-002
   7.120000E+002   3.224727E-002
   7.130000E+002   3.237257E-002
   7.140000E+002   3.249736E-002
   7.150000E+002   3.262158E-002
   7.160000E+002   3.274516E-002
   7.170000E+002   3.286802E-002
   7.180000E+002   3.299011E-002
   7.190000E+002   3.311134E-002
   7.200000E+002   3.323166E-002
   7.210000E+002   3.335099E-002
   7.220000E+002   3.346927E-002
   7.230000E+002   3.358642E-002
   7.240000E+002   3.370237E-002
   7.250000E+002   3.381707E-002
   7.260000E+002   3.393043E-002
   7.270000E+002   3.404240E-002
   7.280000E+002   3.415289E-002
   7.290000E+002   3.426185E-002
   7.300000E+002   3.436920E-002
   7.310000E+002   3.447488E-002
   7.320000E+002   3.457881E-002
   7.330000E+002   3.468093E-002
   7.340000E+002   3.478117E-002
   7.350000E+002   3.487946E-002
   7.360000E+002   3.497573E-002
   7.370000E+002   3.506991E-002
   7.380000E+002   3.516194E-002
   7.390000E+002   3.525174E-002
   7.400000E+002   3.533924E-002
   7.410000E+002   3.542439E-002
   7.420000E+002   3.550710E-002
   7.430000E+002   3.558731E-002
   7.440000E+002   3.566495E-002
   7.450000E+002   3.573995E-002
   7.460000E+002   3.581225E-002
   7.470000E+002   3.588177E-002
   7.480000E+002   3.594844E-002
   7.490000E+002   3.601221E-002
   7.500000E+002   3.607298E-002
   7.510000E+002   3.613072E-002
   7.520000E+002   3.618541E-002
   7.530000E+002   3.623703E-002
   7.540000E+002   3.628560E-002
   7.550000E+002   3.633109E-002
   7.560000E+002   3.637352E-002
   7.570000E+002   3.641287E-002
   7.580000E+002   3.644914E-002
   7.590000E+002   3.648234E-002
   7.600000E+002   3.651244E-002
   7.610000E+002   3.653946E-002
   7.620000E+002   3.656338E-002
   7.630000E+002   3.658420E-002
   7.640000E+002   3.660192E-002
   7.650000E+002   3.661654E-002
   7.660000E+002   3.662805E-002
   7.670000E+002   3.663644E-002
   7.680000E+002   3.664172E-002
   7.690000E+002   3.664387E-002
   7.700000E+002   3.664290E-002
   7.710000E+002   3.663881E-002
   7.720000E+002   3.663158E-002
   7.730000E+002   3.662121E-002
   7.740000E+002   3.660770E-002
   7.750000E+002   3.659105E-002
   7.760000E+002   3.657125E-002
   7.770000E+002   3.654830E-002
   7.780000E+002   3.652219E-002
   7.790000E+002   3.649292E-002
   7.800000E+002   3.646049E-002
   7.810000E+002   3.642489E-002
   7.820000E+002   3.638612E-002
   7.830000E+002   3.634417E-002
   7.840000E+002   3.629905E-002
   7.850000E+002   3.625074E-002
   7.860000E+002   3.619924E-002
   7.870000E+002   3.614455E-002
   7.880000E+002   3.608667E-002
   7.890000E+002   3.602559E-002
   7.900000E+002   3.596131E-002
   7.910000E+002   3.589382E-002
   7.920000E+002   3.582312E-002
   7.930000E+002   3.574920E-002
   7.940000E+002   3.567207E-002
   7.950000E+002   3.559171E-002
   7.960000E+002   3.550813E-002
   7.970000E+002   3.542132E-002
   7.980000E+002   3.533128E-002
   7.990000E+002   3.523800E-002
   8.000000E+002   3.514147E-002
   8.010000E+002   3.504171E-002
   8.020000E+002   3.493877E-002
   8.030000E+002   3.483270E-002
   8.040000E+002   3.472356E-002
   8.050000E+002   3.461141E-002
   8.060000E+002   3.449632E-002
   8.070000E+002   3.437834E-002
   8.080000E+002   3.425753E-002
   8.090000E+002   3.413395E-002
   8.100000E+002   3.400766E-002
   8.110000E+002   3.387872E-002
   8.120000E+002   3.374719E-002
   8.130000E+002   3.361313E-002
   8.140000E+002   3.347659E-002
   8.150000E+002   3.333764E-002
   8.160000E+002   3.319634E-002
   8.170000E+002   3.305275E-002
   8.180000E+002   3.290692E-002
   8.190000E+002   3.275892E-002
   8.200000E+002   3.260880E-002
   8.210000E+002   3.245663E-002
   8.220000E+002   3.230246E-002
   8.230000E+002   3.214636E-002
   8.240000E+002   3.198838E-002
   8.250000E+002   3.182858E-002
   8.260000E+002   3.166702E-002
   8.270000E+002   3.150376E-002
   8.280000E+002   3.133887E-002
   8.290000E+002   3.117239E-002
   8.300000E+002   3.100440E-002
   8.310000E+002   3.083494E-002
   8.320000E+002   3.066409E-002
   8.330000E+002   3.049189E-002
   8.340000E+002   3.031841E-002
   8.350000E+002   3.014371E-002
   8.360000E+002   2.996784E-002
   8.370000E+002   2.979088E-002
   8.380000E+002   2.961286E-002
   8.390000E+002   2.943387E-002
   8.400000E+002   2.925394E-002
   8.410000E+002   2.907316E-002
   8.420000E+002   2.889156E-002
   8.430000E+002   2.870922E-002
   8.440000E+002   2.852619E-002
   8.450000E+002   2.834254E-002
   8.460000E+002   2.815831E-002
   8.470000E+002   2.797358E-002
   8.480000E+002   2.778840E-002
   8.490000E+002   2.760283E-002
   8.500000E+002   2.741693E-002
   8.510000E+002   2.723076E-002
   8.520000E+002   2.704437E-002
   8.530000E+002   2.685781E-002
   8.540000E+002   2.667114E-002
   8.550000E+002   2.648442E-002
   8.560000E+002   2.629768E-002
   8.570000E+002   2.611099E-002
   8.580000E+002   2.592440E-002
   8.590000E+002   2.573796E-002
   8.600000E+002   2.555172E-002
   8.610000E+002   2.536573E-002
   8.620000E+002   2.518006E-002
   8.630000E+002   2.499475E-002
   8.640000E+002   2.480985E-002
   8.650000E+002   2.462542E-002
   8.660000E+002   2.444150E-002
   8.670000E+002   2.425816E-002
   8.680000E+002   2.407544E-002
   8.690000E+002   2.389340E-002
   8.700000E+002   2.371209E-002
   8.710000E+002   2.353156E-002
   8.720000E+002   2.335187E-002
   8.730000E+002   2.317306E-002
   8.740000E+002   2.299520E-002
   8.750000E+002   2.281833E-002
   8.760000E+002   2.264250E-002
   8.770000E+002   2.246777E-002
   8.780000E+002   2.229420E-002
   8.790000E+002   2.212182E-002
   8.800000E+002   2.195070E-002
   8.810000E+002   2.178090E-002
   8.820000E+002   2.161245E-002
   8.830000E+002   2.144542E-002
   8.840000E+002   2.127985E-002
   8.850000E+002   2.111580E-002
   8.860000E+002   2.095333E-002
   8.870000E+002   2.079248E-002
   8.880000E+002   2.063331E-002
   8.890000E+002   2.047586E-002
   8.900000E+002   2.032020E-002
   8.910000E+002   2.016638E-002
   8.920000E+002   2.001444E-002
   8.930000E+002   1.986445E-002
   8.940000E+002   1.971644E-002
   8.950000E+002   1.957049E-002
   8.960000E+002   1.942663E-002
   8.970000E+002   1.928492E-002
   8.980000E+002   1.914542E-002
   8.990000E+002   1.900817E-002
   9.000000E+002   1.887324E-002
   9.010000E+002   1.874065E-002
   9.020000E+002   1.861043E-002
   9.030000E+002   1.848257E-002
   9.040000E+002   1.835708E-002
   9.050000E+002   1.823395E-002
   9.060000E+002   1.811318E-002
   9.070000E+002   1.799478E-002
   9.080000E+002   1.787874E-002
   9.090000E+002   1.776507E-002
   9.100000E+002   1.765376E-002
   9.110000E+002   1.754482E-002
   9.120000E+002   1.743825E-002
   9.130000E+002   1.733404E-002
   9.140000E+002   1.723221E-002
   9.150000E+002   1.713274E-002
   9.160000E+002   1.703564E-002
   9.170000E+002   1.694091E-002
   9.180000E+002   1.684855E-002
   9.190000E+002   1.675856E-002
   9.200000E+002   1.667094E-002
   9.210000E+002   1.658569E-002
   9.220000E+002   1.650281E-002
   9.230000E+002   1.642231E-002
   9.240000E+002   1.634418E-002
   9.250000E+002   1.626842E-002
   9.260000E+002   1.619503E-002
   9.270000E+002   1.612402E-002
   9.280000E+002   1.605539E-002
   9.290000E+002   1.598912E-002
   9.300000E+002   1.592524E-002
   9.310000E+002   1.586373E-002
   9.320000E+002   1.580459E-002
   9.330000E+002   1.574784E-002
   9.340000E+002   1.569346E-002
   9.350000E+002   1.564146E-002
   9.360000E+002   1.559184E-002
   9.370000E+002   1.554459E-002
   9.380000E+002   1.549973E-002
   9.390000E+002   1.545724E-002
   9.400000E+002   1.541714E-002
   9.410000E+002   1.537941E-002
   9.420000E+002   1.534407E-002
   9.430000E+002   1.531111E-002
   9.440000E+002   1.528053E-002
   9.450000E+002   1.525233E-002
   9.460000E+002   1.522652E-002
   9.470000E+002   1.520309E-002
   9.480000E+002   1.518204E-002
   9.490000E+002   1.516338E-002
   9.500000E+002   1.514710E-002
   9.510000E+002   1.513320E-002
   9.520000E+002   1.512165E-002
   9.530000E+002   1.511239E-002
   9.540000E+002   1.510540E-002
   9.550000E+002   1.510062E-002
   9.560000E+002   1.509803E-002
   9.570000E+002   1.509756E-002
   9.580000E+002   1.509919E-002
   9.590000E+002   1.510288E-002
   9.600000E+002   1.510857E-002
   9.610000E+002   1.511623E-002
   9.620000E+002   1.512582E-002
   9.630000E+002   1.513729E-002
   9.640000E+002   1.515060E-002
   9.650000E+002   1.516572E-002
   9.660000E+002   1.518260E-002
   9.670000E+002   1.520119E-002
   9.680000E+002   1.522146E-002
   9.690000E+002   1.524337E-002
   9.700000E+002   1.526686E-002
   9.710000E+002   1.529191E-002
   9.720000E+002   1.531847E-002
   9.730000E+002   1.534650E-002
   9.740000E+002   1.537595E-002
   9.750000E+002   1.540678E-002
   9.760000E+002   1.543896E-002
   9.770000E+002   1.547244E-002
   9.780000E+002   1.550718E-002
   9.790000E+002   1.554314E-002
   9.800000E+002   1.558027E-002
   9.810000E+002   1.561853E-002
   9.820000E+002   1.565789E-002
   9.830000E+002   1.569830E-002
   9.840000E+002   1.573972E-002
   9.850000E+002   1.578210E-002
   9.860000E+002   1.582541E-002
   9.870000E+002   1.586961E-002
   9.880000E+002   1.591464E-002
   9.890000E+002   1.596048E-002
   9.900000E+002   1.600707E-002
   9.910000E+002   1.605439E-002
   9.920000E+002   1.610237E-002
   9.930000E+002   1.615099E-002
   9.940000E+002   1.620020E-002
   9.950000E+002   1.624997E-002
   9.960000E+002   1.630024E-002
   9.970000E+002   1.635097E-002
   9.980000E+002   1.640213E-002
   9.990000E+002   1.645368E-002
   1.000000E+003   1.650556E-002
   1.001000E+003   1.655775E-002
   1.002000E+003   1.661020E-002
   1.003000E+003   1.666288E-002
   1.004000E+003   1.671575E-002
   1.005000E+003   1.676878E-002
   1.006000E+003   1.682192E-002
   1.007000E+003   1.687515E-002
   1.008000E+003   1.692842E-002
   1.009000E+003   1.698171E-002
   1.010000E+003   1.703497E-002
   1.011000E+003   1.708817E-002
   1.012000E+003   1.714128E-002
   1.013000E+003   1.719425E-002
   1.014000E+003   1.724705E-002
   1.015000E+003   1.729965E-002
   1.016000E+003   1.735200E-002
   1.017000E+003   1.740408E-002
   1.018000E+003   1.745585E-002
   1.019000E+003   1.750726E-002
   1.020000E+003   1.755830E-002
   1.021000E+003   1.760891E-002
   1.022000E+003   1.765906E-002
   1.023000E+003   1.770872E-002
   1.024000E+003   1.775784E-002
   1.025000E+003   1.780641E-002
   1.026000E+003   1.785437E-002
   1.027000E+003   1.790169E-002
   1.028000E+003   1.794834E-002
   1.029000E+003   1.799428E-002
   1.030000E+003   1.803948E-002
   1.031000E+003   1.808389E-002
   1.032000E+003   1.812748E-002
   1.033000E+003   1.817022E-002
   1.034000E+003   1.821207E-002
   1.035000E+003   1.825300E-002
   1.036000E+003   1.829296E-002
   1.037000E+003   1.833192E-002
   1.038000E+003   1.836985E-002
   1.039000E+003   1.840671E-002
   1.040000E+003   1.844246E-002
   1.041000E+003   1.847707E-002
   1.042000E+003   1.851050E-002
   1.043000E+003   1.854271E-002
   1.044000E+003   1.857368E-002
   1.045000E+003   1.860336E-002
   1.046000E+003   1.863171E-002
   1.047000E+003   1.865871E-002
   1.048000E+003   1.868431E-002
   1.049000E+003   1.870848E-002
   1.050000E+003   1.873118E-002
   1.051000E+003   1.875239E-002
   1.052000E+003   1.877209E-002
   1.053000E+003   1.879030E-002
   1.054000E+003   1.880700E-002
   1.055000E+003   1.882220E-002
   1.056000E+003   1.883591E-002
   1.057000E+003   1.884811E-002
   1.058000E+003   1.885883E-002
   1.059000E+003   1.886804E-002
   1.060000E+003   1.887576E-002
   1.061000E+003   1.888199E-002
   1.062000E+003   1.888673E-002
   1.063000E+003   1.888998E-002
   1.064000E+003   1.889173E-002
   1.065000E+003   1.889200E-002
   1.066000E+003   1.889077E-002
   1.067000E+003   1.888806E-002
   1.068000E+003   1.888387E-002
   1.069000E+003   1.887819E-002
   1.070000E+003   1.887102E-002
   1.071000E+003   1.886237E-002
   1.072000E+003   1.885224E-002
   1.073000E+003   1.884063E-002
   1.074000E+003   1.882753E-002
   1.075000E+003   1.881296E-002
   1.076000E+003   1.879691E-002
   1.077000E+003   1.877938E-002
   1.078000E+003   1.876038E-002
   1.079000E+003   1.873990E-002
   1.080000E+003   1.871794E-002
   1.081000E+003   1.869451E-002
   1.082000E+003   1.866961E-002
   1.083000E+003   1.864324E-002
   1.084000E+003   1.861540E-002
   1.085000E+003   1.858609E-002
   1.086000E+003   1.855531E-002
   1.087000E+003   1.852306E-002
   1.088000E+003   1.848934E-002
   1.089000E+003   1.845416E-002
   1.090000E+003   1.841752E-002
   1.091000E+003   1.837941E-002
   1.092000E+003   1.833984E-002
   1.093000E+003   1.829881E-002
   1.094000E+003   1.825631E-002
   1.095000E+003   1.821236E-002
   1.096000E+003   1.816695E-002
   1.097000E+003   1.812008E-002
   1.098000E+003   1.807176E-002
   1.099000E+003   1.802197E-002
   1.100000E+003   1.797074E-002
   1.101000E+003   1.791806E-002
   1.102000E+003   1.786396E-002
   1.103000E+003   1.780848E-002
   1.104000E+003   1.775166E-002
   1.105000E+003   1.769354E-002
   1.106000E+003   1.763415E-002
   1.107000E+003   1.757354E-002
   1.108000E+003   1.751174E-002
   1.109000E+003   1.744878E-002
   1.110000E+003   1.738471E-002
   1.111000E+003   1.731956E-002
   1.112000E+003   1.725337E-002
   1.113000E+003   1.718618E-002
   1.114000E+003   1.711803E-002
   1.115000E+003   1.704895E-002
   1.116000E+003   1.697898E-002
   1.117000E+003   1.690816E-002
   1.118000E+003   1.683653E-002
   1.119000E+003   1.676412E-002
   1.120000E+003   1.669098E-002
   1.121000E+003   1.661713E-002
   1.122000E+003   1.654262E-002
   1.123000E+003   1.646748E-002
   1.124000E+003   1.639176E-002
   1.125000E+003   1.631549E-002
   1.126000E+003   1.623871E-002
   1.127000E+003   1.616145E-002
   1.128000E+003   1.608375E-002
   1.129000E+003   1.600566E-002
   1.130000E+003   1.592720E-002
   1.131000E+003   1.584842E-002
   1.132000E+003   1.576936E-002
   1.133000E+003   1.569005E-002
   1.134000E+003   1.561052E-002
   1.135000E+003   1.553082E-002
   1.136000E+003   1.545099E-002
   1.137000E+003   1.537106E-002
   1.138000E+003   1.529107E-002
   1.139000E+003   1.521106E-002
   1.140000E+003   1.513106E-002
   1.141000E+003   1.505111E-002
   1.142000E+003   1.497126E-002
   1.143000E+003   1.489153E-002
   1.144000E+003   1.481197E-002
   1.145000E+003   1.473261E-002
   1.146000E+003   1.465350E-002
   1.147000E+003   1.457466E-002
   1.148000E+003   1.449614E-002
   1.149000E+003   1.441797E-002
   1.150000E+003   1.434020E-002
   1.151000E+003   1.426285E-002
   1.152000E+003   1.418591E-002
   1.153000E+003   1.410939E-002
   1.154000E+003   1.403328E-002
   1.155000E+003   1.395756E-002
   1.156000E+003   1.388222E-002
   1.157000E+003   1.380727E-002
   1.158000E+003   1.373268E-002
   1.159000E+003   1.365846E-002
   1.160000E+003   1.358458E-002
   1.161000E+003   1.351105E-002
   1.162000E+003   1.343786E-002
   1.163000E+003   1.336499E-002
   1.164000E+003   1.329244E-002
   1.165000E+003   1.322020E-002
   1.166000E+003   1.314825E-002
   1.167000E+003   1.307661E-002
   1.168000E+003   1.300524E-002
   1.169000E+003   1.293415E-002
   1.170000E+003   1.286333E-002
   1.171000E+003   1.279276E-002
   1.172000E+003   1.272244E-002
   1.173000E+003   1.265236E-002
   1.174000E+003   1.258252E-002
   1.175000E+003   1.251290E-002
   1.176000E+003   1.244349E-002
   1.177000E+003   1.237429E-002
   1.178000E+003   1.230529E-002
   1.179000E+003   1.223647E-002
   1.180000E+003   1.216784E-002
   1.181000E+003   1.209938E-002
   1.182000E+003   1.203108E-002
   1.183000E+003   1.196293E-002
   1.184000E+003   1.189494E-002
   1.185000E+003   1.182708E-002
   1.186000E+003   1.175934E-002
   1.187000E+003   1.169173E-002
   1.188000E+003   1.162423E-002
   1.189000E+003   1.155684E-002
   1.190000E+003   1.148953E-002
   1.191000E+003   1.142232E-002
   1.192000E+003   1.135518E-002
   1.193000E+003   1.128811E-002
   1.194000E+003   1.122110E-002
   1.195000E+003   1.115414E-002
   1.196000E+003   1.108722E-002
   1.197000E+003   1.102034E-002
   1.198000E+003   1.095349E-002
   1.199000E+003   1.088665E-002
   1.200000E+003   1.081982E-002
