   1.000000E+000   1.025238E-001
   2.000000E+000   1.111123E-001
   3.000000E+000   1.197008E-001
   4.000000E+000   1.066384E-001
   5.000000E+000   9.407324E-002
   6.000000E+000   8.609712E-002
   7.000000E+000   7.969376E-002
   8.000000E+000   7.435402E-002
   9.000000E+000   7.010805E-002
   1.000000E+001   6.663585E-002
   1.100000E+001   6.363157E-002
   1.200000E+001   6.119599E-002
   1.300000E+001   5.944320E-002
   1.400000E+001   5.813370E-002
   1.500000E+001   5.693965E-002
   1.600000E+001   5.560262E-002
   1.700000E+001   5.414187E-002
   1.800000E+001   5.264614E-002
   1.900000E+001   5.120413E-002
   2.000000E+001   4.990455E-002
   2.100000E+001   4.881760E-002
   2.200000E+001   4.793944E-002
   2.300000E+001   4.724768E-002
   2.400000E+001   4.671997E-002
   2.500000E+001   4.633392E-002
   2.600000E+001   4.606718E-002
   2.700000E+001   4.589737E-002
   2.800000E+001   4.580213E-002
   2.900000E+001   4.575908E-002
   3.000000E+001   4.574585E-002
   3.100000E+001   4.574447E-002
   3.200000E+001   4.575447E-002
   3.300000E+001   4.577980E-002
   3.400000E+001   4.582436E-002
   3.500000E+001   4.589211E-002
   3.600000E+001   4.598697E-002
   3.700000E+001   4.611286E-002
   3.800000E+001   4.627373E-002
   3.900000E+001   4.647349E-002
   4.000000E+001   4.671609E-002
   4.100000E+001   4.700477E-002
   4.200000E+001   4.734009E-002
   4.300000E+001   4.772192E-002
   4.400000E+001   4.815013E-002
   4.500000E+001   4.862461E-002
   4.600000E+001   4.914523E-002
   4.700000E+001   4.971186E-002
   4.800000E+001   5.032438E-002
   4.900000E+001   5.098267E-002
   5.000000E+001   5.168660E-002
   5.100000E+001   5.243625E-002
   5.200000E+001   5.323252E-002
   5.300000E+001   5.407650E-002
   5.400000E+001   5.496930E-002
   5.500000E+001   5.591202E-002
   5.600000E+001   5.690575E-002
   5.700000E+001   5.795161E-002
   5.800000E+001   5.905068E-002
   5.900000E+001   6.020407E-002
   6.000000E+001   6.141288E-002
   6.100000E+001   6.267799E-002
   6.200000E+001   6.399942E-002
   6.300000E+001   6.537698E-002
   6.400000E+001   6.681047E-002
   6.500000E+001   6.829969E-002
   6.600000E+001   6.984445E-002
   6.700000E+001   7.144454E-002
   6.800000E+001   7.309978E-002
   6.900000E+001   7.480997E-002
   7.000000E+001   7.657491E-002
   7.100000E+001   7.839388E-002
   7.200000E+001   8.026407E-002
   7.300000E+001   8.218217E-002
   7.400000E+001   8.414483E-002
   7.500000E+001   8.614874E-002
   7.600000E+001   8.819056E-002
   7.700000E+001   9.026697E-002
   7.800000E+001   9.237464E-002
   7.900000E+001   9.451024E-002
   8.000000E+001   9.667044E-002
   8.100000E+001   9.885132E-002
   8.200000E+001   1.010465E-001
   8.300000E+001   1.032492E-001
   8.400000E+001   1.054523E-001
   8.500000E+001   1.076490E-001
   8.600000E+001   1.098322E-001
   8.700000E+001   1.119952E-001
   8.800000E+001   1.141309E-001
   8.900000E+001   1.162325E-001
   9.000000E+001   1.182929E-001
   9.100000E+001   1.203046E-001
   9.200000E+001   1.222567E-001
   9.300000E+001   1.241378E-001
   9.400000E+001   1.259363E-001
   9.500000E+001   1.276409E-001
   9.600000E+001   1.292400E-001
   9.700000E+001   1.307221E-001
   9.800000E+001   1.320758E-001
   9.900000E+001   1.332895E-001
   1.000000E+002   1.343518E-001
   1.010000E+002   1.352527E-001
   1.020000E+002   1.359887E-001
   1.030000E+002   1.365580E-001
   1.040000E+002   1.369585E-001
   1.050000E+002   1.371884E-001
   1.060000E+002   1.372457E-001
   1.070000E+002   1.371285E-001
   1.080000E+002   1.368348E-001
   1.090000E+002   1.363627E-001
   1.100000E+002   1.357104E-001
   1.110000E+002   1.348758E-001
   1.120000E+002   1.338570E-001
   1.130000E+002   1.326521E-001
   1.140000E+002   1.312592E-001
   1.150000E+002   1.296763E-001
   1.160000E+002   1.279015E-001
   1.170000E+002   1.259330E-001
   1.180000E+002   1.237686E-001
   1.190000E+002   1.214066E-001
   1.200000E+002   1.188449E-001
   1.210000E+002   1.160895E-001
   1.220000E+002   1.131770E-001
   1.230000E+002   1.101520E-001
   1.240000E+002   1.070591E-001
   1.250000E+002   1.039427E-001
   1.260000E+002   1.008474E-001
   1.270000E+002   9.781764E-002
   1.280000E+002   9.489804E-002
   1.290000E+002   9.213310E-002
   1.300000E+002   8.956732E-002
   1.310000E+002   8.724524E-002
   1.320000E+002   8.521138E-002
   1.330000E+002   8.351027E-002
   1.340000E+002   8.218643E-002
   1.350000E+002   8.128438E-002
   1.360000E+002   8.084866E-002
   1.370000E+002   8.092377E-002
   1.380000E+002   8.155426E-002
   1.390000E+002   8.278464E-002
   1.400000E+002   8.465943E-002
   1.410000E+002   8.721001E-002
   1.420000E+002   9.041514E-002
   1.430000E+002   9.424041E-002
   1.440000E+002   9.865142E-002
   1.450000E+002   1.036138E-001
   1.460000E+002   1.090931E-001
   1.470000E+002   1.150549E-001
   1.480000E+002   1.214650E-001
   1.490000E+002   1.282887E-001
   1.500000E+002   1.354918E-001
   1.510000E+002   1.430399E-001
   1.520000E+002   1.508985E-001
   1.530000E+002   1.590333E-001
   1.540000E+002   1.674098E-001
   1.550000E+002   1.759937E-001
   1.560000E+002   1.847506E-001
   1.570000E+002   1.936460E-001
   1.580000E+002   2.026456E-001
   1.590000E+002   2.117150E-001
   1.600000E+002   2.208197E-001
   1.610000E+002   2.299196E-001
   1.620000E+002   2.389517E-001
   1.630000E+002   2.478469E-001
   1.640000E+002   2.565365E-001
   1.650000E+002   2.649516E-001
   1.660000E+002   2.730232E-001
   1.670000E+002   2.806826E-001
   1.680000E+002   2.878608E-001
   1.690000E+002   2.944890E-001
   1.700000E+002   3.004983E-001
   1.710000E+002   3.058198E-001
   1.720000E+002   3.103846E-001
   1.730000E+002   3.141239E-001
   1.740000E+002   3.169688E-001
   1.750000E+002   3.188505E-001
   1.760000E+002   3.196999E-001
   1.770000E+002   3.194484E-001
   1.780000E+002   3.180269E-001
   1.790000E+002   3.153666E-001
   1.800000E+002   3.113987E-001
   1.810000E+002   3.060861E-001
   1.820000E+002   2.995193E-001
   1.830000E+002   2.918204E-001
   1.840000E+002   2.831117E-001
   1.850000E+002   2.735156E-001
   1.860000E+002   2.631542E-001
   1.870000E+002   2.521498E-001
   1.880000E+002   2.406247E-001
   1.890000E+002   2.287011E-001
   1.900000E+002   2.165013E-001
   1.910000E+002   2.041475E-001
   1.920000E+002   1.917620E-001
   1.930000E+002   1.794670E-001
   1.940000E+002   1.673849E-001
   1.950000E+002   1.556378E-001
   1.960000E+002   1.443481E-001
   1.970000E+002   1.336379E-001
   1.980000E+002   1.236296E-001
   1.990000E+002   1.144453E-001
   2.000000E+002   1.062074E-001
   2.010000E+002   9.900861E-002
   2.020000E+002   9.282373E-002
   2.030000E+002   8.759806E-002
   2.040000E+002   8.327690E-002
   2.050000E+002   7.980557E-002
   2.060000E+002   7.712936E-002
   2.070000E+002   7.519358E-002
   2.080000E+002   7.394353E-002
   2.090000E+002   7.332453E-002
   2.100000E+002   7.328186E-002
   2.110000E+002   7.376085E-002
   2.120000E+002   7.470678E-002
   2.130000E+002   7.606497E-002
   2.140000E+002   7.778072E-002
   2.150000E+002   7.979933E-002
   2.160000E+002   8.206611E-002
   2.170000E+002   8.452637E-002
   2.180000E+002   8.712540E-002
   2.190000E+002   8.980851E-002
   2.200000E+002   9.252101E-002
   2.210000E+002   9.520820E-002
   2.220000E+002   9.781538E-002
   2.230000E+002   1.002879E-001
   2.240000E+002   1.025709E-001
   2.250000E+002   1.046099E-001
   2.260000E+002   1.063618E-001
   2.270000E+002   1.078304E-001
   2.280000E+002   1.090312E-001
   2.290000E+002   1.099796E-001
   2.300000E+002   1.106911E-001
   2.310000E+002   1.111812E-001
   2.320000E+002   1.114653E-001
   2.330000E+002   1.115591E-001
   2.340000E+002   1.114778E-001
   2.350000E+002   1.112370E-001
   2.360000E+002   1.108522E-001
   2.370000E+002   1.103389E-001
   2.380000E+002   1.097125E-001
   2.390000E+002   1.089885E-001
   2.400000E+002   1.081823E-001
   2.410000E+002   1.073096E-001
   2.420000E+002   1.063856E-001
   2.430000E+002   1.054260E-001
   2.440000E+002   1.044461E-001
   2.450000E+002   1.034615E-001
   2.460000E+002   1.024877E-001
   2.470000E+002   1.015400E-001
   2.480000E+002   1.006341E-001
   2.490000E+002   9.978527E-002
   2.500000E+002   9.900912E-002
   2.510000E+002   9.832417E-002
   2.520000E+002   9.776126E-002
   2.530000E+002   9.735434E-002
   2.540000E+002   9.713734E-002
   2.550000E+002   9.714418E-002
   2.560000E+002   9.740881E-002
   2.570000E+002   9.796516E-002
   2.580000E+002   9.884716E-002
   2.590000E+002   1.000887E-001
   2.600000E+002   1.017238E-001
   2.610000E+002   1.037864E-001
   2.620000E+002   1.063103E-001
   2.630000E+002   1.093296E-001
   2.640000E+002   1.128780E-001
   2.650000E+002   1.169897E-001
   2.660000E+002   1.216985E-001
   2.670000E+002   1.270384E-001
   2.680000E+002   1.330432E-001
   2.690000E+002   1.397469E-001
   2.700000E+002   1.471835E-001
   2.710000E+002   1.553869E-001
   2.720000E+002   1.643909E-001
   2.730000E+002   1.742297E-001
   2.740000E+002   1.849370E-001
   2.750000E+002   1.965468E-001
   2.760000E+002   2.090721E-001
   2.770000E+002   2.224418E-001
   2.780000E+002   2.365640E-001
   2.790000E+002   2.513467E-001
   2.800000E+002   2.666978E-001
   2.810000E+002   2.825254E-001
   2.820000E+002   2.987374E-001
   2.830000E+002   3.152420E-001
   2.840000E+002   3.319470E-001
   2.850000E+002   3.487605E-001
   2.860000E+002   3.655905E-001
   2.870000E+002   3.823450E-001
   2.880000E+002   3.989320E-001
   2.890000E+002   4.152595E-001
   2.900000E+002   4.312356E-001
   2.910000E+002   4.467681E-001
   2.920000E+002   4.617652E-001
   2.930000E+002   4.761348E-001
   2.940000E+002   4.897849E-001
   2.950000E+002   5.026235E-001
   2.960000E+002   5.145587E-001
   2.970000E+002   5.254985E-001
   2.980000E+002   5.353507E-001
   2.990000E+002   5.440236E-001
   3.000000E+002   5.514250E-001
   3.010000E+002   5.574866E-001
   3.020000E+002   5.622345E-001
   3.030000E+002   5.657187E-001
   3.040000E+002   5.679889E-001
   3.050000E+002   5.690949E-001
   3.060000E+002   5.690866E-001
   3.070000E+002   5.680137E-001
   3.080000E+002   5.659262E-001
   3.090000E+002   5.628737E-001
   3.100000E+002   5.589062E-001
   3.110000E+002   5.540734E-001
   3.120000E+002   5.484252E-001
   3.130000E+002   5.420113E-001
   3.140000E+002   5.348817E-001
   3.150000E+002   5.270860E-001
   3.160000E+002   5.186742E-001
   3.170000E+002   5.096961E-001
   3.180000E+002   5.002014E-001
   3.190000E+002   4.902400E-001
   3.200000E+002   4.798617E-001
   3.210000E+002   4.691164E-001
   3.220000E+002   4.580537E-001
   3.230000E+002   4.467237E-001
   3.240000E+002   4.351760E-001
   3.250000E+002   4.234605E-001
   3.260000E+002   4.116271E-001
   3.270000E+002   3.997254E-001
   3.280000E+002   3.878055E-001
   3.290000E+002   3.759169E-001
   3.300000E+002   3.641097E-001
   3.310000E+002   3.524336E-001
   3.320000E+002   3.409384E-001
   3.330000E+002   3.296740E-001
   3.340000E+002   3.186901E-001
   3.350000E+002   3.080365E-001
   3.360000E+002   2.977632E-001
   3.370000E+002   2.879199E-001
   3.380000E+002   2.785565E-001
   3.390000E+002   2.697226E-001
   3.400000E+002   2.614683E-001
   3.410000E+002   2.538432E-001
   3.420000E+002   2.468973E-001
   3.430000E+002   2.406802E-001
   3.440000E+002   2.352419E-001
   3.450000E+002   2.306322E-001
   3.460000E+002   2.269008E-001
   3.470000E+002   2.240977E-001
   3.480000E+002   2.222725E-001
   3.490000E+002   2.214752E-001
   3.500000E+002   2.217555E-001
   3.510000E+002   2.231502E-001
   3.520000E+002   2.256431E-001
   3.530000E+002   2.292054E-001
   3.540000E+002   2.338077E-001
   3.550000E+002   2.394209E-001
   3.560000E+002   2.460161E-001
   3.570000E+002   2.535639E-001
   3.580000E+002   2.620354E-001
   3.590000E+002   2.714013E-001
   3.600000E+002   2.816326E-001
   3.610000E+002   2.927002E-001
   3.620000E+002   3.045748E-001
   3.630000E+002   3.172275E-001
   3.640000E+002   3.306290E-001
   3.650000E+002   3.447502E-001
   3.660000E+002   3.595621E-001
   3.670000E+002   3.750354E-001
   3.680000E+002   3.911411E-001
   3.690000E+002   4.078501E-001
   3.700000E+002   4.251332E-001
   3.710000E+002   4.429613E-001
   3.720000E+002   4.613053E-001
   3.730000E+002   4.801360E-001
   3.740000E+002   4.994243E-001
   3.750000E+002   5.191412E-001
   3.760000E+002   5.392575E-001
   3.770000E+002   5.597440E-001
   3.780000E+002   5.805716E-001
   3.790000E+002   6.017113E-001
   3.800000E+002   6.231338E-001
   3.810000E+002   6.448101E-001
   3.820000E+002   6.667111E-001
   3.830000E+002   6.888076E-001
   3.840000E+002   7.110705E-001
   3.850000E+002   7.334706E-001
   3.860000E+002   7.559789E-001
   3.870000E+002   7.785663E-001
   3.880000E+002   8.012035E-001
   3.890000E+002   8.238615E-001
   3.900000E+002   8.465112E-001
   3.910000E+002   8.691234E-001
   3.920000E+002   8.916690E-001
   3.930000E+002   9.141189E-001
   3.940000E+002   9.364440E-001
   3.950000E+002   9.586151E-001
   3.960000E+002   9.806031E-001
   3.970000E+002   1.002379E+000
   3.980000E+002   1.023913E+000
   3.990000E+002   1.045177E+000
   4.000000E+002   1.066142E+000
   4.010000E+002   1.086780E+000
   4.020000E+002   1.107072E+000
   4.030000E+002   1.127003E+000
   4.040000E+002   1.146555E+000
   4.050000E+002   1.165711E+000
   4.060000E+002   1.184456E+000
   4.070000E+002   1.202771E+000
   4.080000E+002   1.220642E+000
   4.090000E+002   1.238051E+000
   4.100000E+002   1.254981E+000
   4.110000E+002   1.271416E+000
   4.120000E+002   1.287338E+000
   4.130000E+002   1.302733E+000
   4.140000E+002   1.317582E+000
   4.150000E+002   1.331869E+000
   4.160000E+002   1.345578E+000
   4.170000E+002   1.358692E+000
   4.180000E+002   1.371193E+000
   4.190000E+002   1.383067E+000
   4.200000E+002   1.394295E+000
   4.210000E+002   1.404861E+000
   4.220000E+002   1.414749E+000
   4.230000E+002   1.423942E+000
   4.240000E+002   1.432423E+000
   4.250000E+002   1.440175E+000
   4.260000E+002   1.447183E+000
   4.270000E+002   1.453428E+000
   4.280000E+002   1.458896E+000
   4.290000E+002   1.463568E+000
   4.300000E+002   1.467429E+000
   4.310000E+002   1.470461E+000
   4.320000E+002   1.472648E+000
   4.330000E+002   1.473974E+000
   4.340000E+002   1.474421E+000
   4.350000E+002   1.473974E+000
   4.360000E+002   1.472614E+000
   4.370000E+002   1.470327E+000
   4.380000E+002   1.467094E+000
   4.390000E+002   1.462900E+000
   4.400000E+002   1.457728E+000
   4.410000E+002   1.451561E+000
   4.420000E+002   1.444382E+000
   4.430000E+002   1.436175E+000
   4.440000E+002   1.426923E+000
   4.450000E+002   1.416610E+000
   4.460000E+002   1.405218E+000
   4.470000E+002   1.392732E+000
   4.480000E+002   1.379134E+000
   4.490000E+002   1.364408E+000
   4.500000E+002   1.348537E+000
   4.510000E+002   1.331519E+000
   4.520000E+002   1.313405E+000
   4.530000E+002   1.294261E+000
   4.540000E+002   1.274154E+000
   4.550000E+002   1.253149E+000
   4.560000E+002   1.231313E+000
   4.570000E+002   1.208710E+000
   4.580000E+002   1.185408E+000
   4.590000E+002   1.161471E+000
   4.600000E+002   1.136967E+000
   4.610000E+002   1.111961E+000
   4.620000E+002   1.086518E+000
   4.630000E+002   1.060706E+000
   4.640000E+002   1.034589E+000
   4.650000E+002   1.008233E+000
   4.660000E+002   9.817055E-001
   4.670000E+002   9.550713E-001
   4.680000E+002   9.283967E-001
   4.690000E+002   9.017474E-001
   4.700000E+002   8.751895E-001
   4.710000E+002   8.487889E-001
   4.720000E+002   8.226115E-001
   4.730000E+002   7.967234E-001
   4.740000E+002   7.711903E-001
   4.750000E+002   7.460782E-001
   4.760000E+002   7.214532E-001
   4.770000E+002   6.973810E-001
   4.780000E+002   6.739277E-001
   4.790000E+002   6.511592E-001
   4.800000E+002   6.291415E-001
   4.810000E+002   6.079404E-001
   4.820000E+002   5.876219E-001
   4.830000E+002   5.682519E-001
   4.840000E+002   5.498964E-001
   4.850000E+002   5.326214E-001
   4.860000E+002   5.164927E-001
   4.870000E+002   5.015763E-001
   4.880000E+002   4.879381E-001
   4.890000E+002   4.756440E-001
   4.900000E+002   4.647601E-001
   4.910000E+002   4.553522E-001
   4.920000E+002   4.474863E-001
   4.930000E+002   4.412283E-001
   4.940000E+002   4.366442E-001
   4.950000E+002   4.337999E-001
   4.960000E+002   4.327612E-001
   4.970000E+002   4.335943E-001
   4.980000E+002   4.363649E-001
   4.990000E+002   4.411391E-001
   5.000000E+002   4.479827E-001
   5.010000E+002   4.569352E-001
   5.020000E+002   4.679295E-001
   5.030000E+002   4.808721E-001
   5.040000E+002   4.956695E-001
   5.050000E+002   5.122280E-001
   5.060000E+002   5.304542E-001
   5.070000E+002   5.502545E-001
   5.080000E+002   5.715353E-001
   5.090000E+002   5.942030E-001
   5.100000E+002   6.181642E-001
   5.110000E+002   6.433252E-001
   5.120000E+002   6.695925E-001
   5.130000E+002   6.968726E-001
   5.140000E+002   7.250719E-001
   5.150000E+002   7.540967E-001
   5.160000E+002   7.838537E-001
   5.170000E+002   8.142492E-001
   5.180000E+002   8.451896E-001
   5.190000E+002   8.765815E-001
   5.200000E+002   9.083312E-001
   5.210000E+002   9.403452E-001
   5.220000E+002   9.725300E-001
   5.230000E+002   1.004792E+000
   5.240000E+002   1.037037E+000
   5.250000E+002   1.069173E+000
   5.260000E+002   1.101105E+000
   5.270000E+002   1.132740E+000
   5.280000E+002   1.163985E+000
   5.290000E+002   1.194745E+000
   5.300000E+002   1.224928E+000
   5.310000E+002   1.254440E+000
   5.320000E+002   1.283186E+000
   5.330000E+002   1.311074E+000
   5.340000E+002   1.338011E+000
   5.350000E+002   1.363902E+000
   5.360000E+002   1.388654E+000
   5.370000E+002   1.412173E+000
   5.380000E+002   1.434366E+000
   5.390000E+002   1.455139E+000
   5.400000E+002   1.474399E+000
   5.410000E+002   1.492053E+000
   5.420000E+002   1.508006E+000
   5.430000E+002   1.522165E+000
   5.440000E+002   1.534436E+000
   5.450000E+002   1.544727E+000
   5.460000E+002   1.552943E+000
   5.470000E+002   1.558991E+000
   5.480000E+002   1.562777E+000
   5.490000E+002   1.564207E+000
   5.500000E+002   1.563189E+000
   5.510000E+002   1.559659E+000
   5.520000E+002   1.553671E+000
   5.530000E+002   1.545311E+000
   5.540000E+002   1.534664E+000
   5.550000E+002   1.521816E+000
   5.560000E+002   1.506850E+000
   5.570000E+002   1.489854E+000
   5.580000E+002   1.470910E+000
   5.590000E+002   1.450106E+000
   5.600000E+002   1.427525E+000
   5.610000E+002   1.403253E+000
   5.620000E+002   1.377376E+000
   5.630000E+002   1.349978E+000
   5.640000E+002   1.321144E+000
   5.650000E+002   1.290960E+000
   5.660000E+002   1.259510E+000
   5.670000E+002   1.226880E+000
   5.680000E+002   1.193156E+000
   5.690000E+002   1.158421E+000
   5.700000E+002   1.122762E+000
   5.710000E+002   1.086263E+000
   5.720000E+002   1.049009E+000
   5.730000E+002   1.011086E+000
   5.740000E+002   9.725795E-001
   5.750000E+002   9.335735E-001
   5.760000E+002   8.941535E-001
   5.770000E+002   8.544048E-001
   5.780000E+002   8.144124E-001
   5.790000E+002   7.742615E-001
   5.800000E+002   7.340372E-001
   5.810000E+002   6.938248E-001
   5.820000E+002   6.537092E-001
   5.830000E+002   6.137756E-001
   5.840000E+002   5.741093E-001
   5.850000E+002   5.347952E-001
   5.860000E+002   4.959186E-001
   5.870000E+002   4.575647E-001
   5.880000E+002   4.198184E-001
   5.890000E+002   3.827650E-001
   5.900000E+002   3.464896E-001
   5.910000E+002   3.110774E-001
   5.920000E+002   2.766135E-001
   5.930000E+002   2.431829E-001
   5.940000E+002   2.108710E-001
   5.950000E+002   1.797627E-001
   5.960000E+002   1.499433E-001
   5.970000E+002   1.214978E-001
   5.980000E+002   9.451150E-002
   5.990000E+002   6.906941E-002
   6.000000E+002   4.525671E-002
   6.010000E+002   2.313650E-002
   6.020000E+002   2.683735E-003
   6.030000E+002  -1.614864E-002
   6.040000E+002  -3.340772E-002
   6.050000E+002  -4.914055E-002
   6.060000E+002  -6.339422E-002
   6.070000E+002  -7.621580E-002
   6.080000E+002  -8.765237E-002
   6.090000E+002  -9.775098E-002
   6.100000E+002  -1.065587E-001
   6.110000E+002  -1.141227E-001
   6.120000E+002  -1.204899E-001
   6.130000E+002  -1.257074E-001
   6.140000E+002  -1.298224E-001
   6.150000E+002  -1.328819E-001
   6.160000E+002  -1.349329E-001
   6.170000E+002  -1.360225E-001
   6.180000E+002  -1.361979E-001
   6.190000E+002  -1.355060E-001
   6.200000E+002  -1.339940E-001
   6.210000E+002  -1.317089E-001
   6.220000E+002  -1.286978E-001
   6.230000E+002  -1.250078E-001
   6.240000E+002  -1.206859E-001
   6.250000E+002  -1.157792E-001
   6.260000E+002  -1.103348E-001
   6.270000E+002  -1.043997E-001
   6.280000E+002  -9.802113E-002
   6.290000E+002  -9.124602E-002
   6.300000E+002  -8.412148E-002
   6.310000E+002  -7.669459E-002
   6.320000E+002  -6.901241E-002
   6.330000E+002  -6.112203E-002
   6.340000E+002  -5.307051E-002
   6.350000E+002  -4.490492E-002
   6.360000E+002  -3.667234E-002
   6.370000E+002  -2.841984E-002
   6.380000E+002  -2.019450E-002
   6.390000E+002  -1.204338E-002
   6.400000E+002  -4.013556E-003
   6.410000E+002   3.847897E-003
   6.420000E+002   1.149391E-002
   6.430000E+002   1.887741E-002
   6.440000E+002   2.595132E-002
   6.450000E+002   3.266857E-002
   6.460000E+002   3.898209E-002
   6.470000E+002   4.484480E-002
   6.480000E+002   5.020964E-002
   6.490000E+002   5.502953E-002
   6.500000E+002   5.925740E-002
   6.510000E+002   6.286432E-002
   6.520000E+002   6.589393E-002
   6.530000E+002   6.840803E-002
   6.540000E+002   7.046839E-002
   6.550000E+002   7.213681E-002
   6.560000E+002   7.347507E-002
   6.570000E+002   7.454496E-002
   6.580000E+002   7.540827E-002
   6.590000E+002   7.612679E-002
   6.600000E+002   7.676229E-002
   6.610000E+002   7.737658E-002
   6.620000E+002   7.803143E-002
   6.630000E+002   7.878864E-002
   6.640000E+002   7.970999E-002
   6.650000E+002   8.085727E-002
   6.660000E+002   8.229226E-002
   6.670000E+002   8.407676E-002
   6.680000E+002   8.627255E-002
   6.690000E+002   8.894141E-002
   6.700000E+002   9.214514E-002
   6.710000E+002   9.594553E-002
   6.720000E+002   1.004044E-001
   6.730000E+002   1.055834E-001
   6.740000E+002   1.115445E-001
   6.750000E+002   1.183493E-001
   6.760000E+002   1.260598E-001
   6.770000E+002   1.347376E-001
   6.780000E+002   1.444446E-001
   6.790000E+002   1.552426E-001
   6.800000E+002   1.671933E-001
   6.810000E+002   1.803585E-001
   6.820000E+002   1.948000E-001
   6.830000E+002   2.105796E-001
   6.840000E+002   2.277591E-001
   6.850000E+002   2.464003E-001
   6.860000E+002   2.665650E-001
   6.870000E+002   2.883149E-001
   6.880000E+002   3.117118E-001
   6.890000E+002   3.368176E-001
   6.900000E+002   3.636939E-001
   6.910000E+002   3.924027E-001
   6.920000E+002   4.230057E-001
   6.930000E+002   4.555646E-001
   6.940000E+002   4.901413E-001
   6.950000E+002   5.267975E-001
   6.960000E+002   5.655951E-001
   6.970000E+002   6.065958E-001
   6.980000E+002   6.498614E-001
   6.990000E+002   6.954537E-001
   7.000000E+002   7.434345E-001
   7.010000E+002   7.938351E-001
   7.020000E+002   8.465651E-001
   7.030000E+002   9.015037E-001
   7.040000E+002   9.585299E-001
   7.050000E+002   1.017523E+000
   7.060000E+002   1.078362E+000
   7.070000E+002   1.140926E+000
   7.080000E+002   1.205094E+000
   7.090000E+002   1.270746E+000
   7.100000E+002   1.337760E+000
   7.110000E+002   1.406015E+000
   7.120000E+002   1.475392E+000
   7.130000E+002   1.545768E+000
   7.140000E+002   1.617023E+000
   7.150000E+002   1.689036E+000
   7.160000E+002   1.761687E+000
   7.170000E+002   1.834853E+000
   7.180000E+002   1.908416E+000
   7.190000E+002   1.982253E+000
   7.200000E+002   2.056244E+000
   7.210000E+002   2.130267E+000
   7.220000E+002   2.204203E+000
   7.230000E+002   2.277930E+000
   7.240000E+002   2.351327E+000
   7.250000E+002   2.424274E+000
   7.260000E+002   2.496649E+000
   7.270000E+002   2.568332E+000
   7.280000E+002   2.639202E+000
   7.290000E+002   2.709137E+000
   7.300000E+002   2.778018E+000
   7.310000E+002   2.845723E+000
   7.320000E+002   2.912131E+000
   7.330000E+002   2.977122E+000
   7.340000E+002   3.040575E+000
   7.350000E+002   3.102368E+000
   7.360000E+002   3.162381E+000
   7.370000E+002   3.220493E+000
   7.380000E+002   3.276583E+000
   7.390000E+002   3.330531E+000
   7.400000E+002   3.382214E+000
   7.410000E+002   3.431514E+000
   7.420000E+002   3.478308E+000
   7.430000E+002   3.522476E+000
   7.440000E+002   3.563897E+000
   7.450000E+002   3.602450E+000
   7.460000E+002   3.638014E+000
   7.470000E+002   3.670468E+000
   7.480000E+002   3.699692E+000
   7.490000E+002   3.725565E+000
   7.500000E+002   3.747965E+000
   7.510000E+002   3.766806E+000
   7.520000E+002   3.782139E+000
   7.530000E+002   3.794049E+000
   7.540000E+002   3.802619E+000
   7.550000E+002   3.807936E+000
   7.560000E+002   3.810084E+000
   7.570000E+002   3.809148E+000
   7.580000E+002   3.805213E+000
   7.590000E+002   3.798362E+000
   7.600000E+002   3.788682E+000
   7.610000E+002   3.776258E+000
   7.620000E+002   3.761173E+000
   7.630000E+002   3.743513E+000
   7.640000E+002   3.723362E+000
   7.650000E+002   3.700806E+000
   7.660000E+002   3.675929E+000
   7.670000E+002   3.648816E+000
   7.680000E+002   3.619552E+000
   7.690000E+002   3.588221E+000
   7.700000E+002   3.554910E+000
   7.710000E+002   3.519701E+000
   7.720000E+002   3.482681E+000
   7.730000E+002   3.443933E+000
   7.740000E+002   3.403544E+000
   7.750000E+002   3.361597E+000
   7.760000E+002   3.318177E+000
   7.770000E+002   3.273370E+000
   7.780000E+002   3.227260E+000
   7.790000E+002   3.179931E+000
   7.800000E+002   3.131470E+000
   7.810000E+002   3.081960E+000
   7.820000E+002   3.031486E+000
   7.830000E+002   2.980134E+000
   7.840000E+002   2.927988E+000
   7.850000E+002   2.875133E+000
   7.860000E+002   2.821653E+000
   7.870000E+002   2.767634E+000
   7.880000E+002   2.713160E+000
   7.890000E+002   2.658316E+000
   7.900000E+002   2.603188E+000
   7.910000E+002   2.547859E+000
   7.920000E+002   2.492414E+000
   7.930000E+002   2.436940E+000
   7.940000E+002   2.381519E+000
   7.950000E+002   2.326238E+000
   7.960000E+002   2.271180E+000
   7.970000E+002   2.216432E+000
   7.980000E+002   2.162077E+000
   7.990000E+002   2.108200E+000
   8.000000E+002   2.054886E+000
   8.010000E+002   2.002213E+000
   8.020000E+002   1.950221E+000
   8.030000E+002   1.898946E+000
   8.040000E+002   1.848422E+000
   8.050000E+002   1.798682E+000
   8.060000E+002   1.749762E+000
   8.070000E+002   1.701695E+000
   8.080000E+002   1.654516E+000
   8.090000E+002   1.608259E+000
   8.100000E+002   1.562958E+000
   8.110000E+002   1.518647E+000
   8.120000E+002   1.475361E+000
   8.130000E+002   1.433134E+000
   8.140000E+002   1.391999E+000
   8.150000E+002   1.351992E+000
   8.160000E+002   1.313147E+000
   8.170000E+002   1.275497E+000
   8.180000E+002   1.239077E+000
   8.190000E+002   1.203921E+000
   8.200000E+002   1.170064E+000
   8.210000E+002   1.137539E+000
   8.220000E+002   1.106381E+000
   8.230000E+002   1.076624E+000
   8.240000E+002   1.048303E+000
   8.250000E+002   1.021451E+000
   8.260000E+002   9.961026E-001
   8.270000E+002   9.722924E-001
   8.280000E+002   9.500544E-001
   8.290000E+002   9.294229E-001
   8.300000E+002   9.104321E-001
   8.310000E+002   8.931162E-001
   8.320000E+002   8.775095E-001
   8.330000E+002   8.636461E-001
   8.340000E+002   8.515603E-001
   8.350000E+002   8.412864E-001
   8.360000E+002   8.328585E-001
   8.370000E+002   8.263109E-001
   8.380000E+002   8.216778E-001
   8.390000E+002   8.189934E-001
   8.400000E+002   8.182921E-001
   8.410000E+002   8.196079E-001
   8.420000E+002   8.229752E-001
   8.430000E+002   8.284281E-001
   8.440000E+002   8.360009E-001
   8.450000E+002   8.457279E-001
   8.460000E+002   8.576432E-001
   8.470000E+002   8.717810E-001
   8.480000E+002   8.881757E-001
   8.490000E+002   9.068614E-001
   8.500000E+002   9.278724E-001
   8.510000E+002   9.512241E-001
   8.520000E+002   9.768572E-001
   8.530000E+002   1.004694E+000
   8.540000E+002   1.034655E+000
   8.550000E+002   1.066664E+000
   8.560000E+002   1.100642E+000
   8.570000E+002   1.136510E+000
   8.580000E+002   1.174192E+000
   8.590000E+002   1.213608E+000
   8.600000E+002   1.254680E+000
   8.610000E+002   1.297332E+000
   8.620000E+002   1.341483E+000
   8.630000E+002   1.387057E+000
   8.640000E+002   1.433975E+000
   8.650000E+002   1.482159E+000
   8.660000E+002   1.531531E+000
   8.670000E+002   1.582014E+000
   8.680000E+002   1.633527E+000
   8.690000E+002   1.685995E+000
   8.700000E+002   1.739338E+000
   8.710000E+002   1.793479E+000
   8.720000E+002   1.848339E+000
   8.730000E+002   1.903840E+000
   8.740000E+002   1.959905E+000
   8.750000E+002   2.016455E+000
   8.760000E+002   2.073411E+000
   8.770000E+002   2.130697E+000
   8.780000E+002   2.188233E+000
   8.790000E+002   2.245942E+000
   8.800000E+002   2.303746E+000
   8.810000E+002   2.361566E+000
   8.820000E+002   2.419325E+000
   8.830000E+002   2.476944E+000
   8.840000E+002   2.534345E+000
   8.850000E+002   2.591451E+000
   8.860000E+002   2.648182E+000
   8.870000E+002   2.704461E+000
   8.880000E+002   2.760210E+000
   8.890000E+002   2.815351E+000
   8.900000E+002   2.869805E+000
   8.910000E+002   2.923495E+000
   8.920000E+002   2.976342E+000
   8.930000E+002   3.028269E+000
   8.940000E+002   3.079197E+000
   8.950000E+002   3.129048E+000
   8.960000E+002   3.177744E+000
   8.970000E+002   3.225207E+000
   8.980000E+002   3.271358E+000
   8.990000E+002   3.316121E+000
   9.000000E+002   3.359416E+000
   9.010000E+002   3.401185E+000
   9.020000E+002   3.441449E+000
   9.030000E+002   3.480247E+000
   9.040000E+002   3.517620E+000
   9.050000E+002   3.553608E+000
   9.060000E+002   3.588250E+000
   9.070000E+002   3.621587E+000
   9.080000E+002   3.653659E+000
   9.090000E+002   3.684505E+000
   9.100000E+002   3.714166E+000
   9.110000E+002   3.742682E+000
   9.120000E+002   3.770093E+000
   9.130000E+002   3.796438E+000
   9.140000E+002   3.821759E+000
   9.150000E+002   3.846094E+000
   9.160000E+002   3.869484E+000
   9.170000E+002   3.891969E+000
   9.180000E+002   3.913590E+000
   9.190000E+002   3.934385E+000
   9.200000E+002   3.954395E+000
   9.210000E+002   3.973660E+000
   9.220000E+002   3.992220E+000
   9.230000E+002   4.010116E+000
   9.240000E+002   4.027386E+000
   9.250000E+002   4.044072E+000
   9.260000E+002   4.060212E+000
   9.270000E+002   4.075848E+000
   9.280000E+002   4.091020E+000
   9.290000E+002   4.105766E+000
   9.300000E+002   4.120128E+000
   9.310000E+002   4.134145E+000
   9.320000E+002   4.147857E+000
   9.330000E+002   4.161305E+000
   9.340000E+002   4.174528E+000
   9.350000E+002   4.187566E+000
   9.360000E+002   4.200460E+000
   9.370000E+002   4.213250E+000
   9.380000E+002   4.225975E+000
   9.390000E+002   4.238675E+000
   9.400000E+002   4.251391E+000
   9.410000E+002   4.264162E+000
   9.420000E+002   4.277030E+000
   9.430000E+002   4.290032E+000
   9.440000E+002   4.303211E+000
   9.450000E+002   4.316605E+000
   9.460000E+002   4.330254E+000
   9.470000E+002   4.344200E+000
   9.480000E+002   4.358481E+000
   9.490000E+002   4.373138E+000
   9.500000E+002   4.388211E+000
   9.510000E+002   4.403722E+000
   9.520000E+002   4.419628E+000
   9.530000E+002   4.435865E+000
   9.540000E+002   4.452372E+000
   9.550000E+002   4.469086E+000
   9.560000E+002   4.485947E+000
   9.570000E+002   4.502890E+000
   9.580000E+002   4.519856E+000
   9.590000E+002   4.536781E+000
   9.600000E+002   4.553604E+000
   9.610000E+002   4.570262E+000
   9.620000E+002   4.586694E+000
   9.630000E+002   4.602837E+000
   9.640000E+002   4.618630E+000
   9.650000E+002   4.634011E+000
   9.660000E+002   4.648916E+000
   9.670000E+002   4.663285E+000
   9.680000E+002   4.677056E+000
   9.690000E+002   4.690165E+000
   9.700000E+002   4.702552E+000
   9.710000E+002   4.714155E+000
   9.720000E+002   4.724910E+000
   9.730000E+002   4.734757E+000
   9.740000E+002   4.743633E+000
   9.750000E+002   4.751476E+000
   9.760000E+002   4.758225E+000
   9.770000E+002   4.763816E+000
   9.780000E+002   4.768188E+000
   9.790000E+002   4.771280E+000
   9.800000E+002   4.773029E+000
   9.810000E+002   4.773372E+000
   9.820000E+002   4.772249E+000
   9.830000E+002   4.769596E+000
   9.840000E+002   4.765353E+000
   9.850000E+002   4.759456E+000
   9.860000E+002   4.751844E+000
   9.870000E+002   4.742455E+000
   9.880000E+002   4.731227E+000
   9.890000E+002   4.718098E+000
   9.900000E+002   4.703005E+000
   9.910000E+002   4.685887E+000
   9.920000E+002   4.666682E+000
   9.930000E+002   4.645327E+000
   9.940000E+002   4.621762E+000
   9.950000E+002   4.595922E+000
   9.960000E+002   4.567748E+000
   9.970000E+002   4.537176E+000
   9.980000E+002   4.504144E+000
   9.990000E+002   4.468591E+000
   1.000000E+003   4.430454E+000
   1.001000E+003   4.389707E+000
   1.002000E+003   4.346456E+000
   1.003000E+003   4.300847E+000
   1.004000E+003   4.253022E+000
   1.005000E+003   4.203124E+000
   1.006000E+003   4.151297E+000
   1.007000E+003   4.097684E+000
   1.008000E+003   4.042428E+000
   1.009000E+003   3.985672E+000
   1.010000E+003   3.927560E+000
   1.011000E+003   3.868234E+000
   1.012000E+003   3.807839E+000
   1.013000E+003   3.746516E+000
   1.014000E+003   3.684411E+000
   1.015000E+003   3.621665E+000
   1.016000E+003   3.558422E+000
   1.017000E+003   3.494825E+000
   1.018000E+003   3.431017E+000
   1.019000E+003   3.367143E+000
   1.020000E+003   3.303344E+000
   1.021000E+003   3.239764E+000
   1.022000E+003   3.176547E+000
   1.023000E+003   3.113835E+000
   1.024000E+003   3.051772E+000
   1.025000E+003   2.990501E+000
   1.026000E+003   2.930165E+000
   1.027000E+003   2.870908E+000
   1.028000E+003   2.812873E+000
   1.029000E+003   2.756203E+000
   1.030000E+003   2.701041E+000
   1.031000E+003   2.647530E+000
   1.032000E+003   2.595814E+000
   1.033000E+003   2.546036E+000
   1.034000E+003   2.498339E+000
   1.035000E+003   2.452867E+000
   1.036000E+003   2.409762E+000
   1.037000E+003   2.369168E+000
   1.038000E+003   2.331228E+000
   1.039000E+003   2.296086E+000
   1.040000E+003   2.263884E+000
   1.041000E+003   2.234765E+000
   1.042000E+003   2.208874E+000
   1.043000E+003   2.186353E+000
   1.044000E+003   2.167346E+000
   1.045000E+003   2.151995E+000
   1.046000E+003   2.140445E+000
   1.047000E+003   2.132837E+000
   1.048000E+003   2.129316E+000
   1.049000E+003   2.130025E+000
   1.050000E+003   2.135106E+000
   1.051000E+003   2.144657E+000
   1.052000E+003   2.158582E+000
   1.053000E+003   2.176742E+000
   1.054000E+003   2.198996E+000
   1.055000E+003   2.225202E+000
   1.056000E+003   2.255220E+000
   1.057000E+003   2.288909E+000
   1.058000E+003   2.326128E+000
   1.059000E+003   2.366736E+000
   1.060000E+003   2.410592E+000
   1.061000E+003   2.457556E+000
   1.062000E+003   2.507487E+000
   1.063000E+003   2.560243E+000
   1.064000E+003   2.615684E+000
   1.065000E+003   2.673670E+000
   1.066000E+003   2.734058E+000
   1.067000E+003   2.796709E+000
   1.068000E+003   2.861481E+000
   1.069000E+003   2.928233E+000
   1.070000E+003   2.996826E+000
   1.071000E+003   3.067117E+000
   1.072000E+003   3.138966E+000
   1.073000E+003   3.212232E+000
   1.074000E+003   3.286775E+000
   1.075000E+003   3.362452E+000
   1.076000E+003   3.439125E+000
   1.077000E+003   3.516650E+000
   1.078000E+003   3.594889E+000
   1.079000E+003   3.673699E+000
   1.080000E+003   3.752941E+000
   1.081000E+003   3.832473E+000
   1.082000E+003   3.912154E+000
   1.083000E+003   3.991843E+000
   1.084000E+003   4.071400E+000
   1.085000E+003   4.150684E+000
   1.086000E+003   4.229553E+000
   1.087000E+003   4.307868E+000
   1.088000E+003   4.385486E+000
   1.089000E+003   4.462268E+000
   1.090000E+003   4.538072E+000
   1.091000E+003   4.612758E+000
   1.092000E+003   4.686184E+000
   1.093000E+003   4.758210E+000
   1.094000E+003   4.828695E+000
   1.095000E+003   4.897498E+000
   1.096000E+003   4.964478E+000
   1.097000E+003   5.029495E+000
   1.098000E+003   5.092407E+000
   1.099000E+003   5.153073E+000
   1.100000E+003   5.211354E+000
   1.101000E+003   5.267139E+000
   1.102000E+003   5.320448E+000
   1.103000E+003   5.371332E+000
   1.104000E+003   5.419843E+000
   1.105000E+003   5.466031E+000
   1.106000E+003   5.509947E+000
   1.107000E+003   5.551644E+000
   1.108000E+003   5.591172E+000
   1.109000E+003   5.628581E+000
   1.110000E+003   5.663924E+000
   1.111000E+003   5.697252E+000
   1.112000E+003   5.728615E+000
   1.113000E+003   5.758065E+000
   1.114000E+003   5.785653E+000
   1.115000E+003   5.811430E+000
   1.116000E+003   5.835447E+000
   1.117000E+003   5.857756E+000
   1.118000E+003   5.878408E+000
   1.119000E+003   5.897453E+000
   1.120000E+003   5.914943E+000
   1.121000E+003   5.930929E+000
   1.122000E+003   5.945463E+000
   1.123000E+003   5.958595E+000
   1.124000E+003   5.970376E+000
   1.125000E+003   5.980859E+000
   1.126000E+003   5.990093E+000
   1.127000E+003   5.998130E+000
   1.128000E+003   6.005022E+000
   1.129000E+003   6.010819E+000
   1.130000E+003   6.015573E+000
   1.131000E+003   6.019334E+000
   1.132000E+003   6.022154E+000
   1.133000E+003   6.024085E+000
   1.134000E+003   6.025176E+000
   1.135000E+003   6.025480E+000
   1.136000E+003   6.025048E+000
   1.137000E+003   6.023930E+000
   1.138000E+003   6.022179E+000
   1.139000E+003   6.019844E+000
   1.140000E+003   6.016977E+000
   1.141000E+003   6.013630E+000
   1.142000E+003   6.009853E+000
   1.143000E+003   6.005699E+000
   1.144000E+003   6.001217E+000
   1.145000E+003   5.996458E+000
   1.146000E+003   5.991476E+000
   1.147000E+003   5.986319E+000
   1.148000E+003   5.981040E+000
   1.149000E+003   5.975690E+000
   1.150000E+003   5.970320E+000
   1.151000E+003   5.964972E+000
   1.152000E+003   5.959654E+000
   1.153000E+003   5.954366E+000
   1.154000E+003   5.949108E+000
   1.155000E+003   5.943877E+000
   1.156000E+003   5.938675E+000
   1.157000E+003   5.933500E+000
   1.158000E+003   5.928352E+000
   1.159000E+003   5.923230E+000
   1.160000E+003   5.918133E+000
   1.161000E+003   5.913061E+000
   1.162000E+003   5.908013E+000
   1.163000E+003   5.902989E+000
   1.164000E+003   5.897988E+000
   1.165000E+003   5.893009E+000
   1.166000E+003   5.888051E+000
   1.167000E+003   5.883115E+000
   1.168000E+003   5.878200E+000
   1.169000E+003   5.873304E+000
   1.170000E+003   5.868427E+000
   1.171000E+003   5.863569E+000
   1.172000E+003   5.858729E+000
   1.173000E+003   5.853907E+000
   1.174000E+003   5.849101E+000
   1.175000E+003   5.844311E+000
   1.176000E+003   5.839537E+000
   1.177000E+003   5.834777E+000
   1.178000E+003   5.830032E+000
   1.179000E+003   5.825301E+000
   1.180000E+003   5.820582E+000
   1.181000E+003   5.815876E+000
   1.182000E+003   5.811182E+000
   1.183000E+003   5.806499E+000
   1.184000E+003   5.801826E+000
   1.185000E+003   5.797164E+000
   1.186000E+003   5.792511E+000
   1.187000E+003   5.787866E+000
   1.188000E+003   5.783229E+000
   1.189000E+003   5.778600E+000
   1.190000E+003   5.773978E+000
   1.191000E+003   5.769362E+000
   1.192000E+003   5.764751E+000
   1.193000E+003   5.760146E+000
   1.194000E+003   5.755545E+000
   1.195000E+003   5.750947E+000
   1.196000E+003   5.746353E+000
   1.197000E+003   5.741761E+000
   1.198000E+003   5.737171E+000
   1.199000E+003   5.732582E+000
   1.200000E+003   5.727994E+000
